0.5 0.0024630541871921183
0.4 0.0049261083743842365
0.2857142857142857 0.0049261083743842365
0.2222222222222222 0.0049261083743842365
0.18181818181818182 0.0049261083743842365
0.15384615384615385 0.0049261083743842365
0.14285714285714285 0.0049261083743842365
0.13333333333333333 0.0049261083743842365
0.11764705882352941 0.0049261083743842365
0.1111111111111111 0.0049261083743842365
0.10526315789473684 0.0049261083743842365
0.1 0.0049261083743842365
0.09090909090909091 0.0049261083743842365
0.08333333333333333 0.0049261083743842365
0.08 0.0049261083743842365
0.07692307692307693 0.0049261083743842365
0.07407407407407407 0.0049261083743842365
0.07142857142857142 0.0049261083743842365
0.06896551724137931 0.0049261083743842365
0.06451612903225806 0.0049261083743842365
0.06060606060606061 0.0049261083743842365
0.058823529411764705 0.0049261083743842365
0.05714285714285714 0.0049261083743842365
0.05555555555555555 0.0049261083743842365
0.05405405405405406 0.0049261083743842365
0.05128205128205128 0.0049261083743842365
0.05 0.0049261083743842365
0.047619047619047616 0.0049261083743842365
0.046511627906976744 0.0049261083743842365
0.045454545454545456 0.0049261083743842365
0.043478260869565216 0.0049261083743842365
0.0425531914893617 0.0049261083743842365
0.041666666666666664 0.0049261083743842365
0.04081632653061224 0.0049261083743842365
0.04 0.0049261083743842365
0.038461538461538464 0.0049261083743842365
0.037037037037037035 0.0049261083743842365
0.03636363636363636 0.0049261083743842365
0.03571428571428571 0.0049261083743842365
0.034482758620689655 0.0049261083743842365
0.03389830508474576 0.0049261083743842365
0.03333333333333333 0.0049261083743842365
0.03278688524590164 0.0049261083743842365
0.031746031746031744 0.0049261083743842365
0.03076923076923077 0.0049261083743842365
0.029850746268656716 0.0049261083743842365
0.028985507246376812 0.0049261083743842365
0.02857142857142857 0.0049261083743842365
0.027777777777777776 0.0049261083743842365
0.0273972602739726 0.0049261083743842365
0.02666666666666667 0.0049261083743842365
0.025974025974025976 0.0049261083743842365
0.02564102564102564 0.0049261083743842365
0.02531645569620253 0.0049261083743842365
0.025 0.0049261083743842365
0.024390243902439025 0.0049261083743842365
0.023809523809523808 0.0049261083743842365
0.023255813953488372 0.0049261083743842365
0.022727272727272728 0.0049261083743842365
0.022222222222222223 0.0049261083743842365
0.02197802197802198 0.0049261083743842365
0.021505376344086023 0.0049261083743842365
0.021052631578947368 0.0049261083743842365
0.020618556701030927 0.0049261083743842365
0.020202020202020204 0.0049261083743842365
0.02 0.0049261083743842365
0.0196078431372549 0.0049261083743842365
0.019230769230769232 0.0049261083743842365
0.018867924528301886 0.0049261083743842365
0.018691588785046728 0.0049261083743842365
0.018518518518518517 0.0049261083743842365
0.01818181818181818 0.0049261083743842365
0.017857142857142856 0.0049261083743842365
0.017699115044247787 0.0049261083743842365
0.017391304347826087 0.0049261083743842365
0.017241379310344827 0.0049261083743842365
0.01694915254237288 0.0049261083743842365
0.016666666666666666 0.0049261083743842365
0.01639344262295082 0.0049261083743842365
0.016260162601626018 0.0049261083743842365
0.016 0.0049261083743842365
0.015748031496062992 0.0049261083743842365
0.015625 0.0049261083743842365
0.015384615384615385 0.0049261083743842365
0.015151515151515152 0.0049261083743842365
0.015037593984962405 0.0049261083743842365
0.014814814814814815 0.0049261083743842365
0.014705882352941176 0.0049261083743842365
0.014492753623188406 0.0049261083743842365
0.014388489208633094 0.0049261083743842365
0.014285714285714285 0.0049261083743842365
0.014184397163120567 0.0049261083743842365
0.013986013986013986 0.0049261083743842365
0.013793103448275862 0.0049261083743842365
0.013605442176870748 0.0049261083743842365
0.013422818791946308 0.0049261083743842365
0.013245033112582781 0.0049261083743842365
0.013157894736842105 0.0049261083743842365
0.013071895424836602 0.0049261083743842365
0.012903225806451613 0.0049261083743842365
0.012738853503184714 0.0049261083743842365
0.012578616352201259 0.0049261083743842365
0.0125 0.0049261083743842365
0.012345679012345678 0.0049261083743842365
0.012195121951219513 0.0049261083743842365
0.012048192771084338 0.0049261083743842365
0.011904761904761904 0.0049261083743842365
0.011764705882352941 0.0049261083743842365
0.011627906976744186 0.0049261083743842365
0.011494252873563218 0.0049261083743842365
0.011363636363636364 0.0049261083743842365
0.011235955056179775 0.0049261083743842365
0.0111731843575419 0.0049261083743842365
0.011049723756906077 0.0049261083743842365
0.01098901098901099 0.0049261083743842365
0.01092896174863388 0.0049261083743842365
0.010869565217391304 0.0049261083743842365
0.010810810810810811 0.0049261083743842365
0.0106951871657754 0.0049261083743842365
0.010638297872340425 0.0049261083743842365
0.010582010582010581 0.0049261083743842365
0.010471204188481676 0.0049261083743842365
0.010362694300518135 0.0049261083743842365
0.010309278350515464 0.0049261083743842365
0.01020408163265306 0.0049261083743842365
0.010101010101010102 0.0049261083743842365
0.010050251256281407 0.0049261083743842365
0.009950248756218905 0.0049261083743842365
0.009900990099009901 0.0049261083743842365
0.00980392156862745 0.0049261083743842365
0.009708737864077669 0.0049261083743842365
0.00966183574879227 0.0049261083743842365
0.009615384615384616 0.0049261083743842365
0.009523809523809525 0.0049261083743842365
0.009478672985781991 0.0049261083743842365
0.009389671361502348 0.0049261083743842365
0.009345794392523364 0.0049261083743842365
0.009302325581395349 0.0049261083743842365
0.009259259259259259 0.0049261083743842365
0.009216589861751152 0.0049261083743842365
0.009174311926605505 0.0049261083743842365
0.00909090909090909 0.0049261083743842365
0.00904977375565611 0.0049261083743842365
0.008968609865470852 0.0049261083743842365
0.008888888888888889 0.0049261083743842365
0.013215859030837005 0.007389162561576354
0.013100436681222707 0.007389162561576354
0.013043478260869565 0.007389162561576354
0.01293103448275862 0.007389162561576354
0.01282051282051282 0.007389162561576354
0.01276595744680851 0.007389162561576354
0.012711864406779662 0.007389162561576354
0.012605042016806723 0.007389162561576354
0.0125 0.007389162561576354
0.012396694214876033 0.007389162561576354
0.012295081967213115 0.007389162561576354
0.012244897959183673 0.007389162561576354
0.012195121951219513 0.007389162561576354
0.012145748987854251 0.007389162561576354
0.012096774193548387 0.007389162561576354
0.012048192771084338 0.007389162561576354
0.012 0.007389162561576354
0.01195219123505976 0.007389162561576354
0.011904761904761904 0.007389162561576354
0.011857707509881422 0.007389162561576354
0.011764705882352941 0.007389162561576354
0.011673151750972763 0.007389162561576354
0.011627906976744186 0.007389162561576354
0.011538461538461539 0.007389162561576354
0.011450381679389313 0.007389162561576354
0.011363636363636364 0.007389162561576354
0.011320754716981131 0.007389162561576354
0.011278195488721804 0.007389162561576354
0.011194029850746268 0.007389162561576354
0.011111111111111112 0.007389162561576354
0.011029411764705883 0.007389162561576354
0.010948905109489052 0.007389162561576354
0.01090909090909091 0.007389162561576354
0.010830324909747292 0.007389162561576354
0.010752688172043012 0.007389162561576354
0.010676156583629894 0.007389162561576354
0.01060070671378092 0.007389162561576354
0.010526315789473684 0.007389162561576354
0.01048951048951049 0.007389162561576354
0.010416666666666666 0.007389162561576354
0.010344827586206896 0.007389162561576354
0.010309278350515464 0.007389162561576354
0.010238907849829351 0.007389162561576354
0.01020408163265306 0.007389162561576354
0.010135135135135136 0.007389162561576354
0.010067114093959731 0.007389162561576354
0.010033444816053512 0.007389162561576354
0.009966777408637873 0.007389162561576354
0.009933774834437087 0.007389162561576354
0.009900990099009901 0.007389162561576354
0.009836065573770493 0.007389162561576354
0.009771986970684038 0.007389162561576354
0.00974025974025974 0.007389162561576354
0.009708737864077669 0.007389162561576354
0.00964630225080386 0.007389162561576354
0.009584664536741214 0.007389162561576354
0.009523809523809525 0.007389162561576354
0.00946372239747634 0.007389162561576354
0.01567398119122257 0.012315270935960592
0.015625 0.012315270935960592
0.015527950310559006 0.012315270935960592
0.015432098765432098 0.012315270935960592
0.015337423312883436 0.012315270935960592
0.01524390243902439 0.012315270935960592
0.015197568389057751 0.012315270935960592
0.015105740181268883 0.012315270935960592
0.015015015015015015 0.012315270935960592
0.014925373134328358 0.012315270935960592
0.01483679525222552 0.012315270935960592
0.014749262536873156 0.012315270935960592
0.01466275659824047 0.012315270935960592
0.014577259475218658 0.012315270935960592
0.014492753623188406 0.012315270935960592
0.01440922190201729 0.012315270935960592
0.014326647564469915 0.012315270935960592
0.014245014245014245 0.012315270935960592
0.014164305949008499 0.012315270935960592
0.014084507042253521 0.012315270935960592
0.014005602240896359 0.012315270935960592
0.013927576601671309 0.012315270935960592
0.013850415512465374 0.012315270935960592
0.013774104683195593 0.012315270935960592
0.0136986301369863 0.012315270935960592
0.013623978201634877 0.012315270935960592
0.013550135501355014 0.012315270935960592
0.013477088948787063 0.012315270935960592
0.013404825737265416 0.012315270935960592
0.013333333333333334 0.012315270935960592
0.013262599469496022 0.012315270935960592
0.013192612137203167 0.012315270935960592
0.013123359580052493 0.012315270935960592
0.013054830287206266 0.012315270935960592
0.012987012987012988 0.012315270935960592
0.012919896640826873 0.012315270935960592
0.012853470437017995 0.012315270935960592
0.01278772378516624 0.012315270935960592
0.01272264631043257 0.012315270935960592
0.015228426395939087 0.014778325123152709
0.017721518987341773 0.017241379310344827
0.020202020202020204 0.019704433497536946
0.022670025188916875 0.022167487684729065
0.02512562814070352 0.024630541871921183
0.025 0.024630541871921183
0.024875621890547265 0.024630541871921183
0.02481389578163772 0.024630541871921183
0.024752475247524754 0.024630541871921183
0.024630541871921183 0.024630541871921183
0.02457002457002457 0.024630541871921183
0.024509803921568627 0.024630541871921183
0.026829268292682926 0.027093596059113302
0.0267639902676399 0.027093596059113302
0.02669902912621359 0.027093596059113302
0.026634382566585957 0.027093596059113302
0.026570048309178744 0.027093596059113302
0.02891566265060241 0.029556650246305417
0.02877697841726619 0.029556650246305417
0.028708133971291867 0.029556650246305417
0.028639618138424822 0.029556650246305417
0.02857142857142857 0.029556650246305417
0.028503562945368172 0.029556650246305417
0.02843601895734597 0.029556650246305417
0.02830188679245283 0.029556650246305417
0.028169014084507043 0.029556650246305417
0.028037383177570093 0.029556650246305417
0.027972027972027972 0.029556650246305417
0.027842227378190254 0.029556650246305417
0.02771362586605081 0.029556650246305417
0.027586206896551724 0.029556650246305417
0.02745995423340961 0.029556650246305417
0.02733485193621868 0.029556650246305417
0.02947845804988662 0.03201970443349754
0.029411764705882353 0.03201970443349754
0.029345372460496615 0.03201970443349754
0.029213483146067417 0.03201970443349754
0.029082774049217 0.03201970443349754
0.029017857142857144 0.03201970443349754
0.028953229398663696 0.03201970443349754
0.028888888888888888 0.03201970443349754
0.028824833702882482 0.03201970443349754
0.028761061946902654 0.03201970443349754
0.02869757174392936 0.03201970443349754
0.02857142857142857 0.03201970443349754
0.02850877192982456 0.03201970443349754
0.028446389496717725 0.03201970443349754
0.028384279475982533 0.03201970443349754
0.02832244008714597 0.03201970443349754
0.02826086956521739 0.03201970443349754
0.028199566160520606 0.03201970443349754
0.028077753779697623 0.03201970443349754
0.028017241379310345 0.03201970443349754
0.02795698924731183 0.03201970443349754
0.027896995708154508 0.03201970443349754
0.027777777777777776 0.03201970443349754
0.027659574468085105 0.03201970443349754
0.02754237288135593 0.03201970443349754
0.027426160337552744 0.03201970443349754
0.02736842105263158 0.03201970443349754
0.0273109243697479 0.03201970443349754
0.027253668763102725 0.03201970443349754
0.027196652719665274 0.03201970443349754
0.027139874739039668 0.03201970443349754
0.027083333333333334 0.03201970443349754
0.026970954356846474 0.03201970443349754
0.026859504132231406 0.03201970443349754
0.026804123711340205 0.03201970443349754
0.026748971193415638 0.03201970443349754
0.026694045174537988 0.03201970443349754
0.02663934426229508 0.03201970443349754
0.028629856850715747 0.034482758620689655
0.02857142857142857 0.034482758620689655
0.028455284552845527 0.034482758620689655
0.028397565922920892 0.034482758620689655
0.028282828282828285 0.034482758620689655
0.028225806451612902 0.034482758620689655
0.028169014084507043 0.034482758620689655
0.028112449799196786 0.034482758620689655
0.028056112224448898 0.034482758620689655
0.027944111776447105 0.034482758620689655
0.027888446215139442 0.034482758620689655
0.027833001988071572 0.034482758620689655
0.027777777777777776 0.034482758620689655
0.027722772277227723 0.034482758620689655
0.027613412228796843 0.034482758620689655
0.027559055118110236 0.034482758620689655
0.027450980392156862 0.034482758620689655
0.0273972602739726 0.034482758620689655
0.02734375 0.034482758620689655
0.02729044834307992 0.034482758620689655
0.027237354085603113 0.034482758620689655
0.027131782945736434 0.034482758620689655
0.027079303675048357 0.034482758620689655
0.02702702702702703 0.034482758620689655
0.02697495183044316 0.034482758620689655
0.026923076923076925 0.034482758620689655
0.02681992337164751 0.034482758620689655
0.026717557251908396 0.034482758620689655
0.026615969581749048 0.034482758620689655
0.028462998102466792 0.03694581280788178
0.030303030303030304 0.03940886699507389
0.030245746691871456 0.03940886699507389
0.03018867924528302 0.03940886699507389
0.030131826741996232 0.03940886699507389
0.03007518796992481 0.03940886699507389
0.0300187617260788 0.03940886699507389
0.029906542056074768 0.03940886699507389
0.029850746268656716 0.03940886699507389
0.0297951582867784 0.03940886699507389
0.02973977695167286 0.03940886699507389
0.029684601113172542 0.03940886699507389
0.02962962962962963 0.03940886699507389
0.029574861367837338 0.03940886699507389
0.02952029520295203 0.03940886699507389
0.029411764705882353 0.03940886699507389
0.029357798165137616 0.03940886699507389
0.029304029304029304 0.03940886699507389
0.029250457038391225 0.03940886699507389
0.029197080291970802 0.03940886699507389
0.029143897996357013 0.03940886699507389
0.02909090909090909 0.03940886699507389
0.028985507246376812 0.03940886699507389
0.028933092224231464 0.03940886699507389
0.02888086642599278 0.03940886699507389
0.02877697841726619 0.03940886699507389
0.02872531418312388 0.03940886699507389
0.02867383512544803 0.03940886699507389
0.028622540250447227 0.03940886699507389
0.02857142857142857 0.03940886699507389
0.028469750889679714 0.03940886699507389
0.028368794326241134 0.03940886699507389
0.02831858407079646 0.03940886699507389
0.02821869488536155 0.03940886699507389
0.028169014084507043 0.03940886699507389
0.028070175438596492 0.03940886699507389
0.028021015761821366 0.03940886699507389
0.027972027972027972 0.03940886699507389
0.027923211169284468 0.03940886699507389
0.027874564459930314 0.03940886699507389
0.029565217391304348 0.04187192118226601
0.029513888888888888 0.04187192118226601
0.029411764705882353 0.04187192118226601
0.02936096718480138 0.04187192118226601
0.029310344827586206 0.04187192118226601
0.029259896729776247 0.04187192118226601
0.029209621993127148 0.04187192118226601
0.02910958904109589 0.04187192118226601
0.02905982905982906 0.04187192118226601
0.028960817717206135 0.04187192118226601
0.028862478777589132 0.04187192118226601
0.028764805414551606 0.04187192118226601
0.028716216216216218 0.04187192118226601
0.02861952861952862 0.04187192118226601
0.02857142857142857 0.04187192118226601
0.03177257525083612 0.046798029556650245
0.03171953255425709 0.046798029556650245
0.03166666666666667 0.046798029556650245
0.03156146179401993 0.046798029556650245
0.03150912106135987 0.046798029556650245
0.033112582781456956 0.04926108374384237
0.033003300330033 0.04926108374384237
0.03289473684210526 0.04926108374384237
0.03284072249589491 0.04926108374384237
0.03278688524590164 0.04926108374384237
0.032679738562091505 0.04926108374384237
0.03262642740619902 0.04926108374384237
0.03257328990228013 0.04926108374384237
0.032520325203252036 0.04926108374384237
0.032467532467532464 0.04926108374384237
0.03241491085899514 0.04926108374384237
0.032362459546925564 0.04926108374384237
0.03231017770597738 0.04926108374384237
0.03225806451612903 0.04926108374384237
0.03215434083601286 0.04926108374384237
0.03210272873194221 0.04926108374384237
0.03205128205128205 0.04926108374384237
0.032 0.04926108374384237
0.03194888178913738 0.04926108374384237
0.03189792663476874 0.04926108374384237
0.03184713375796178 0.04926108374384237
0.031746031746031744 0.04926108374384237
0.03169572107765452 0.04926108374384237
0.0315955766192733 0.04926108374384237
0.031545741324921134 0.04926108374384237
0.031496062992125984 0.04926108374384237
0.031446540880503145 0.04926108374384237
0.03134796238244514 0.04926108374384237
0.03129890453834116 0.04926108374384237
0.03125 0.04926108374384237
0.031201248049921998 0.04926108374384237
0.03115264797507788 0.04926108374384237
0.031055900621118012 0.04926108374384237
0.030959752321981424 0.04926108374384237
0.030911901081916538 0.04926108374384237
0.030864197530864196 0.04926108374384237
0.030816640986132512 0.04926108374384237
0.03076923076923077 0.04926108374384237
0.030721966205837174 0.04926108374384237
0.030627871362940276 0.04926108374384237
0.030534351145038167 0.04926108374384237
0.03048780487804878 0.04926108374384237
0.030441400304414 0.04926108374384237
0.03338391502276176 0.054187192118226604
0.03484848484848485 0.05665024630541872
0.03474320241691843 0.05665024630541872
0.03469079939668175 0.05665024630541872
0.03463855421686747 0.05665024630541872
0.03458646616541353 0.05665024630541872
0.03453453453453453 0.05665024630541872
0.034482758620689655 0.05665024630541872
0.0344311377245509 0.05665024630541872
0.034328358208955224 0.05665024630541872
0.03427719821162444 0.05665024630541872
0.03422619047619048 0.05665024630541872
0.03417533432392273 0.05665024630541872
0.03412462908011869 0.05665024630541872
0.034023668639053255 0.05665024630541872
0.033973412112259974 0.05665024630541872
0.03392330383480826 0.05665024630541872
0.033873343151693665 0.05665024630541872
0.033823529411764704 0.05665024630541872
0.033773861967694566 0.05665024630541872
0.03519061583577713 0.059113300492610835
0.03513909224011713 0.059113300492610835
0.035036496350364967 0.059113300492610835
0.03498542274052478 0.059113300492610835
0.034934497816593885 0.059113300492610835
0.03488372093023256 0.059113300492610835
0.03483309143686502 0.059113300492610835
0.034782608695652174 0.059113300492610835
0.03473227206946455 0.059113300492610835
0.03607503607503607 0.06157635467980296
0.03602305475504323 0.06157635467980296
0.03597122302158273 0.06157635467980296
0.035919540229885055 0.06157635467980296
0.03581661891117478 0.06157635467980296
0.0357653791130186 0.06157635467980296
0.03571428571428571 0.06157635467980296
0.03566333808844508 0.06157635467980296
0.03561253561253561 0.06157635467980296
0.03556187766714083 0.06157635467980296
0.03551136363636364 0.06157635467980296
0.03541076487252125 0.06157635467980296
0.03536067892503536 0.06157635467980296
0.03531073446327684 0.06157635467980296
0.036671368124118475 0.06403940886699508
0.036619718309859155 0.06403940886699508
0.03656821378340366 0.06403940886699508
0.03651685393258427 0.06403940886699508
0.0364656381486676 0.06403940886699508
0.036414565826330535 0.06403940886699508
0.036312849162011177 0.06403940886699508
0.03626220362622036 0.06403940886699508
0.036211699164345405 0.06403940886699508
0.03616133518776078 0.06403940886699508
0.03611111111111111 0.06403940886699508
0.036061026352288486 0.06403940886699508
0.03734439834024896 0.0665024630541872
0.03729281767955801 0.0665024630541872
0.037241379310344824 0.0665024630541872
0.0371900826446281 0.0665024630541872
0.038461538461538464 0.06896551724137931
0.038408779149519894 0.06896551724137931
0.038356164383561646 0.06896551724137931
0.038303693570451436 0.06896551724137931
0.03825136612021858 0.06896551724137931
0.03819918144611187 0.06896551724137931
0.03814713896457766 0.06896551724137931
0.03804347826086957 0.06896551724137931
0.037991858887381276 0.06896551724137931
0.037940379403794036 0.06896551724137931
0.03783783783783784 0.06896551724137931
0.03773584905660377 0.06896551724137931
0.03768506056527591 0.06896551724137931
0.03758389261744966 0.06896551724137931
0.03748326639892905 0.06896551724137931
0.0374331550802139 0.06896551724137931
0.037383177570093455 0.06896551724137931
0.037333333333333336 0.06896551724137931
0.037283621837549935 0.06896551724137931
0.03718459495351926 0.06896551724137931
0.03713527851458886 0.06896551724137931
0.03708609271523179 0.06896551724137931
0.036988110964332896 0.06896551724137931
0.03825857519788918 0.07142857142857142
0.03820816864295125 0.07142857142857142
0.038157894736842106 0.07142857142857142
0.03942181340341656 0.07389162561576355
0.03937007874015748 0.07389162561576355
0.039318479685452164 0.07389162561576355
0.0392156862745098 0.07389162561576355
0.0391644908616188 0.07389162561576355
0.03911342894393742 0.07389162561576355
0.03901170351105332 0.07389162561576355
0.038910505836575876 0.07389162561576355
0.038860103626943004 0.07389162561576355
0.03880983182406209 0.07389162561576355
0.03875968992248062 0.07389162561576355
0.04 0.07635467980295567
0.03994845360824742 0.07635467980295567
0.039897039897039896 0.07635467980295567
0.03984575835475578 0.07635467980295567
0.03979460847240052 0.07635467980295567
0.03974358974358974 0.07635467980295567
0.03969270166453265 0.07635467980295567
0.03964194373401535 0.07635467980295567
0.03959131545338442 0.07635467980295567
0.039540816326530615 0.07635467980295567
0.03949044585987261 0.07635467980295567
0.039440203562340966 0.07635467980295567
0.03934010152284264 0.07635467980295567
0.03929024081115336 0.07635467980295567
0.039240506329113925 0.07635467980295567
0.039190897597977246 0.07635467980295567
0.039141414141414144 0.07635467980295567
0.03904282115869018 0.07635467980295567
0.0389937106918239 0.07635467980295567
0.038944723618090454 0.07635467980295567
0.03889585947302384 0.07635467980295567
0.03879849812265332 0.07635467980295567
0.03875 0.07635467980295567
0.03870162297128589 0.07635467980295567
0.038605230386052306 0.07635467980295567
0.03855721393034826 0.07635467980295567
0.03841387856257745 0.07635467980295567
0.038318912237330034 0.07635467980295567
0.03827160493827161 0.07635467980295567
0.03822441430332922 0.07635467980295567
0.038177339901477834 0.07635467980295567
0.038130381303813035 0.07635467980295567
0.038083538083538086 0.07635467980295567
0.0392638036809816 0.07881773399014778
0.0392156862745098 0.07881773399014778
0.03916768665850673 0.07881773399014778
0.039119804400977995 0.07881773399014778
0.03907203907203907 0.07881773399014778
0.03902439024390244 0.07881773399014778
0.0389768574908648 0.07881773399014778
0.038929440389294405 0.07881773399014778
0.038882138517618466 0.07881773399014778
0.038834951456310676 0.07881773399014778
0.03878787878787879 0.07881773399014778
0.0387409200968523 0.07881773399014778
0.03869407496977025 0.07881773399014778
0.03985507246376811 0.0812807881773399
0.039806996381182146 0.0812807881773399
0.03975903614457831 0.0812807881773399
0.039663461538461536 0.0812807881773399
0.03961584633853541 0.0812807881773399
0.039568345323741004 0.0812807881773399
0.03952095808383234 0.0812807881773399
0.03942652329749104 0.0812807881773399
0.03937947494033413 0.0812807881773399
0.03933253873659118 0.0812807881773399
0.039285714285714285 0.0812807881773399
0.039239001189060645 0.0812807881773399
0.039192399049881234 0.0812807881773399
0.03914590747330961 0.0812807881773399
0.03905325443786982 0.0812807881773399
0.03900709219858156 0.0812807881773399
0.03891509433962264 0.0812807881773399
0.03882352941176471 0.0812807881773399
0.038777908343125736 0.0812807881773399
0.03873239436619718 0.0812807881773399
0.038686987104337635 0.0812807881773399
0.03864168618266979 0.0812807881773399
0.038551401869158876 0.0812807881773399
0.038506417736289385 0.0812807881773399
0.038461538461538464 0.0812807881773399
0.03841676367869616 0.0812807881773399
0.03837209302325582 0.0812807881773399
0.03832752613240418 0.0812807881773399
0.038238702201622246 0.0812807881773399
0.03819444444444445 0.0812807881773399
0.03815028901734104 0.0812807881773399
0.03806228373702422 0.0812807881773399
0.0379746835443038 0.0812807881773399
0.03788748564867968 0.0812807881773399
0.03784403669724771 0.0812807881773399
0.037800687285223365 0.0812807881773399
0.038901601830663615 0.08374384236453201
0.038857142857142854 0.08374384236453201
0.03881278538812785 0.08374384236453201
0.03876852907639681 0.08374384236453201
0.038680318543799774 0.08374384236453201
0.038636363636363635 0.08374384236453201
0.03859250851305335 0.08374384236453201
0.03854875283446712 0.08374384236453201
0.038461538461538464 0.08374384236453201
0.0384180790960452 0.08374384236453201
0.038331454340473504 0.08374384236453201
0.038202247191011236 0.08374384236453201
0.03811659192825112 0.08374384236453201
0.03803131991051454 0.08374384236453201
0.03794642857142857 0.08374384236453201
0.0379041248606466 0.08374384236453201
0.0378619153674833 0.08374384236453201
0.03781979977753059 0.08374384236453201
0.03773584905660377 0.08374384236453201
0.037694013303769404 0.08374384236453201
0.03765227021040975 0.08374384236453201
0.03756906077348066 0.08374384236453201
0.037527593818984545 0.08374384236453201
0.037486218302094816 0.08374384236453201
0.0374037403740374 0.08374384236453201
0.03736263736263736 0.08374384236453201
0.03732162458836443 0.08374384236453201
0.03728070175438596 0.08374384236453201
0.03723986856516977 0.08374384236453201
0.037199124726477024 0.08374384236453201
0.03715846994535519 0.08374384236453201
0.03707742639040349 0.08374384236453201
0.036996735582154515 0.08374384236453201
0.03695652173913044 0.08374384236453201
0.03691639522258415 0.08374384236453201
0.0368763557483731 0.08374384236453201
0.03683640303358613 0.08374384236453201
0.0367965367965368 0.08374384236453201
0.036756756756756756 0.08374384236453201
0.0367170626349892 0.08374384236453201
0.036637931034482756 0.08374384236453201
0.03659849300322928 0.08374384236453201
0.036519871106337275 0.08374384236453201
0.03648068669527897 0.08374384236453201
0.03644158628081458 0.08374384236453201
0.03640256959314775 0.08374384236453201
0.03636363636363636 0.08374384236453201
0.03628601921024546 0.08374384236453201
0.03624733475479744 0.08374384236453201
0.0362087326943557 0.08374384236453201
0.036170212765957444 0.08374384236453201
0.036131774707757705 0.08374384236453201
0.036055143160127257 0.08374384236453201
0.036016949152542374 0.08374384236453201
0.03597883597883598 0.08374384236453201
0.03590285110876452 0.08374384236453201
0.03582718651211802 0.08374384236453201
0.035789473684210524 0.08374384236453201
0.035751840168243953 0.08374384236453201
0.03571428571428571 0.08374384236453201
0.035676810073452254 0.08374384236453201
0.03563941299790356 0.08374384236453201
0.0356020942408377 0.08374384236453201
0.03556485355648536 0.08374384236453201
0.03549060542797495 0.08374384236453201
0.035453597497393116 0.08374384236453201
0.035416666666666666 0.08374384236453201
0.03537981269510926 0.08374384236453201
0.035343035343035345 0.08374384236453201
0.035306334371754934 0.08374384236453201
0.035233160621761656 0.08374384236453201
0.035196687370600416 0.08374384236453201
0.03512396694214876 0.08374384236453201
0.03508771929824561 0.08374384236453201
0.03505154639175258 0.08374384236453201
0.03497942386831276 0.08374384236453201
0.03490759753593429 0.08374384236453201
0.03483606557377049 0.08374384236453201
0.03480040941658137 0.08374384236453201
0.034764826175869123 0.08374384236453201
0.03472931562819203 0.08374384236453201
0.034658511722731905 0.08374384236453201
0.034623217922606926 0.08374384236453201
0.03458799593082401 0.08374384236453201
0.034552845528455285 0.08374384236453201
0.03451776649746193 0.08374384236453201
0.034482758620689655 0.08374384236453201
0.03441295546558704 0.08374384236453201
0.034378159757330634 0.08374384236453201
0.03434343434343434 0.08374384236453201
0.034274193548387094 0.08374384236453201
0.03423967774420947 0.08374384236453201
0.03420523138832998 0.08374384236453201
0.034170854271356785 0.08374384236453201
0.03413654618473896 0.08374384236453201
0.034102306920762285 0.08374384236453201
0.03406813627254509 0.08374384236453201
0.03403403403403404 0.08374384236453201
0.034 0.08374384236453201
0.03396603396603397 0.08374384236453201
0.03389830508474576 0.08374384236453201
0.03386454183266932 0.08374384236453201
0.03383084577114428 0.08374384236453201
0.033797216699801194 0.08374384236453201
0.03373015873015873 0.08374384236453201
0.03369672943508424 0.08374384236453201
0.033663366336633666 0.08374384236453201
0.033630069238377844 0.08374384236453201
0.03356367226061204 0.08374384236453201
0.03353057199211045 0.08374384236453201
0.03346456692913386 0.08374384236453201
0.03339882121807466 0.08374384236453201
0.033366045142296366 0.08374384236453201
0.03330068560235064 0.08374384236453201
0.033235581622678395 0.08374384236453201
0.033170731707317075 0.08374384236453201
0.03313840155945419 0.08374384236453201
0.033106134371957155 0.08374384236453201
0.033073929961089495 0.08374384236453201
0.03304178814382896 0.08374384236453201
0.03300970873786408 0.08374384236453201
0.03294573643410853 0.08374384236453201
0.03291384317521781 0.08374384236453201
0.03285024154589372 0.08374384236453201
0.03278688524590164 0.08374384236453201
0.032723772858517804 0.08374384236453201
0.03266090297790586 0.08374384236453201
0.032598274209012464 0.08374384236453201
0.032567049808429116 0.08374384236453201
0.03253588516746411 0.08374384236453201
0.032504780114722756 0.08374384236453201
0.03247373447946514 0.08374384236453201
0.03244274809160305 0.08374384236453201
0.03238095238095238 0.08374384236453201
0.03235014272121789 0.08374384236453201
0.032288698955365625 0.08374384236453201
0.03225806451612903 0.08374384236453201
0.03222748815165877 0.08374384236453201
0.032196969696969696 0.08374384236453201
0.03213610586011342 0.08374384236453201
0.03207547169811321 0.08374384236453201
0.03204524033930255 0.08374384236453201
0.032015065913371 0.08374384236453201
0.03198494825964252 0.08374384236453201
0.03192488262910798 0.08374384236453201
0.03189493433395872 0.08374384236453201
0.031835205992509365 0.08374384236453201
0.031805425631431246 0.08374384236453201
0.031746031746031744 0.08374384236453201
0.03171641791044776 0.08374384236453201
0.03168685927306617 0.08374384236453201
0.03165735567970205 0.08374384236453201
0.031598513011152414 0.08374384236453201
0.031569173630454965 0.08374384236453201
0.03151065801668211 0.08374384236453201
0.03148148148148148 0.08374384236453201
0.031423290203327174 0.08374384236453201
0.03139427516158818 0.08374384236453201
0.03136531365313653 0.08374384236453201
0.03133640552995392 0.08374384236453201
0.031278748850046 0.08374384236453201
0.03125 0.08374384236453201
0.031192660550458717 0.08374384236453201
0.031164069660861594 0.08374384236453201
0.03110704483074108 0.08374384236453201
0.031050228310502283 0.08374384236453201
0.03102189781021898 0.08374384236453201
0.03099361896080219 0.08374384236453201
0.030965391621129327 0.08374384236453201
0.030937215650591446 0.08374384236453201
0.03090909090909091 0.08374384236453201
0.030881017257039057 0.08374384236453201
0.030852994555353903 0.08374384236453201
0.030825022665457842 0.08374384236453201
0.030797101449275364 0.08374384236453201
0.03076923076923077 0.08374384236453201
0.03074141048824593 0.08374384236453201
0.030685920577617327 0.08374384236453201
0.030658250676284943 0.08374384236453201
0.03063063063063063 0.08374384236453201
0.0306030603060306 0.08374384236453201
0.030575539568345324 0.08374384236453201
0.030548068283917342 0.08374384236453201
0.03052064631956912 0.08374384236453201
0.03046594982078853 0.08374384236453201
0.03043867502238138 0.08374384236453201
0.03038427167113494 0.08374384236453201
0.030357142857142857 0.08374384236453201
0.030330062444246207 0.08374384236453201
0.030303030303030304 0.08374384236453201
0.030276046304541407 0.08374384236453201
0.030249110320284697 0.08374384236453201
0.030222222222222223 0.08374384236453201
0.03019538188277087 0.08374384236453201
0.030168589174800354 0.08374384236453201
0.030141843971631204 0.08374384236453201
0.030115146147032774 0.08374384236453201
0.030061892130857647 0.08374384236453201
0.030035335689045935 0.08374384236453201
0.029982363315696647 0.08374384236453201
0.029955947136563875 0.08374384236453201
0.02992957746478873 0.08374384236453201
0.02990325417766051 0.08374384236453201
0.029850746268656716 0.08374384236453201
0.02982456140350877 0.08374384236453201
0.029798422436459245 0.08374384236453201
0.02974628171478565 0.08374384236453201
0.02972027972027972 0.08374384236453201
0.029668411867364748 0.08374384236453201
0.029616724738675958 0.08374384236453201
0.02959094865100087 0.08374384236453201
0.029565217391304348 0.08374384236453201
0.029539530842745437 0.08374384236453201
0.029513888888888888 0.08374384236453201
0.029488291413703384 0.08374384236453201
0.02943722943722944 0.08374384236453201
0.029411764705882353 0.08374384236453201
0.029386343993085567 0.08374384236453201
0.02936096718480138 0.08374384236453201
0.029335634167385678 0.08374384236453201
0.029285099052540915 0.08374384236453201
0.029259896729776247 0.08374384236453201
0.029209621993127148 0.08374384236453201
0.029184549356223177 0.08374384236453201
0.029159519725557463 0.08374384236453201
0.02913453299057412 0.08374384236453201
0.0290846877673225 0.08374384236453201
0.02905982905982906 0.08374384236453201
0.029035012809564473 0.08374384236453201
0.02901023890784983 0.08374384236453201
0.028985507246376812 0.08374384236453201
0.028960817717206135 0.08374384236453201
0.02893617021276596 0.08374384236453201
0.02891156462585034 0.08374384236453201
0.02888700084961767 0.08374384236453201
0.028862478777589132 0.08374384236453201
0.0288135593220339 0.08374384236453201
0.028764805414551606 0.08374384236453201
0.028716216216216218 0.08374384236453201
0.02866779089376054 0.08374384236453201
0.02864363942712721 0.08374384236453201
0.02861952861952862 0.08374384236453201
0.028595458368376788 0.08374384236453201
0.02857142857142857 0.08374384236453201
0.028547439126784216 0.08374384236453201
0.028499580888516344 0.08374384236453201
0.02847571189279732 0.08374384236453201
0.028451882845188285 0.08374384236453201
0.028404344193817876 0.08374384236453201
0.028380634390651086 0.08374384236453201
0.02835696413678065 0.08374384236453201
0.028333333333333332 0.08374384236453201
0.028309741881765195 0.08374384236453201
0.028286189683860232 0.08374384236453201
0.02826267664172901 0.08374384236453201
0.028215767634854772 0.08374384236453201
0.028192371475953566 0.08374384236453201
0.028145695364238412 0.08374384236453201
0.028122415219189414 0.08374384236453201
0.02809917355371901 0.08374384236453201
0.028075970272502065 0.08374384236453201
0.028029678483099753 0.08374384236453201
0.02800658978583196 0.08374384236453201
0.027960526315789474 0.08374384236453201
0.027914614121510674 0.08374384236453201
0.027868852459016394 0.08374384236453201
0.027823240589198037 0.08374384236453201
0.027777777777777776 0.08374384236453201
0.027755102040816326 0.08374384236453201
0.027709861450692746 0.08374384236453201
0.027664768104149716 0.08374384236453201
0.027642276422764227 0.08374384236453201
0.02761982128350934 0.08374384236453201
0.027597402597402596 0.08374384236453201
0.027575020275750203 0.08374384236453201
0.027552674230145867 0.08374384236453201
0.027530364372469637 0.08374384236453201
0.02750809061488673 0.08374384236453201
0.0274858528698464 0.08374384236453201
0.02744148506860371 0.08374384236453201
0.027419354838709678 0.08374384236453201
0.027375201288244767 0.08374384236453201
0.027331189710610933 0.08374384236453201
0.027309236947791166 0.08374384236453201
0.0272654370489174 0.08374384236453201
0.027243589743589744 0.08374384236453201
0.0272 0.08374384236453201
0.027156549520766772 0.08374384236453201
0.02713487629688747 0.08374384236453201
0.02711323763955343 0.08374384236453201
0.027091633466135457 0.08374384236453201
0.027048528241845664 0.08374384236453201
0.02702702702702703 0.08374384236453201
0.027005559968228753 0.08374384236453201
0.026984126984126985 0.08374384236453201
0.02694136291600634 0.08374384236453201
0.026920031670625493 0.08374384236453201
0.02689873417721519 0.08374384236453201
0.026877470355731226 0.08374384236453201
0.026856240126382307 0.08374384236453201
0.026835043409629045 0.08374384236453201
0.026813880126182965 0.08374384236453201
0.026771653543307086 0.08374384236453201
0.02675059008654603 0.08374384236453201
0.026729559748427674 0.08374384236453201
0.02670856245090338 0.08374384236453201
0.026687598116169546 0.08374384236453201
0.02664576802507837 0.08374384236453201
0.02662490211433046 0.08374384236453201
0.026583268178264268 0.08374384236453201
0.0265625 0.08374384236453201
0.02654176424668228 0.08374384236453201
0.026500389711613406 0.08374384236453201
0.0264797507788162 0.08374384236453201
0.026438569206842923 0.08374384236453201
0.026397515527950312 0.08374384236453201
0.02635658914728682 0.08374384236453201
0.026336173508907823 0.08374384236453201
0.02631578947368421 0.08374384236453201
0.026295436968290797 0.08374384236453201
0.02627511591962906 0.08374384236453201
0.026234567901234566 0.08374384236453201
0.026194144838212634 0.08374384236453201
0.02617397998460354 0.08374384236453201
0.026133743274404306 0.08374384236453201
0.026093630084420567 0.08374384236453201
0.02607361963190184 0.08374384236453201
0.026053639846743294 0.08374384236453201
0.026033690658499236 0.08374384236453201
0.026013771996939557 0.08374384236453201
0.02599388379204893 0.08374384236453201
0.025974025974025976 0.08374384236453201
0.025954198473282442 0.08374384236453201
0.02593440122044241 0.08374384236453201
0.025894897182025894 0.08374384236453201
0.0258751902587519 0.08374384236453201
0.025835866261398176 0.08374384236453201
0.025816249050873197 0.08374384236453201
0.026555386949924126 0.08620689655172414
0.026535253980288095 0.08620689655172414
0.026515151515151516 0.08620689655172414
0.026495079485238455 0.08620689655172414
0.0264750378214826 0.08620689655172414
0.026435045317220542 0.08620689655172414
0.026415094339622643 0.08620689655172414
0.026395173453996983 0.08620689655172414
0.02637528259231349 0.08620689655172414
0.02635542168674699 0.08620689655172414
0.02633559066967645 0.08620689655172414
0.02631578947368421 0.08620689655172414
0.02629601803155522 0.08620689655172414
0.026276276276276277 0.08620689655172414
0.02625656414103526 0.08620689655172414
0.026217228464419477 0.08620689655172414
0.02619760479041916 0.08620689655172414
0.02617801047120419 0.08620689655172414
0.026158445440956652 0.08620689655172414
0.026138909634055265 0.08620689655172414
0.026119402985074626 0.08620689655172414
0.02608047690014903 0.08620689655172414
0.026061057334326135 0.08620689655172414
0.026041666666666668 0.08620689655172414
0.02600297176820208 0.08620689655172414
0.025983667409057165 0.08620689655172414
0.02596439169139466 0.08620689655172414
0.025925925925925925 0.08620689655172414
0.025906735751295335 0.08620689655172414
0.025887573964497042 0.08620689655172414
0.025868440502586843 0.08620689655172414
0.025830258302583026 0.08620689655172414
0.025811209439528023 0.08620689655172414
0.025792188651436992 0.08620689655172414
0.025754231052244298 0.08620689655172414
0.025716385011021307 0.08620689655172414
0.02569750367107195 0.08620689655172414
0.025659824046920823 0.08620689655172414
0.02564102564102564 0.08620689655172414
0.02562225475841874 0.08620689655172414
0.025603511338697878 0.08620689655172414
0.025584795321637425 0.08620689655172414
0.025547445255474453 0.08620689655172414
0.025528811086797956 0.08620689655172414
0.025491624180626365 0.08620689655172414
0.025454545454545455 0.08620689655172414
0.025417574437182282 0.08620689655172414
0.025380710659898477 0.08620689655172414
0.025343953656770456 0.08620689655172414
0.02532561505065123 0.08620689655172414
0.025289017341040464 0.08620689655172414
0.025252525252525252 0.08620689655172414
0.02521613832853026 0.08620689655172414
0.025179856115107913 0.08620689655172414
0.02516175413371675 0.08620689655172414
0.02514367816091954 0.08620689655172414
0.025107604017216643 0.08620689655172414
0.025089605734767026 0.08620689655172414
0.025071633237822348 0.08620689655172414
0.025053686471009307 0.08620689655172414
0.02503576537911302 0.08620689655172414
0.02501786990707648 0.08620689655172414
0.025 0.08620689655172414
0.024982155603140613 0.08620689655172414
0.024964336661911554 0.08620689655172414
0.024946543121881683 0.08620689655172414
0.02492877492877493 0.08620689655172414
0.02491103202846975 0.08620689655172414
0.024893314366998577 0.08620689655172414
0.024875621890547265 0.08620689655172414
0.024857954545454544 0.08620689655172414
0.0248403122782115 0.08620689655172414
0.024822695035460994 0.08620689655172414
0.024805102763997167 0.08620689655172414
0.024769992922859165 0.08620689655172414
0.024752475247524754 0.08620689655172414
0.024734982332155476 0.08620689655172414
0.024700070571630206 0.08620689655172414
0.02466525722339676 0.08620689655172414
0.024630541871921183 0.08620689655172414
0.024595924104005622 0.08620689655172414
0.02457865168539326 0.08620689655172414
0.02456140350877193 0.08620689655172414
0.024544179523141654 0.08620689655172414
0.02452697967764541 0.08620689655172414
0.024509803921568627 0.08620689655172414
0.0244926522043387 0.08620689655172414
0.02445842068483578 0.08620689655172414
0.024424284717376135 0.08620689655172414
0.024390243902439025 0.08620689655172414
0.02437325905292479 0.08620689655172414
0.024356297842727904 0.08620689655172414
0.024339360222531293 0.08620689655172414
0.024322446143154968 0.08620689655172414
0.024305555555555556 0.08620689655172414
0.024271844660194174 0.08620689655172414
0.024255024255024255 0.08620689655172414
0.024238227146814405 0.08620689655172414
0.02422145328719723 0.08620689655172414
0.024187975120939877 0.08620689655172414
0.024154589371980676 0.08620689655172414
0.024121295658166782 0.08620689655172414
0.024104683195592287 0.08620689655172414
0.024088093599449415 0.08620689655172414
0.024071526822558458 0.08620689655172414
0.024054982817869417 0.08620689655172414
0.02403846153846154 0.08620689655172414
0.024021962937542895 0.08620689655172414
0.02400548696844993 0.08620689655172414
0.023972602739726026 0.08620689655172414
0.023956194387405885 0.08620689655172414
0.023939808481532147 0.08620689655172414
0.02390710382513661 0.08620689655172414
0.023890784982935155 0.08620689655172414
0.023858214042263123 0.08620689655172414
0.023841961852861037 0.08620689655172414
0.023809523809523808 0.08620689655172414
0.02377717391304348 0.08620689655172414
0.02376103190767142 0.08620689655172414
0.023728813559322035 0.08620689655172414
0.023696682464454975 0.08620689655172414
0.02368064952638701 0.08620689655172414
0.023664638269100743 0.08620689655172414
0.02363268062120189 0.08620689655172414
0.023600809170600135 0.08620689655172414
0.02356902356902357 0.08620689655172414
0.023553162853297442 0.08620689655172414
0.023521505376344086 0.08620689655172414
0.02350570852921424 0.08620689655172414
0.02348993288590604 0.08620689655172414
0.023458445040214475 0.08620689655172414
0.023427041499330656 0.08620689655172414
0.02339572192513369 0.08620689655172414
0.02338009352037408 0.08620689655172414
0.02334889926617745 0.08620689655172414
0.023317788141239172 0.08620689655172414
0.023286759813705923 0.08620689655172414
0.023255813953488372 0.08620689655172414
0.023224950232249502 0.08620689655172414
0.023194168323392977 0.08620689655172414
0.02316346790205162 0.08620689655172414
0.023148148148148147 0.08620689655172414
0.023117569352708058 0.08620689655172414
0.02308707124010554 0.08620689655172414
0.023071852340145024 0.08620689655172414
0.02304147465437788 0.08620689655172414
0.023026315789473683 0.08620689655172414
0.023011176857330704 0.08620689655172414
0.02298095863427446 0.08620689655172414
0.022965879265091863 0.08620689655172414
0.022935779816513763 0.08620689655172414
0.022920759659463 0.08620689655172414
0.02289077828646174 0.08620689655172414
0.022860875244937948 0.08620689655172414
0.0228310502283105 0.08620689655172414
0.02280130293159609 0.08620689655172414
0.02277163305139883 0.08620689655172414
0.022742040285899934 0.08620689655172414
0.0227125243348475 0.08620689655172414
0.02268308489954634 0.08620689655172414
0.02266839378238342 0.08620689655172414
0.022639068564036222 0.08620689655172414
0.02260981912144703 0.08620689655172414
0.02258064516129032 0.08620689655172414
0.022551546391752577 0.08620689655172414
0.02252252252252252 0.08620689655172414
0.02249357326478149 0.08620689655172414
0.022464698331193838 0.08620689655172414
0.022435897435897436 0.08620689655172414
0.02240717029449424 0.08620689655172414
0.02237851662404092 0.08620689655172414
0.022364217252396165 0.08620689655172414
0.022335673261008295 0.08620689655172414
0.022307202039515615 0.08620689655172414
0.022292993630573247 0.08620689655172414
0.022278803309993635 0.08620689655172414
0.02225047679593134 0.08620689655172414
0.022236340533672173 0.08620689655172414
0.022222222222222223 0.08620689655172414
0.022208121827411168 0.08620689655172414
0.02219403931515536 0.08620689655172414
0.022165927802406588 0.08620689655172414
0.022137887413029727 0.08620689655172414
0.022123893805309734 0.08620689655172414
0.022109917877447885 0.08620689655172414
0.022082018927444796 0.08620689655172414
0.022068095838587643 0.08620689655172414
0.02205419029615627 0.08620689655172414
0.02204030226700252 0.08620689655172414
0.0220125786163522 0.08620689655172414
0.02199874292897549 0.08620689655172414
0.02198492462311558 0.08620689655172414
0.02197112366603892 0.08620689655172414
0.0219435736677116 0.08620689655172414
0.021929824561403508 0.08620689655172414
0.021916092673763307 0.08620689655172414
0.02190237797246558 0.08620689655172414
0.021875 0.08620689655172414
0.02184769038701623 0.08620689655172414
0.021820448877805487 0.08620689655172414
0.021806853582554516 0.08620689655172414
0.021793275217932753 0.08620689655172414
0.021766169154228857 0.08620689655172414
0.021739130434782608 0.08620689655172414
0.021725636250775917 0.08620689655172414
0.021712158808933003 0.08620689655172414
0.02169869807811531 0.08620689655172414
0.021671826625386997 0.08620689655172414
0.021658415841584157 0.08620689655172414
0.021645021645021644 0.08620689655172414
0.021631644004944377 0.08620689655172414
0.021618282890673256 0.08620689655172414
0.021604938271604937 0.08620689655172414
0.0215916101172116 0.08620689655172414
0.02157829839704069 0.08620689655172414
0.021551724137931036 0.08620689655172414
0.02152521525215252 0.08620689655172414
0.0215119852489244 0.08620689655172414
0.0214987714987715 0.08620689655172414
0.021485573971761818 0.08620689655172414
0.02147239263803681 0.08620689655172414
0.02145922746781116 0.08620689655172414
0.021432945499081445 0.08620689655172414
0.021419828641370868 0.08620689655172414
0.021393643031784843 0.08620689655172414
0.021367521367521368 0.08620689655172414
0.021341463414634148 0.08620689655172414
0.021315468940316686 0.08620689655172414
0.02130249543517955 0.08620689655172414
0.021289537712895375 0.08620689655172414
0.0212636695018226 0.08620689655172414
0.021250758955676987 0.08620689655172414
0.021224984839296544 0.08620689655172414
0.021199273167777106 0.08620689655172414
0.0211864406779661 0.08620689655172414
0.021160822249093107 0.08620689655172414
0.021135265700483092 0.08620689655172414
0.02112251056125528 0.08620689655172414
0.021109770808202654 0.08620689655172414
0.02109704641350211 0.08620689655172414
0.02108433734939759 0.08620689655172414
0.02107164358819988 0.08620689655172414
0.0210589651022864 0.08620689655172414
0.021046301864101023 0.08620689655172414
0.021033653846153848 0.08620689655172414
0.021021021021021023 0.08620689655172414
0.02100840336134454 0.08620689655172414
0.020983213429256596 0.08620689655172414
0.020970641102456562 0.08620689655172414
0.020958083832335328 0.08620689655172414
0.020933014354066987 0.08620689655172414
0.02090800477897252 0.08620689655172414
0.020895522388059702 0.08620689655172414
0.020883054892601432 0.08620689655172414
0.020870602265951103 0.08620689655172414
0.02084574151280524 0.08620689655172414
0.020833333333333332 0.08620689655172414
0.020808561236623068 0.08620689655172414
0.020796197266785502 0.08620689655172414
0.020771513353115726 0.08620689655172414
0.02074688796680498 0.08620689655172414
0.020734597156398103 0.08620689655172414
0.020722320899940794 0.08620689655172414
0.02069781194559432 0.08620689655172414
0.020685579196217493 0.08620689655172414
0.02067336089781453 0.08620689655172414
0.02064896755162242 0.08620689655172414
0.020636792452830188 0.08620689655172414
0.02061248527679623 0.08620689655172414
0.020600353148911125 0.08620689655172414
0.020588235294117647 0.08620689655172414
0.0205761316872428 0.08620689655172414
0.020564042303172738 0.08620689655172414
0.020551967116852612 0.08620689655172414
0.020539906103286387 0.08620689655172414
0.020527859237536656 0.08620689655172414
0.020515826494724502 0.08620689655172414
0.020503807850029292 0.08620689655172414
0.02047981275599766 0.08620689655172414
0.02046783625730994 0.08620689655172414
0.020455873758036237 0.08620689655172414
0.02044392523364486 0.08620689655172414
0.020420070011668612 0.08620689655172414
0.02040816326530612 0.08620689655172414
0.020396270396270396 0.08620689655172414
0.02037252619324796 0.08620689655172414
0.02036067481093659 0.08620689655172414
0.020348837209302327 0.08620689655172414
0.02032520325203252 0.08620689655172414
0.020301624129930394 0.08620689655172414
0.020278099652375436 0.08620689655172414
0.02026635784597568 0.08620689655172414
0.02025462962962963 0.08620689655172414
0.020242914979757085 0.08620689655172414
0.02023121387283237 0.08620689655172414
0.020219526285384173 0.08620689655172414
0.02020785219399538 0.08620689655172414
0.020196191575302943 0.08620689655172414
0.020172910662824207 0.08620689655172414
0.020161290322580645 0.08620689655172414
0.020149683362118594 0.08620689655172414
0.020138089758342925 0.08620689655172414
0.020126509488211614 0.08620689655172414
0.020114942528735632 0.08620689655172414
0.020103388856978748 0.08620689655172414
0.020091848450057407 0.08620689655172414
0.020080321285140562 0.08620689655172414
0.020068807339449542 0.08620689655172414
0.02005730659025788 0.08620689655172414
0.02004581901489118 0.08620689655172414
0.02003434459072696 0.08620689655172414
0.02002288329519451 0.08620689655172414
0.020011435105774727 0.08620689655172414
0.02 0.08620689655172414
0.019988577955454025 0.08620689655172414
0.019965772960638905 0.08620689655172414
0.019954389965792473 0.08620689655172414
0.019943019943019943 0.08620689655172414
0.0199203187250996 0.08620689655172414
0.019908987485779295 0.08620689655172414
0.019897669130187607 0.08620689655172414
0.019886363636363636 0.08620689655172414
0.019875070982396367 0.08620689655172414
0.019863791146424517 0.08620689655172414
0.019852524106636415 0.08620689655172414
0.01984126984126984 0.08620689655172414
0.019830028328611898 0.08620689655172414
0.019818799546998868 0.08620689655172414
0.019807583474816072 0.08620689655172414
0.019796380090497737 0.08620689655172414
0.01977401129943503 0.08620689655172414
0.019762845849802372 0.08620689655172414
0.019751693002257337 0.08620689655172414
0.019740552735476594 0.08620689655172414
0.019729425028184894 0.08620689655172414
0.019707207207207207 0.08620689655172414
0.019696117051209903 0.08620689655172414
0.01968503937007874 0.08620689655172414
0.01967397414277684 0.08620689655172414
0.019662921348314606 0.08620689655172414
0.019651880965749578 0.08620689655172414
0.01964085297418631 0.08620689655172414
0.020190689848569827 0.08866995073891626
0.020179372197309416 0.08866995073891626
0.020168067226890758 0.08866995073891626
0.020156774916013438 0.08866995073891626
0.020145495243424735 0.08866995073891626
0.020122973728339856 0.08866995073891626
0.02011173184357542 0.08866995073891626
0.020089285714285716 0.08866995073891626
0.020078081427774678 0.08866995073891626
0.020066889632107024 0.08866995073891626
0.020055710306406686 0.08866995073891626
0.0200445434298441 0.08866995073891626
0.02003338898163606 0.08866995073891626
0.020022246941045607 0.08866995073891626
0.020011117287381877 0.08866995073891626
0.02 0.08866995073891626
0.020544142143253747 0.09113300492610837
0.020532741398446172 0.09113300492610837
0.020509977827051 0.09113300492610837
0.020498614958448753 0.09113300492610837
0.020475926950747094 0.09113300492610837
0.020464601769911505 0.09113300492610837
