1.0 0.0024630541871921183
1.0 0.0049261083743842365
1.0 0.0049261083743842365
0.6666666666666666 0.0049261083743842365
0.5 0.0049261083743842365
0.5 0.0049261083743842365
0.5 0.0049261083743842365
0.5 0.0049261083743842365
0.5 0.0049261083743842365
0.5 0.0049261083743842365
0.5 0.0049261083743842365
0.5 0.0049261083743842365
0.5 0.0049261083743842365
0.5 0.0049261083743842365
0.5 0.0049261083743842365
0.5 0.0049261083743842365
0.5 0.0049261083743842365
0.5 0.0049261083743842365
0.5 0.0049261083743842365
0.4 0.0049261083743842365
0.4 0.0049261083743842365
0.4 0.0049261083743842365
0.4 0.0049261083743842365
0.4 0.0049261083743842365
0.4 0.0049261083743842365
0.4 0.0049261083743842365
0.4 0.0049261083743842365
0.4 0.0049261083743842365
0.4 0.0049261083743842365
0.4 0.0049261083743842365
0.4 0.0049261083743842365
0.4 0.0049261083743842365
0.4 0.0049261083743842365
0.4 0.0049261083743842365
0.4 0.0049261083743842365
0.4 0.0049261083743842365
0.4 0.0049261083743842365
0.4 0.0049261083743842365
0.4 0.0049261083743842365
0.3333333333333333 0.0049261083743842365
0.3333333333333333 0.0049261083743842365
0.3333333333333333 0.0049261083743842365
0.3333333333333333 0.0049261083743842365
0.3333333333333333 0.0049261083743842365
0.3333333333333333 0.0049261083743842365
0.3333333333333333 0.0049261083743842365
0.3333333333333333 0.0049261083743842365
0.3333333333333333 0.0049261083743842365
0.3333333333333333 0.0049261083743842365
0.3333333333333333 0.0049261083743842365
0.3333333333333333 0.0049261083743842365
0.3333333333333333 0.0049261083743842365
0.3333333333333333 0.0049261083743842365
0.3333333333333333 0.0049261083743842365
0.3333333333333333 0.0049261083743842365
0.3333333333333333 0.0049261083743842365
0.2857142857142857 0.0049261083743842365
0.2857142857142857 0.0049261083743842365
0.2857142857142857 0.0049261083743842365
0.2857142857142857 0.0049261083743842365
0.2857142857142857 0.0049261083743842365
0.2857142857142857 0.0049261083743842365
0.25 0.0049261083743842365
0.25 0.0049261083743842365
0.25 0.0049261083743842365
0.25 0.0049261083743842365
0.25 0.0049261083743842365
0.25 0.0049261083743842365
0.25 0.0049261083743842365
0.25 0.0049261083743842365
0.25 0.0049261083743842365
0.25 0.0049261083743842365
0.25 0.0049261083743842365
0.25 0.0049261083743842365
0.25 0.0049261083743842365
0.25 0.0049261083743842365
0.25 0.0049261083743842365
0.25 0.0049261083743842365
0.25 0.0049261083743842365
0.25 0.0049261083743842365
0.25 0.0049261083743842365
0.25 0.0049261083743842365
0.25 0.0049261083743842365
0.25 0.0049261083743842365
0.25 0.0049261083743842365
0.25 0.0049261083743842365
0.25 0.0049261083743842365
0.2222222222222222 0.0049261083743842365
0.2 0.0049261083743842365
0.2 0.0049261083743842365
0.18181818181818182 0.0049261083743842365
0.18181818181818182 0.0049261083743842365
0.18181818181818182 0.0049261083743842365
0.18181818181818182 0.0049261083743842365
0.18181818181818182 0.0049261083743842365
0.18181818181818182 0.0049261083743842365
0.18181818181818182 0.0049261083743842365
0.18181818181818182 0.0049261083743842365
0.18181818181818182 0.0049261083743842365
0.18181818181818182 0.0049261083743842365
0.18181818181818182 0.0049261083743842365
0.16666666666666666 0.0049261083743842365
0.16666666666666666 0.0049261083743842365
0.16666666666666666 0.0049261083743842365
0.16666666666666666 0.0049261083743842365
0.16666666666666666 0.0049261083743842365
0.16666666666666666 0.0049261083743842365
0.16666666666666666 0.0049261083743842365
0.16666666666666666 0.0049261083743842365
0.16666666666666666 0.0049261083743842365
0.16666666666666666 0.0049261083743842365
0.16666666666666666 0.0049261083743842365
0.16666666666666666 0.0049261083743842365
0.16666666666666666 0.0049261083743842365
0.16666666666666666 0.0049261083743842365
0.16666666666666666 0.0049261083743842365
0.16666666666666666 0.0049261083743842365
0.16666666666666666 0.0049261083743842365
0.15384615384615385 0.0049261083743842365
0.15384615384615385 0.0049261083743842365
0.15384615384615385 0.0049261083743842365
0.14285714285714285 0.0049261083743842365
0.14285714285714285 0.0049261083743842365
0.13333333333333333 0.0049261083743842365
0.13333333333333333 0.0049261083743842365
0.13333333333333333 0.0049261083743842365
0.13333333333333333 0.0049261083743842365
0.13333333333333333 0.0049261083743842365
0.13333333333333333 0.0049261083743842365
0.125 0.0049261083743842365
0.11764705882352941 0.0049261083743842365
0.11764705882352941 0.0049261083743842365
0.11764705882352941 0.0049261083743842365
0.11764705882352941 0.0049261083743842365
0.11764705882352941 0.0049261083743842365
0.11764705882352941 0.0049261083743842365
0.11764705882352941 0.0049261083743842365
0.11764705882352941 0.0049261083743842365
0.11764705882352941 0.0049261083743842365
0.11764705882352941 0.0049261083743842365
0.11764705882352941 0.0049261083743842365
0.11764705882352941 0.0049261083743842365
0.1111111111111111 0.0049261083743842365
0.10526315789473684 0.0049261083743842365
0.10526315789473684 0.0049261083743842365
0.15 0.007389162561576354
0.15 0.007389162561576354
0.15 0.007389162561576354
0.15 0.007389162561576354
0.15 0.007389162561576354
0.15 0.007389162561576354
0.15 0.007389162561576354
0.15 0.007389162561576354
0.15 0.007389162561576354
0.15 0.007389162561576354
0.15 0.007389162561576354
0.15 0.007389162561576354
0.15 0.007389162561576354
0.14285714285714285 0.007389162561576354
0.14285714285714285 0.007389162561576354
0.14285714285714285 0.007389162561576354
0.14285714285714285 0.007389162561576354
0.14285714285714285 0.007389162561576354
0.14285714285714285 0.007389162561576354
0.14285714285714285 0.007389162561576354
0.14285714285714285 0.007389162561576354
0.14285714285714285 0.007389162561576354
0.14285714285714285 0.007389162561576354
0.14285714285714285 0.007389162561576354
0.14285714285714285 0.007389162561576354
0.14285714285714285 0.007389162561576354
0.14285714285714285 0.007389162561576354
0.14285714285714285 0.007389162561576354
0.13636363636363635 0.007389162561576354
0.13636363636363635 0.007389162561576354
0.13636363636363635 0.007389162561576354
0.13636363636363635 0.007389162561576354
0.13636363636363635 0.007389162561576354
0.13636363636363635 0.007389162561576354
0.13636363636363635 0.007389162561576354
0.13636363636363635 0.007389162561576354
0.13636363636363635 0.007389162561576354
0.13636363636363635 0.007389162561576354
0.13636363636363635 0.007389162561576354
0.13636363636363635 0.007389162561576354
0.13636363636363635 0.007389162561576354
0.13636363636363635 0.007389162561576354
0.13636363636363635 0.007389162561576354
0.13636363636363635 0.007389162561576354
0.13636363636363635 0.007389162561576354
0.13636363636363635 0.007389162561576354
0.13636363636363635 0.007389162561576354
0.13636363636363635 0.007389162561576354
0.13043478260869565 0.007389162561576354
0.13043478260869565 0.007389162561576354
0.13043478260869565 0.007389162561576354
0.13043478260869565 0.007389162561576354
0.13043478260869565 0.007389162561576354
0.13043478260869565 0.007389162561576354
0.13043478260869565 0.007389162561576354
0.13043478260869565 0.007389162561576354
0.125 0.007389162561576354
0.125 0.007389162561576354
0.19230769230769232 0.012315270935960592
0.19230769230769232 0.012315270935960592
0.19230769230769232 0.012315270935960592
0.19230769230769232 0.012315270935960592
0.18518518518518517 0.012315270935960592
0.18518518518518517 0.012315270935960592
0.18518518518518517 0.012315270935960592
0.18518518518518517 0.012315270935960592
0.18518518518518517 0.012315270935960592
0.18518518518518517 0.012315270935960592
0.18518518518518517 0.012315270935960592
0.18518518518518517 0.012315270935960592
0.18518518518518517 0.012315270935960592
0.18518518518518517 0.012315270935960592
0.18518518518518517 0.012315270935960592
0.18518518518518517 0.012315270935960592
0.18518518518518517 0.012315270935960592
0.18518518518518517 0.012315270935960592
0.18518518518518517 0.012315270935960592
0.18518518518518517 0.012315270935960592
0.18518518518518517 0.012315270935960592
0.18518518518518517 0.012315270935960592
0.18518518518518517 0.012315270935960592
0.18518518518518517 0.012315270935960592
0.17857142857142858 0.012315270935960592
0.17857142857142858 0.012315270935960592
0.17857142857142858 0.012315270935960592
0.17857142857142858 0.012315270935960592
0.17857142857142858 0.012315270935960592
0.17857142857142858 0.012315270935960592
0.17857142857142858 0.012315270935960592
0.17857142857142858 0.012315270935960592
0.1724137931034483 0.012315270935960592
0.1724137931034483 0.012315270935960592
0.1724137931034483 0.012315270935960592
0.1724137931034483 0.012315270935960592
0.16666666666666666 0.012315270935960592
0.16666666666666666 0.012315270935960592
0.16666666666666666 0.012315270935960592
0.1935483870967742 0.014778325123152709
0.21875 0.017241379310344827
0.24242424242424243 0.019704433497536946
0.2647058823529412 0.022167487684729065
0.2857142857142857 0.024630541871921183
0.2857142857142857 0.024630541871921183
0.2857142857142857 0.024630541871921183
0.2857142857142857 0.024630541871921183
0.2857142857142857 0.024630541871921183
0.2857142857142857 0.024630541871921183
0.2857142857142857 0.024630541871921183
0.2857142857142857 0.024630541871921183
0.3055555555555556 0.027093596059113302
0.3055555555555556 0.027093596059113302
0.3055555555555556 0.027093596059113302
0.3055555555555556 0.027093596059113302
0.3055555555555556 0.027093596059113302
0.32432432432432434 0.029556650246305417
0.32432432432432434 0.029556650246305417
0.32432432432432434 0.029556650246305417
0.32432432432432434 0.029556650246305417
0.32432432432432434 0.029556650246305417
0.32432432432432434 0.029556650246305417
0.32432432432432434 0.029556650246305417
0.32432432432432434 0.029556650246305417
0.32432432432432434 0.029556650246305417
0.32432432432432434 0.029556650246305417
0.32432432432432434 0.029556650246305417
0.32432432432432434 0.029556650246305417
0.32432432432432434 0.029556650246305417
0.32432432432432434 0.029556650246305417
0.32432432432432434 0.029556650246305417
0.32432432432432434 0.029556650246305417
0.34210526315789475 0.03201970443349754
0.34210526315789475 0.03201970443349754
0.34210526315789475 0.03201970443349754
0.34210526315789475 0.03201970443349754
0.34210526315789475 0.03201970443349754
0.34210526315789475 0.03201970443349754
0.34210526315789475 0.03201970443349754
0.34210526315789475 0.03201970443349754
0.34210526315789475 0.03201970443349754
0.34210526315789475 0.03201970443349754
0.34210526315789475 0.03201970443349754
0.34210526315789475 0.03201970443349754
0.34210526315789475 0.03201970443349754
0.34210526315789475 0.03201970443349754
0.34210526315789475 0.03201970443349754
0.34210526315789475 0.03201970443349754
0.34210526315789475 0.03201970443349754
0.34210526315789475 0.03201970443349754
0.34210526315789475 0.03201970443349754
0.34210526315789475 0.03201970443349754
0.34210526315789475 0.03201970443349754
0.34210526315789475 0.03201970443349754
0.325 0.03201970443349754
0.325 0.03201970443349754
0.325 0.03201970443349754
0.325 0.03201970443349754
0.325 0.03201970443349754
0.325 0.03201970443349754
0.325 0.03201970443349754
0.325 0.03201970443349754
0.325 0.03201970443349754
0.325 0.03201970443349754
0.325 0.03201970443349754
0.325 0.03201970443349754
0.325 0.03201970443349754
0.325 0.03201970443349754
0.325 0.03201970443349754
0.325 0.03201970443349754
0.34146341463414637 0.034482758620689655
0.34146341463414637 0.034482758620689655
0.34146341463414637 0.034482758620689655
0.34146341463414637 0.034482758620689655
0.34146341463414637 0.034482758620689655
0.34146341463414637 0.034482758620689655
0.34146341463414637 0.034482758620689655
0.34146341463414637 0.034482758620689655
0.34146341463414637 0.034482758620689655
0.3333333333333333 0.034482758620689655
0.3333333333333333 0.034482758620689655
0.3333333333333333 0.034482758620689655
0.3333333333333333 0.034482758620689655
0.3333333333333333 0.034482758620689655
0.3333333333333333 0.034482758620689655
0.3333333333333333 0.034482758620689655
0.3333333333333333 0.034482758620689655
0.3333333333333333 0.034482758620689655
0.3333333333333333 0.034482758620689655
0.3333333333333333 0.034482758620689655
0.3333333333333333 0.034482758620689655
0.3333333333333333 0.034482758620689655
0.3333333333333333 0.034482758620689655
0.3333333333333333 0.034482758620689655
0.32558139534883723 0.034482758620689655
0.32558139534883723 0.034482758620689655
0.32558139534883723 0.034482758620689655
0.32558139534883723 0.034482758620689655
0.32558139534883723 0.034482758620689655
0.3409090909090909 0.03694581280788178
0.35555555555555557 0.03940886699507389
0.35555555555555557 0.03940886699507389
0.35555555555555557 0.03940886699507389
0.35555555555555557 0.03940886699507389
0.35555555555555557 0.03940886699507389
0.35555555555555557 0.03940886699507389
0.35555555555555557 0.03940886699507389
0.35555555555555557 0.03940886699507389
0.35555555555555557 0.03940886699507389
0.35555555555555557 0.03940886699507389
0.35555555555555557 0.03940886699507389
0.35555555555555557 0.03940886699507389
0.35555555555555557 0.03940886699507389
0.35555555555555557 0.03940886699507389
0.34782608695652173 0.03940886699507389
0.34782608695652173 0.03940886699507389
0.34782608695652173 0.03940886699507389
0.34782608695652173 0.03940886699507389
0.34782608695652173 0.03940886699507389
0.34782608695652173 0.03940886699507389
0.34782608695652173 0.03940886699507389
0.34782608695652173 0.03940886699507389
0.34782608695652173 0.03940886699507389
0.34782608695652173 0.03940886699507389
0.34782608695652173 0.03940886699507389
0.34782608695652173 0.03940886699507389
0.34782608695652173 0.03940886699507389
0.34782608695652173 0.03940886699507389
0.34782608695652173 0.03940886699507389
0.34782608695652173 0.03940886699507389
0.34782608695652173 0.03940886699507389
0.34782608695652173 0.03940886699507389
0.34782608695652173 0.03940886699507389
0.34782608695652173 0.03940886699507389
0.34782608695652173 0.03940886699507389
0.34782608695652173 0.03940886699507389
0.34782608695652173 0.03940886699507389
0.34782608695652173 0.03940886699507389
0.34782608695652173 0.03940886699507389
0.3617021276595745 0.04187192118226601
0.3617021276595745 0.04187192118226601
0.3617021276595745 0.04187192118226601
0.3617021276595745 0.04187192118226601
0.3617021276595745 0.04187192118226601
0.3617021276595745 0.04187192118226601
0.3617021276595745 0.04187192118226601
0.3617021276595745 0.04187192118226601
0.3617021276595745 0.04187192118226601
0.3617021276595745 0.04187192118226601
0.3541666666666667 0.04187192118226601
0.3541666666666667 0.04187192118226601
0.3541666666666667 0.04187192118226601
0.3541666666666667 0.04187192118226601
0.3541666666666667 0.04187192118226601
0.38 0.046798029556650245
0.38 0.046798029556650245
0.38 0.046798029556650245
0.38 0.046798029556650245
0.37254901960784315 0.046798029556650245
0.38461538461538464 0.04926108374384237
0.38461538461538464 0.04926108374384237
0.38461538461538464 0.04926108374384237
0.38461538461538464 0.04926108374384237
0.38461538461538464 0.04926108374384237
0.38461538461538464 0.04926108374384237
0.38461538461538464 0.04926108374384237
0.38461538461538464 0.04926108374384237
0.38461538461538464 0.04926108374384237
0.38461538461538464 0.04926108374384237
0.38461538461538464 0.04926108374384237
0.38461538461538464 0.04926108374384237
0.38461538461538464 0.04926108374384237
0.38461538461538464 0.04926108374384237
0.38461538461538464 0.04926108374384237
0.38461538461538464 0.04926108374384237
0.38461538461538464 0.04926108374384237
0.38461538461538464 0.04926108374384237
0.38461538461538464 0.04926108374384237
0.38461538461538464 0.04926108374384237
0.38461538461538464 0.04926108374384237
0.38461538461538464 0.04926108374384237
0.38461538461538464 0.04926108374384237
0.37735849056603776 0.04926108374384237
0.37735849056603776 0.04926108374384237
0.37735849056603776 0.04926108374384237
0.37735849056603776 0.04926108374384237
0.37735849056603776 0.04926108374384237
0.37735849056603776 0.04926108374384237
0.37735849056603776 0.04926108374384237
0.37735849056603776 0.04926108374384237
0.37735849056603776 0.04926108374384237
0.37735849056603776 0.04926108374384237
0.37735849056603776 0.04926108374384237
0.37735849056603776 0.04926108374384237
0.37735849056603776 0.04926108374384237
0.37735849056603776 0.04926108374384237
0.37735849056603776 0.04926108374384237
0.37735849056603776 0.04926108374384237
0.37735849056603776 0.04926108374384237
0.37037037037037035 0.04926108374384237
0.37037037037037035 0.04926108374384237
0.37037037037037035 0.04926108374384237
0.39285714285714285 0.054187192118226604
0.40350877192982454 0.05665024630541872
0.40350877192982454 0.05665024630541872
0.40350877192982454 0.05665024630541872
0.40350877192982454 0.05665024630541872
0.40350877192982454 0.05665024630541872
0.40350877192982454 0.05665024630541872
0.40350877192982454 0.05665024630541872
0.40350877192982454 0.05665024630541872
0.39655172413793105 0.05665024630541872
0.39655172413793105 0.05665024630541872
0.39655172413793105 0.05665024630541872
0.39655172413793105 0.05665024630541872
0.39655172413793105 0.05665024630541872
0.39655172413793105 0.05665024630541872
0.39655172413793105 0.05665024630541872
0.39655172413793105 0.05665024630541872
0.39655172413793105 0.05665024630541872
0.39655172413793105 0.05665024630541872
0.39655172413793105 0.05665024630541872
0.4067796610169492 0.059113300492610835
0.4067796610169492 0.059113300492610835
0.4067796610169492 0.059113300492610835
0.4067796610169492 0.059113300492610835
0.4067796610169492 0.059113300492610835
0.4067796610169492 0.059113300492610835
0.4067796610169492 0.059113300492610835
0.4067796610169492 0.059113300492610835
0.4067796610169492 0.059113300492610835
0.4166666666666667 0.06157635467980296
0.4166666666666667 0.06157635467980296
0.4166666666666667 0.06157635467980296
0.4166666666666667 0.06157635467980296
0.4166666666666667 0.06157635467980296
0.4098360655737705 0.06157635467980296
0.4098360655737705 0.06157635467980296
0.4098360655737705 0.06157635467980296
0.4098360655737705 0.06157635467980296
0.4098360655737705 0.06157635467980296
0.4098360655737705 0.06157635467980296
0.4098360655737705 0.06157635467980296
0.4098360655737705 0.06157635467980296
0.4098360655737705 0.06157635467980296
0.41935483870967744 0.06403940886699508
0.4126984126984127 0.06403940886699508
0.4126984126984127 0.06403940886699508
0.4126984126984127 0.06403940886699508
0.4126984126984127 0.06403940886699508
0.4126984126984127 0.06403940886699508
0.4126984126984127 0.06403940886699508
0.4126984126984127 0.06403940886699508
0.40625 0.06403940886699508
0.40625 0.06403940886699508
0.40625 0.06403940886699508
0.4 0.06403940886699508
0.4090909090909091 0.0665024630541872
0.4090909090909091 0.0665024630541872
0.4090909090909091 0.0665024630541872
0.4090909090909091 0.0665024630541872
0.417910447761194 0.06896551724137931
0.417910447761194 0.06896551724137931
0.417910447761194 0.06896551724137931
0.417910447761194 0.06896551724137931
0.417910447761194 0.06896551724137931
0.4117647058823529 0.06896551724137931
0.4117647058823529 0.06896551724137931
0.4057971014492754 0.06896551724137931
0.4057971014492754 0.06896551724137931
0.4 0.06896551724137931
0.4 0.06896551724137931
0.39436619718309857 0.06896551724137931
0.39436619718309857 0.06896551724137931
0.39436619718309857 0.06896551724137931
0.39436619718309857 0.06896551724137931
0.39436619718309857 0.06896551724137931
0.39436619718309857 0.06896551724137931
0.39436619718309857 0.06896551724137931
0.39436619718309857 0.06896551724137931
0.3888888888888889 0.06896551724137931
0.3888888888888889 0.06896551724137931
0.3888888888888889 0.06896551724137931
0.3888888888888889 0.06896551724137931
0.3972602739726027 0.07142857142857142
0.3972602739726027 0.07142857142857142
0.3972602739726027 0.07142857142857142
0.40540540540540543 0.07389162561576355
0.40540540540540543 0.07389162561576355
0.40540540540540543 0.07389162561576355
0.40540540540540543 0.07389162561576355
0.40540540540540543 0.07389162561576355
0.40540540540540543 0.07389162561576355
0.4 0.07389162561576355
0.4 0.07389162561576355
0.4 0.07389162561576355
0.4 0.07389162561576355
0.4 0.07389162561576355
0.40789473684210525 0.07635467980295567
0.40789473684210525 0.07635467980295567
0.40789473684210525 0.07635467980295567
0.4025974025974026 0.07635467980295567
0.4025974025974026 0.07635467980295567
0.4025974025974026 0.07635467980295567
0.4025974025974026 0.07635467980295567
0.4025974025974026 0.07635467980295567
0.4025974025974026 0.07635467980295567
0.4025974025974026 0.07635467980295567
0.4025974025974026 0.07635467980295567
0.4025974025974026 0.07635467980295567
0.4025974025974026 0.07635467980295567
0.4025974025974026 0.07635467980295567
0.4025974025974026 0.07635467980295567
0.4025974025974026 0.07635467980295567
0.4025974025974026 0.07635467980295567
0.4025974025974026 0.07635467980295567
0.4025974025974026 0.07635467980295567
0.4025974025974026 0.07635467980295567
0.4025974025974026 0.07635467980295567
0.4025974025974026 0.07635467980295567
0.4025974025974026 0.07635467980295567
0.4025974025974026 0.07635467980295567
0.3974358974358974 0.07635467980295567
0.3974358974358974 0.07635467980295567
0.3974358974358974 0.07635467980295567
0.3974358974358974 0.07635467980295567
0.3974358974358974 0.07635467980295567
0.3974358974358974 0.07635467980295567
0.3974358974358974 0.07635467980295567
0.3974358974358974 0.07635467980295567
0.3974358974358974 0.07635467980295567
0.4050632911392405 0.07881773399014778
0.4050632911392405 0.07881773399014778
0.4050632911392405 0.07881773399014778
0.4050632911392405 0.07881773399014778
0.4050632911392405 0.07881773399014778
0.4050632911392405 0.07881773399014778
0.4050632911392405 0.07881773399014778
0.4050632911392405 0.07881773399014778
0.4050632911392405 0.07881773399014778
0.4050632911392405 0.07881773399014778
0.4050632911392405 0.07881773399014778
0.4050632911392405 0.07881773399014778
0.4050632911392405 0.07881773399014778
0.4125 0.0812807881773399
0.4125 0.0812807881773399
0.4125 0.0812807881773399
0.4125 0.0812807881773399
0.4074074074074074 0.0812807881773399
0.4074074074074074 0.0812807881773399
0.4074074074074074 0.0812807881773399
0.4024390243902439 0.0812807881773399
0.4024390243902439 0.0812807881773399
0.4024390243902439 0.0812807881773399
0.4024390243902439 0.0812807881773399
0.4024390243902439 0.0812807881773399
0.4024390243902439 0.0812807881773399
0.4024390243902439 0.0812807881773399
0.39759036144578314 0.0812807881773399
0.39759036144578314 0.0812807881773399
0.39759036144578314 0.0812807881773399
0.39759036144578314 0.0812807881773399
0.39759036144578314 0.0812807881773399
0.39759036144578314 0.0812807881773399
0.39759036144578314 0.0812807881773399
0.39759036144578314 0.0812807881773399
0.39759036144578314 0.0812807881773399
0.39759036144578314 0.0812807881773399
0.39759036144578314 0.0812807881773399
0.39759036144578314 0.0812807881773399
0.39759036144578314 0.0812807881773399
0.39759036144578314 0.0812807881773399
0.39759036144578314 0.0812807881773399
0.39759036144578314 0.0812807881773399
0.39759036144578314 0.0812807881773399
0.39759036144578314 0.0812807881773399
0.39759036144578314 0.0812807881773399
0.39759036144578314 0.0812807881773399
0.39759036144578314 0.0812807881773399
0.39759036144578314 0.0812807881773399
0.40476190476190477 0.08374384236453201
0.40476190476190477 0.08374384236453201
0.40476190476190477 0.08374384236453201
0.40476190476190477 0.08374384236453201
0.40476190476190477 0.08374384236453201
0.40476190476190477 0.08374384236453201
0.40476190476190477 0.08374384236453201
0.40476190476190477 0.08374384236453201
0.40476190476190477 0.08374384236453201
0.40476190476190477 0.08374384236453201
0.40476190476190477 0.08374384236453201
0.3953488372093023 0.08374384236453201
0.3953488372093023 0.08374384236453201
0.3953488372093023 0.08374384236453201
0.3953488372093023 0.08374384236453201
0.3953488372093023 0.08374384236453201
0.3953488372093023 0.08374384236453201
0.3953488372093023 0.08374384236453201
0.3953488372093023 0.08374384236453201
0.3953488372093023 0.08374384236453201
0.3953488372093023 0.08374384236453201
0.39080459770114945 0.08374384236453201
0.39080459770114945 0.08374384236453201
0.39080459770114945 0.08374384236453201
0.39080459770114945 0.08374384236453201
0.39080459770114945 0.08374384236453201
0.39080459770114945 0.08374384236453201
0.39080459770114945 0.08374384236453201
0.38636363636363635 0.08374384236453201
0.38636363636363635 0.08374384236453201
0.38636363636363635 0.08374384236453201
0.38202247191011235 0.08374384236453201
0.38202247191011235 0.08374384236453201
0.38202247191011235 0.08374384236453201
0.38202247191011235 0.08374384236453201
0.38202247191011235 0.08374384236453201
0.38202247191011235 0.08374384236453201
0.38202247191011235 0.08374384236453201
0.38202247191011235 0.08374384236453201
0.37777777777777777 0.08374384236453201
0.37777777777777777 0.08374384236453201
0.37777777777777777 0.08374384236453201
0.37362637362637363 0.08374384236453201
0.37362637362637363 0.08374384236453201
0.37362637362637363 0.08374384236453201
0.37362637362637363 0.08374384236453201
0.37362637362637363 0.08374384236453201
0.37362637362637363 0.08374384236453201
0.37362637362637363 0.08374384236453201
0.37362637362637363 0.08374384236453201
0.37362637362637363 0.08374384236453201
0.37362637362637363 0.08374384236453201
0.37362637362637363 0.08374384236453201
0.37362637362637363 0.08374384236453201
0.37362637362637363 0.08374384236453201
0.37362637362637363 0.08374384236453201
0.3695652173913043 0.08374384236453201
0.3695652173913043 0.08374384236453201
0.3695652173913043 0.08374384236453201
0.3695652173913043 0.08374384236453201
0.3695652173913043 0.08374384236453201
0.3695652173913043 0.08374384236453201
0.3695652173913043 0.08374384236453201
0.3695652173913043 0.08374384236453201
0.3695652173913043 0.08374384236453201
0.3695652173913043 0.08374384236453201
0.3695652173913043 0.08374384236453201
0.3695652173913043 0.08374384236453201
0.3695652173913043 0.08374384236453201
0.3695652173913043 0.08374384236453201
0.3695652173913043 0.08374384236453201
0.3695652173913043 0.08374384236453201
0.3695652173913043 0.08374384236453201
0.3695652173913043 0.08374384236453201
0.3695652173913043 0.08374384236453201
0.3655913978494624 0.08374384236453201
0.3655913978494624 0.08374384236453201
0.3655913978494624 0.08374384236453201
0.3655913978494624 0.08374384236453201
0.3655913978494624 0.08374384236453201
0.3655913978494624 0.08374384236453201
0.3655913978494624 0.08374384236453201
0.3655913978494624 0.08374384236453201
0.3655913978494624 0.08374384236453201
0.3655913978494624 0.08374384236453201
0.3655913978494624 0.08374384236453201
0.3655913978494624 0.08374384236453201
0.3655913978494624 0.08374384236453201
0.3655913978494624 0.08374384236453201
0.3655913978494624 0.08374384236453201
0.3617021276595745 0.08374384236453201
0.3617021276595745 0.08374384236453201
0.3617021276595745 0.08374384236453201
0.3617021276595745 0.08374384236453201
0.3617021276595745 0.08374384236453201
0.3617021276595745 0.08374384236453201
0.3617021276595745 0.08374384236453201
0.3617021276595745 0.08374384236453201
0.3617021276595745 0.08374384236453201
0.35789473684210527 0.08374384236453201
0.35789473684210527 0.08374384236453201
0.35789473684210527 0.08374384236453201
0.35789473684210527 0.08374384236453201
0.35789473684210527 0.08374384236453201
0.35789473684210527 0.08374384236453201
0.35789473684210527 0.08374384236453201
0.35789473684210527 0.08374384236453201
0.35789473684210527 0.08374384236453201
0.35789473684210527 0.08374384236453201
0.35789473684210527 0.08374384236453201
0.35789473684210527 0.08374384236453201
0.35789473684210527 0.08374384236453201
0.35789473684210527 0.08374384236453201
0.35789473684210527 0.08374384236453201
0.3541666666666667 0.08374384236453201
0.3541666666666667 0.08374384236453201
0.3541666666666667 0.08374384236453201
0.35051546391752575 0.08374384236453201
0.35051546391752575 0.08374384236453201
0.35051546391752575 0.08374384236453201
0.35051546391752575 0.08374384236453201
0.35051546391752575 0.08374384236453201
0.3469387755102041 0.08374384236453201
0.3469387755102041 0.08374384236453201
0.3469387755102041 0.08374384236453201
0.3469387755102041 0.08374384236453201
0.3469387755102041 0.08374384236453201
0.3469387755102041 0.08374384236453201
0.3469387755102041 0.08374384236453201
0.3469387755102041 0.08374384236453201
0.3469387755102041 0.08374384236453201
0.3469387755102041 0.08374384236453201
0.3434343434343434 0.08374384236453201
0.34 0.08374384236453201
0.34 0.08374384236453201
0.34 0.08374384236453201
0.34 0.08374384236453201
0.34 0.08374384236453201
0.34 0.08374384236453201
0.34 0.08374384236453201
0.33663366336633666 0.08374384236453201
0.33663366336633666 0.08374384236453201
0.33663366336633666 0.08374384236453201
0.33663366336633666 0.08374384236453201
0.3333333333333333 0.08374384236453201
0.3333333333333333 0.08374384236453201
0.3333333333333333 0.08374384236453201
0.3333333333333333 0.08374384236453201
0.3333333333333333 0.08374384236453201
0.3333333333333333 0.08374384236453201
0.3333333333333333 0.08374384236453201
0.3333333333333333 0.08374384236453201
0.3333333333333333 0.08374384236453201
0.3333333333333333 0.08374384236453201
0.3333333333333333 0.08374384236453201
0.3300970873786408 0.08374384236453201
0.3269230769230769 0.08374384236453201
0.3269230769230769 0.08374384236453201
0.3269230769230769 0.08374384236453201
0.3269230769230769 0.08374384236453201
0.3269230769230769 0.08374384236453201
0.3269230769230769 0.08374384236453201
0.3269230769230769 0.08374384236453201
0.3269230769230769 0.08374384236453201
0.3238095238095238 0.08374384236453201
0.3238095238095238 0.08374384236453201
0.3238095238095238 0.08374384236453201
0.3238095238095238 0.08374384236453201
0.3238095238095238 0.08374384236453201
0.3238095238095238 0.08374384236453201
0.3238095238095238 0.08374384236453201
0.3238095238095238 0.08374384236453201
0.3238095238095238 0.08374384236453201
0.3238095238095238 0.08374384236453201
0.3238095238095238 0.08374384236453201
0.3238095238095238 0.08374384236453201
0.3238095238095238 0.08374384236453201
0.3238095238095238 0.08374384236453201
0.3238095238095238 0.08374384236453201
0.3238095238095238 0.08374384236453201
0.3238095238095238 0.08374384236453201
0.3238095238095238 0.08374384236453201
0.3238095238095238 0.08374384236453201
0.3238095238095238 0.08374384236453201
0.3238095238095238 0.08374384236453201
0.3238095238095238 0.08374384236453201
0.32075471698113206 0.08374384236453201
0.32075471698113206 0.08374384236453201
0.32075471698113206 0.08374384236453201
0.32075471698113206 0.08374384236453201
0.32075471698113206 0.08374384236453201
0.32075471698113206 0.08374384236453201
0.32075471698113206 0.08374384236453201
0.3177570093457944 0.08374384236453201
0.3177570093457944 0.08374384236453201
0.3177570093457944 0.08374384236453201
0.3177570093457944 0.08374384236453201
0.3177570093457944 0.08374384236453201
0.3177570093457944 0.08374384236453201
0.3177570093457944 0.08374384236453201
0.3177570093457944 0.08374384236453201
0.3177570093457944 0.08374384236453201
0.3177570093457944 0.08374384236453201
0.3177570093457944 0.08374384236453201
0.3177570093457944 0.08374384236453201
0.3177570093457944 0.08374384236453201
0.3177570093457944 0.08374384236453201
0.3177570093457944 0.08374384236453201
0.3177570093457944 0.08374384236453201
0.3177570093457944 0.08374384236453201
0.3177570093457944 0.08374384236453201
0.3177570093457944 0.08374384236453201
0.3177570093457944 0.08374384236453201
0.3177570093457944 0.08374384236453201
0.3177570093457944 0.08374384236453201
0.3177570093457944 0.08374384236453201
0.3177570093457944 0.08374384236453201
0.3177570093457944 0.08374384236453201
0.3177570093457944 0.08374384236453201
0.3177570093457944 0.08374384236453201
0.3148148148148148 0.08374384236453201
0.3148148148148148 0.08374384236453201
0.3148148148148148 0.08374384236453201
0.3148148148148148 0.08374384236453201
0.3148148148148148 0.08374384236453201
0.3148148148148148 0.08374384236453201
0.3148148148148148 0.08374384236453201
0.3148148148148148 0.08374384236453201
0.3148148148148148 0.08374384236453201
0.3148148148148148 0.08374384236453201
0.3148148148148148 0.08374384236453201
0.3148148148148148 0.08374384236453201
0.3148148148148148 0.08374384236453201
0.3148148148148148 0.08374384236453201
0.3148148148148148 0.08374384236453201
0.3148148148148148 0.08374384236453201
0.3148148148148148 0.08374384236453201
0.3148148148148148 0.08374384236453201
0.3148148148148148 0.08374384236453201
0.3148148148148148 0.08374384236453201
0.3148148148148148 0.08374384236453201
0.3148148148148148 0.08374384236453201
0.3148148148148148 0.08374384236453201
0.3148148148148148 0.08374384236453201
0.3148148148148148 0.08374384236453201
0.3148148148148148 0.08374384236453201
0.3148148148148148 0.08374384236453201
0.3148148148148148 0.08374384236453201
0.3148148148148148 0.08374384236453201
0.3148148148148148 0.08374384236453201
0.3148148148148148 0.08374384236453201
0.3148148148148148 0.08374384236453201
0.3148148148148148 0.08374384236453201
0.3119266055045872 0.08374384236453201
0.3119266055045872 0.08374384236453201
0.3119266055045872 0.08374384236453201
0.3119266055045872 0.08374384236453201
0.3090909090909091 0.08374384236453201
0.3090909090909091 0.08374384236453201
0.3090909090909091 0.08374384236453201
0.3090909090909091 0.08374384236453201
0.3090909090909091 0.08374384236453201
0.3090909090909091 0.08374384236453201
0.3090909090909091 0.08374384236453201
0.3063063063063063 0.08374384236453201
0.3063063063063063 0.08374384236453201
0.3063063063063063 0.08374384236453201
0.3063063063063063 0.08374384236453201
0.30357142857142855 0.08374384236453201
0.30357142857142855 0.08374384236453201
0.30357142857142855 0.08374384236453201
0.30357142857142855 0.08374384236453201
0.3008849557522124 0.08374384236453201
0.3008849557522124 0.08374384236453201
0.3008849557522124 0.08374384236453201
0.3008849557522124 0.08374384236453201
0.3008849557522124 0.08374384236453201
0.3008849557522124 0.08374384236453201
0.3008849557522124 0.08374384236453201
0.3008849557522124 0.08374384236453201
0.3008849557522124 0.08374384236453201
0.3008849557522124 0.08374384236453201
0.3008849557522124 0.08374384236453201
0.3008849557522124 0.08374384236453201
0.3008849557522124 0.08374384236453201
0.3008849557522124 0.08374384236453201
0.3008849557522124 0.08374384236453201
0.3008849557522124 0.08374384236453201
0.3008849557522124 0.08374384236453201
0.3008849557522124 0.08374384236453201
0.3008849557522124 0.08374384236453201
0.3008849557522124 0.08374384236453201
0.3008849557522124 0.08374384236453201
0.3008849557522124 0.08374384236453201
0.3008849557522124 0.08374384236453201
0.3008849557522124 0.08374384236453201
0.3008849557522124 0.08374384236453201
0.3008849557522124 0.08374384236453201
0.3008849557522124 0.08374384236453201
0.3008849557522124 0.08374384236453201
0.3008849557522124 0.08374384236453201
0.3008849557522124 0.08374384236453201
0.3008849557522124 0.08374384236453201
0.3008849557522124 0.08374384236453201
0.3008849557522124 0.08374384236453201
0.3008849557522124 0.08374384236453201
0.3008849557522124 0.08374384236453201
0.3008849557522124 0.08374384236453201
0.3008849557522124 0.08374384236453201
0.3008849557522124 0.08374384236453201
0.3008849557522124 0.08374384236453201
0.3008849557522124 0.08374384236453201
0.3008849557522124 0.08374384236453201
0.3008849557522124 0.08374384236453201
0.3008849557522124 0.08374384236453201
0.3008849557522124 0.08374384236453201
0.3008849557522124 0.08374384236453201
0.3008849557522124 0.08374384236453201
0.3008849557522124 0.08374384236453201
0.3008849557522124 0.08374384236453201
0.3008849557522124 0.08374384236453201
0.3008849557522124 0.08374384236453201
0.3008849557522124 0.08374384236453201
0.3008849557522124 0.08374384236453201
0.3008849557522124 0.08374384236453201
0.3008849557522124 0.08374384236453201
0.3008849557522124 0.08374384236453201
0.3008849557522124 0.08374384236453201
0.3008849557522124 0.08374384236453201
0.3008849557522124 0.08374384236453201
0.3008849557522124 0.08374384236453201
0.3008849557522124 0.08374384236453201
0.3008849557522124 0.08374384236453201
0.3008849557522124 0.08374384236453201
0.3008849557522124 0.08374384236453201
0.3008849557522124 0.08374384236453201
0.2982456140350877 0.08374384236453201
0.2982456140350877 0.08374384236453201
0.30434782608695654 0.08620689655172414
0.30434782608695654 0.08620689655172414
0.30434782608695654 0.08620689655172414
0.30434782608695654 0.08620689655172414
0.30434782608695654 0.08620689655172414
0.30434782608695654 0.08620689655172414
0.30434782608695654 0.08620689655172414
0.30434782608695654 0.08620689655172414
0.30434782608695654 0.08620689655172414
0.30434782608695654 0.08620689655172414
0.30434782608695654 0.08620689655172414
0.30434782608695654 0.08620689655172414
0.30434782608695654 0.08620689655172414
0.30434782608695654 0.08620689655172414
0.30434782608695654 0.08620689655172414
0.30434782608695654 0.08620689655172414
0.30434782608695654 0.08620689655172414
0.30434782608695654 0.08620689655172414
0.30434782608695654 0.08620689655172414
0.3017241379310345 0.08620689655172414
0.3017241379310345 0.08620689655172414
0.3017241379310345 0.08620689655172414
0.3017241379310345 0.08620689655172414
0.3017241379310345 0.08620689655172414
0.29914529914529914 0.08620689655172414
0.29914529914529914 0.08620689655172414
0.29914529914529914 0.08620689655172414
0.2966101694915254 0.08620689655172414
0.2966101694915254 0.08620689655172414
0.2966101694915254 0.08620689655172414
0.2966101694915254 0.08620689655172414
0.29411764705882354 0.08620689655172414
0.29411764705882354 0.08620689655172414
0.29411764705882354 0.08620689655172414
0.29411764705882354 0.08620689655172414
0.29411764705882354 0.08620689655172414
0.29411764705882354 0.08620689655172414
0.29411764705882354 0.08620689655172414
0.29411764705882354 0.08620689655172414
0.29411764705882354 0.08620689655172414
0.29411764705882354 0.08620689655172414
0.29411764705882354 0.08620689655172414
0.29411764705882354 0.08620689655172414
0.29411764705882354 0.08620689655172414
0.29411764705882354 0.08620689655172414
0.29411764705882354 0.08620689655172414
0.2916666666666667 0.08620689655172414
0.2916666666666667 0.08620689655172414
0.2916666666666667 0.08620689655172414
0.2916666666666667 0.08620689655172414
0.2916666666666667 0.08620689655172414
0.2916666666666667 0.08620689655172414
0.2916666666666667 0.08620689655172414
0.2916666666666667 0.08620689655172414
0.2916666666666667 0.08620689655172414
0.2916666666666667 0.08620689655172414
0.2916666666666667 0.08620689655172414
0.2916666666666667 0.08620689655172414
0.2916666666666667 0.08620689655172414
0.2916666666666667 0.08620689655172414
0.2916666666666667 0.08620689655172414
0.2916666666666667 0.08620689655172414
0.2916666666666667 0.08620689655172414
0.2916666666666667 0.08620689655172414
0.2916666666666667 0.08620689655172414
0.2916666666666667 0.08620689655172414
0.2916666666666667 0.08620689655172414
0.2916666666666667 0.08620689655172414
0.2916666666666667 0.08620689655172414
0.2916666666666667 0.08620689655172414
0.2916666666666667 0.08620689655172414
0.2916666666666667 0.08620689655172414
0.2916666666666667 0.08620689655172414
0.2916666666666667 0.08620689655172414
0.2916666666666667 0.08620689655172414
0.2916666666666667 0.08620689655172414
0.2916666666666667 0.08620689655172414
0.2916666666666667 0.08620689655172414
0.2916666666666667 0.08620689655172414
0.2892561983471074 0.08620689655172414
0.2892561983471074 0.08620689655172414
0.2892561983471074 0.08620689655172414
0.2892561983471074 0.08620689655172414
0.2892561983471074 0.08620689655172414
0.2892561983471074 0.08620689655172414
0.2892561983471074 0.08620689655172414
0.2892561983471074 0.08620689655172414
0.2892561983471074 0.08620689655172414
0.2892561983471074 0.08620689655172414
0.2892561983471074 0.08620689655172414
0.2892561983471074 0.08620689655172414
0.2892561983471074 0.08620689655172414
0.2892561983471074 0.08620689655172414
0.2892561983471074 0.08620689655172414
0.2892561983471074 0.08620689655172414
0.2892561983471074 0.08620689655172414
0.28688524590163933 0.08620689655172414
0.28688524590163933 0.08620689655172414
0.28688524590163933 0.08620689655172414
0.28688524590163933 0.08620689655172414
0.28688524590163933 0.08620689655172414
0.28688524590163933 0.08620689655172414
0.28688524590163933 0.08620689655172414
0.28688524590163933 0.08620689655172414
0.28688524590163933 0.08620689655172414
0.2845528455284553 0.08620689655172414
0.2845528455284553 0.08620689655172414
0.2845528455284553 0.08620689655172414
0.2845528455284553 0.08620689655172414
0.2845528455284553 0.08620689655172414
0.2845528455284553 0.08620689655172414
0.2845528455284553 0.08620689655172414
0.2845528455284553 0.08620689655172414
0.2845528455284553 0.08620689655172414
0.2845528455284553 0.08620689655172414
0.2845528455284553 0.08620689655172414
0.2845528455284553 0.08620689655172414
0.2845528455284553 0.08620689655172414
0.2845528455284553 0.08620689655172414
0.2845528455284553 0.08620689655172414
0.2845528455284553 0.08620689655172414
0.2845528455284553 0.08620689655172414
0.2845528455284553 0.08620689655172414
0.2845528455284553 0.08620689655172414
0.2845528455284553 0.08620689655172414
0.2845528455284553 0.08620689655172414
0.2845528455284553 0.08620689655172414
0.2845528455284553 0.08620689655172414
0.2845528455284553 0.08620689655172414
0.28225806451612906 0.08620689655172414
0.28225806451612906 0.08620689655172414
0.28225806451612906 0.08620689655172414
0.28225806451612906 0.08620689655172414
0.28225806451612906 0.08620689655172414
0.28 0.08620689655172414
0.28 0.08620689655172414
0.28 0.08620689655172414
0.2777777777777778 0.08620689655172414
0.2777777777777778 0.08620689655172414
0.2777777777777778 0.08620689655172414
0.2777777777777778 0.08620689655172414
0.2777777777777778 0.08620689655172414
0.2777777777777778 0.08620689655172414
0.2777777777777778 0.08620689655172414
0.2777777777777778 0.08620689655172414
0.2755905511811024 0.08620689655172414
0.2755905511811024 0.08620689655172414
0.2755905511811024 0.08620689655172414
0.2755905511811024 0.08620689655172414
0.2755905511811024 0.08620689655172414
0.2755905511811024 0.08620689655172414
0.2755905511811024 0.08620689655172414
0.2755905511811024 0.08620689655172414
0.2755905511811024 0.08620689655172414
0.2755905511811024 0.08620689655172414
0.2734375 0.08620689655172414
0.2734375 0.08620689655172414
0.2734375 0.08620689655172414
0.2734375 0.08620689655172414
0.2734375 0.08620689655172414
0.2734375 0.08620689655172414
0.2713178294573643 0.08620689655172414
0.2713178294573643 0.08620689655172414
0.2692307692307692 0.08620689655172414
0.2692307692307692 0.08620689655172414
0.2692307692307692 0.08620689655172414
0.26717557251908397 0.08620689655172414
0.26717557251908397 0.08620689655172414
0.26717557251908397 0.08620689655172414
0.26717557251908397 0.08620689655172414
0.26717557251908397 0.08620689655172414
0.26717557251908397 0.08620689655172414
0.26717557251908397 0.08620689655172414
0.26515151515151514 0.08620689655172414
0.26515151515151514 0.08620689655172414
0.26515151515151514 0.08620689655172414
0.2631578947368421 0.08620689655172414
0.2631578947368421 0.08620689655172414
0.2631578947368421 0.08620689655172414
0.2631578947368421 0.08620689655172414
0.2631578947368421 0.08620689655172414
0.2631578947368421 0.08620689655172414
0.2631578947368421 0.08620689655172414
0.2631578947368421 0.08620689655172414
0.2631578947368421 0.08620689655172414
0.2631578947368421 0.08620689655172414
0.2631578947368421 0.08620689655172414
0.2631578947368421 0.08620689655172414
0.2631578947368421 0.08620689655172414
0.26119402985074625 0.08620689655172414
0.26119402985074625 0.08620689655172414
0.26119402985074625 0.08620689655172414
0.26119402985074625 0.08620689655172414
0.26119402985074625 0.08620689655172414
0.26119402985074625 0.08620689655172414
0.26119402985074625 0.08620689655172414
0.25925925925925924 0.08620689655172414
0.25925925925925924 0.08620689655172414
0.25925925925925924 0.08620689655172414
0.25925925925925924 0.08620689655172414
0.25925925925925924 0.08620689655172414
0.25925925925925924 0.08620689655172414
0.25925925925925924 0.08620689655172414
0.25925925925925924 0.08620689655172414
0.25925925925925924 0.08620689655172414
0.25925925925925924 0.08620689655172414
0.25735294117647056 0.08620689655172414
0.25735294117647056 0.08620689655172414
0.25547445255474455 0.08620689655172414
0.25547445255474455 0.08620689655172414
0.25547445255474455 0.08620689655172414
0.25547445255474455 0.08620689655172414
0.25547445255474455 0.08620689655172414
0.25547445255474455 0.08620689655172414
0.25547445255474455 0.08620689655172414
0.25547445255474455 0.08620689655172414
0.25547445255474455 0.08620689655172414
0.2536231884057971 0.08620689655172414
0.2517985611510791 0.08620689655172414
0.2517985611510791 0.08620689655172414
0.2517985611510791 0.08620689655172414
0.2517985611510791 0.08620689655172414
0.2517985611510791 0.08620689655172414
0.25 0.08620689655172414
0.25 0.08620689655172414
0.25 0.08620689655172414
0.25 0.08620689655172414
0.24822695035460993 0.08620689655172414
0.24822695035460993 0.08620689655172414
0.24822695035460993 0.08620689655172414
0.24822695035460993 0.08620689655172414
0.24822695035460993 0.08620689655172414
0.24822695035460993 0.08620689655172414
0.24822695035460993 0.08620689655172414
0.24822695035460993 0.08620689655172414
0.24822695035460993 0.08620689655172414
0.24822695035460993 0.08620689655172414
0.24822695035460993 0.08620689655172414
0.24822695035460993 0.08620689655172414
0.24822695035460993 0.08620689655172414
0.24822695035460993 0.08620689655172414
0.24822695035460993 0.08620689655172414
0.24822695035460993 0.08620689655172414
0.24822695035460993 0.08620689655172414
0.24822695035460993 0.08620689655172414
0.24822695035460993 0.08620689655172414
0.24822695035460993 0.08620689655172414
0.24822695035460993 0.08620689655172414
0.24822695035460993 0.08620689655172414
0.24822695035460993 0.08620689655172414
0.24647887323943662 0.08620689655172414
0.24647887323943662 0.08620689655172414
0.24647887323943662 0.08620689655172414
0.24647887323943662 0.08620689655172414
0.24647887323943662 0.08620689655172414
0.24647887323943662 0.08620689655172414
0.24647887323943662 0.08620689655172414
0.24647887323943662 0.08620689655172414
0.24647887323943662 0.08620689655172414
0.24647887323943662 0.08620689655172414
0.24475524475524477 0.08620689655172414
0.24475524475524477 0.08620689655172414
0.24475524475524477 0.08620689655172414
0.24475524475524477 0.08620689655172414
0.24475524475524477 0.08620689655172414
0.24475524475524477 0.08620689655172414
0.24475524475524477 0.08620689655172414
0.24475524475524477 0.08620689655172414
0.24475524475524477 0.08620689655172414
0.24475524475524477 0.08620689655172414
0.24475524475524477 0.08620689655172414
0.24305555555555555 0.08620689655172414
0.24305555555555555 0.08620689655172414
0.24305555555555555 0.08620689655172414
0.24305555555555555 0.08620689655172414
0.24305555555555555 0.08620689655172414
0.24305555555555555 0.08620689655172414
0.24305555555555555 0.08620689655172414
0.24305555555555555 0.08620689655172414
0.24305555555555555 0.08620689655172414
0.24305555555555555 0.08620689655172414
0.24305555555555555 0.08620689655172414
0.2413793103448276 0.08620689655172414
0.2413793103448276 0.08620689655172414
0.2413793103448276 0.08620689655172414
0.2413793103448276 0.08620689655172414
0.2413793103448276 0.08620689655172414
0.2413793103448276 0.08620689655172414
0.23972602739726026 0.08620689655172414
0.23972602739726026 0.08620689655172414
0.23972602739726026 0.08620689655172414
0.23972602739726026 0.08620689655172414
0.23972602739726026 0.08620689655172414
0.23972602739726026 0.08620689655172414
0.23972602739726026 0.08620689655172414
0.23972602739726026 0.08620689655172414
0.23972602739726026 0.08620689655172414
0.23972602739726026 0.08620689655172414
0.23972602739726026 0.08620689655172414
0.23972602739726026 0.08620689655172414
0.23972602739726026 0.08620689655172414
0.23972602739726026 0.08620689655172414
0.23809523809523808 0.08620689655172414
0.23809523809523808 0.08620689655172414
0.23809523809523808 0.08620689655172414
0.23809523809523808 0.08620689655172414
0.23809523809523808 0.08620689655172414
0.23809523809523808 0.08620689655172414
0.23809523809523808 0.08620689655172414
0.23809523809523808 0.08620689655172414
0.23648648648648649 0.08620689655172414
0.23648648648648649 0.08620689655172414
0.23648648648648649 0.08620689655172414
0.23648648648648649 0.08620689655172414
0.23648648648648649 0.08620689655172414
0.23648648648648649 0.08620689655172414
0.23648648648648649 0.08620689655172414
0.23648648648648649 0.08620689655172414
0.23648648648648649 0.08620689655172414
0.23648648648648649 0.08620689655172414
0.23648648648648649 0.08620689655172414
0.23648648648648649 0.08620689655172414
0.23648648648648649 0.08620689655172414
0.23648648648648649 0.08620689655172414
0.23648648648648649 0.08620689655172414
0.23648648648648649 0.08620689655172414
0.23648648648648649 0.08620689655172414
0.23648648648648649 0.08620689655172414
0.23648648648648649 0.08620689655172414
0.23648648648648649 0.08620689655172414
0.23648648648648649 0.08620689655172414
0.23648648648648649 0.08620689655172414
0.23648648648648649 0.08620689655172414
0.23648648648648649 0.08620689655172414
0.2348993288590604 0.08620689655172414
0.2348993288590604 0.08620689655172414
0.2348993288590604 0.08620689655172414
0.2348993288590604 0.08620689655172414
0.2348993288590604 0.08620689655172414
0.2348993288590604 0.08620689655172414
0.2348993288590604 0.08620689655172414
0.2348993288590604 0.08620689655172414
0.24 0.08866995073891626
0.24 0.08866995073891626
0.24 0.08866995073891626
0.24 0.08866995073891626
0.24 0.08866995073891626
0.24 0.08866995073891626
0.24 0.08866995073891626
0.24 0.08866995073891626
0.24 0.08866995073891626
0.23841059602649006 0.08866995073891626
0.23841059602649006 0.08866995073891626
0.23841059602649006 0.08866995073891626
0.23841059602649006 0.08866995073891626
0.23841059602649006 0.08866995073891626
0.23841059602649006 0.08866995073891626
0.23684210526315788 0.08866995073891626
0.24183006535947713 0.09113300492610837
0.24183006535947713 0.09113300492610837
0.24183006535947713 0.09113300492610837
0.24183006535947713 0.09113300492610837
0.24183006535947713 0.09113300492610837
0.24183006535947713 0.09113300492610837
