0.0 0.0
0.5 0.008
0.6666666666666666 0.016
0.75 0.024
0.6 0.024
0.5 0.024
0.5714285714285714 0.032
0.625 0.04
0.5555555555555556 0.04
0.6 0.048
0.5454545454545454 0.048
0.5 0.048
0.46153846153846156 0.048
0.42857142857142855 0.048
0.4666666666666667 0.056
0.5 0.064
0.47058823529411764 0.064
0.5 0.072
0.47368421052631576 0.072
0.45 0.072
0.42857142857142855 0.072
0.4090909090909091 0.072
0.43478260869565216 0.08
0.4583333333333333 0.088
0.44 0.088
0.46153846153846156 0.096
0.48148148148148145 0.104
0.5 0.112
0.4827586206896552 0.112
0.4666666666666667 0.112
0.45161290322580644 0.112
0.4375 0.112
0.42424242424242425 0.112
0.4411764705882353 0.12
0.42857142857142855 0.12
0.4166666666666667 0.12
0.40540540540540543 0.12
0.39473684210526316 0.12
0.38461538461538464 0.12
0.375 0.12
0.3902439024390244 0.128
0.40476190476190477 0.136
0.3953488372093023 0.136
0.4090909090909091 0.144
0.4222222222222222 0.152
0.43478260869565216 0.16
0.44680851063829785 0.168
0.4583333333333333 0.176
0.46938775510204084 0.184
0.48 0.192
0.49019607843137253 0.2
0.5 0.208
0.5094339622641509 0.216
0.5185185185185185 0.224
0.5272727272727272 0.232
0.5357142857142857 0.24
0.543859649122807 0.248
0.5517241379310345 0.256
0.559322033898305 0.264
0.5666666666666667 0.272
0.5737704918032787 0.28
0.5806451612903226 0.288
0.5873015873015873 0.296
0.59375 0.304
0.6 0.312
0.6060606060606061 0.32
0.5970149253731343 0.32
0.6029411764705882 0.328
0.5942028985507246 0.328
0.5857142857142857 0.328
0.5774647887323944 0.328
0.5694444444444444 0.328
0.5753424657534246 0.336
0.581081081081081 0.344
0.5866666666666667 0.352
0.5921052631578947 0.36
0.5974025974025974 0.368
0.6025641025641025 0.376
0.5949367088607594 0.376
0.5875 0.376
0.5802469135802469 0.376
0.573170731707317 0.376
0.5662650602409639 0.376
0.5595238095238095 0.376
0.5529411764705883 0.376
0.5465116279069767 0.376
0.5402298850574713 0.376
0.5340909090909091 0.376
0.5280898876404494 0.376
0.5222222222222223 0.376
0.5164835164835165 0.376
0.5108695652173914 0.376
0.5053763440860215 0.376
0.5 0.376
0.49473684210526314 0.376
0.4895833333333333 0.376
0.4845360824742268 0.376
0.47959183673469385 0.376
0.47474747474747475 0.376
0.47 0.376
0.46534653465346537 0.376
0.46078431372549017 0.376
0.4563106796116505 0.376
0.4519230769230769 0.376
0.44761904761904764 0.376
0.44339622641509435 0.376
0.4392523364485981 0.376
0.4351851851851852 0.376
0.43119266055045874 0.376
0.42727272727272725 0.376
0.42342342342342343 0.376
0.41964285714285715 0.376
0.415929203539823 0.376
0.41228070175438597 0.376
0.40869565217391307 0.376
0.4051724137931034 0.376
0.4017094017094017 0.376
0.3983050847457627 0.376
0.3949579831932773 0.376
0.39166666666666666 0.376
0.3884297520661157 0.376
0.39344262295081966 0.384
0.3902439024390244 0.384
0.3870967741935484 0.384
0.384 0.384
0.38095238095238093 0.384
0.3779527559055118 0.384
0.375 0.384
0.37209302325581395 0.384
0.36923076923076925 0.384
0.366412213740458 0.384
0.36363636363636365 0.384
0.3609022556390977 0.384
0.3582089552238806 0.384
0.35555555555555557 0.384
0.35294117647058826 0.384
0.35036496350364965 0.384
0.34782608695652173 0.384
0.34532374100719426 0.384
0.34285714285714286 0.384
0.3404255319148936 0.384
0.3380281690140845 0.384
0.3356643356643357 0.384
0.3333333333333333 0.384
0.3310344827586207 0.384
0.3356164383561644 0.392
0.3333333333333333 0.392
0.3310810810810811 0.392
0.3288590604026846 0.392
0.32666666666666666 0.392
0.32450331125827814 0.392
0.3223684210526316 0.392
0.3202614379084967 0.392
0.3181818181818182 0.392
0.3161290322580645 0.392
0.3141025641025641 0.392
0.31210191082802546 0.392
0.310126582278481 0.392
0.3081761006289308 0.392
0.30625 0.392
0.30434782608695654 0.392
0.30246913580246915 0.392
0.3006134969325153 0.392
0.29878048780487804 0.392
0.296969696969697 0.392
0.29518072289156627 0.392
0.2934131736526946 0.392
0.2916666666666667 0.392
0.28994082840236685 0.392
0.29411764705882354 0.4
0.29239766081871343 0.4
0.29069767441860467 0.4
0.2947976878612717 0.408
0.29310344827586204 0.408
0.2914285714285714 0.408
0.2897727272727273 0.408
0.288135593220339 0.408
0.28651685393258425 0.408
0.2849162011173184 0.408
0.2833333333333333 0.408
0.281767955801105 0.408
0.2802197802197802 0.408
0.2786885245901639 0.408
0.27717391304347827 0.408
0.2756756756756757 0.408
0.27419354838709675 0.408
0.27807486631016043 0.416
0.2765957446808511 0.416
0.2751322751322751 0.416
0.2736842105263158 0.416
0.2774869109947644 0.424
0.28125 0.432
0.27979274611398963 0.432
0.27835051546391754 0.432
0.28205128205128205 0.44
0.28061224489795916 0.44
0.27918781725888325 0.44
0.2777777777777778 0.44
0.27638190954773867 0.44
0.275 0.44
0.2736318407960199 0.44
0.2722772277227723 0.44
0.270935960591133 0.44
0.2696078431372549 0.44
0.2682926829268293 0.44
0.2669902912621359 0.44
0.26570048309178745 0.44
0.2644230769230769 0.44
0.2631578947368421 0.44
0.2619047619047619 0.44
0.26066350710900477 0.44
0.25943396226415094 0.44
0.25821596244131456 0.44
0.2570093457943925 0.44
0.2558139534883721 0.44
0.25462962962962965 0.44
0.2534562211981567 0.44
0.25229357798165136 0.44
0.2511415525114155 0.44
0.25 0.44
0.248868778280543 0.44
0.24774774774774774 0.44
0.24663677130044842 0.44
0.24553571428571427 0.44
0.24444444444444444 0.44
0.24336283185840707 0.44
0.2422907488986784 0.44
0.2412280701754386 0.44
0.24017467248908297 0.44
0.2391304347826087 0.44
0.23809523809523808 0.44
0.23706896551724138 0.44
0.24034334763948498 0.448
0.23931623931623933 0.448
0.23829787234042554 0.448
0.23728813559322035 0.448
0.23628691983122363 0.448
0.23529411764705882 0.448
0.23430962343096234 0.448
0.23333333333333334 0.448
0.23236514522821577 0.448
0.23140495867768596 0.448
0.23045267489711935 0.448
0.2336065573770492 0.456
0.23265306122448978 0.456
0.23170731707317074 0.456
0.23481781376518218 0.464
0.23790322580645162 0.472
0.23694779116465864 0.472
0.24 0.48
0.23904382470119523 0.48
0.23809523809523808 0.48
0.24110671936758893 0.488
0.2440944881889764 0.496
0.24313725490196078 0.496
0.24609375 0.504
0.245136186770428 0.504
0.2441860465116279 0.504
0.24324324324324326 0.504
0.2423076923076923 0.504
0.2413793103448276 0.504
0.24045801526717558 0.504
0.23954372623574144 0.504
0.23863636363636365 0.504
0.23773584905660378 0.504
0.23684210526315788 0.504
0.23595505617977527 0.504
0.23507462686567165 0.504
0.2342007434944238 0.504
0.23333333333333334 0.504
0.23247232472324722 0.504
0.23161764705882354 0.504
0.23076923076923078 0.504
0.22992700729927007 0.504
0.2290909090909091 0.504
0.22826086956521738 0.504
0.22743682310469315 0.504
0.22661870503597123 0.504
0.22580645161290322 0.504
0.225 0.504
0.22419928825622776 0.504
0.22340425531914893 0.504
0.2226148409893993 0.504
0.22183098591549297 0.504
0.22105263157894736 0.504
0.2202797202797203 0.504
0.21951219512195122 0.504
0.21875 0.504
0.2179930795847751 0.504
0.21724137931034482 0.504
0.21649484536082475 0.504
0.21575342465753425 0.504
0.2150170648464164 0.504
0.21428571428571427 0.504
0.2135593220338983 0.504
0.21283783783783783 0.504
0.21212121212121213 0.504
0.21140939597315436 0.504
0.2140468227424749 0.512
0.21333333333333335 0.512
0.21262458471760798 0.512
0.2119205298013245 0.512
0.21122112211221122 0.512
0.21052631578947367 0.512
0.2098360655737705 0.512
0.20915032679738563 0.512
0.20846905537459284 0.512
0.2077922077922078 0.512
0.20711974110032363 0.512
0.2064516129032258 0.512
0.2090032154340836 0.52
0.21153846153846154 0.528
0.2108626198083067 0.528
0.21019108280254778 0.528
0.2126984126984127 0.536
0.2120253164556962 0.536
0.2113564668769716 0.536
0.21069182389937108 0.536
0.21003134796238246 0.536
0.209375 0.536
0.2118380062305296 0.544
0.2111801242236025 0.544
0.21052631578947367 0.544
0.20987654320987653 0.544
0.20923076923076922 0.544
0.2085889570552147 0.544
0.20795107033639143 0.544
0.2073170731707317 0.544
0.2066869300911854 0.544
0.20606060606060606 0.544
0.2054380664652568 0.544
0.20481927710843373 0.544
0.2042042042042042 0.544
0.20359281437125748 0.544
0.20298507462686566 0.544
0.20238095238095238 0.544
0.20178041543026706 0.544
0.20118343195266272 0.544
0.20058997050147492 0.544
0.2 0.544
0.19941348973607037 0.544
0.19883040935672514 0.544
0.19825072886297376 0.544
0.19767441860465115 0.544
0.19710144927536233 0.544
0.19653179190751446 0.544
0.1988472622478386 0.552
0.19827586206896552 0.552
0.1977077363896848 0.552
0.19714285714285715 0.552
0.19658119658119658 0.552
0.19602272727272727 0.552
0.19830028328611898 0.56
0.1977401129943503 0.56
0.19718309859154928 0.56
0.19662921348314608 0.56
0.19607843137254902 0.56
0.19553072625698323 0.56
0.19498607242339833 0.56
0.19444444444444445 0.56
0.19390581717451524 0.56
0.19337016574585636 0.56
0.1928374655647383 0.56
0.19230769230769232 0.56
0.19452054794520549 0.568
0.19398907103825136 0.568
0.19346049046321526 0.568
0.19293478260869565 0.568
0.19241192411924118 0.568
0.1918918918918919 0.568
0.19137466307277629 0.568
0.19086021505376344 0.568
0.1903485254691689 0.568
0.18983957219251338 0.568
0.18933333333333333 0.568
0.18882978723404256 0.568
0.1883289124668435 0.568
0.19047619047619047 0.576
0.19261213720316622 0.584
0.19473684210526315 0.592
0.1942257217847769 0.592
0.193717277486911 0.592
0.195822454308094 0.6
0.1953125 0.6
0.1974025974025974 0.608
0.19689119170984457 0.608
0.19638242894056848 0.608
0.1958762886597938 0.608
0.1953727506426735 0.608
0.19487179487179487 0.608
0.19437340153452684 0.608
0.19387755102040816 0.608
0.19338422391857507 0.608
0.19289340101522842 0.608
0.19240506329113924 0.608
0.1919191919191919 0.608
0.19143576826196473 0.608
0.19095477386934673 0.608
0.19047619047619047 0.608
0.19 0.608
0.18952618453865336 0.608
0.1890547263681592 0.608
0.18858560794044665 0.608
0.18811881188118812 0.608
0.18765432098765433 0.608
0.18719211822660098 0.608
0.18673218673218672 0.608
0.18627450980392157 0.608
0.18581907090464547 0.608
0.18536585365853658 0.608
0.18491484184914841 0.608
0.18446601941747573 0.608
0.18401937046004843 0.608
0.18357487922705315 0.608
0.18313253012048192 0.608
0.18269230769230768 0.608
0.18225419664268586 0.608
0.18181818181818182 0.608
0.18138424821002386 0.608
0.18095238095238095 0.608
0.18052256532066507 0.608
0.18009478672985782 0.608
0.17966903073286053 0.608
0.1792452830188679 0.608
0.17882352941176471 0.608
0.1784037558685446 0.608
0.17798594847775176 0.608
0.17757009345794392 0.608
0.17715617715617715 0.608
0.17674418604651163 0.608
0.17633410672853828 0.608
0.17592592592592593 0.608
0.17551963048498845 0.608
0.17511520737327188 0.608
0.17471264367816092 0.608
0.1743119266055046 0.608
0.17391304347826086 0.608
0.1735159817351598 0.608
0.17312072892938496 0.608
0.17272727272727273 0.608
0.17233560090702948 0.608
0.17194570135746606 0.608
0.17155756207674944 0.608
0.17117117117117117 0.608
0.1707865168539326 0.608
0.17040358744394618 0.608
0.17002237136465326 0.608
0.16964285714285715 0.608
0.16926503340757237 0.608
0.1688888888888889 0.608
0.16851441241685144 0.608
0.168141592920354 0.608
0.16777041942604856 0.608
0.16740088105726872 0.608
0.16703296703296702 0.608
0.16666666666666666 0.608
0.16630196936542668 0.608
0.16593886462882096 0.608
0.1655773420479303 0.608
0.16521739130434782 0.608
0.1648590021691974 0.608
0.1645021645021645 0.608
0.16414686825053995 0.608
0.16379310344827586 0.608
0.16559139784946236 0.616
0.16523605150214593 0.616
0.16488222698072805 0.616
0.16452991452991453 0.616
0.16417910447761194 0.616
0.16382978723404254 0.616
0.16348195329087048 0.616
0.163135593220339 0.616
0.16279069767441862 0.616
0.16244725738396623 0.616
0.16210526315789472 0.616
0.16176470588235295 0.616
0.16142557651991615 0.616
0.16108786610878661 0.616
0.16075156576200417 0.616
0.16041666666666668 0.616
0.1600831600831601 0.616
0.15975103734439833 0.616
0.15942028985507245 0.616
0.1590909090909091 0.616
0.15876288659793814 0.616
0.15843621399176955 0.616
0.15811088295687886 0.616
0.15778688524590165 0.616
0.1574642126789366 0.616
0.15714285714285714 0.616
0.15682281059063136 0.616
0.1565040650406504 0.616
0.15821501014198783 0.624
0.15991902834008098 0.632
0.1595959595959596 0.632
0.1592741935483871 0.632
0.158953722334004 0.632
0.15863453815261044 0.632
0.15831663326653306 0.632
0.158 0.632
0.15768463073852296 0.632
0.15737051792828685 0.632
0.15705765407554673 0.632
0.15674603174603174 0.632
0.15643564356435644 0.632
0.15612648221343872 0.632
0.15581854043392504 0.632
0.15551181102362205 0.632
0.15520628683693516 0.632
0.15490196078431373 0.632
0.15459882583170254 0.632
0.154296875 0.632
0.1539961013645224 0.632
0.15369649805447472 0.632
0.1533980582524272 0.632
0.15310077519379844 0.632
0.1528046421663443 0.632
0.1525096525096525 0.632
0.15221579961464354 0.632
0.1519230769230769 0.632
0.15163147792706333 0.632
0.15134099616858238 0.632
0.15105162523900573 0.632
0.15076335877862596 0.632
0.15047619047619049 0.632
0.15019011406844107 0.632
0.14990512333965844 0.632
0.14962121212121213 0.632
0.14933837429111532 0.632
0.1490566037735849 0.632
0.1487758945386064 0.632
0.14849624060150377 0.632
0.14821763602251406 0.632
0.14794007490636704 0.632
0.14766355140186915 0.632
0.14738805970149255 0.632
0.14711359404096835 0.632
0.14684014869888476 0.632
0.14656771799628943 0.632
0.14629629629629629 0.632
0.14602587800369685 0.632
0.14575645756457564 0.632
0.14548802946593 0.632
0.14522058823529413 0.632
0.14495412844036698 0.632
0.1446886446886447 0.632
0.14442413162705667 0.632
0.14416058394160583 0.632
0.14389799635701275 0.632
0.14363636363636365 0.632
0.14337568058076225 0.632
0.1431159420289855 0.632
0.14285714285714285 0.632
0.14259927797833935 0.632
0.14234234234234233 0.632
0.1420863309352518 0.632
0.14183123877917414 0.632
0.14157706093189965 0.632
0.1413237924865832 0.632
0.14107142857142857 0.632
0.1408199643493761 0.632
0.14056939501779359 0.632
0.14031971580817051 0.632
0.1400709219858156 0.632
0.13982300884955753 0.632
0.13957597173144876 0.632
0.13932980599647266 0.632
0.13908450704225353 0.632
0.13884007029876977 0.632
0.13859649122807016 0.632
0.138353765323993 0.632
0.1381118881118881 0.632
0.13787085514834205 0.632
0.13763066202090593 0.632
0.1373913043478261 0.632
0.1371527777777778 0.632
0.1369150779896014 0.632
0.13667820069204153 0.632
0.13644214162348878 0.632
0.13620689655172413 0.632
0.1359724612736661 0.632
0.13573883161512026 0.632
0.13550600343053174 0.632
0.13527397260273974 0.632
0.13504273504273503 0.632
0.1348122866894198 0.632
0.13458262350936967 0.632
0.13435374149659865 0.632
0.13412563667232597 0.632
0.13389830508474576 0.632
0.13367174280879865 0.632
0.13344594594594594 0.632
0.13322091062394603 0.632
0.132996632996633 0.632
0.13277310924369748 0.632
0.1325503355704698 0.632
0.1323283082077052 0.632
0.13210702341137123 0.632
0.1318864774624374 0.632
0.13166666666666665 0.632
0.1314475873544093 0.632
0.13122923588039867 0.632
0.1310116086235489 0.632
0.13079470198675497 0.632
0.1305785123966942 0.632
0.13036303630363036 0.632
0.1301482701812191 0.632
0.1299342105263158 0.632
0.1297208538587849 0.632
0.12950819672131147 0.632
0.12929623567921442 0.632
0.12908496732026145 0.632
0.12887438825448613 0.632
0.12866449511400652 0.632
0.12845528455284552 0.632
0.12824675324675325 0.632
0.1280388978930308 0.632
0.127831715210356 0.632
0.12762520193861066 0.632
0.12741935483870967 0.632
0.12721417069243157 0.632
0.1270096463022508 0.632
0.12680577849117175 0.632
0.1266025641025641 0.632
0.1264 0.632
0.12619808306709265 0.632
0.12599681020733652 0.632
0.12579617834394904 0.632
0.12559618441971382 0.632
0.1253968253968254 0.632
0.12519809825673534 0.632
0.125 0.632
0.12480252764612954 0.632
0.12460567823343849 0.632
0.12440944881889764 0.632
0.12421383647798742 0.632
0.12401883830455258 0.632
0.1238244514106583 0.632
0.12363067292644757 0.632
0.1234375 0.632
0.12324492979719189 0.632
0.12305295950155763 0.632
0.12286158631415241 0.632
0.12267080745341614 0.632
0.12248062015503876 0.632
0.12229102167182662 0.632
0.12210200927357033 0.632
0.12191358024691358 0.632
0.12172573189522343 0.632
0.12153846153846154 0.632
0.12135176651305683 0.632
0.12116564417177914 0.632
0.12098009188361408 0.632
0.12079510703363915 0.632
0.12061068702290076 0.632
0.12042682926829268 0.632
0.1202435312024353 0.632
0.12006079027355623 0.632
0.11987860394537178 0.632
0.11969696969696969 0.632
0.11951588502269289 0.632
0.11933534743202417 0.632
0.1191553544494721 0.632
0.11897590361445783 0.632
0.11879699248120301 0.632
0.11861861861861862 0.632
0.1184407796101949 0.632
0.11976047904191617 0.64
0.11958146487294469 0.64
0.11940298507462686 0.64
0.11922503725782414 0.64
0.11904761904761904 0.64
0.1188707280832095 0.64
0.11869436201780416 0.64
0.11851851851851852 0.64
0.11834319526627218 0.64
0.11816838995568685 0.64
0.11799410029498525 0.64
0.11782032400589101 0.64
0.11764705882352941 0.64
0.11747430249632893 0.64
0.11730205278592376 0.64
0.1171303074670571 0.64
0.11695906432748537 0.64
0.11824817518248175 0.648
0.11807580174927114 0.648
0.11790393013100436 0.648
0.11773255813953488 0.648
0.11756168359941944 0.648
0.11739130434782609 0.648
0.11722141823444283 0.648
0.11705202312138728 0.648
0.11688311688311688 0.648
0.11671469740634005 0.648
0.11654676258992806 0.648
0.11637931034482758 0.648
0.11621233859397417 0.648
0.11604584527220631 0.648
0.11587982832618025 0.648
0.11571428571428571 0.648
0.11554921540656206 0.648
0.11538461538461539 0.648
0.11522048364153627 0.648
0.11505681818181818 0.648
0.1148936170212766 0.648
0.11473087818696884 0.648
0.11456859971711457 0.648
0.11440677966101695 0.648
0.11424541607898449 0.648
0.11408450704225352 0.648
0.11392405063291139 0.648
0.11376404494382023 0.648
0.11360448807854137 0.648
0.1134453781512605 0.648
0.11328671328671329 0.648
0.11312849162011174 0.648
0.11297071129707113 0.648
0.11281337047353761 0.648
0.11265646731571627 0.648
0.1125 0.648
0.11234396671289876 0.648
0.11218836565096953 0.648
0.11203319502074689 0.648
0.11187845303867404 0.648
0.11172413793103449 0.648
0.1115702479338843 0.648
0.11141678129298486 0.648
0.11126373626373626 0.648
0.1111111111111111 0.648
0.11095890410958904 0.648
0.11080711354309165 0.648
0.11065573770491803 0.648
0.11050477489768076 0.648
0.11171662125340599 0.656
0.11156462585034013 0.656
0.11141304347826086 0.656
0.1112618724559023 0.656
0.1111111111111111 0.656
0.11096075778078485 0.656
0.11216216216216217 0.664
0.11201079622132254 0.664
0.11320754716981132 0.672
0.11305518169582772 0.672
0.11290322580645161 0.672
0.11275167785234899 0.672
0.1126005361930295 0.672
0.11244979919678715 0.672
0.11229946524064172 0.672
0.11214953271028037 0.672
0.112 0.672
0.1118508655126498 0.672
0.11170212765957446 0.672
0.11155378486055777 0.672
0.11140583554376658 0.672
0.11125827814569536 0.672
0.1111111111111111 0.672
0.11096433289299867 0.672
0.11081794195250659 0.672
0.11067193675889328 0.672
0.11052631578947368 0.672
0.11038107752956636 0.672
0.11023622047244094 0.672
0.11009174311926606 0.672
0.1099476439790576 0.672
0.10980392156862745 0.672
0.10966057441253264 0.672
0.10951760104302477 0.672
0.109375 0.672
0.10923276983094929 0.672
0.10909090909090909 0.672
0.10894941634241245 0.672
0.10880829015544041 0.672
0.10866752910737387 0.672
0.10852713178294573 0.672
0.10838709677419354 0.672
0.10824742268041238 0.672
0.10810810810810811 0.672
0.10796915167095116 0.672
0.10783055198973042 0.672
0.1076923076923077 0.672
0.10755441741357234 0.672
0.10741687979539642 0.672
0.10727969348659004 0.672
0.10714285714285714 0.672
0.1070063694267516 0.672
0.10687022900763359 0.672
0.10673443456162643 0.672
0.1065989847715736 0.672
0.10646387832699619 0.672
0.10632911392405063 0.672
0.10619469026548672 0.672
0.10606060606060606 0.672
0.10592686002522068 0.672
0.10579345088161209 0.672
0.10566037735849057 0.672
0.10552763819095477 0.672
0.1053952321204517 0.672
0.10526315789473684 0.672
0.10513141426783479 0.672
0.105 0.672
0.10486891385767791 0.672
0.10473815461346633 0.672
0.10460772104607721 0.672
0.1044776119402985 0.672
0.10434782608695652 0.672
0.10421836228287841 0.672
0.10408921933085502 0.672
0.10396039603960396 0.672
0.103831891223733 0.672
0.1037037037037037 0.672
0.10357583230579531 0.672
0.10344827586206896 0.672
0.1033210332103321 0.672
0.10319410319410319 0.672
0.10306748466257669 0.672
0.10294117647058823 0.672
0.10281517747858017 0.672
0.10268948655256724 0.672
0.10256410256410256 0.672
0.1024390243902439 0.672
0.1023142509135201 0.672
0.10218978102189781 0.672
0.10206561360874848 0.672
0.10194174757281553 0.672
0.10181818181818182 0.672
0.1016949152542373 0.672
0.10278113663845223 0.68
0.10265700483091787 0.68
0.10253317249698432 0.68
0.10240963855421686 0.68
0.1022864019253911 0.68
0.10216346153846154 0.68
0.10204081632653061 0.68
0.10191846522781775 0.68
0.10179640718562874 0.68
0.10167464114832536 0.68
0.1015531660692951 0.68
0.10143198090692124 0.68
0.10131108462455304 0.68
0.10119047619047619 0.68
0.10107015457788347 0.68
0.10095011876484561 0.68
0.10083036773428232 0.68
0.10071090047393365 0.68
0.10059171597633136 0.68
0.10047281323877069 0.68
0.10035419126328217 0.68
0.10023584905660378 0.68
0.10011778563015312 0.68
0.1 0.68
0.099882491186839 0.68
0.09976525821596244 0.68
0.09964830011723329 0.68
0.09953161592505855 0.68
0.09941520467836257 0.68
0.09929906542056074 0.68
0.09918319719953325 0.68
0.09906759906759907 0.68
0.0989522700814901 0.68
0.09883720930232558 0.68
0.09872241579558652 0.68
0.09860788863109049 0.68
0.0984936268829664 0.68
0.09837962962962964 0.68
0.09826589595375723 0.68
0.09815242494226328 0.68
0.09803921568627451 0.68
0.097926267281106 0.68
0.09781357882623705 0.68
0.09770114942528736 0.68
0.09758897818599312 0.68
0.09747706422018348 0.68
0.09736540664375716 0.68
0.09725400457665904 0.68
0.09714285714285714 0.68
0.09703196347031963 0.68
0.09692132269099202 0.68
0.09681093394077449 0.68
0.09670079635949944 0.68
0.09659090909090909 0.68
0.09648127128263337 0.68
0.0963718820861678 0.68
0.09626274065685164 0.68
0.09615384615384616 0.68
0.096045197740113 0.68
0.09593679458239278 0.68
0.09582863585118377 0.68
0.09572072072072071 0.68
0.09561304836895389 0.68
0.09550561797752809 0.68
0.09539842873176206 0.68
0.0952914798206278 0.68
0.09518477043673013 0.68
0.09507829977628636 0.68
0.09497206703910614 0.68
0.09486607142857142 0.68
0.0947603121516165 0.68
0.09465478841870824 0.68
0.09454949944382647 0.68
0.09444444444444444 0.68
0.09433962264150944 0.68
0.0942350332594235 0.68
0.09413067552602436 0.68
0.09402654867256637 0.68
0.09392265193370165 0.68
0.09381898454746136 0.68
0.09371554575523705 0.68
0.09361233480176212 0.68
0.09350935093509351 0.68
0.09340659340659341 0.68
0.09330406147091108 0.68
0.09320175438596491 0.68
0.09309967141292443 0.68
0.09299781181619256 0.68
0.09289617486338798 0.68
0.0927947598253275 0.68
0.09269356597600872 0.68
0.09259259259259259 0.68
0.09249183895538629 0.68
0.09239130434782608 0.68
0.09229098805646037 0.68
0.09219088937093275 0.68
0.09209100758396534 0.68
0.09199134199134198 0.68
0.0918918918918919 0.68
0.091792656587473 0.68
0.09169363538295577 0.68
0.09159482758620689 0.68
0.09149623250807319 0.68
0.0913978494623656 0.68
0.09129967776584318 0.68
0.09120171673819742 0.68
0.09110396570203644 0.68
0.09100642398286937 0.68
0.09090909090909091 0.68
0.09081196581196581 0.68
0.09178228388473852 0.688
0.09168443496801706 0.688
0.09158679446219382 0.688
0.09148936170212765 0.688
0.09139213602550478 0.688
0.09129511677282377 0.688
0.0911983032873807 0.688
0.09110169491525423 0.688
0.091005291005291 0.688
0.09090909090909091 0.688
0.0908130939809926 0.688
0.09177215189873418 0.696
0.0916754478398314 0.696
0.09157894736842105 0.696
0.0914826498422713 0.696
0.09138655462184873 0.696
0.0912906610703043 0.696
0.09119496855345911 0.696
0.09109947643979058 0.696
0.09100418410041841 0.696
0.09090909090909091 0.696
0.09081419624217119 0.696
0.09071949947862357 0.696
0.090625 0.696
0.09053069719042664 0.696
0.09043659043659044 0.696
0.09034267912772585 0.696
0.09024896265560166 0.696
0.09015544041450778 0.696
0.09006211180124224 0.696
0.08996897621509824 0.696
0.08987603305785125 0.696
0.08978328173374613 0.696
0.08969072164948454 0.696
0.08959835221421215 0.696
0.08950617283950617 0.696
0.08941418293936279 0.696
0.08932238193018481 0.696
0.08923076923076922 0.696
0.08913934426229508 0.696
0.08904810644831115 0.696
0.08895705521472393 0.696
0.0888661899897855 0.696
0.08877551020408163 0.696
0.08868501529051988 0.696
0.08859470468431772 0.696
0.08850457782299084 0.696
0.08841463414634146 0.696
0.0883248730964467 0.696
0.08823529411764706 0.696
0.08814589665653495 0.696
0.08805668016194332 0.696
0.08897876643073811 0.704
0.08888888888888889 0.704
0.08879919273461151 0.704
0.08870967741935484 0.704
0.08862034239677745 0.704
0.08853118712273642 0.704
0.08844221105527639 0.704
0.08835341365461848 0.704
0.08826479438314945 0.704
0.08817635270541083 0.704
0.08808808808808809 0.704
0.088 0.704
0.08791208791208792 0.704
0.08782435129740519 0.704
0.08773678963110668 0.704
0.08764940239043825 0.704
0.08756218905472637 0.704
0.0874751491053678 0.704
0.08738828202581926 0.704
0.0873015873015873 0.704
0.08721506442021804 0.704
0.08712871287128712 0.704
0.08704253214638971 0.704
0.08695652173913043 0.704
0.08687068114511352 0.704
0.08678500986193294 0.704
0.08669950738916256 0.704
0.08661417322834646 0.704
0.08652900688298919 0.704
0.08644400785854617 0.704
0.08635917566241413 0.704
0.08627450980392157 0.704
0.08619000979431929 0.704
0.08610567514677103 0.704
0.08602150537634409 0.704
0.0859375 0.704
0.08585365853658537 0.704
0.08576998050682261 0.704
0.08568646543330087 0.704
0.08560311284046693 0.704
0.08551992225461613 0.704
0.0854368932038835 0.704
0.08535402521823472 0.704
0.08527131782945736 0.704
0.08518877057115198 0.704
0.0851063829787234 0.704
0.08502415458937199 0.704
0.08494208494208494 0.704
0.08486017357762778 0.704
0.08477842003853564 0.704
0.0846968238691049 0.704
0.08461538461538462 0.704
0.0845341018251681 0.704
0.08445297504798464 0.704
0.08437200383509108 0.704
0.0842911877394636 0.704
0.08421052631578947 0.704
0.0841300191204589 0.704
0.08404966571155682 0.704
0.08396946564885496 0.704
0.08388941849380362 0.704
0.0838095238095238 0.704
0.08372978116079924 0.704
0.08365019011406843 0.704
0.0835707502374169 0.704
0.08349146110056926 0.704
0.08341232227488152 0.704
0.08333333333333333 0.704
0.08325449385052035 0.704
0.0831758034026465 0.704
0.08309726156751653 0.704
0.0830188679245283 0.704
0.08294062205466542 0.704
0.08286252354048965 0.704
0.08278457196613359 0.704
0.08270676691729323 0.704
0.08262910798122065 0.704
0.0825515947467167 0.704
0.08247422680412371 0.704
0.08239700374531835 0.704
0.0823199251637044 0.704
0.08224299065420561 0.704
0.08216619981325864 0.704
0.08208955223880597 0.704
0.08201304753028892 0.704
0.08193668528864059 0.704
0.08186046511627906 0.704
0.08178438661710037 0.704
0.08170844939647168 0.704
0.08163265306122448 0.704
0.08155699721964782 0.704
0.08148148148148149 0.704
0.08140610545790934 0.704
0.08133086876155268 0.704
0.08125577100646353 0.704
0.08118081180811808 0.704
0.08110599078341015 0.704
0.08103130755064457 0.704
0.08095676172953081 0.704
0.08088235294117647 0.704
0.08080808080808081 0.704
0.08073394495412844 0.704
0.08065994500458296 0.704
0.08058608058608059 0.704
0.08051235132662397 0.704
0.08043875685557587 0.704
0.08036529680365297 0.704
0.08029197080291971 0.704
0.08021877848678213 0.704
0.08014571948998178 0.704
0.08098271155595996 0.712
0.0809090909090909 0.712
0.08083560399636694 0.712
0.08076225045372051 0.712
0.08068902991840435 0.712
0.0806159420289855 0.712
0.08054298642533937 0.712
0.08047016274864376 0.712
0.08039747064137308 0.712
0.08032490974729242 0.712
0.08025247971145176 0.712
0.08018018018018018 0.712
0.08010801080108011 0.712
0.08003597122302158 0.712
0.07996406109613657 0.712
0.07989228007181329 0.712
0.07982062780269059 0.712
0.07974910394265233 0.712
0.07967770814682185 0.712
0.07960644007155634 0.712
0.07953529937444147 0.712
0.07946428571428571 0.712
0.07939339875111508 0.712
0.07932263814616755 0.712
0.0792520035618878 0.712
0.0791814946619217 0.712
0.0791111111111111 0.712
0.07904085257548846 0.712
0.07897071872227152 0.712
0.07890070921985816 0.712
0.07883082373782108 0.712
0.07876106194690266 0.712
0.07869142351900972 0.712
0.07862190812720848 0.712
0.07855251544571933 0.712
0.07848324514991181 0.712
0.07841409691629955 0.712
0.07834507042253522 0.712
0.07827616534740545 0.712
0.07820738137082602 0.712
0.0781387181738367 0.712
0.0780701754385965 0.712
0.07800175284837861 0.712
0.07793345008756568 0.712
0.0778652668416448 0.712
0.0777972027972028 0.712
0.0777292576419214 0.712
0.07766143106457242 0.712
0.07759372275501308 0.712
0.07752613240418119 0.712
0.07745865970409051 0.712
0.07739130434782608 0.712
0.07732406602953953 0.712
0.07725694444444445 0.712
0.07718993928881179 0.712
0.07712305025996534 0.712
0.07705627705627706 0.712
0.07698961937716263 0.712
0.07692307692307693 0.712
0.0768566493955095 0.712
0.07679033649698015 0.712
0.07672413793103448 0.712
0.07665805340223945 0.712
0.076592082616179 0.712
0.0765262252794497 0.712
0.07646048109965636 0.712
0.07639484978540773 0.712
0.07632933104631218 0.712
0.07626392459297343 0.712
0.0761986301369863 0.712
0.07613344739093242 0.712
0.07606837606837606 0.712
0.07600341588385995 0.712
0.07593856655290103 0.712
0.07587382779198636 0.712
0.075809199318569 0.712
0.07574468085106383 0.712
0.07568027210884354 0.712
0.07561597281223449 0.712
0.07555178268251274 0.712
0.07548770144189991 0.712
0.07542372881355933 0.712
0.07535986452159187 0.712
0.07529610829103214 0.712
0.07523245984784446 0.712
0.07516891891891891 0.712
0.0751054852320675 0.712
0.07504215851602024 0.712
0.07497893850042123 0.712
0.07491582491582492 0.712
0.07485281749369217 0.712
0.07563025210084033 0.72
0.07556675062972293 0.72
0.07550335570469799 0.72
0.07627829002514669 0.728
0.076214405360134 0.728
0.07615062761506276 0.728
0.07608695652173914 0.728
0.07602339181286549 0.728
0.07595993322203673 0.728
0.07589658048373644 0.728
0.07583333333333334 0.728
0.07577019150707744 0.728
0.07570715474209651 0.728
0.07564422277639235 0.728
0.0755813953488372 0.728
0.07551867219917012 0.728
0.07545605306799337 0.728
0.07539353769676885 0.728
0.07533112582781457 0.728
0.07526881720430108 0.728
0.07520661157024794 0.728
0.07514450867052024 0.728
0.07508250825082509 0.728
0.07502061005770816 0.728
0.07495881383855024 0.728
0.07489711934156379 0.728
0.07483552631578948 0.728
0.07477403451109285 0.728
0.07471264367816093 0.728
0.07465135356849877 0.728
0.07459016393442623 0.728
0.07452907452907453 0.728
0.07446808510638298 0.728
0.07440719542109567 0.728
0.07434640522875817 0.728
0.07428571428571429 0.728
0.07422512234910278 0.728
0.07497962510187449 0.736
0.07573289902280131 0.744
0.07567127746135069 0.744
0.07560975609756097 0.744
0.07554833468724614 0.744
0.07548701298701299 0.744
0.07542579075425791 0.744
0.0753646677471637 0.744
0.07530364372469636 0.744
0.07524271844660194 0.744
0.07518189167340339 0.744
0.07512116316639741 0.744
0.07506053268765134 0.744
0.075 0.744
0.0749395648670427 0.744
0.0748792270531401 0.744
0.07481898632341111 0.744
0.0747588424437299 0.744
0.0746987951807229 0.744
0.07463884430176565 0.744
0.07457898957497995 0.744
0.07451923076923077 0.744
0.0744595676541233 0.744
0.0744 0.744
0.07434052757793765 0.744
0.0742811501597444 0.744
0.0742218675179569 0.744
0.07416267942583732 0.744
0.07410358565737052 0.744
0.07404458598726114 0.744
0.07398568019093078 0.744
0.0739268680445151 0.744
0.07386814932486101 0.744
0.07380952380952381 0.744
0.07375099127676447 0.744
0.07369255150554675 0.744
0.07363420427553444 0.744
0.07357594936708861 0.744
0.07351778656126483 0.744
0.07345971563981042 0.744
0.0734017363851618 0.744
0.07334384858044164 0.744
0.07328605200945626 0.744
0.07322834645669292 0.744
0.07317073170731707 0.744
0.07311320754716981 0.744
0.07305577376276512 0.744
0.07299843014128729 0.744
0.07294117647058823 0.744
0.07288401253918496 0.744
0.07282693813625685 0.744
0.07276995305164319 0.744
0.0727130570758405 0.744
0.07265625 0.744
0.07259953161592506 0.744
0.07254290171606864 0.744
0.0724863600935308 0.744
0.07242990654205607 0.744
0.07237354085603113 0.744
0.07231726283048212 0.744
0.07226107226107226 0.744
0.07220496894409938 0.744
0.0721489526764934 0.744
0.07209302325581396 0.744
0.07203718048024788 0.744
0.07198142414860681 0.744
0.07192575406032482 0.744
0.07187017001545595 0.744
0.07181467181467181 0.744
0.07175925925925926 0.744
0.07170393215111796 0.744
0.07164869029275808 0.744
0.07159353348729793 0.744
0.07153846153846154 0.744
0.07148347425057648 0.744
0.07142857142857142 0.744
0.0713737528779739 0.744
0.07131901840490798 0.744
0.07126436781609195 0.744
0.07120980091883614 0.744
0.07115531752104055 0.744
0.07110091743119266 0.744
0.07104660045836517 0.744
0.07099236641221374 0.744
0.07093821510297482 0.744
0.07088414634146341 0.744
0.07083015993907082 0.744
0.07077625570776255 0.744
0.07072243346007605 0.744
0.07066869300911854 0.744
0.07061503416856492 0.744
0.07056145675265554 0.744
0.07050796057619409 0.744
0.07045454545454545 0.744
0.07040121120363362 0.744
0.07034795763993948 0.744
0.07029478458049887 0.744
0.0702416918429003 0.744
0.07018867924528302 0.744
0.07013574660633484 0.744
0.07008289374529013 0.744
0.07003012048192771 0.744
0.06997742663656885 0.744
0.06992481203007518 0.744
0.06987227648384674 0.744
0.06981981981981981 0.744
0.06976744186046512 0.744
0.06971514242878561 0.744
0.0696629213483146 0.744
0.06961077844311377 0.744
0.06955871353777113 0.744
0.06950672645739911 0.744
0.06945481702763256 0.744
0.06940298507462686 0.744
0.06935123042505593 0.744
0.06929955290611028 0.744
0.06924795234549516 0.744
0.06919642857142858 0.744
0.0691449814126394 0.744
0.06909361069836553 0.744
0.06904231625835189 0.744
0.06899109792284866 0.744
0.06893995552260934 0.744
0.06888888888888889 0.744
0.0688378978534419 0.744
0.06878698224852071 0.744
0.06873614190687362 0.744
0.06868537666174299 0.744
0.06863468634686347 0.744
0.06858407079646017 0.744
0.06853352984524687 0.744
0.06848306332842416 0.744
0.0684326710816777 0.744
0.06838235294117648 0.744
0.0683321087435709 0.744
0.06828193832599119 0.744
0.06823184152604549 0.744
0.06818181818181818 0.744
0.06813186813186813 0.744
0.06808199121522694 0.744
0.06803218727139722 0.744
0.06798245614035088 0.744
0.0679327976625274 0.744
0.06788321167883211 0.744
0.06783369803063458 0.744
0.06778425655976676 0.744
0.06773488710852149 0.744
0.06768558951965066 0.744
0.06763636363636363 0.744
0.06758720930232558 0.744
0.06753812636165578 0.744
0.06748911465892599 0.744
0.0674401740391588 0.744
0.06739130434782609 0.744
0.06734250543084722 0.744
0.06729377713458755 0.744
0.06724511930585683 0.744
0.06719653179190752 0.744
0.06714801444043321 0.744
0.0670995670995671 0.744
0.06705118961788031 0.744
0.0670028818443804 0.744
0.06695464362850972 0.744
0.06690647482014389 0.744
0.06685837526959022 0.744
0.0668103448275862 0.744
0.06676238334529792 0.744
0.0667144906743185 0.744
0.06666666666666667 0.744
0.0666189111747851 0.744
0.06657122405153901 0.744
0.06652360515021459 0.744
0.06647605432451752 0.744
0.06642857142857143 0.744
0.06638115631691649 0.744
0.06704707560627675 0.752
0.06699928724162509 0.752
0.06695156695156695 0.752
0.06690391459074733 0.752
0.06685633001422475 0.752
0.06680881307746979 0.752
0.06676136363636363 0.752
0.0667139815471966 0.752
0.06666666666666667 0.752
0.0666194188518781 0.752
0.06657223796033994 0.752
0.06652512384996462 0.752
0.06647807637906648 0.752
0.06643109540636043 0.752
0.06638418079096045 0.752
0.06633733239237827 0.752
0.06629055007052186 0.752
0.06624383368569416 0.752
0.06619718309859154 0.752
0.06615059817030261 0.752
0.06610407876230662 0.752
0.06605762473647224 0.752
0.06601123595505617 0.752
0.06596491228070175 0.752
0.06591865357643759 0.752
0.06587245970567625 0.752
0.06582633053221289 0.752
0.06578026592022393 0.752
0.06643356643356643 0.76
0.06638714185883997 0.76
0.06634078212290503 0.76
0.06629448709002093 0.76
0.06624825662482567 0.76
0.06620209059233449 0.76
0.06615598885793872 0.76
0.06610995128740431 0.76
0.06606397774687066 0.76
0.0660180681028492 0.76
0.06597222222222222 0.76
0.0659264399722415 0.76
0.06588072122052704 0.76
0.06583506583506583 0.76
0.06578947368421052 0.76
0.0657439446366782 0.76
0.0656984785615491 0.76
0.06565307532826538 0.76
0.06560773480662983 0.76
0.06556245686680469 0.76
0.06551724137931035 0.76
0.06547208821502412 0.76
0.06542699724517906 0.76
0.0653819683413627 0.76
0.06533700137551582 0.76
0.06529209621993128 0.76
0.06524725274725275 0.76
0.06520247083047358 0.76
0.06515775034293553 0.76
0.06511309115832763 0.76
0.06506849315068493 0.76
0.0650239561943874 0.76
0.06497948016415869 0.76
0.06493506493506493 0.76
0.06489071038251366 0.76
0.06484641638225255 0.76
0.06480218281036836 0.76
0.06475800954328562 0.76
0.06471389645776567 0.76
0.06466984343090537 0.76
0.06462585034013606 0.76
0.06458191706322229 0.76
0.06453804347826086 0.76
0.06449422946367957 0.76
0.06445047489823609 0.76
0.06508474576271187 0.768
0.06504065040650407 0.768
0.06499661475964794 0.768
0.06495263870094722 0.768
0.06490872210953347 0.768
0.06486486486486487 0.768
0.06482106684672519 0.768
0.06477732793522267 0.768
0.06473364801078894 0.768
0.0646900269541779 0.768
0.06464646464646465 0.768
0.06460296096904442 0.768
0.06455951580363148 0.768
0.06451612903225806 0.768
0.06447280053727333 0.768
0.06442953020134229 0.768
0.06438631790744467 0.768
0.064343163538874 0.768
0.06430006697923643 0.768
0.0642570281124498 0.768
0.06421404682274247 0.768
0.06417112299465241 0.768
0.06412825651302605 0.768
0.06408544726301736 0.768
0.06404269513008673 0.768
0.064 0.768
0.06395736175882745 0.768
0.06391478029294274 0.768
0.06387225548902195 0.768
0.06382978723404255 0.768
0.06378737541528239 0.768
0.06374501992031872 0.768
0.06370272063702721 0.768
0.0636604774535809 0.768
0.0636182902584493 0.768
0.06357615894039735 0.768
0.06353408338848444 0.768
0.06349206349206349 0.768
0.06345009914077991 0.768
0.06340819022457067 0.768
0.06336633663366337 0.768
0.0633245382585752 0.768
0.06328279499011207 0.768
0.06324110671936758 0.768
0.06319947333772219 0.768
0.06315789473684211 0.768
0.0631163708086785 0.768
0.06307490144546649 0.768
0.06303348653972422 0.768
0.06299212598425197 0.768
0.06295081967213115 0.768
0.06290956749672345 0.768
0.06286836935166994 0.768
0.06282722513089005 0.768
0.06278613472858077 0.768
0.06274509803921569 0.768
0.06270411495754409 0.768
0.06266318537859007 0.768
0.06262230919765166 0.768
0.06258148631029987 0.768
0.06254071661237785 0.768
0.0625 0.768
0.062459336369551074 0.768
0.06241872561768531 0.768
0.06237816764132553 0.768
0.06233766233766234 0.768
0.06229720960415315 0.768
0.0622568093385214 0.768
0.06221646143875567 0.768
0.06217616580310881 0.768
0.062135922330097085 0.768
0.062095730918499355 0.768
0.062055591467356175 0.768
0.06201550387596899 0.768
0.06197546804389929 0.768
0.06193548387096774 0.768
0.061895551257253385 0.768
0.061855670103092786 0.768
0.061815840309079204 0.768
0.06177606177606178 0.768
0.06173633440514469 0.768
0.061696658097686374 0.768
0.06165703275529865 0.768
0.06161745827984596 0.768
0.061577934573444515 0.768
0.06153846153846154 0.768
0.06149903907751442 0.768
0.06145966709346991 0.768
0.061420345489443376 0.768
0.061381074168797956 0.768
0.06134185303514377 0.768
0.06130268199233716 0.768
0.0612635609444799 0.768
0.061224489795918366 0.768
0.06118546845124283 0.768
0.061146496815286625 0.768
0.061107574793125397 0.768
0.061068702290076333 0.768
0.06102987921169739 0.768
0.060991105463786534 0.768
0.06095238095238095 0.768
0.06091370558375635 0.768
0.060875079264426125 0.768
0.060836501901140684 0.768
0.060797973400886635 0.768
0.060759493670886074 0.768
0.06072106261859583 0.768
0.0606826801517067 0.768
0.060644346178142766 0.768
0.061237373737373736 0.776
0.061198738170347 0.776
0.06116015132408575 0.776
0.06112161310649023 0.776
0.06108312342569269 0.776
0.06104468219005664 0.776
0.0610062893081761 0.776
0.06096794468887492 0.776
0.06092964824120603 0.776
0.06089139987445072 0.776
0.06085319949811794 0.776
0.060815047021943576 0.776
0.06077694235588972 0.776
0.06073888541014402 0.776
0.0607008760951189 0.776
0.060662914321450906 0.776
0.060625 0.776
0.060587133041848845 0.776
0.060549313358302125 0.776
0.06051154086088584 0.776
0.060473815461346635 0.776
0.06043613707165109 0.776
0.060398505603985055 0.776
0.060360920970752956 0.776
0.06032338308457712 0.776
0.06028589185829708 0.776
0.06024844720496894 0.776
0.06021104903786468 0.776
0.06017369727047146 0.776
0.06013639181649101 0.776
0.060099132589838906 0.776
0.060061919504643964 0.776
0.06002475247524752 0.776
0.05998763141620284 0.776
0.05995055624227441 0.776
0.05991352686843731 0.776
0.059876543209876544 0.776
0.05983960518198643 0.776
0.059802712700369916 0.776
0.05976586568083796 0.776
0.05972906403940887 0.776
0.05969230769230769 0.776
0.05965559655596556 0.776
0.059618930547019056 0.776
0.05958230958230958 0.776
0.05954573357888275 0.776
0.05950920245398773 0.776
0.05947271612507664 0.776
0.05943627450980392 0.776
0.05939987752602572 0.776
0.05936352509179926 0.776
0.0599388379204893 0.784
0.05990220048899755 0.784
0.05986560781918143 0.784
0.05982905982905983 0.784
0.05979255643685174 0.784
0.060365853658536583 0.792
0.0603290676416819 0.792
0.06029232643118149 0.792
0.060255629945222156 0.792
0.060218978102189784 0.792
0.06018237082066869 0.792
0.06014580801944107 0.792
0.060109289617486336 0.792
0.060072815533980584 0.792
0.06003638568829594 0.792
0.06 0.792
0.05996365838885524 0.792
0.0599273607748184 0.792
0.05989110707803993 0.792
0.05985489721886336 0.792
0.05981873111782477 0.792
0.059782608695652176 0.792
0.05974652987326494 0.792
0.05971049457177322 0.792
0.059674502712477394 0.792
0.05963855421686747 0.792
0.059602649006622516 0.792
0.05956678700361011 0.792
0.05953096812988575 0.792
0.059495192307692304 0.792
0.05945945945945946 0.792
0.05942376950780312 0.792
0.0593881223755249 0.792
0.05935251798561151 0.792
0.059316956261234274 0.792
0.0592814371257485 0.792
0.059245960502693 0.792
0.05921052631578947 0.792
0.05917513448894202 0.792
0.05913978494623656 0.792
0.0591044776119403 0.792
0.05906921241050119 0.792
0.059033989266547404 0.792
0.05899880810488677 0.792
0.05896366885050625 0.792
0.05892857142857143 0.792
0.05889351576442594 0.792
0.058858501783590964 0.792
0.058823529411764705 0.792
0.058788598574821854 0.792
0.05875370919881306 0.792
0.05871886120996441 0.792
0.05868405453467694 0.792
0.05864928909952607 0.792
0.0586145648312611 0.792
0.058579881656804736 0.792
0.058545239503252515 0.792
0.05851063829787234 0.792
0.05847607796810396 0.792
0.05844155844155844 0.792
0.0584070796460177 0.792
0.05837264150943396 0.792
0.05833824395992929 0.792
0.05830388692579505 0.792
0.05826957033549147 0.792
0.05823529411764706 0.792
0.0582010582010582 0.792
0.058166862514688604 0.792
0.05813270698766882 0.792
0.058098591549295774 0.792
0.05806451612903226 0.792
0.05803048065650645 0.792
0.05799648506151142 0.792
0.057962529274004686 0.792
0.05792861322410767 0.792
0.05789473684210526 0.792
0.05786090005844535 0.792
0.05782710280373832 0.792
0.05779334500875657 0.792
0.057759626604434074 0.792
0.05772594752186589 0.792
0.057692307692307696 0.792
0.05765870704717531 0.792
0.057625145518044235 0.792
0.05759162303664921 0.792
0.05755813953488372 0.792
0.05752469494479954 0.792
0.05749128919860627 0.792
0.057457922228670924 0.792
0.0574245939675174 0.792
0.057391304347826085 0.792
0.05735805330243337 0.792
0.05732484076433121 0.792
0.057291666666666664 0.792
0.05725853094274147 0.792
0.05722543352601156 0.792
0.05719237435008666 0.792
0.05715935334872979 0.792
0.0571263704558569 0.792
0.05709342560553633 0.792
0.057060518731988474 0.792
0.057027649769585256 0.792
0.05699481865284974 0.792
0.056962025316455694 0.792
0.056929269695227144 0.792
0.056896551724137934 0.792
0.05686387133831131 0.792
0.05683122847301952 0.792
0.05679862306368331 0.792
0.05676605504587156 0.792
0.05673352435530086 0.792
0.05670103092783505 0.792
0.05666857469948483 0.792
0.05663615560640732 0.792
0.05660377358490566 0.792
0.05657142857142857 0.792
0.05653912050256996 0.792
0.05650684931506849 0.792
0.05647461494580719 0.792
0.056442417331812995 0.792
0.05641025641025641 0.792
0.056378132118451024 0.792
0.056346044393853156 0.792
0.05631399317406143 0.792
0.056281978396816375 0.792
0.05625 0.792
0.056218057921635436 0.792
0.05618615209988649 0.792
0.05615428247305729 0.792
0.05612244897959184 0.792
0.056090651558073655 0.792
0.05605889014722537 0.792
0.05602716468590832 0.792
0.055995475113122174 0.792
0.05596382136800452 0.792
0.05593220338983051 0.792
0.055900621118012424 0.792
0.055869074492099324 0.792
0.05583756345177665 0.792
0.05580608793686584 0.792
0.05577464788732395 0.792
0.05574324324324324 0.792
0.05571187394485087 0.792
0.05568053993250844 0.792
0.05564924114671164 0.792
0.05561797752808989 0.792
0.05558674901740595 0.792
0.05555555555555555 0.792
0.055524397083567024 0.792
0.0554932735426009 0.792
0.05546218487394958 0.792
0.055431131019036954 0.792
0.055400111919418016 0.792
0.05536912751677853 0.792
0.0553381777529346 0.792
0.0553072625698324 0.792
0.05527638190954774 0.792
0.05524553571428571 0.792
0.05521472392638037 0.792
0.05518394648829431 0.792
0.05515320334261838 0.792
0.05512249443207127 0.792
0.05509181969949917 0.792
0.05506117908787542 0.792
0.055030572540300166 0.792
0.055 0.792
0.054969461410327596 0.792
0.05493895671476138 0.792
0.05490848585690516 0.792
0.054878048780487805 0.792
0.05484764542936288 0.792
0.054817275747508304 0.792
0.05478693967902601 0.792
0.054756637168141595 0.792
0.05472636815920398 0.792
0.054696132596685085 0.792
0.054665930425179456 0.792
0.054635761589403975 0.792
0.05460562603419746 0.792
0.054575523704520394 0.792
0.05454545454545454 0.792
0.054515418502202644 0.792
0.05448541552008806 0.792
0.054455445544554455 0.792
0.054425508521165476 0.792
0.0543956043956044 0.792
0.054365733113673806 0.792
0.05433589462129528 0.792
0.05430608886450905 0.792
0.054276315789473686 0.792
0.054246575342465755 0.792
0.05421686746987952 0.792
0.054187192118226604 0.792
0.05415754923413567 0.792
0.0541279387643521 0.792
0.054098360655737705 0.792
0.05406881485527035 0.792
0.05403930131004367 0.792
0.054009819967266774 0.792
0.0539803707742639 0.792
0.05395095367847411 0.792
0.05392156862745098 0.792
0.05389221556886228 0.792
0.05386289445048966 0.792
0.053833605220228384 0.792
0.05380434782608696 0.792
0.054318305268875614 0.8
0.05428881650380022 0.8
0.05425935973955507 0.8
0.05422993492407809 0.8
0.05420054200542006 0.8
0.05417118093174431 0.8
0.05468327016783974 0.808
0.054653679653679656 0.808
0.05462412114656571 0.808
0.05459459459459459 0.808
0.05456509994597515 0.808
0.05453563714902808 0.808
0.05450620615218565 0.808
0.05447680690399137 0.808
0.05444743935309973 0.808
0.05441810344827586 0.808
0.05438879913839526 0.808
0.05435952637244349 0.808
0.05433028509951587 0.808
0.0543010752688172 0.808
0.05427189682966147 0.808
0.054242749731471536 0.808
0.05421363392377885 0.808
0.054184549356223174 0.808
0.05415549597855228 0.808
0.05412647374062165 0.808
0.05409748259239421 0.808
0.05406852248394004 0.808
0.05403959336543606 0.808
0.05401069518716577 0.808
0.053981827899518976 0.808
0.053952991452991456 0.808
0.05392418579818473 0.808
0.05389541088580576 0.808
0.05386666666666667 0.808
0.05383795309168443 0.808
0.053809270111880664 0.808
0.05378061767838126 0.808
0.05375199574241618 0.808
0.05372340425531915 0.808
0.05369484316852738 0.808
0.0536663124335813 0.808
0.05363781200212427 0.808
0.05360934182590234 0.808
0.053580901856763924 0.808
0.0535524920466596 0.808
0.05352411234764176 0.808
0.05349576271186441 0.808
0.05346744309158285 0.808
0.05343915343915344 0.808
0.053410893707033315 0.808
0.05338266384778013 0.808
0.05335446381405177 0.808
0.05332629355860612 0.808
0.05329815303430079 0.808
0.05327004219409283 0.808
0.05324196099103848 0.808
0.05321390937829294 0.808
0.05318588730911006 0.808
0.053157894736842105 0.808
0.05312993161493951 0.808
0.05310199789695058 0.808
0.05307409353652128 0.808
0.05304621848739496 0.808
0.05301837270341207 0.808
0.05299055613850997 0.808
0.0529627687467226 0.808
0.05293501048218029 0.808
0.05290728129910948 0.808
0.05287958115183246 0.808
0.05285190999476714 0.808
0.05282426778242678 0.808
0.05279665446941976 0.808
0.05276907001044932 0.808
0.05274151436031332 0.808
0.05271398747390397 0.808
0.05268648930620762 0.808
0.05265901981230448 0.808
0.05263157894736842 0.808
0.05260416666666667 0.808
0.052576782925559604 0.808
0.05254942767950052 0.808
0.05252210088403536 0.808
0.0524948024948025 0.808
0.05246753246753247 0.808
0.052440290758047764 0.808
0.05241307732226259 0.808
0.052385892116182574 0.808
0.052358735095904614 0.808
0.05233160621761658 0.808
0.0523045054375971 0.808
0.05227743271221532 0.808
0.05225038799793068 0.808
0.05222337125129266 0.808
0.05219638242894057 0.808
0.052169421487603305 0.808
0.05214248838409912 0.808
0.0521155830753354 0.808
0.05208870551830841 0.808
0.052061855670103095 0.808
0.05203503348789284 0.808
0.052008238928939236 0.808
0.05198147195059187 0.808
0.051954732510288065 0.808
0.0519280205655527 0.808
0.051901336073997946 0.808
0.05187467899332306 0.808
0.05184804928131417 0.808
0.051821446895844024 0.808
0.05179487179487179 0.808
0.05176832393644285 0.808
0.051741803278688527 0.808
0.051715309779825906 0.808
0.05168884339815762 0.808
0.05166240409207161 0.808
0.0516359918200409 0.808
0.0516096065406234 0.808
0.05158324821246169 0.808
0.0515569167942828 0.808
0.05153061224489796 0.808
0.051504334523202445 0.808
0.05147808358817533 0.808
0.051451859398879266 0.808
0.05142566191446028 0.808
0.051399491094147584 0.808
0.05137334689725331 0.808
0.05134722928317234 0.808
0.051321138211382115 0.808
0.051295073641442354 0.808
0.051269035532994923 0.808
0.05124302384576357 0.808
0.051217038539553755 0.808
0.05119107957425241 0.808
0.05116514690982776 0.808
0.05113924050632911 0.808
0.051113360323886636 0.808
0.05108750632271118 0.808
0.051061678463094035 0.808
0.05103587670540677 0.808
0.05101010101010101 0.808
0.05098435133770823 0.808
0.05095862764883956 0.808
0.050932929904185575 0.808
0.05090725806451613 0.808
0.0508816120906801 0.808
0.05085599194360524 0.808
0.050830397584297936 0.808
0.05080482897384306 0.808
0.05077928607340372 0.808
0.05075376884422111 0.808
0.050728277247614265 0.808
0.05070281124497992 0.808
0.050677370797792276 0.808
0.05065195586760281 0.808
0.0506265664160401 0.808
0.05060120240480962 0.808
0.05057586379569354 0.808
0.05055055055055055 0.808
0.05052526263131566 0.808
0.0505 0.808
0.050474762618690654 0.808
0.05044955044955045 0.808
0.050424363454817774 0.808
0.05039920159680639 0.808
0.050374064837905234 0.808
0.050348953140578266 0.808
0.050323866467364226 0.808
0.05029880478087649 0.808
0.05027376804380289 0.808
0.050248756218905476 0.808
0.05022376926902039 0.808
0.05019880715705766 0.808
0.050173869846000994 0.808
0.05014895729890765 0.808
0.05012406947890819 0.808
0.05009920634920635 0.808
0.05007436787307883 0.808
0.050049554013875126 0.808
0.05002476473501734 0.808
0.05 0.808
0.0499752597723899 0.808
0.049950544015825916 0.808
0.04992585269401879 0.808
0.04990118577075099 0.808
0.04987654320987654 0.808
0.04985192497532083 0.808
0.04982733103108041 0.808
0.04980276134122288 0.808
0.04977821586988664 0.808
0.04975369458128079 0.808
0.04972919743968488 0.808
0.04970472440944882 0.808
0.04968027545499262 0.808
0.04965585054080629 0.808
0.04963144963144963 0.808
0.04960707269155206 0.808
0.04958271968581247 0.808
0.049558390578999016 0.808
0.049534085335948996 0.808
0.049509803921568625 0.808
0.049485546300832926 0.808
0.0494613124387855 0.808
0.049437102300538424 0.808
0.04941291585127201 0.808
0.04938875305623472 0.808
0.04936461388074291 0.808
0.04934049829018075 0.808
0.04931640625 0.808
0.049292337725719865 0.808
0.04926829268292683 0.808
0.0492442710872745 0.808
0.04922027290448343 0.808
0.049196298100340964 0.808
0.049172346640701074 0.808
0.049148418491484186 0.808
0.04912451361867704 0.808
0.049100631988332526 0.808
0.04907677356656948 0.808
0.04905293831957261 0.808
0.04902912621359223 0.808
0.049005337214944204 0.808
0.0489815712900097 0.808
0.0489578284052351 0.808
0.04893410852713178 0.808
0.04891041162227603 0.808
0.04888673765730881 0.808
0.04886308659893566 0.808
0.0488394584139265 0.808
0.04881585306911552 0.808
0.048792270531400964 0.808
0.04876871076774505 0.808
0.048745173745173745 0.808
0.04872165943077665 0.808
0.048698167791706846 0.808
0.04867469879518072 0.808
0.04865125240847784 0.808
0.04862782859894078 0.808
0.04860442733397498 0.808
0.04858104858104858 0.808
0.04855769230769231 0.808
0.04853435848149928 0.808
0.04851104707012488 0.808
0.048487758041286605 0.808
0.048464491362763915 0.808
0.04844124700239808 0.808
0.048418024928092045 0.808
0.048394825107810256 0.808
0.04837164750957854 0.808
0.04834849210148397 0.808
0.04832535885167464 0.808
0.048302247728359636 0.808
0.0482791586998088 0.808
0.0482560917343526 0.808
0.04823304680038205 0.808
0.04821002386634845 0.808
0.048187022900763356 0.808
0.04816404387219838 0.808
0.048141086749285036 0.808
0.04811815150071463 0.808
0.048095238095238094 0.808
0.04807234650166587 0.808
0.04804947668886775 0.808
0.048026628625772706 0.808
0.04800380228136882 0.808
0.047980997624703085 0.808
0.04795821462488129 0.808
0.04793545325106787 0.808
0.04791271347248577 0.808
0.047889995258416314 0.808
0.047867298578199054 0.808
0.04784462340123164 0.808
0.047821969696969696 0.808
0.04779933743492665 0.808
0.04777672658467361 0.808
0.04775413711583924 0.808
0.04773156899810964 0.808
0.047709022201228156 0.808
0.04768649669499528 0.808
0.04766399244926852 0.808
0.04764150943396227 0.808
0.047619047619047616 0.808
0.04759660697455231 0.808
0.047574187470560525 0.808
0.0475517890772128 0.808
0.04752941176470588 0.808
0.04750705550329257 0.808
0.04748472026328162 0.808
0.047462406015037595 0.808
0.04744011272898074 0.808
0.047417840375586856 0.808
0.047395588925387144 0.808
0.0473733583489681 0.808
0.0473511486169714 0.808
0.04732895970009372 0.808
0.047306791569086654 0.808
0.04728464419475655 0.808
0.047262517547964435 0.808
0.04724041159962582 0.808
0.047218326320710616 0.808
0.04719626168224299 0.808
0.04717421765530126 0.808
0.04715219421101774 0.808
0.04713019132057863 0.808
0.04710820895522388 0.808
0.047086247086247084 0.808
0.04706430568499534 0.808
0.04704238472286912 0.808
0.04702048417132216 0.808
0.04699860400186133 0.808
0.04697674418604651 0.808
0.04695490469549047 0.808
0.046933085501858735 0.808
