1503.0 43.0
1160.0 2762.0
1160.0 4729.0
12165.0 1503.0
12165.0 1160.0
1077.0 537.0
4724.0 4729.0
124.0 2940.0
2841.0 1691.0
2780.0 2945.0
2780.0 2940.0
3928.0 2762.0
1687.0 537.0
5638.0 537.0
41.0 537.0
8091.0 4729.0
1101.0 2762.0
1101.0 537.0
1101.0 1691.0
606.0 1691.0
606.0 2762.0
5716.0 43.0
5716.0 2762.0
31.0 2762.0
5672.0 1691.0
5672.0 2762.0
5672.0 537.0
2112.0 1168.0
2112.0 6072.0
2112.0 2686.0
2112.0 749.0
2112.0 1513.0
2112.0 659.0
2112.0 3369.0
2112.0 130.0
2112.0 8091.0
2112.0 3705.0
2112.0 191.0
2112.0 193.0
2112.0 1851.0
2112.0 206.0
2112.0 4816.0
2112.0 1574.0
2112.0 5003.0
2112.0 4024.0
2112.0 4724.0
2112.0 278.0
2112.0 1448.0
407.0 2940.0
434.0 537.0
11121.0 537.0
5683.0 2762.0
5683.0 537.0
5683.0 1691.0
5003.0 4729.0
1120.0 2762.0
1120.0 43.0
3220.0 2762.0
4816.0 1691.0
4816.0 2762.0
4816.0 537.0
883.0 1691.0
883.0 2762.0
2019.0 43.0
2019.0 2762.0
6090.0 397.0
6090.0 579.0
1503.0 1614.0
1503.0 2742.0
1503.0 1077.0
1503.0 3220.0
1503.0 1574.0
1503.0 130.0
1503.0 1101.0
1503.0 25.0
1503.0 4618.0
1503.0 191.0
1503.0 1120.0
1503.0 985.0
1503.0 883.0
1503.0 715.0
1503.0 434.0
1503.0 4816.0
1503.0 1810.0
1503.0 293.0
1503.0 3103.0
1503.0 419.0
1503.0 4237.0
1503.0 800.0
1503.0 524.0
1503.0 3767.0
1503.0 2841.0
1503.0 8261.0
1503.0 11121.0
1503.0 107.0
1503.0 747.0
1503.0 473.0
1503.0 5716.0
1503.0 31.0
1503.0 4636.0
1503.0 1687.0
1503.0 297.0
1503.0 6359.0
1503.0 4433.0
1503.0 534.0
1503.0 3803.0
1503.0 2149.0
1503.0 49.0
1503.0 5270.0
1503.0 2527.0
1503.0 3217.0
1503.0 1781.0
1503.0 1234.0
1503.0 3019.0
1503.0 3876.0
1503.0 1160.0
1503.0 396.0
1574.0 1691.0
1574.0 537.0
206.0 537.0
2883.0 537.0
1504.0 2940.0
1504.0 2762.0
1504.0 537.0
6100.0 579.0
749.0 2762.0
4571.0 537.0
4729.0 537.0
604.0 43.0
604.0 537.0
1123.0 2762.0
1123.0 43.0
397.0 1691.0
397.0 537.0
3867.0 43.0
3019.0 537.0
5620.0 1691.0
5620.0 2762.0
241.0 2411.0
413.0 2762.0
413.0 537.0
4636.0 1691.0
4636.0 2762.0
1605.0 537.0
747.0 537.0
944.0 43.0
2778.0 2762.0
7805.0 1691.0
4433.0 2762.0
534.0 537.0
534.0 1691.0
14172.0 2762.0
43.0 2940.0
43.0 2945.0
43.0 2762.0
3767.0 537.0
2742.0 2762.0
1160.0 1614.0
1160.0 54.0
1160.0 1519.0
1160.0 7805.0
1160.0 14172.0
1160.0 4571.0
1160.0 191.0
1160.0 1605.0
1160.0 4816.0
1160.0 1535.0
1160.0 2883.0
1160.0 3103.0
1160.0 1513.0
1160.0 685.0
1160.0 604.0
1160.0 568.0
1160.0 124.0
1160.0 524.0
1160.0 93.0
1160.0 944.0
1160.0 606.0
1160.0 700.0
1160.0 121.0
1160.0 31.0
1160.0 2019.0
1160.0 917.0
1160.0 3928.0
1160.0 49.0
1160.0 4444.0
1160.0 5638.0
1160.0 1503.0
1160.0 2778.0
1614.0 2945.0
1614.0 2762.0
1614.0 537.0
12165.0 234.0
12165.0 6100.0
12165.0 6090.0
12165.0 241.0
12165.0 6295.0
12165.0 235.0
12165.0 6066.0
12165.0 6087.0
12165.0 2112.0
12165.0 7664.0
629.0 1691.0
629.0 2762.0
568.0 537.0
524.0 537.0
121.0 2945.0
121.0 43.0
4444.0 1691.0
4444.0 2762.0
4444.0 537.0
1234.0 1691.0
1234.0 2945.0
1448.0 2762.0
1448.0 537.0
293.0 4729.0
579.0 537.0
151.0 537.0
3103.0 43.0
685.0 1691.0
685.0 2762.0
6072.0 537.0
4237.0 2762.0
2149.0 1691.0
2149.0 2762.0
2686.0 43.0
2527.0 2762.0
193.0 1691.0
1810.0 537.0
8261.0 537.0
49.0 43.0
5270.0 43.0
1535.0 1691.0
1535.0 2762.0
1781.0 2940.0
1781.0 2762.0
715.0 2762.0
715.0 43.0
715.0 537.0
1519.0 1691.0
1519.0 2762.0
93.0 4729.0
93.0 537.0
93.0 2940.0
191.0 537.0
985.0 2762.0
4058.0 43.0
54.0 1691.0
800.0 1691.0
278.0 2945.0
278.0 43.0
278.0 2762.0
278.0 4729.0
278.0 2940.0
6295.0 41.0
563.0 2762.0
563.0 43.0
6359.0 537.0
297.0 4729.0
1513.0 43.0
1513.0 2762.0
1513.0 1691.0
6087.0 579.0
4024.0 43.0
473.0 1691.0
473.0 43.0
234.0 534.0
234.0 1123.0
234.0 2778.0
5050.0 2762.0
5050.0 537.0
320.0 43.0
3876.0 4729.0
396.0 2762.0
396.0 1691.0
130.0 537.0
107.0 537.0
700.0 537.0
6066.0 397.0
6066.0 579.0
917.0 537.0
7664.0 534.0
2762.0 2945.0
2762.0 43.0
2762.0 537.0
2762.0 1691.0
419.0 1691.0
419.0 2762.0
3705.0 2940.0
2411.0 537.0
659.0 43.0
3369.0 537.0
3803.0 537.0
1168.0 537.0
1851.0 2945.0
1160.0 1691.0
1503.0 7805.0
271.0 1691.0
271.0 2762.0
271.0 2940.0
234.0 271.0
235.0 271.0
6090.0 238.0
6100.0 238.0
238.0 4729.0
6087.0 238.0
234.0 238.0
235.0 238.0
6066.0 238.0
3928.0 2940.0
1504.0 2945.0
7664.0 151.0
1533.0 2945.0
4017.0 537.0
1503.0 413.0
1503.0 1533.0
1160.0 1533.0
6090.0 107.0
4985.0 10871.0
86.0 537.0
6100.0 107.0
1531.0 2945.0
1531.0 537.0
185.0 43.0
241.0 2780.0
241.0 4618.0
241.0 1531.0
241.0 407.0
241.0 6072.0
241.0 4237.0
241.0 1851.0
241.0 105.0
1160.0 672.0
1160.0 116.0
12165.0 4985.0
12165.0 242.0
12165.0 5508.0
12165.0 6289.0
672.0 1691.0
672.0 2762.0
10871.0 4729.0
105.0 537.0
5508.0 10871.0
1555.0 537.0
6087.0 107.0
234.0 6072.0
234.0 1555.0
234.0 1531.0
234.0 105.0
234.0 568.0
234.0 185.0
234.0 2780.0
234.0 1851.0
234.0 4618.0
234.0 4237.0
234.0 407.0
234.0 107.0
235.0 6072.0
235.0 4237.0
235.0 1531.0
235.0 1555.0
235.0 105.0
235.0 568.0
235.0 185.0
235.0 2780.0
235.0 1851.0
235.0 4618.0
235.0 407.0
235.0 107.0
6066.0 107.0
242.0 3103.0
242.0 2778.0
5620.0 537.0
629.0 537.0
242.0 271.0
2112.0 2673.0
2673.0 2940.0
2673.0 537.0
2673.0 2762.0
242.0 238.0
2112.0 534.0
1687.0 2762.0
31.0 1691.0
6681.0 1691.0
2112.0 2177.0
1503.0 1580.0
2177.0 2762.0
1580.0 2945.0
234.0 1120.0
234.0 6681.0
235.0 6681.0
6066.0 659.0
6100.0 1691.0
442.0 537.0
743.0 43.0
1076.0 1077.0
1076.0 1479.0
1076.0 127.0
1076.0 1123.0
1076.0 944.0
1076.0 97.0
1076.0 1503.0
1076.0 1504.0
1076.0 37.0
1077.0 1513.0
1077.0 49.0
1077.0 1503.0
1077.0 784.0
1077.0 1519.0
1077.0 37.0
1077.0 604.0
1077.0 1535.0
1078.0 1513.0
1078.0 1503.0
1078.0 1077.0
1078.0 271.0
1078.0 1123.0
1078.0 604.0
1078.0 1587.0
1078.0 124.0
1078.0 534.0
1078.0 37.0
1078.0 1504.0
2095.0 1120.0
1089.0 1120.0
1089.0 1123.0
1089.0 1077.0
1089.0 271.0
1089.0 1503.0
1089.0 1587.0
1089.0 37.0
1089.0 1232.0
2911.0 2945.0
2911.0 537.0
818.0 537.0
818.0 2762.0
3941.0 213.0
3941.0 1587.0
3649.0 524.0
3649.0 938.0
3649.0 1503.0
3649.0 944.0
3649.0 1123.0
3649.0 1120.0
1232.0 537.0
4704.0 2939.0
4704.0 1503.0
4724.0 922.0
4724.0 1504.0
1533.0 684.0
1533.0 419.0
1533.0 1503.0
1533.0 715.0
1533.0 4775.0
1533.0 800.0
1533.0 473.0
1533.0 789.0
1533.0 1077.0
1533.0 793.0
1533.0 1160.0
1533.0 4783.0
1533.0 279.0
1533.0 1101.0
1533.0 86.0
1533.0 4618.0
1533.0 2780.0
1533.0 534.0
1533.0 845.0
1533.0 858.0
1533.0 4636.0
1533.0 4444.0
1533.0 1234.0
1533.0 1489.0
1533.0 1246.0
1533.0 1574.0
1533.0 2054.0
1533.0 407.0
1533.0 1531.0
1533.0 217.0
1533.0 396.0
1533.0 4816.0
1533.0 278.0
1533.0 372.0
1533.0 888.0
1533.0 579.0
1533.0 2149.0
4911.0 537.0
3006.0 43.0
5020.0 2762.0
5034.0 938.0
5034.0 944.0
3128.0 2115.0
3128.0 830.0
3128.0 2169.0
3128.0 213.0
3128.0 271.0
3128.0 1179.0
3128.0 2019.0
3128.0 1587.0
3887.0 2762.0
3887.0 537.0
3887.0 1691.0
5005.0 2972.0
5005.0 604.0
6339.0 524.0
6339.0 4288.0
6384.0 885.0
6384.0 6389.0
6384.0 2527.0
6140.0 537.0
6501.0 4729.0
6628.0 537.0
825.0 2762.0
3704.0 130.0
124.0 3082.0
124.0 1101.0
124.0 872.0
124.0 2985.0
124.0 2764.0
124.0 2760.0
124.0 4288.0
124.0 6313.0
124.0 2971.0
124.0 107.0
124.0 710.0
124.0 883.0
124.0 31.0
124.0 37.0
124.0 271.0
124.0 2750.0
124.0 1160.0
2841.0 2686.0
2841.0 388.0
2841.0 1503.0
2841.0 2602.0
2841.0 885.0
7162.0 1160.0
7193.0 1503.0
7193.0 1160.0
7200.0 606.0
7200.0 1614.0
1677.0 4729.0
874.0 43.0
7264.0 2106.0
7264.0 1503.0
7264.0 172.0
7264.0 524.0
3216.0 2762.0
7347.0 5916.0
7347.0 7363.0
7364.0 537.0
7429.0 3478.0
7429.0 2655.0
7429.0 7444.0
7501.0 1206.0
7501.0 1503.0
2117.0 1614.0
2117.0 3103.0
2117.0 1687.0
2117.0 419.0
2117.0 1120.0
2117.0 4237.0
2117.0 49.0
2117.0 5270.0
2117.0 473.0
2117.0 7219.0
2117.0 1574.0
2117.0 1160.0
2117.0 130.0
2117.0 279.0
2117.0 297.0
2117.0 1101.0
2117.0 4433.0
2117.0 524.0
2117.0 2841.0
2117.0 31.0
2117.0 845.0
2117.0 2411.0
2117.0 1094.0
2117.0 1503.0
2117.0 1851.0
2117.0 184.0
2117.0 4636.0
2117.0 4618.0
2117.0 604.0
2117.0 985.0
2117.0 434.0
2117.0 1504.0
2117.0 107.0
2117.0 3803.0
2117.0 1810.0
2117.0 1246.0
2117.0 293.0
2117.0 396.0
2117.0 579.0
5165.0 7776.0
5165.0 1160.0
5165.0 2869.0
5165.0 121.0
5165.0 3103.0
5165.0 862.0
5165.0 580.0
2481.0 2762.0
8006.0 537.0
4278.0 1691.0
8476.0 1160.0
2780.0 7364.0
2780.0 2670.0
2780.0 8483.0
2780.0 8486.0
2780.0 2941.0
2780.0 93.0
2780.0 2942.0
2780.0 8490.0
2780.0 830.0
2780.0 872.0
2780.0 5820.0
2780.0 4636.0
2780.0 407.0
2780.0 1170.0
2780.0 569.0
2780.0 1466.0
2780.0 7470.0
2780.0 1187.0
2780.0 8503.0
2780.0 475.0
2780.0 685.0
2780.0 201.0
2780.0 4989.0
2780.0 493.0
2780.0 1206.0
2780.0 124.0
2780.0 524.0
2780.0 2970.0
2780.0 2971.0
2780.0 2985.0
2780.0 8520.0
2780.0 8521.0
2780.0 107.0
2780.0 278.0
2780.0 2523.0
2780.0 3936.0
2780.0 1509.0
2780.0 3746.0
2780.0 1179.0
2780.0 2667.0
2780.0 8525.0
2780.0 3754.0
2780.0 6472.0
2780.0 883.0
2780.0 5716.0
2780.0 7965.0
2780.0 795.0
2780.0 178.0
2780.0 917.0
2780.0 4627.0
2780.0 538.0
2780.0 1737.0
2780.0 7454.0
2780.0 563.0
2780.0 2673.0
2780.0 1504.0
2780.0 3000.0
2780.0 4051.0
2780.0 2917.0
2780.0 1687.0
2780.0 6191.0
2780.0 83.0
2780.0 1193.0
2780.0 271.0
2780.0 1094.0
2780.0 1587.0
2780.0 213.0
2780.0 1116.0
2780.0 851.0
2780.0 4879.0
2780.0 1503.0
2780.0 558.0
2780.0 580.0
37.0 2762.0
3539.0 2776.0
2109.0 749.0
2109.0 751.0
2109.0 789.0
2109.0 3767.0
2109.0 793.0
2109.0 2527.0
2109.0 279.0
2109.0 1210.0
2109.0 825.0
2109.0 692.0
2109.0 851.0
2109.0 191.0
2109.0 885.0
2109.0 3803.0
2109.0 1810.0
3991.0 43.0
3928.0 1513.0
3928.0 4444.0
3928.0 2742.0
3928.0 419.0
3928.0 4747.0
3928.0 6136.0
3928.0 397.0
3928.0 685.0
3928.0 7965.0
3928.0 3887.0
3928.0 2519.0
3928.0 271.0
3928.0 396.0
3928.0 372.0
3928.0 1101.0
3928.0 2019.0
3928.0 6359.0
3928.0 2972.0
3928.0 534.0
3928.0 715.0
3928.0 845.0
3928.0 2046.0
3928.0 1.0
3928.0 1234.0
3928.0 4816.0
3928.0 1574.0
3928.0 7011.0
3928.0 823.0
3928.0 606.0
3928.0 54.0
3928.0 1160.0
3928.0 1246.0
9308.0 4729.0
4367.0 2762.0
1687.0 938.0
1687.0 49.0
1687.0 604.0
1687.0 4636.0
1687.0 1193.0
1687.0 569.0
1687.0 3893.0
1687.0 2373.0
1687.0 981.0
1687.0 2971.0
1687.0 122.0
1687.0 534.0
1687.0 1503.0
1687.0 1232.0
1687.0 985.0
4456.0 170.0
4456.0 524.0
4456.0 2759.0
4456.0 1503.0
4456.0 1121.0
4456.0 1605.0
4456.0 888.0
4456.0 2106.0
6071.0 5620.0
6071.0 5672.0
6071.0 5683.0
6071.0 629.0
8546.0 86.0
8546.0 6164.0
8546.0 105.0
9543.0 43.0
2285.0 3490.0
2285.0 473.0
2285.0 534.0
2285.0 793.0
2285.0 1503.0
2285.0 985.0
2285.0 1234.0
2285.0 1246.0
2285.0 278.0
5638.0 6634.0
5638.0 4433.0
5638.0 41.0
5638.0 1160.0
6648.0 4729.0
41.0 184.0
41.0 1105.0
41.0 1614.0
41.0 5638.0
41.0 3477.0
2713.0 1008.0
2713.0 1503.0
2713.0 31.0
2713.0 279.0
2713.0 823.0
2713.0 1810.0
2713.0 604.0
2713.0 4849.0
7877.0 537.0
2717.0 2762.0
1210.0 537.0
1794.0 1691.0
10021.0 1160.0
4114.0 938.0
4114.0 397.0
4114.0 271.0
4114.0 1123.0
4114.0 7877.0
4114.0 372.0
4114.0 2738.0
4114.0 944.0
4114.0 1503.0
4114.0 1504.0
6462.0 4729.0
10153.0 1982.0
10153.0 1160.0
3008.0 43.0
8148.0 4729.0
2186.0 2762.0
2186.0 1691.0
6458.0 4729.0
8091.0 944.0
456.0 4058.0
456.0 54.0
456.0 4747.0
456.0 685.0
456.0 5716.0
456.0 1555.0
456.0 105.0
456.0 10318.0
456.0 1545.0
456.0 1927.0
456.0 170.0
456.0 1553.0
456.0 1255.0
456.0 4187.0
456.0 569.0
456.0 278.0
456.0 710.0
456.0 4002.0
456.0 83.0
456.0 1509.0
456.0 102.0
2799.0 4058.0
2799.0 412.0
2799.0 1193.0
2799.0 3428.0
2799.0 83.0
2799.0 524.0
2799.0 1503.0
2799.0 10228.0
2799.0 1651.0
2799.0 2602.0
2799.0 1605.0
2799.0 6057.0
3954.0 2023.0
3954.0 944.0
10374.0 4729.0
3190.0 751.0
3190.0 1160.0
10391.0 606.0
3614.0 2655.0
3614.0 3478.0
3614.0 845.0
3614.0 1094.0
3614.0 2936.0
3614.0 7444.0
10459.0 537.0
1200.0 4729.0
1101.0 1519.0
1101.0 93.0
1101.0 7805.0
1101.0 812.0
1101.0 1105.0
1101.0 715.0
1101.0 4816.0
1101.0 434.0
1101.0 217.0
1101.0 1535.0
1101.0 906.0
1101.0 3103.0
1101.0 1513.0
1101.0 419.0
1101.0 54.0
1101.0 396.0
1101.0 685.0
1101.0 201.0
1101.0 10256.0
1101.0 2543.0
1101.0 604.0
1101.0 124.0
1101.0 524.0
1101.0 1531.0
1101.0 10584.0
1101.0 606.0
1101.0 2778.0
1101.0 172.0
1101.0 2186.0
1101.0 991.0
1101.0 121.0
1101.0 31.0
1101.0 2019.0
1101.0 6389.0
1101.0 4187.0
1101.0 5379.0
1101.0 6137.0
1101.0 3928.0
1101.0 3020.0
1101.0 4444.0
1101.0 115.0
1101.0 1094.0
1101.0 851.0
1101.0 1503.0
1101.0 97.0
2972.0 2762.0
2223.0 2019.0
2223.0 524.0
5956.0 376.0
5956.0 1503.0
5956.0 604.0
6008.0 2762.0
5612.0 2762.0
5612.0 4729.0
2106.0 537.0
8149.0 4729.0
9421.0 4729.0
3004.0 6689.0
3004.0 6191.0
3004.0 11019.0
3004.0 747.0
3004.0 1160.0
4775.0 2762.0
7013.0 3103.0
2955.0 2940.0
2955.0 2762.0
1525.0 1513.0
1525.0 419.0
1525.0 883.0
1525.0 4444.0
1525.0 397.0
1525.0 789.0
1525.0 1077.0
1525.0 845.0
1525.0 1574.0
1525.0 800.0
1525.0 130.0
1525.0 372.0
1525.0 7122.0
1525.0 1101.0
1525.0 524.0
1525.0 191.0
1525.0 534.0
1525.0 37.0
1525.0 1120.0
1525.0 1503.0
1525.0 1234.0
1525.0 4816.0
1525.0 407.0
1525.0 1535.0
1525.0 2149.0
1525.0 1160.0
1525.0 1246.0
1525.0 396.0
1525.0 6057.0
3428.0 43.0
187.0 43.0
3716.0 3887.0
3716.0 2019.0
3716.0 922.0
3716.0 1503.0
3716.0 563.0
3716.0 1509.0
4849.0 2762.0
606.0 6217.0
606.0 6137.0
606.0 5315.0
606.0 11516.0
606.0 11517.0
606.0 4872.0
606.0 419.0
606.0 2679.0
606.0 4874.0
606.0 6162.0
606.0 6347.0
606.0 4350.0
606.0 46.0
606.0 11519.0
606.0 4203.0
606.0 5934.0
606.0 3560.0
606.0 3253.0
606.0 1519.0
606.0 2984.0
606.0 1198.0
606.0 5650.0
606.0 800.0
606.0 3367.0
606.0 10630.0
606.0 5492.0
606.0 297.0
606.0 5357.0
606.0 11532.0
606.0 3746.0
606.0 5360.0
606.0 5361.0
606.0 4887.0
606.0 274.0
606.0 1101.0
606.0 11213.0
606.0 11535.0
606.0 830.0
606.0 1682.0
606.0 7983.0
606.0 5749.0
606.0 2971.0
606.0 4118.0
606.0 988.0
606.0 11536.0
606.0 845.0
606.0 93.0
606.0 795.0
606.0 299.0
606.0 3041.0
606.0 8520.0
606.0 8006.0
606.0 11541.0
606.0 353.0
606.0 5379.0
606.0 1531.0
606.0 1677.0
606.0 3579.0
606.0 1200.0
606.0 8499.0
606.0 11548.0
606.0 5003.0
606.0 396.0
606.0 8148.0
606.0 4137.0
606.0 8149.0
606.0 1535.0
606.0 2161.0
606.0 10584.0
606.0 1160.0
606.0 6798.0
606.0 7454.0
606.0 2149.0
606.0 10663.0
606.0 3020.0
5984.0 2762.0
5984.0 1691.0
2115.0 43.0
6061.0 4775.0
6061.0 5050.0
6061.0 1982.0
6061.0 1851.0
756.0 2115.0
756.0 938.0
756.0 1535.0
756.0 812.0
756.0 122.0
756.0 3871.0
756.0 1503.0
756.0 563.0
3754.0 1691.0
4060.0 1123.0
4060.0 2547.0
4060.0 1503.0
4060.0 278.0
938.0 2762.0
938.0 43.0
1183.0 938.0
1183.0 49.0
1183.0 1503.0
1183.0 789.0
1183.0 1574.0
1183.0 271.0
1183.0 130.0
1183.0 1123.0
1183.0 922.0
7943.0 2411.0
784.0 537.0
6564.0 537.0
5716.0 991.0
5716.0 6347.0
5716.0 475.0
5716.0 685.0
5716.0 1781.0
5716.0 5360.0
5716.0 2970.0
5716.0 701.0
5716.0 534.0
5716.0 1503.0
5716.0 858.0
5716.0 2942.0
5716.0 3705.0
5716.0 4284.0
5716.0 206.0
5716.0 1008.0
5716.0 2054.0
5716.0 2673.0
5716.0 3006.0
5716.0 569.0
5716.0 278.0
5716.0 885.0
5716.0 823.0
5716.0 3598.0
5716.0 5984.0
7965.0 1691.0
7965.0 43.0
7965.0 2762.0
11019.0 537.0
90.0 3103.0
90.0 1975.0
90.0 1651.0
90.0 4002.0
483.0 2940.0
483.0 1691.0
483.0 43.0
483.0 2762.0
4446.0 1513.0
4446.0 4816.0
4446.0 372.0
4446.0 4911.0
4446.0 534.0
4446.0 82.0
4446.0 3928.0
4446.0 1206.0
4446.0 2742.0
4446.0 1503.0
4446.0 2246.0
4446.0 475.0
11535.0 4729.0
31.0 6147.0
31.0 130.0
31.0 279.0
31.0 1101.0
31.0 1120.0
31.0 4636.0
31.0 2373.0
31.0 6129.0
31.0 3146.0
31.0 8472.0
31.0 419.0
31.0 3478.0
31.0 604.0
31.0 124.0
31.0 524.0
31.0 985.0
31.0 2778.0
31.0 2186.0
31.0 883.0
31.0 473.0
31.0 3369.0
31.0 751.0
31.0 3477.0
31.0 4433.0
31.0 6430.0
31.0 4111.0
31.0 538.0
31.0 1255.0
31.0 563.0
31.0 823.0
31.0 3803.0
31.0 2917.0
31.0 2497.0
31.0 7877.0
31.0 500.0
31.0 1503.0
31.0 3.0
31.0 97.0
31.0 1160.0
11928.0 1160.0
513.0 442.0
513.0 2106.0
513.0 872.0
513.0 1101.0
513.0 10027.0
513.0 1160.0
513.0 579.0
5596.0 4058.0
5596.0 2673.0
5596.0 3895.0
5596.0 1206.0
5596.0 604.0
5596.0 178.0
5596.0 1503.0
5596.0 1605.0
5596.0 2778.0
5596.0 102.0
6430.0 537.0
6430.0 2762.0
6389.0 2762.0
6095.0 5620.0
6095.0 5672.0
6095.0 629.0
6095.0 5683.0
12060.0 2940.0
7454.0 4729.0
4187.0 1691.0
4187.0 2762.0
885.0 43.0
885.0 2762.0
885.0 537.0
885.0 1691.0
2430.0 151.0
2430.0 1164.0
2430.0 160.0
2430.0 6472.0
2430.0 2983.0
2430.0 2984.0
2430.0 172.0
2430.0 2523.0
2430.0 1168.0
2430.0 4783.0
2430.0 964.0
2430.0 1094.0
2430.0 7122.0
2430.0 1163.0
2430.0 524.0
2430.0 1503.0
2430.0 2141.0
2430.0 21.0
2430.0 1255.0
2430.0 4187.0
2430.0 715.0
2430.0 278.0
2430.0 213.0
6073.0 5050.0
6073.0 1982.0
6073.0 2950.0
698.0 1691.0
2783.0 1503.0
2783.0 279.0
1163.0 537.0
10962.0 2762.0
4872.0 4729.0
2899.0 604.0
2899.0 1763.0
5672.0 238.0
5672.0 1687.0
5672.0 419.0
5672.0 1193.0
5672.0 795.0
5672.0 3589.0
5672.0 964.0
5672.0 3645.0
5672.0 2971.0
5672.0 534.0
5672.0 572.0
5672.0 2655.0
5672.0 1160.0
5672.0 5740.0
5672.0 1509.0
6681.0 54.0
1469.0 888.0
1469.0 845.0
1469.0 793.0
1469.0 569.0
1469.0 2012.0
1469.0 1246.0
1469.0 41.0
1469.0 692.0
1469.0 3706.0
1469.0 6634.0
1469.0 715.0
1469.0 396.0
3141.0 62.0
3141.0 698.0
8353.0 5492.0
8353.0 278.0
8353.0 191.0
8353.0 944.0
8353.0 1448.0
1094.0 537.0
1094.0 1691.0
1094.0 2762.0
2112.0 1055.0
2112.0 1346.0
2112.0 12165.0
2112.0 10606.0
2112.0 7395.0
2112.0 5034.0
2112.0 12552.0
2112.0 8010.0
2112.0 3128.0
2112.0 1062.0
2112.0 3704.0
2112.0 5074.0
2112.0 2098.0
2112.0 1167.0
2112.0 9867.0
2112.0 456.0
2112.0 3345.0
2112.0 382.0
2112.0 913.0
2112.0 1463.0
2112.0 7835.0
2112.0 3954.0
2112.0 2899.0
2112.0 1207.0
2112.0 3507.0
2112.0 3818.0
2112.0 260.0
2112.0 783.0
2112.0 1379.0
2112.0 7013.0
2112.0 2109.0
2112.0 633.0
2112.0 12559.0
2112.0 948.0
2112.0 10655.0
2112.0 8779.0
2112.0 5053.0
2112.0 1305.0
2112.0 9818.0
2112.0 8558.0
2112.0 6384.0
2112.0 2006.0
2112.0 8353.0
2112.0 2095.0
2112.0 11021.0
2112.0 1227.0
2112.0 12565.0
2112.0 10447.0
2112.0 4392.0
2112.0 2125.0
2112.0 10134.0
2112.0 620.0
2112.0 280.0
2112.0 318.0
2112.0 6671.0
2112.0 7241.0
2112.0 10391.0
2112.0 1157.0
2112.0 1944.0
2112.0 3841.0
2112.0 7010.0
2112.0 4736.0
2112.0 827.0
2112.0 1214.0
2112.0 3843.0
2112.0 9813.0
2112.0 5734.0
2112.0 7469.0
2112.0 4106.0
2112.0 6357.0
2112.0 3707.0
2112.0 3941.0
2112.0 12570.0
2112.0 2120.0
2112.0 12571.0
2112.0 8507.0
2112.0 12572.0
2112.0 5051.0
2112.0 2589.0
2112.0 3935.0
2112.0 7711.0
2112.0 4935.0
2112.0 6672.0
2112.0 5052.0
2112.0 3859.0
2112.0 3542.0
2112.0 3988.0
2112.0 6618.0
2112.0 4273.0
2112.0 9848.0
2112.0 398.0
2112.0 391.0
2112.0 1530.0
2112.0 3488.0
2112.0 3658.0
2112.0 1230.0
2112.0 2618.0
2112.0 1795.0
2112.0 6673.0
2112.0 1800.0
2112.0 3829.0
2112.0 1937.0
2112.0 2052.0
2112.0 3732.0
2112.0 1428.0
2112.0 4941.0
2112.0 1238.0
2112.0 535.0
2112.0 7447.0
2112.0 12580.0
2112.0 5126.0
2112.0 1414.0
2112.0 3407.0
2112.0 6369.0
2112.0 1156.0
2112.0 7262.0
2112.0 1807.0
2112.0 5374.0
2112.0 10341.0
2112.0 3209.0
2112.0 2625.0
2112.0 1247.0
2112.0 2111.0
2112.0 4013.0
2112.0 3747.0
68.0 6458.0
68.0 1934.0
68.0 4872.0
68.0 1706.0
68.0 4350.0
68.0 6191.0
68.0 981.0
68.0 1198.0
68.0 1200.0
68.0 3367.0
68.0 6648.0
68.0 5916.0
68.0 2317.0
68.0 5357.0
68.0 8286.0
68.0 5360.0
68.0 5361.0
68.0 4887.0
68.0 3316.0
68.0 6469.0
68.0 4111.0
68.0 3585.0
68.0 9860.0
68.0 7671.0
68.0 4149.0
68.0 388.0
68.0 5807.0
68.0 7821.0
68.0 6462.0
68.0 5047.0
68.0 7261.0
68.0 8149.0
68.0 2161.0
68.0 12629.0
68.0 8153.0
68.0 4151.0
68.0 7981.0
68.0 6638.0
68.0 6313.0
6683.0 1160.0
6683.0 93.0
6683.0 206.0
6683.0 160.0
3719.0 1503.0
3719.0 812.0
3719.0 1123.0
3719.0 130.0
3719.0 692.0
3719.0 604.0
3719.0 944.0
3719.0 1120.0
3719.0 938.0
3719.0 1448.0
9303.0 1691.0
5653.0 4729.0
3856.0 31.0
3856.0 604.0
3856.0 938.0
3856.0 1503.0
3856.0 93.0
3856.0 1008.0
3856.0 563.0
3856.0 906.0
10957.0 43.0
10663.0 4729.0
11127.0 1503.0
2470.0 537.0
7709.0 698.0
7709.0 107.0
7709.0 388.0
7709.0 1503.0
7709.0 2497.0
1081.0 1120.0
1081.0 883.0
1081.0 1503.0
1081.0 789.0
1081.0 812.0
1081.0 326.0
1081.0 124.0
1081.0 4627.0
1081.0 37.0
1081.0 563.0
1081.0 271.0
4887.0 4729.0
4887.0 2762.0
1908.0 2186.0
1908.0 3103.0
1908.0 1513.0
1908.0 938.0
1908.0 5270.0
1908.0 46.0
1908.0 3706.0
1908.0 172.0
1908.0 1123.0
1908.0 604.0
1908.0 524.0
1908.0 3585.0
1908.0 944.0
1908.0 1503.0
1908.0 2602.0
1908.0 563.0
5602.0 271.0
5602.0 563.0
5602.0 1503.0
106.0 6217.0
106.0 93.0
106.0 1168.0
106.0 3100.0
106.0 10318.0
106.0 568.0
106.0 1120.0
106.0 3991.0
106.0 12060.0
106.0 1255.0
106.0 13011.0
106.0 1982.0
106.0 1160.0
11574.0 2762.0
11574.0 1691.0
2136.0 2762.0
6129.0 537.0
407.0 7364.0
407.0 2670.0
407.0 8486.0
407.0 2941.0
407.0 93.0
407.0 172.0
407.0 279.0
407.0 872.0
407.0 5820.0
407.0 4636.0
407.0 1170.0
407.0 569.0
407.0 1837.0
407.0 2673.0
407.0 7470.0
407.0 8503.0
407.0 201.0
407.0 4989.0
407.0 1206.0
407.0 3564.0
407.0 10919.0
407.0 124.0
407.0 524.0
407.0 2970.0
407.0 2985.0
407.0 8520.0
407.0 8521.0
407.0 107.0
407.0 1509.0
407.0 1179.0
407.0 2667.0
407.0 8490.0
407.0 8525.0
407.0 6472.0
407.0 883.0
407.0 1466.0
407.0 5716.0
407.0 795.0
407.0 483.0
407.0 2838.0
407.0 2172.0
407.0 5653.0
407.0 4627.0
407.0 2780.0
407.0 1737.0
407.0 558.0
407.0 213.0
407.0 563.0
407.0 320.0
407.0 5514.0
407.0 4051.0
407.0 2917.0
407.0 7454.0
407.0 2925.0
407.0 1193.0
407.0 271.0
407.0 1094.0
407.0 1587.0
407.0 278.0
407.0 1545.0
407.0 1116.0
407.0 1503.0
407.0 3000.0
407.0 2655.0
434.0 8483.0
434.0 1472.0
434.0 493.0
434.0 1200.0
434.0 1101.0
434.0 715.0
434.0 1513.0
434.0 4051.0
434.0 2186.0
434.0 1503.0
434.0 784.0
434.0 534.0
434.0 3020.0
434.0 115.0
434.0 393.0
2764.0 537.0
1170.0 537.0
2885.0 1503.0
2885.0 413.0
5374.0 872.0
2407.0 1503.0
2407.0 1210.0
1975.0 43.0
2169.0 537.0
1324.0 789.0
1324.0 7491.0
1324.0 7877.0
1324.0 4734.0
1324.0 1794.0
1324.0 1120.0
1324.0 1160.0
5995.0 629.0
5995.0 5620.0
5995.0 1160.0
5995.0 3103.0
5995.0 320.0
5995.0 5672.0
3472.0 4729.0
1193.0 1691.0
1193.0 537.0
1193.0 2762.0
5718.0 1160.0
5718.0 320.0
3893.0 4729.0
3893.0 537.0
2543.0 43.0
3316.0 43.0
4928.0 2945.0
4928.0 1691.0
4928.0 537.0
4928.0 2762.0
2971.0 2945.0
2971.0 2762.0
2971.0 4729.0
2971.0 537.0
2971.0 1691.0
2971.0 2940.0
1290.0 3273.0
1290.0 1503.0
11121.0 964.0
11121.0 6140.0
11121.0 1503.0
11121.0 579.0
3985.0 4729.0
299.0 2945.0
3730.0 4058.0
3730.0 5716.0
3730.0 170.0
3730.0 1206.0
3730.0 2019.0
3730.0 1587.0
3730.0 917.0
3730.0 1179.0
3730.0 1503.0
3730.0 1851.0
3730.0 604.0
3730.0 1605.0
3730.0 10584.0
3730.0 2778.0
3732.0 938.0
3732.0 789.0
3732.0 1574.0
3732.0 1123.0
3732.0 122.0
8544.0 8525.0
11114.0 2945.0
5683.0 238.0
5683.0 10611.0
5683.0 2942.0
5683.0 964.0
5683.0 580.0
5683.0 3555.0
5683.0 4636.0
5683.0 206.0
5683.0 629.0
5683.0 5315.0
5683.0 981.0
5683.0 419.0
5683.0 1193.0
5683.0 3887.0
5683.0 604.0
5683.0 568.0
5683.0 524.0
5683.0 2971.0
5683.0 107.0
5683.0 278.0
5683.0 710.0
5683.0 2777.0
5683.0 2778.0
5683.0 1509.0
5683.0 3071.0
5683.0 2186.0
5683.0 8525.0
5683.0 7219.0
5683.0 3352.0
5683.0 473.0
5683.0 795.0
5683.0 3589.0
5683.0 299.0
5683.0 534.0
5683.0 1232.0
5683.0 4051.0
5683.0 1687.0
5683.0 2925.0
5683.0 6191.0
5683.0 271.0
5683.0 3645.0
5683.0 500.0
5683.0 1210.0
5683.0 193.0
5683.0 2776.0
5683.0 858.0
5683.0 5379.0
5683.0 5620.0
5683.0 2655.0
5683.0 1160.0
5683.0 5740.0
5683.0 102.0
2315.0 858.0
2315.0 1503.0
2315.0 9564.0
2315.0 2732.0
2315.0 579.0
1842.0 43.0
7480.0 604.0
13658.0 2762.0
5003.0 160.0
5003.0 1187.0
5003.0 3428.0
5003.0 201.0
5003.0 3369.0
5003.0 715.0
5003.0 508.0
5003.0 86.0
5003.0 524.0
5003.0 4916.0
5003.0 206.0
5003.0 65.0
5003.0 922.0
5003.0 2246.0
5003.0 606.0
5003.0 579.0
3801.0 271.0
3801.0 812.0
3801.0 1503.0
7262.0 7639.0
7262.0 4162.0
7262.0 701.0
7262.0 9421.0
7262.0 62.0
1245.0 3962.0
1245.0 684.0
1245.0 124.0
1245.0 784.0
1245.0 1472.0
1245.0 2942.0
1245.0 1123.0
1245.0 715.0
1245.0 115.0
1245.0 2838.0
1245.0 4928.0
1245.0 1489.0
1245.0 93.0
1245.0 82.0
1245.0 278.0
