1.0 0.02040816326530612
1.0 0.04081632653061224
1.0 0.061224489795918366
1.0 0.08163265306122448
1.0 0.10204081632653061
1.0 0.12244897959183673
1.0 0.14285714285714285
1.0 0.16326530612244897
1.0 0.1836734693877551
1.0 0.20408163265306123
0.9090909090909091 0.20408163265306123
0.9166666666666666 0.22448979591836735
0.8461538461538461 0.22448979591836735
0.8571428571428571 0.24489795918367346
0.8666666666666667 0.2653061224489796
0.8125 0.2653061224489796
0.7647058823529411 0.2653061224489796
0.7222222222222222 0.2653061224489796
0.7368421052631579 0.2857142857142857
0.75 0.30612244897959184
0.7619047619047619 0.32653061224489793
0.7727272727272727 0.3469387755102041
0.782608695652174 0.3673469387755102
0.7916666666666666 0.3877551020408163
0.76 0.3877551020408163
0.7307692307692307 0.3877551020408163
0.7407407407407407 0.40816326530612246
0.75 0.42857142857142855
0.7586206896551724 0.4489795918367347
0.7333333333333333 0.4489795918367347
0.7096774193548387 0.4489795918367347
0.6875 0.4489795918367347
0.6666666666666666 0.4489795918367347
0.6470588235294118 0.4489795918367347
0.6571428571428571 0.46938775510204084
0.6388888888888888 0.46938775510204084
0.6216216216216216 0.46938775510204084
0.6052631578947368 0.46938775510204084
0.5897435897435898 0.46938775510204084
0.575 0.46938775510204084
0.5609756097560976 0.46938775510204084
0.5476190476190477 0.46938775510204084
0.5581395348837209 0.4897959183673469
0.5454545454545454 0.4897959183673469
0.5555555555555556 0.5102040816326531
0.5652173913043478 0.5306122448979592
0.5531914893617021 0.5306122448979592
0.5416666666666666 0.5306122448979592
0.5510204081632653 0.5510204081632653
0.54 0.5510204081632653
0.5294117647058824 0.5510204081632653
0.5384615384615384 0.5714285714285714
0.5283018867924528 0.5714285714285714
0.5185185185185185 0.5714285714285714
0.509090909090909 0.5714285714285714
0.5 0.5714285714285714
0.5087719298245614 0.5918367346938775
0.5172413793103449 0.6122448979591837
0.5084745762711864 0.6122448979591837
0.5 0.6122448979591837
0.4918032786885246 0.6122448979591837
0.4838709677419355 0.6122448979591837
0.47619047619047616 0.6122448979591837
0.46875 0.6122448979591837
0.46153846153846156 0.6122448979591837
0.45454545454545453 0.6122448979591837
0.44776119402985076 0.6122448979591837
0.4411764705882353 0.6122448979591837
0.43478260869565216 0.6122448979591837
0.42857142857142855 0.6122448979591837
0.4225352112676056 0.6122448979591837
0.4166666666666667 0.6122448979591837
0.410958904109589 0.6122448979591837
0.40540540540540543 0.6122448979591837
0.4 0.6122448979591837
0.39473684210526316 0.6122448979591837
0.38961038961038963 0.6122448979591837
0.38461538461538464 0.6122448979591837
0.379746835443038 0.6122448979591837
0.375 0.6122448979591837
0.37037037037037035 0.6122448979591837
0.36585365853658536 0.6122448979591837
0.3614457831325301 0.6122448979591837
0.35714285714285715 0.6122448979591837
0.35294117647058826 0.6122448979591837
0.3488372093023256 0.6122448979591837
0.3448275862068966 0.6122448979591837
0.3409090909090909 0.6122448979591837
0.33707865168539325 0.6122448979591837
0.3333333333333333 0.6122448979591837
0.32967032967032966 0.6122448979591837
0.32608695652173914 0.6122448979591837
0.3225806451612903 0.6122448979591837
0.32978723404255317 0.6326530612244898
0.3368421052631579 0.6530612244897959
0.34375 0.673469387755102
0.35051546391752575 0.6938775510204082
0.3469387755102041 0.6938775510204082
0.3434343434343434 0.6938775510204082
0.35 0.7142857142857143
0.3564356435643564 0.7346938775510204
0.3627450980392157 0.7551020408163265
0.36893203883495146 0.7755102040816326
0.36538461538461536 0.7755102040816326
0.3619047619047619 0.7755102040816326
0.3584905660377358 0.7755102040816326
0.35514018691588783 0.7755102040816326
0.35185185185185186 0.7755102040816326
0.3486238532110092 0.7755102040816326
0.34545454545454546 0.7755102040816326
0.34234234234234234 0.7755102040816326
0.3392857142857143 0.7755102040816326
0.336283185840708 0.7755102040816326
0.3333333333333333 0.7755102040816326
0.33043478260869563 0.7755102040816326
0.3275862068965517 0.7755102040816326
0.3247863247863248 0.7755102040816326
0.3220338983050847 0.7755102040816326
0.3277310924369748 0.7959183673469388
0.325 0.7959183673469388
0.32231404958677684 0.7959183673469388
0.319672131147541 0.7959183673469388
0.3170731707317073 0.7959183673469388
0.31451612903225806 0.7959183673469388
0.312 0.7959183673469388
0.31746031746031744 0.8163265306122449
0.31496062992125984 0.8163265306122449
0.3125 0.8163265306122449
0.31007751937984496 0.8163265306122449
0.3076923076923077 0.8163265306122449
0.3053435114503817 0.8163265306122449
0.30303030303030304 0.8163265306122449
0.3007518796992481 0.8163265306122449
0.29850746268656714 0.8163265306122449
0.2962962962962963 0.8163265306122449
0.29411764705882354 0.8163265306122449
0.291970802919708 0.8163265306122449
0.2898550724637681 0.8163265306122449
0.28776978417266186 0.8163265306122449
0.2857142857142857 0.8163265306122449
0.28368794326241137 0.8163265306122449
0.28169014084507044 0.8163265306122449
0.27972027972027974 0.8163265306122449
0.2777777777777778 0.8163265306122449
0.27586206896551724 0.8163265306122449
0.273972602739726 0.8163265306122449
0.2789115646258503 0.8367346938775511
0.28378378378378377 0.8571428571428571
0.28859060402684567 0.8775510204081632
0.29333333333333333 0.8979591836734694
0.2913907284768212 0.8979591836734694
0.2894736842105263 0.8979591836734694
0.2875816993464052 0.8979591836734694
0.2857142857142857 0.8979591836734694
0.2838709677419355 0.8979591836734694
0.28205128205128205 0.8979591836734694
0.2802547770700637 0.8979591836734694
0.27848101265822783 0.8979591836734694
0.27672955974842767 0.8979591836734694
0.275 0.8979591836734694
0.2732919254658385 0.8979591836734694
0.2716049382716049 0.8979591836734694
0.26993865030674846 0.8979591836734694
0.2682926829268293 0.8979591836734694
0.26666666666666666 0.8979591836734694
0.26506024096385544 0.8979591836734694
0.2634730538922156 0.8979591836734694
0.2619047619047619 0.8979591836734694
0.2603550295857988 0.8979591836734694
0.25882352941176473 0.8979591836734694
0.2573099415204678 0.8979591836734694
0.2558139534883721 0.8979591836734694
0.2543352601156069 0.8979591836734694
0.25287356321839083 0.8979591836734694
0.25142857142857145 0.8979591836734694
0.25 0.8979591836734694
0.24858757062146894 0.8979591836734694
0.24719101123595505 0.8979591836734694
0.24581005586592178 0.8979591836734694
0.24444444444444444 0.8979591836734694
0.2430939226519337 0.8979591836734694
0.24175824175824176 0.8979591836734694
0.24043715846994534 0.8979591836734694
0.2391304347826087 0.8979591836734694
0.23783783783783785 0.8979591836734694
0.23655913978494625 0.8979591836734694
0.23529411764705882 0.8979591836734694
0.23404255319148937 0.8979591836734694
0.2328042328042328 0.8979591836734694
0.23157894736842105 0.8979591836734694
0.23036649214659685 0.8979591836734694
0.22916666666666666 0.8979591836734694
0.22797927461139897 0.8979591836734694
0.2268041237113402 0.8979591836734694
0.22564102564102564 0.8979591836734694
0.22448979591836735 0.8979591836734694
0.2233502538071066 0.8979591836734694
0.2222222222222222 0.8979591836734694
0.22110552763819097 0.8979591836734694
0.22 0.8979591836734694
0.21890547263681592 0.8979591836734694
0.21782178217821782 0.8979591836734694
0.21674876847290642 0.8979591836734694
0.21568627450980393 0.8979591836734694
0.2146341463414634 0.8979591836734694
0.21359223300970873 0.8979591836734694
0.21256038647342995 0.8979591836734694
0.21153846153846154 0.8979591836734694
0.21052631578947367 0.8979591836734694
0.20952380952380953 0.8979591836734694
0.20853080568720378 0.8979591836734694
0.20754716981132076 0.8979591836734694
0.20657276995305165 0.8979591836734694
0.205607476635514 0.8979591836734694
0.20465116279069767 0.8979591836734694
0.2037037037037037 0.8979591836734694
0.20276497695852536 0.8979591836734694
0.2018348623853211 0.8979591836734694
0.2009132420091324 0.8979591836734694
0.2 0.8979591836734694
0.19909502262443438 0.8979591836734694
0.1981981981981982 0.8979591836734694
0.19730941704035873 0.8979591836734694
0.19642857142857142 0.8979591836734694
0.19555555555555557 0.8979591836734694
0.19469026548672566 0.8979591836734694
0.19383259911894274 0.8979591836734694
0.19298245614035087 0.8979591836734694
0.19213973799126638 0.8979591836734694
0.19130434782608696 0.8979591836734694
0.19047619047619047 0.8979591836734694
0.1896551724137931 0.8979591836734694
0.1888412017167382 0.8979591836734694
0.18803418803418803 0.8979591836734694
0.18723404255319148 0.8979591836734694
0.1864406779661017 0.8979591836734694
0.18565400843881857 0.8979591836734694
0.18487394957983194 0.8979591836734694
0.18410041841004185 0.8979591836734694
0.18333333333333332 0.8979591836734694
0.1825726141078838 0.8979591836734694
0.18181818181818182 0.8979591836734694
0.18106995884773663 0.8979591836734694
0.18032786885245902 0.8979591836734694
0.17959183673469387 0.8979591836734694
0.18292682926829268 0.9183673469387755
0.1862348178137652 0.9387755102040817
0.18951612903225806 0.9591836734693877
0.1927710843373494 0.9795918367346939
0.192 0.9795918367346939
0.19123505976095617 0.9795918367346939
0.19047619047619047 0.9795918367346939
0.18972332015810275 0.9795918367346939
0.1889763779527559 0.9795918367346939
0.18823529411764706 0.9795918367346939
0.1875 0.9795918367346939
0.1867704280155642 0.9795918367346939
0.18604651162790697 0.9795918367346939
0.18532818532818532 0.9795918367346939
0.18461538461538463 0.9795918367346939
0.1839080459770115 0.9795918367346939
0.183206106870229 0.9795918367346939
0.18250950570342206 0.9795918367346939
0.18181818181818182 0.9795918367346939
0.1811320754716981 0.9795918367346939
0.18045112781954886 0.9795918367346939
0.1797752808988764 0.9795918367346939
0.1791044776119403 0.9795918367346939
0.17843866171003717 0.9795918367346939
0.17777777777777778 0.9795918367346939
0.17712177121771217 0.9795918367346939
0.17647058823529413 0.9795918367346939
0.17582417582417584 0.9795918367346939
0.17518248175182483 0.9795918367346939
0.17454545454545456 0.9795918367346939
0.17391304347826086 0.9795918367346939
0.17328519855595667 0.9795918367346939
0.17266187050359713 0.9795918367346939
0.17204301075268819 0.9795918367346939
0.17142857142857143 0.9795918367346939
0.1708185053380783 0.9795918367346939
0.1702127659574468 0.9795918367346939
0.1696113074204947 0.9795918367346939
0.16901408450704225 0.9795918367346939
0.16842105263157894 0.9795918367346939
0.16783216783216784 0.9795918367346939
0.1672473867595819 0.9795918367346939
0.16666666666666666 0.9795918367346939
0.16608996539792387 0.9795918367346939
0.16551724137931034 0.9795918367346939
0.16494845360824742 0.9795918367346939
0.1643835616438356 0.9795918367346939
0.16382252559726962 0.9795918367346939
0.16326530612244897 0.9795918367346939
0.16271186440677965 0.9795918367346939
0.16216216216216217 0.9795918367346939
0.16161616161616163 0.9795918367346939
0.1610738255033557 0.9795918367346939
0.1605351170568562 0.9795918367346939
0.16 0.9795918367346939
0.15946843853820597 0.9795918367346939
0.15894039735099338 0.9795918367346939
0.15841584158415842 0.9795918367346939
0.15789473684210525 0.9795918367346939
0.15737704918032788 0.9795918367346939
0.1568627450980392 0.9795918367346939
0.1563517915309446 0.9795918367346939
0.15584415584415584 0.9795918367346939
0.1553398058252427 0.9795918367346939
0.15483870967741936 0.9795918367346939
0.15434083601286175 0.9795918367346939
0.15384615384615385 0.9795918367346939
0.15335463258785942 0.9795918367346939
0.15286624203821655 0.9795918367346939
0.1523809523809524 0.9795918367346939
0.1518987341772152 0.9795918367346939
0.15141955835962145 0.9795918367346939
0.1509433962264151 0.9795918367346939
0.15047021943573669 0.9795918367346939
0.15 0.9795918367346939
0.14953271028037382 0.9795918367346939
0.14906832298136646 0.9795918367346939
0.14860681114551083 0.9795918367346939
0.14814814814814814 0.9795918367346939
0.1476923076923077 0.9795918367346939
0.147239263803681 0.9795918367346939
0.14678899082568808 0.9795918367346939
0.14634146341463414 0.9795918367346939
0.1458966565349544 0.9795918367346939
0.14545454545454545 0.9795918367346939
0.14501510574018128 0.9795918367346939
0.14457831325301204 0.9795918367346939
0.14414414414414414 0.9795918367346939
0.1437125748502994 0.9795918367346939
0.14328358208955225 0.9795918367346939
0.14285714285714285 0.9795918367346939
0.142433234421365 0.9795918367346939
0.14201183431952663 0.9795918367346939
0.1415929203539823 0.9795918367346939
0.1411764705882353 0.9795918367346939
0.14076246334310852 0.9795918367346939
0.14035087719298245 0.9795918367346939
0.13994169096209913 0.9795918367346939
0.13953488372093023 0.9795918367346939
0.1391304347826087 0.9795918367346939
0.13872832369942195 0.9795918367346939
0.138328530259366 0.9795918367346939
0.13793103448275862 0.9795918367346939
0.13753581661891118 0.9795918367346939
0.13714285714285715 0.9795918367346939
0.13675213675213677 0.9795918367346939
0.13636363636363635 0.9795918367346939
0.1359773371104816 0.9795918367346939
0.13559322033898305 0.9795918367346939
0.1352112676056338 0.9795918367346939
0.1348314606741573 0.9795918367346939
0.13445378151260504 0.9795918367346939
0.1340782122905028 0.9795918367346939
0.13370473537604458 0.9795918367346939
0.13333333333333333 0.9795918367346939
0.1329639889196676 0.9795918367346939
0.13259668508287292 0.9795918367346939
0.1322314049586777 0.9795918367346939
0.13186813186813187 0.9795918367346939
0.13150684931506848 0.9795918367346939
0.13114754098360656 0.9795918367346939
0.1307901907356948 0.9795918367346939
0.13043478260869565 0.9795918367346939
0.13008130081300814 0.9795918367346939
0.12972972972972974 0.9795918367346939
0.1293800539083558 0.9795918367346939
0.12903225806451613 0.9795918367346939
0.128686327077748 0.9795918367346939
0.12834224598930483 0.9795918367346939
0.128 0.9795918367346939
0.1276595744680851 0.9795918367346939
0.1273209549071618 0.9795918367346939
0.12698412698412698 0.9795918367346939
0.1266490765171504 0.9795918367346939
0.12631578947368421 0.9795918367346939
0.12598425196850394 0.9795918367346939
0.1256544502617801 0.9795918367346939
0.12532637075718014 0.9795918367346939
0.125 0.9795918367346939
0.12467532467532468 0.9795918367346939
0.12435233160621761 0.9795918367346939
0.12403100775193798 0.9795918367346939
0.12371134020618557 0.9795918367346939
0.12339331619537275 0.9795918367346939
0.12307692307692308 0.9795918367346939
0.12276214833759591 0.9795918367346939
0.12244897959183673 0.9795918367346939
0.12213740458015267 0.9795918367346939
0.1218274111675127 0.9795918367346939
0.12151898734177215 0.9795918367346939
0.12121212121212122 0.9795918367346939
0.12090680100755667 0.9795918367346939
0.12060301507537688 0.9795918367346939
0.12030075187969924 0.9795918367346939
0.12 0.9795918367346939
0.11970074812967581 0.9795918367346939
0.11940298507462686 0.9795918367346939
0.11910669975186104 0.9795918367346939
0.1188118811881188 0.9795918367346939
0.11851851851851852 0.9795918367346939
0.11822660098522167 0.9795918367346939
0.11793611793611794 0.9795918367346939
0.11764705882352941 0.9795918367346939
0.11735941320293398 0.9795918367346939
0.11707317073170732 0.9795918367346939
0.11678832116788321 0.9795918367346939
0.11650485436893204 0.9795918367346939
0.1162227602905569 0.9795918367346939
0.11594202898550725 0.9795918367346939
0.11566265060240964 0.9795918367346939
0.11538461538461539 0.9795918367346939
0.11510791366906475 0.9795918367346939
0.11483253588516747 0.9795918367346939
0.11455847255369929 0.9795918367346939
0.11428571428571428 0.9795918367346939
0.11401425178147269 0.9795918367346939
0.11374407582938388 0.9795918367346939
0.11347517730496454 0.9795918367346939
0.11320754716981132 0.9795918367346939
0.11294117647058824 0.9795918367346939
0.11267605633802817 0.9795918367346939
0.11241217798594848 0.9795918367346939
0.11214953271028037 0.9795918367346939
0.11188811188811189 0.9795918367346939
0.11162790697674418 0.9795918367346939
0.11136890951276102 0.9795918367346939
0.1111111111111111 0.9795918367346939
0.11085450346420324 0.9795918367346939
0.11059907834101383 0.9795918367346939
0.1103448275862069 0.9795918367346939
0.11009174311926606 0.9795918367346939
0.10983981693363844 0.9795918367346939
0.1095890410958904 0.9795918367346939
0.10933940774487472 0.9795918367346939
0.10909090909090909 0.9795918367346939
0.10884353741496598 0.9795918367346939
0.1085972850678733 0.9795918367346939
0.10835214446952596 0.9795918367346939
0.10810810810810811 0.9795918367346939
0.10786516853932585 0.9795918367346939
0.10762331838565023 0.9795918367346939
0.10738255033557047 0.9795918367346939
0.10714285714285714 0.9795918367346939
0.10690423162583519 0.9795918367346939
0.10666666666666667 0.9795918367346939
0.10643015521064302 0.9795918367346939
0.10619469026548672 0.9795918367346939
0.10596026490066225 0.9795918367346939
0.10572687224669604 0.9795918367346939
0.1054945054945055 0.9795918367346939
0.10526315789473684 0.9795918367346939
0.1050328227571116 0.9795918367346939
0.10480349344978165 0.9795918367346939
0.10457516339869281 0.9795918367346939
0.10434782608695652 0.9795918367346939
0.10412147505422993 0.9795918367346939
0.1038961038961039 0.9795918367346939
0.10367170626349892 0.9795918367346939
0.10344827586206896 0.9795918367346939
0.1032258064516129 0.9795918367346939
0.10300429184549356 0.9795918367346939
0.10278372591006424 0.9795918367346939
0.10256410256410256 0.9795918367346939
0.1023454157782516 0.9795918367346939
0.10212765957446808 0.9795918367346939
0.10191082802547771 0.9795918367346939
0.1016949152542373 0.9795918367346939
0.1014799154334038 0.9795918367346939
0.10126582278481013 0.9795918367346939
0.10105263157894737 0.9795918367346939
0.10084033613445378 0.9795918367346939
0.10062893081761007 0.9795918367346939
0.100418410041841 0.9795918367346939
0.10020876826722339 0.9795918367346939
0.1 0.9795918367346939
0.0997920997920998 0.9795918367346939
0.0995850622406639 0.9795918367346939
0.09937888198757763 0.9795918367346939
0.09917355371900827 0.9795918367346939
0.09896907216494845 0.9795918367346939
0.09876543209876543 0.9795918367346939
0.09856262833675565 0.9795918367346939
0.09836065573770492 0.9795918367346939
0.09815950920245399 0.9795918367346939
0.09795918367346938 0.9795918367346939
0.09775967413441955 0.9795918367346939
0.0975609756097561 0.9795918367346939
0.0973630831643002 0.9795918367346939
0.09716599190283401 0.9795918367346939
0.09696969696969697 0.9795918367346939
0.0967741935483871 0.9795918367346939
0.096579476861167 0.9795918367346939
0.0963855421686747 0.9795918367346939
0.09619238476953908 0.9795918367346939
0.096 0.9795918367346939
0.09580838323353294 0.9795918367346939
0.09561752988047809 0.9795918367346939
0.09542743538767395 0.9795918367346939
0.09523809523809523 0.9795918367346939
0.09504950495049505 0.9795918367346939
0.09486166007905138 0.9795918367346939
0.09467455621301775 0.9795918367346939
0.09448818897637795 0.9795918367346939
0.09430255402750491 0.9795918367346939
0.09411764705882353 0.9795918367346939
0.09393346379647749 0.9795918367346939
0.09375 0.9795918367346939
0.0935672514619883 0.9795918367346939
0.0933852140077821 0.9795918367346939
0.09320388349514563 0.9795918367346939
0.09302325581395349 0.9795918367346939
0.09284332688588008 0.9795918367346939
0.09266409266409266 0.9795918367346939
0.09248554913294797 0.9795918367346939
0.09230769230769231 0.9795918367346939
0.09213051823416507 0.9795918367346939
0.09195402298850575 0.9795918367346939
0.09177820267686425 0.9795918367346939
0.0916030534351145 0.9795918367346939
0.09142857142857143 0.9795918367346939
0.09125475285171103 0.9795918367346939
0.09108159392789374 0.9795918367346939
0.09090909090909091 0.9795918367346939
0.09073724007561437 0.9795918367346939
0.09056603773584905 0.9795918367346939
0.0903954802259887 0.9795918367346939
0.09022556390977443 0.9795918367346939
0.0900562851782364 0.9795918367346939
0.0898876404494382 0.9795918367346939
0.08971962616822429 0.9795918367346939
0.08955223880597014 0.9795918367346939
0.0893854748603352 0.9795918367346939
0.08921933085501858 0.9795918367346939
0.08905380333951762 0.9795918367346939
0.08888888888888889 0.9795918367346939
0.08872458410351201 0.9795918367346939
0.08856088560885608 0.9795918367346939
0.08839779005524862 0.9795918367346939
0.08823529411764706 0.9795918367346939
0.08807339449541285 0.9795918367346939
0.08791208791208792 0.9795918367346939
0.08775137111517367 0.9795918367346939
0.08759124087591241 0.9795918367346939
0.08743169398907104 0.9795918367346939
0.08727272727272728 0.9795918367346939
0.08711433756805807 0.9795918367346939
0.08695652173913043 0.9795918367346939
0.0867992766726944 0.9795918367346939
0.08664259927797834 0.9795918367346939
0.08648648648648649 0.9795918367346939
0.08633093525179857 0.9795918367346939
0.08617594254937164 0.9795918367346939
0.08602150537634409 0.9795918367346939
0.08586762075134168 0.9795918367346939
0.08571428571428572 0.9795918367346939
0.0855614973262032 0.9795918367346939
0.08540925266903915 0.9795918367346939
0.0852575488454707 0.9795918367346939
0.0851063829787234 0.9795918367346939
0.08495575221238938 0.9795918367346939
0.08480565371024736 0.9795918367346939
0.08465608465608465 0.9795918367346939
0.08450704225352113 0.9795918367346939
0.0843585237258348 0.9795918367346939
0.08421052631578947 0.9795918367346939
0.0840630472854641 0.9795918367346939
0.08391608391608392 0.9795918367346939
0.08376963350785341 0.9795918367346939
0.08362369337979095 0.9795918367346939
0.08347826086956522 0.9795918367346939
0.08333333333333333 0.9795918367346939
0.0831889081455806 0.9795918367346939
0.08304498269896193 0.9795918367346939
0.08290155440414508 0.9795918367346939
0.08275862068965517 0.9795918367346939
0.08261617900172118 0.9795918367346939
0.08247422680412371 0.9795918367346939
0.0823327615780446 0.9795918367346939
0.0821917808219178 0.9795918367346939
0.08376068376068375 1.0
0.08361774744027303 1.0
0.08347529812606473 1.0
0.08333333333333333 1.0
0.0831918505942275 1.0
0.08305084745762711 1.0
0.0829103214890017 1.0
0.08277027027027027 1.0
0.08263069139966273 1.0
0.08249158249158249 1.0
0.08235294117647059 1.0
0.08221476510067115 1.0
0.08207705192629816 1.0
0.08193979933110368 1.0
0.08180300500834725 1.0
0.08166666666666667 1.0
0.08153078202995008 1.0
0.08139534883720931 1.0
0.0812603648424544 1.0
0.08112582781456953 1.0
0.08099173553719008 1.0
0.08085808580858085 1.0
0.08072487644151564 1.0
0.0805921052631579 1.0
0.08045977011494253 1.0
0.08032786885245902 1.0
0.08019639934533551 1.0
0.08006535947712418 1.0
0.0799347471451876 1.0
0.07980456026058631 1.0
0.07967479674796749 1.0
0.07954545454545454 1.0
0.07941653160453808 1.0
0.07928802588996764 1.0
0.0791599353796446 1.0
0.07903225806451612 1.0
0.07890499194847021 1.0
0.07877813504823152 1.0
0.07865168539325842 1.0
0.07852564102564102 1.0
0.0784 1.0
0.07827476038338659 1.0
0.07814992025518341 1.0
0.07802547770700637 1.0
0.07790143084260731 1.0
0.07777777777777778 1.0
0.07765451664025357 1.0
0.07753164556962025 1.0
0.07740916271721959 1.0
0.07728706624605679 1.0
0.07716535433070866 1.0
0.0770440251572327 1.0
0.07692307692307693 1.0
0.0768025078369906 1.0
0.07668231611893583 1.0
0.0765625 1.0
0.07644305772230889 1.0
0.0763239875389408 1.0
0.07620528771384137 1.0
0.07608695652173914 1.0
0.07596899224806201 1.0
0.07585139318885449 1.0
0.07573415765069552 1.0
0.07561728395061729 1.0
0.07550077041602465 1.0
0.07538461538461538 1.0
0.07526881720430108 1.0
0.07515337423312883 1.0
0.07503828483920368 1.0
0.07492354740061162 1.0
0.07480916030534351 1.0
0.07469512195121951 1.0
0.0745814307458143 1.0
0.07446808510638298 1.0
0.07435508345978756 1.0
0.07424242424242425 1.0
0.07413010590015129 1.0
0.07401812688821752 1.0
0.07390648567119155 1.0
0.07379518072289157 1.0
0.07368421052631578 1.0
0.07357357357357357 1.0
0.0734632683658171 1.0
0.07335329341317365 1.0
0.07324364723467862 1.0
0.07313432835820896 1.0
0.07302533532041729 1.0
0.07291666666666667 1.0
0.07280832095096583 1.0
0.07270029673590504 1.0
0.0725925925925926 1.0
0.07248520710059171 1.0
0.0723781388478582 1.0
0.07227138643067847 1.0
0.07216494845360824 1.0
0.07205882352941176 1.0
0.07195301027900147 1.0
0.0718475073313783 1.0
0.07174231332357248 1.0
0.07163742690058479 1.0
0.07153284671532846 1.0
0.07142857142857142 1.0
0.07132459970887918 1.0
0.07122093023255814 1.0
0.07111756168359942 1.0
0.07101449275362319 1.0
0.07091172214182344 1.0
0.0708092485549133 1.0
0.0707070707070707 1.0
0.07060518731988473 1.0
0.07050359712230216 1.0
0.07040229885057471 1.0
0.0703012912482066 1.0
0.07020057306590258 1.0
0.07010014306151645 1.0
0.07 1.0
0.06990014265335236 1.0
0.0698005698005698 1.0
0.06970128022759602 1.0
0.06960227272727272 1.0
0.06950354609929078 1.0
0.06940509915014165 1.0
0.06930693069306931 1.0
0.0692090395480226 1.0
0.0691114245416079 1.0
0.06901408450704226 1.0
0.06891701828410689 1.0
0.06882022471910113 1.0
0.06872370266479663 1.0
0.06862745098039216 1.0
0.06853146853146853 1.0
0.06843575418994413 1.0
0.06834030683403068 1.0
0.06824512534818941 1.0
0.06815020862308763 1.0
0.06805555555555555 1.0
0.06796116504854369 1.0
0.06786703601108034 1.0
0.0677731673582296 1.0
0.06767955801104972 1.0
0.06758620689655172 1.0
0.0674931129476584 1.0
0.06740027510316368 1.0
0.0673076923076923 1.0
0.06721536351165981 1.0
0.06712328767123288 1.0
0.06703146374829001 1.0
0.06693989071038252 1.0
0.06684856753069578 1.0
0.0667574931880109 1.0
0.06666666666666667 1.0
0.06657608695652174 1.0
0.06648575305291723 1.0
0.06639566395663957 1.0
0.06630581867388363 1.0
0.06621621621621622 1.0
0.06612685560053981 1.0
0.0660377358490566 1.0
0.06594885598923284 1.0
0.06586021505376344 1.0
0.06577181208053691 1.0
0.06568364611260054 1.0
0.06559571619812583 1.0
0.06550802139037433 1.0
0.06542056074766354 1.0
0.06533333333333333 1.0
0.06524633821571238 1.0
0.06515957446808511 1.0
0.0650730411686587 1.0
0.0649867374005305 1.0
0.06490066225165562 1.0
0.06481481481481481 1.0
0.06472919418758256 1.0
0.06464379947229551 1.0
0.06455862977602109 1.0
0.06447368421052632 1.0
0.06438896189224705 1.0
0.06430446194225722 1.0
0.06422018348623854 1.0
0.06413612565445026 1.0
0.06405228758169934 1.0
0.0639686684073107 1.0
0.06388526727509779 1.0
0.06380208333333333 1.0
0.06371911573472042 1.0
0.06363636363636363 1.0
0.06355382619974059 1.0
0.06347150259067358 1.0
0.06338939197930142 1.0
0.06330749354005168 1.0
0.06322580645161291 1.0
0.06314432989690721 1.0
0.06306306306306306 1.0
0.06298200514138817 1.0
0.06290115532734275 1.0
0.06282051282051282 1.0
0.06274007682458387 1.0
0.06265984654731457 1.0
0.06257982120051085 1.0
0.0625 1.0
0.062420382165605096 1.0
0.062340966921119595 1.0
0.062261753494282084 1.0
0.06218274111675127 1.0
0.062103929024081114 1.0
0.0620253164556962 1.0
0.061946902654867256 1.0
0.06186868686868687 1.0
0.0617906683480454 1.0
0.061712846347607056 1.0
0.061635220125786164 1.0
0.06155778894472362 1.0
0.06148055207026349 1.0
0.06140350877192982 1.0
0.06132665832290363 1.0
0.06125 1.0
0.06117353308364544 1.0
0.06109725685785536 1.0
0.06102117061021171 1.0
0.060945273631840796 1.0
0.06086956521739131 1.0
0.060794044665012405 1.0
0.06071871127633209 1.0
0.06064356435643564 1.0
0.06056860321384425 1.0
0.06049382716049383 1.0
0.06041923551171394 1.0
0.0603448275862069 1.0
0.06027060270602706 1.0
0.060196560196560195 1.0
0.06012269938650307 1.0
0.06004901960784314 1.0
0.05997552019583843 1.0
0.05990220048899755 1.0
