1.0 0.0007267441860465116
1.0 0.0007267441860465116
1.0 0.0014534883720930232
1.0 0.002180232558139535
1.0 0.0029069767441860465
0.8 0.0029069767441860465
0.6666666666666666 0.0029069767441860465
0.5714285714285714 0.0029069767441860465
0.5714285714285714 0.0029069767441860465
0.5714285714285714 0.0029069767441860465
0.5714285714285714 0.0029069767441860465
0.5714285714285714 0.0029069767441860465
0.5714285714285714 0.0029069767441860465
0.5 0.0029069767441860465
0.5 0.0029069767441860465
0.5 0.0029069767441860465
0.4444444444444444 0.0029069767441860465
0.4444444444444444 0.0029069767441860465
0.4444444444444444 0.0029069767441860465
0.4 0.0029069767441860465
0.4 0.0029069767441860465
0.4 0.0029069767441860465
0.36363636363636365 0.0029069767441860465
0.36363636363636365 0.0029069767441860465
0.36363636363636365 0.0029069767441860465
0.36363636363636365 0.0029069767441860465
0.36363636363636365 0.0029069767441860465
0.36363636363636365 0.0029069767441860465
0.4166666666666667 0.003633720930232558
0.46153846153846156 0.00436046511627907
0.42857142857142855 0.00436046511627907
0.42857142857142855 0.00436046511627907
0.42857142857142855 0.00436046511627907
0.4 0.00436046511627907
0.4 0.00436046511627907
0.4 0.00436046511627907
0.4 0.00436046511627907
0.4 0.00436046511627907
0.4 0.00436046511627907
0.4 0.00436046511627907
0.4 0.00436046511627907
0.375 0.00436046511627907
0.375 0.00436046511627907
0.375 0.00436046511627907
0.375 0.00436046511627907
0.375 0.00436046511627907
0.4117647058823529 0.005087209302325582
0.4117647058823529 0.005087209302325582
0.4117647058823529 0.005087209302325582
0.4117647058823529 0.005087209302325582
0.4117647058823529 0.005087209302325582
0.4117647058823529 0.005087209302325582
0.4117647058823529 0.005087209302325582
0.4117647058823529 0.005087209302325582
0.3888888888888889 0.005087209302325582
0.3888888888888889 0.005087209302325582
0.3684210526315789 0.005087209302325582
0.35 0.005087209302325582
0.3333333333333333 0.005087209302325582
0.3333333333333333 0.005087209302325582
0.3181818181818182 0.005087209302325582
0.3181818181818182 0.005087209302325582
0.3181818181818182 0.005087209302325582
0.3181818181818182 0.005087209302325582
0.3181818181818182 0.005087209302325582
0.2916666666666667 0.005087209302325582
0.2916666666666667 0.005087209302325582
0.2916666666666667 0.005087209302325582
0.28 0.005087209302325582
0.28 0.005087209302325582
0.28 0.005087209302325582
0.28 0.005087209302325582
0.2692307692307692 0.005087209302325582
0.2692307692307692 0.005087209302325582
0.25925925925925924 0.005087209302325582
0.25925925925925924 0.005087209302325582
0.25925925925925924 0.005087209302325582
0.25 0.005087209302325582
0.25 0.005087209302325582
0.25 0.005087209302325582
0.25 0.005087209302325582
0.25 0.005087209302325582
0.27586206896551724 0.005813953488372093
0.3 0.006540697674418605
0.3225806451612903 0.007267441860465116
0.34375 0.007994186046511628
0.3333333333333333 0.007994186046511628
0.34285714285714286 0.00872093023255814
0.3611111111111111 0.00944767441860465
0.3611111111111111 0.00944767441860465
0.34210526315789475 0.00944767441860465
0.35 0.010174418604651164
0.35 0.010174418604651164
0.36585365853658536 0.010901162790697675
0.36585365853658536 0.010901162790697675
0.35714285714285715 0.010901162790697675
0.35714285714285715 0.010901162790697675
0.35714285714285715 0.010901162790697675
0.35714285714285715 0.010901162790697675
0.35714285714285715 0.010901162790697675
0.35714285714285715 0.010901162790697675
0.35714285714285715 0.010901162790697675
0.3488372093023256 0.010901162790697675
0.3488372093023256 0.010901162790697675
0.3488372093023256 0.010901162790697675
0.3488372093023256 0.010901162790697675
0.36363636363636365 0.011627906976744186
0.36363636363636365 0.011627906976744186
0.36363636363636365 0.011627906976744186
0.36363636363636365 0.011627906976744186
0.35555555555555557 0.011627906976744186
0.35555555555555557 0.011627906976744186
0.35555555555555557 0.011627906976744186
0.35555555555555557 0.011627906976744186
0.34782608695652173 0.011627906976744186
0.3617021276595745 0.012354651162790697
0.3617021276595745 0.012354651162790697
0.375 0.01308139534883721
0.375 0.01308139534883721
0.3877551020408163 0.013808139534883721
0.3877551020408163 0.013808139534883721
0.3877551020408163 0.013808139534883721
0.3877551020408163 0.013808139534883721
0.3877551020408163 0.013808139534883721
0.3877551020408163 0.013808139534883721
0.3877551020408163 0.013808139534883721
0.3877551020408163 0.013808139534883721
0.39215686274509803 0.014534883720930232
0.39215686274509803 0.014534883720930232
0.40384615384615385 0.015261627906976744
0.40384615384615385 0.015261627906976744
0.40384615384615385 0.015261627906976744
0.40384615384615385 0.015261627906976744
0.41509433962264153 0.015988372093023256
0.41509433962264153 0.015988372093023256
0.41509433962264153 0.015988372093023256
0.41509433962264153 0.015988372093023256
0.41509433962264153 0.015988372093023256
0.41509433962264153 0.015988372093023256
0.41509433962264153 0.015988372093023256
0.41509433962264153 0.015988372093023256
0.41509433962264153 0.015988372093023256
0.41509433962264153 0.015988372093023256
0.41509433962264153 0.015988372093023256
0.41509433962264153 0.015988372093023256
0.41509433962264153 0.015988372093023256
0.41509433962264153 0.015988372093023256
0.41509433962264153 0.015988372093023256
0.41509433962264153 0.015988372093023256
0.4074074074074074 0.015988372093023256
0.41818181818181815 0.016715116279069766
0.41818181818181815 0.016715116279069766
0.41818181818181815 0.016715116279069766
0.42857142857142855 0.01744186046511628
0.42857142857142855 0.01744186046511628
0.42857142857142855 0.01744186046511628
0.42857142857142855 0.01744186046511628
0.42105263157894735 0.01744186046511628
0.42105263157894735 0.01744186046511628
0.42105263157894735 0.01744186046511628
0.42105263157894735 0.01744186046511628
0.42105263157894735 0.01744186046511628
0.42105263157894735 0.01744186046511628
0.423728813559322 0.018168604651162792
0.4166666666666667 0.018168604651162792
0.4166666666666667 0.018168604651162792
0.4166666666666667 0.018168604651162792
0.4098360655737705 0.018168604651162792
0.4098360655737705 0.018168604651162792
0.4032258064516129 0.018168604651162792
0.3968253968253968 0.018168604651162792
0.390625 0.018168604651162792
0.4 0.0188953488372093
0.4 0.0188953488372093
0.4090909090909091 0.019622093023255814
0.4090909090909091 0.019622093023255814
0.4090909090909091 0.019622093023255814
0.4090909090909091 0.019622093023255814
0.4090909090909091 0.019622093023255814
0.4090909090909091 0.019622093023255814
0.4090909090909091 0.019622093023255814
0.4090909090909091 0.019622093023255814
0.417910447761194 0.020348837209302327
0.417910447761194 0.020348837209302327
0.417910447761194 0.020348837209302327
0.4117647058823529 0.020348837209302327
0.4057971014492754 0.020348837209302327
0.4142857142857143 0.021075581395348836
0.4225352112676056 0.02180232558139535
0.4225352112676056 0.02180232558139535
0.4225352112676056 0.02180232558139535
0.4225352112676056 0.02180232558139535
0.4225352112676056 0.02180232558139535
0.4225352112676056 0.02180232558139535
0.4225352112676056 0.02180232558139535
0.4225352112676056 0.02180232558139535
0.4166666666666667 0.02180232558139535
0.4166666666666667 0.02180232558139535
0.4166666666666667 0.02180232558139535
0.4166666666666667 0.02180232558139535
0.410958904109589 0.02180232558139535
0.40540540540540543 0.02180232558139535
0.40540540540540543 0.02180232558139535
0.4 0.02180232558139535
0.4 0.02180232558139535
0.4 0.02180232558139535
0.4 0.02180232558139535
0.4 0.02180232558139535
0.4 0.02180232558139535
0.4 0.02180232558139535
0.4 0.02180232558139535
0.40789473684210525 0.02252906976744186
0.40789473684210525 0.02252906976744186
0.40789473684210525 0.02252906976744186
0.4155844155844156 0.023255813953488372
0.4230769230769231 0.023982558139534885
0.4177215189873418 0.023982558139534885
0.4177215189873418 0.023982558139534885
0.41975308641975306 0.024709302325581394
0.4146341463414634 0.024709302325581394
0.40963855421686746 0.024709302325581394
0.40963855421686746 0.024709302325581394
0.40963855421686746 0.024709302325581394
0.40963855421686746 0.024709302325581394
0.40963855421686746 0.024709302325581394
0.40963855421686746 0.024709302325581394
0.4166666666666667 0.025436046511627907
0.4166666666666667 0.025436046511627907
0.4235294117647059 0.02616279069767442
0.4235294117647059 0.02616279069767442
0.43023255813953487 0.02688953488372093
0.43023255813953487 0.02688953488372093
0.43023255813953487 0.02688953488372093
0.43023255813953487 0.02688953488372093
0.4318181818181818 0.027616279069767442
0.4318181818181818 0.027616279069767442
0.43820224719101125 0.028343023255813952
0.43820224719101125 0.028343023255813952
0.43820224719101125 0.028343023255813952
0.43820224719101125 0.028343023255813952
0.43820224719101125 0.028343023255813952
0.43820224719101125 0.028343023255813952
0.43820224719101125 0.028343023255813952
0.43333333333333335 0.028343023255813952
0.43333333333333335 0.028343023255813952
0.43333333333333335 0.028343023255813952
0.43956043956043955 0.029069767441860465
0.43956043956043955 0.029069767441860465
0.43956043956043955 0.029069767441860465
0.43956043956043955 0.029069767441860465
0.43956043956043955 0.029069767441860465
0.43956043956043955 0.029069767441860465
0.43956043956043955 0.029069767441860465
0.44565217391304346 0.029796511627906978
0.44086021505376344 0.029796511627906978
0.44086021505376344 0.029796511627906978
0.44680851063829785 0.030523255813953487
0.44680851063829785 0.030523255813953487
0.44680851063829785 0.030523255813953487
0.44680851063829785 0.030523255813953487
0.44680851063829785 0.030523255813953487
0.44680851063829785 0.030523255813953487
0.44680851063829785 0.030523255813953487
0.44680851063829785 0.030523255813953487
0.44680851063829785 0.030523255813953487
0.44680851063829785 0.030523255813953487
0.4421052631578947 0.030523255813953487
0.4421052631578947 0.030523255813953487
0.4479166666666667 0.03125
0.4479166666666667 0.03125
0.4479166666666667 0.03125
0.4479166666666667 0.03125
0.4479166666666667 0.03125
0.4479166666666667 0.03125
0.4479166666666667 0.03125
0.44329896907216493 0.03125
0.44329896907216493 0.03125
0.4489795918367347 0.03197674418604651
0.45454545454545453 0.032703488372093026
0.45454545454545453 0.032703488372093026
0.45454545454545453 0.032703488372093026
0.45454545454545453 0.032703488372093026
0.45 0.032703488372093026
0.45 0.032703488372093026
0.44554455445544555 0.032703488372093026
0.44554455445544555 0.032703488372093026
0.44554455445544555 0.032703488372093026
0.44554455445544555 0.032703488372093026
0.44554455445544555 0.032703488372093026
0.44554455445544555 0.032703488372093026
0.44554455445544555 0.032703488372093026
0.44554455445544555 0.032703488372093026
0.44554455445544555 0.032703488372093026
0.4411764705882353 0.032703488372093026
0.4411764705882353 0.032703488372093026
0.4368932038834951 0.032703488372093026
0.42857142857142855 0.032703488372093026
0.42857142857142855 0.032703488372093026
0.42857142857142855 0.032703488372093026
0.42857142857142855 0.032703488372093026
0.42452830188679247 0.032703488372093026
0.42452830188679247 0.032703488372093026
0.42592592592592593 0.03343023255813953
0.42201834862385323 0.03343023255813953
0.42201834862385323 0.03343023255813953
0.42727272727272725 0.034156976744186045
0.42857142857142855 0.03488372093023256
0.42857142857142855 0.03488372093023256
0.43859649122807015 0.036337209302325583
0.43478260869565216 0.036337209302325583
0.43478260869565216 0.036337209302325583
0.43478260869565216 0.036337209302325583
0.4396551724137931 0.037063953488372096
0.4396551724137931 0.037063953488372096
0.4396551724137931 0.037063953488372096
0.4358974358974359 0.037063953488372096
0.4322033898305085 0.037063953488372096
0.4369747899159664 0.0377906976744186
0.4369747899159664 0.0377906976744186
0.44166666666666665 0.038517441860465115
0.44166666666666665 0.038517441860465115
0.4462809917355372 0.03924418604651163
0.4462809917355372 0.03924418604651163
0.4462809917355372 0.03924418604651163
0.43902439024390244 0.03924418604651163
0.43902439024390244 0.03924418604651163
0.43548387096774194 0.03924418604651163
0.44 0.03997093023255814
0.44 0.03997093023255814
0.44 0.03997093023255814
0.4330708661417323 0.03997093023255814
0.4330708661417323 0.03997093023255814
0.4330708661417323 0.03997093023255814
0.4330708661417323 0.03997093023255814
0.4296875 0.03997093023255814
0.4296875 0.03997093023255814
0.4296875 0.03997093023255814
0.4296875 0.03997093023255814
0.4296875 0.03997093023255814
0.43410852713178294 0.040697674418604654
0.4307692307692308 0.040697674418604654
0.42748091603053434 0.040697674418604654
0.42748091603053434 0.040697674418604654
0.42424242424242425 0.040697674418604654
0.42424242424242425 0.040697674418604654
0.42424242424242425 0.040697674418604654
0.42424242424242425 0.040697674418604654
0.42105263157894735 0.040697674418604654
0.417910447761194 0.040697674418604654
0.417910447761194 0.040697674418604654
0.417910447761194 0.040697674418604654
0.41911764705882354 0.04142441860465116
0.41911764705882354 0.04142441860465116
0.41605839416058393 0.04142441860465116
0.41605839416058393 0.04142441860465116
0.41605839416058393 0.04142441860465116
0.41304347826086957 0.04142441860465116
0.41304347826086957 0.04142441860465116
0.41304347826086957 0.04142441860465116
0.4172661870503597 0.04215116279069767
0.4172661870503597 0.04215116279069767
0.4172661870503597 0.04215116279069767
0.4142857142857143 0.04215116279069767
0.4142857142857143 0.04215116279069767
0.41843971631205673 0.042877906976744186
0.4225352112676056 0.0436046511627907
0.42657342657342656 0.04433139534883721
0.4305555555555556 0.04505813953488372
0.43448275862068964 0.04578488372093023
0.4383561643835616 0.046511627906976744
0.4421768707482993 0.047238372093023256
0.4421768707482993 0.047238372093023256
0.4421768707482993 0.047238372093023256
0.4421768707482993 0.047238372093023256
0.4391891891891892 0.047238372093023256
0.4391891891891892 0.047238372093023256
0.4429530201342282 0.04796511627906977
0.4429530201342282 0.04796511627906977
0.44666666666666666 0.04869186046511628
0.44666666666666666 0.04869186046511628
0.44666666666666666 0.04869186046511628
0.44666666666666666 0.04869186046511628
0.44666666666666666 0.04869186046511628
0.44666666666666666 0.04869186046511628
0.44666666666666666 0.04869186046511628
0.44666666666666666 0.04869186046511628
0.44666666666666666 0.04869186046511628
0.44666666666666666 0.04869186046511628
0.44370860927152317 0.04869186046511628
0.44370860927152317 0.04869186046511628
0.44370860927152317 0.04869186046511628
0.4407894736842105 0.04869186046511628
0.4407894736842105 0.04869186046511628
0.4407894736842105 0.04869186046511628
0.43790849673202614 0.04869186046511628
0.43790849673202614 0.04869186046511628
0.43790849673202614 0.04869186046511628
0.43790849673202614 0.04869186046511628
0.432258064516129 0.04869186046511628
0.42948717948717946 0.04869186046511628
0.4267515923566879 0.04869186046511628
0.4267515923566879 0.04869186046511628
0.4267515923566879 0.04869186046511628
0.4267515923566879 0.04869186046511628
0.4267515923566879 0.04869186046511628
0.4267515923566879 0.04869186046511628
0.4240506329113924 0.04869186046511628
0.42138364779874216 0.04869186046511628
0.42138364779874216 0.04869186046511628
0.42138364779874216 0.04869186046511628
0.42138364779874216 0.04869186046511628
0.42138364779874216 0.04869186046511628
0.42138364779874216 0.04869186046511628
0.42138364779874216 0.04869186046511628
0.42138364779874216 0.04869186046511628
0.42138364779874216 0.04869186046511628
0.42138364779874216 0.04869186046511628
0.41875 0.04869186046511628
0.41875 0.04869186046511628
0.41875 0.04869186046511628
0.41875 0.04869186046511628
0.41875 0.04869186046511628
0.41358024691358025 0.04869186046511628
0.41358024691358025 0.04869186046511628
0.41358024691358025 0.04869186046511628
0.4110429447852761 0.04869186046511628
0.4146341463414634 0.04941860465116279
0.4146341463414634 0.04941860465116279
0.4146341463414634 0.04941860465116279
0.4146341463414634 0.04941860465116279
0.4121212121212121 0.04941860465116279
0.4121212121212121 0.04941860465116279
0.4121212121212121 0.04941860465116279
0.40963855421686746 0.04941860465116279
0.40963855421686746 0.04941860465116279
0.40963855421686746 0.04941860465116279
0.40963855421686746 0.04941860465116279
0.40963855421686746 0.04941860465116279
0.40963855421686746 0.04941860465116279
0.40963855421686746 0.04941860465116279
0.41317365269461076 0.0501453488372093
0.41317365269461076 0.0501453488372093
0.41317365269461076 0.0501453488372093
0.41317365269461076 0.0501453488372093
0.41317365269461076 0.0501453488372093
0.41317365269461076 0.0501453488372093
0.4107142857142857 0.0501453488372093
0.4107142857142857 0.0501453488372093
0.4107142857142857 0.0501453488372093
0.4107142857142857 0.0501453488372093
0.4107142857142857 0.0501453488372093
0.40828402366863903 0.0501453488372093
0.40828402366863903 0.0501453488372093
0.40828402366863903 0.0501453488372093
0.40828402366863903 0.0501453488372093
0.40828402366863903 0.0501453488372093
0.40828402366863903 0.0501453488372093
0.40588235294117647 0.0501453488372093
0.40350877192982454 0.0501453488372093
0.40350877192982454 0.0501453488372093
0.40350877192982454 0.0501453488372093
0.40350877192982454 0.0501453488372093
0.40350877192982454 0.0501453488372093
0.4046242774566474 0.050872093023255814
0.40804597701149425 0.05159883720930233
0.40804597701149425 0.05159883720930233
0.4057142857142857 0.05159883720930233
0.4034090909090909 0.05159883720930233
0.4011299435028249 0.05159883720930233
0.4011299435028249 0.05159883720930233
0.4011299435028249 0.05159883720930233
0.4011299435028249 0.05159883720930233
0.4011299435028249 0.05159883720930233
0.4011299435028249 0.05159883720930233
0.4011299435028249 0.05159883720930233
0.398876404494382 0.05159883720930233
0.4022346368715084 0.05232558139534884
0.40555555555555556 0.053052325581395346
0.40555555555555556 0.053052325581395346
0.40555555555555556 0.053052325581395346
0.40555555555555556 0.053052325581395346
0.40555555555555556 0.053052325581395346
0.40555555555555556 0.053052325581395346
0.40555555555555556 0.053052325581395346
0.40555555555555556 0.053052325581395346
0.40555555555555556 0.053052325581395346
0.40555555555555556 0.053052325581395346
0.40331491712707185 0.053052325581395346
0.40331491712707185 0.053052325581395346
0.4065934065934066 0.05377906976744186
0.4065934065934066 0.05377906976744186
0.4065934065934066 0.05377906976744186
0.40437158469945356 0.05377906976744186
0.40437158469945356 0.05377906976744186
0.40217391304347827 0.05377906976744186
0.40217391304347827 0.05377906976744186
0.40217391304347827 0.05377906976744186
0.40217391304347827 0.05377906976744186
0.40217391304347827 0.05377906976744186
0.40217391304347827 0.05377906976744186
0.40540540540540543 0.05450581395348837
0.40540540540540543 0.05450581395348837
0.40540540540540543 0.05450581395348837
0.4032258064516129 0.05450581395348837
0.4032258064516129 0.05450581395348837
0.40106951871657753 0.05450581395348837
0.40106951871657753 0.05450581395348837
0.40106951871657753 0.05450581395348837
0.40106951871657753 0.05450581395348837
0.40106951871657753 0.05450581395348837
0.40425531914893614 0.055232558139534885
0.4074074074074074 0.0559593023255814
0.4074074074074074 0.0559593023255814
0.4052631578947368 0.0559593023255814
0.4083769633507853 0.056686046511627904
0.4114583333333333 0.057412790697674417
0.4114583333333333 0.057412790697674417
0.4114583333333333 0.057412790697674417
0.40932642487046633 0.057412790697674417
0.41237113402061853 0.05813953488372093
0.41237113402061853 0.05813953488372093
0.41025641025641024 0.05813953488372093
0.41025641025641024 0.05813953488372093
0.41025641025641024 0.05813953488372093
0.41025641025641024 0.05813953488372093
0.41116751269035534 0.05886627906976744
0.41116751269035534 0.05886627906976744
0.41116751269035534 0.05886627906976744
0.4090909090909091 0.05886627906976744
0.4090909090909091 0.05886627906976744
0.4120603015075377 0.059593023255813955
0.4120603015075377 0.059593023255813955
0.4120603015075377 0.059593023255813955
0.4120603015075377 0.059593023255813955
0.4120603015075377 0.059593023255813955
0.41 0.059593023255813955
0.41 0.059593023255813955
0.4079601990049751 0.059593023255813955
0.4079601990049751 0.059593023255813955
0.4079601990049751 0.059593023255813955
0.40594059405940597 0.059593023255813955
0.40594059405940597 0.059593023255813955
0.4088669950738916 0.06031976744186047
0.4088669950738916 0.06031976744186047
0.4117647058823529 0.061046511627906974
0.4117647058823529 0.061046511627906974
0.4117647058823529 0.061046511627906974
0.4117647058823529 0.061046511627906974
0.4117647058823529 0.061046511627906974
0.4117647058823529 0.061046511627906974
0.4146341463414634 0.06177325581395349
0.41262135922330095 0.06177325581395349
0.4106280193236715 0.06177325581395349
0.41346153846153844 0.0625
0.41626794258373206 0.06322674418604651
0.41904761904761906 0.06395348837209303
0.41904761904761906 0.06395348837209303
0.41904761904761906 0.06395348837209303
0.41904761904761906 0.06395348837209303
0.41904761904761906 0.06395348837209303
0.4218009478672986 0.06468023255813954
0.4218009478672986 0.06468023255813954
0.419811320754717 0.06468023255813954
0.419811320754717 0.06468023255813954
0.419811320754717 0.06468023255813954
0.41784037558685444 0.06468023255813954
0.41784037558685444 0.06468023255813954
0.4158878504672897 0.06468023255813954
0.4158878504672897 0.06468023255813954
0.4158878504672897 0.06468023255813954
0.4186046511627907 0.06540697674418605
0.4186046511627907 0.06540697674418605
0.4166666666666667 0.06540697674418605
0.4166666666666667 0.06540697674418605
0.4166666666666667 0.06540697674418605
0.4166666666666667 0.06540697674418605
0.4166666666666667 0.06540697674418605
0.4147465437788018 0.06540697674418605
0.4147465437788018 0.06540697674418605
0.41284403669724773 0.06540697674418605
0.41284403669724773 0.06540697674418605
0.41284403669724773 0.06540697674418605
0.41284403669724773 0.06540697674418605
0.41284403669724773 0.06540697674418605
0.41284403669724773 0.06540697674418605
0.41284403669724773 0.06540697674418605
0.41284403669724773 0.06540697674418605
0.41284403669724773 0.06540697674418605
0.410958904109589 0.06540697674418605
0.410958904109589 0.06540697674418605
0.4090909090909091 0.06540697674418605
0.4090909090909091 0.06540697674418605
0.4090909090909091 0.06540697674418605
0.4072398190045249 0.06540697674418605
0.40540540540540543 0.06540697674418605
0.40540540540540543 0.06540697674418605
0.40540540540540543 0.06540697674418605
0.40358744394618834 0.06540697674418605
0.40358744394618834 0.06540697674418605
0.4017857142857143 0.06540697674418605
0.4017857142857143 0.06540697674418605
0.4017857142857143 0.06540697674418605
0.4017857142857143 0.06540697674418605
0.4017857142857143 0.06540697674418605
0.4017857142857143 0.06540697674418605
0.4017857142857143 0.06540697674418605
0.4017857142857143 0.06540697674418605
0.4 0.06540697674418605
0.4 0.06540697674418605
0.39823008849557523 0.06540697674418605
0.39823008849557523 0.06540697674418605
0.39823008849557523 0.06540697674418605
0.3964757709251101 0.06540697674418605
0.3964757709251101 0.06540697674418605
0.3964757709251101 0.06540697674418605
0.3964757709251101 0.06540697674418605
0.3964757709251101 0.06540697674418605
0.3964757709251101 0.06540697674418605
0.3964757709251101 0.06540697674418605
0.3964757709251101 0.06540697674418605
0.3964757709251101 0.06540697674418605
0.3964757709251101 0.06540697674418605
0.39473684210526316 0.06540697674418605
0.39473684210526316 0.06540697674418605
0.3930131004366812 0.06540697674418605
0.3930131004366812 0.06540697674418605
0.3930131004366812 0.06540697674418605
0.3930131004366812 0.06540697674418605
0.3930131004366812 0.06540697674418605
0.391304347826087 0.06540697674418605
0.391304347826087 0.06540697674418605
0.391304347826087 0.06540697674418605
0.391304347826087 0.06540697674418605
0.391304347826087 0.06540697674418605
0.391304347826087 0.06540697674418605
0.38961038961038963 0.06540697674418605
0.3879310344827586 0.06540697674418605
0.38626609442060084 0.06540697674418605
0.38626609442060084 0.06540697674418605
0.38626609442060084 0.06540697674418605
0.38626609442060084 0.06540697674418605
0.38626609442060084 0.06540697674418605
0.38461538461538464 0.06540697674418605
0.38461538461538464 0.06540697674418605
0.38461538461538464 0.06540697674418605
0.3829787234042553 0.06540697674418605
0.3829787234042553 0.06540697674418605
0.3829787234042553 0.06540697674418605
0.3813559322033898 0.06540697674418605
0.3813559322033898 0.06540697674418605
0.379746835443038 0.06540697674418605
0.379746835443038 0.06540697674418605
0.379746835443038 0.06540697674418605
0.379746835443038 0.06540697674418605
0.379746835443038 0.06540697674418605
0.379746835443038 0.06540697674418605
0.37815126050420167 0.06540697674418605
0.37815126050420167 0.06540697674418605
0.37815126050420167 0.06540697674418605
0.37656903765690375 0.06540697674418605
0.37656903765690375 0.06540697674418605
0.37656903765690375 0.06540697674418605
0.375 0.06540697674418605
0.375 0.06540697674418605
0.37344398340248963 0.06540697674418605
0.37344398340248963 0.06540697674418605
0.37344398340248963 0.06540697674418605
0.37344398340248963 0.06540697674418605
0.37344398340248963 0.06540697674418605
0.371900826446281 0.06540697674418605
0.371900826446281 0.06540697674418605
0.37037037037037035 0.06540697674418605
0.37037037037037035 0.06540697674418605
0.36885245901639346 0.06540697674418605
0.36585365853658536 0.06540697674418605
0.3643724696356275 0.06540697674418605
0.3629032258064516 0.06540697674418605
0.3629032258064516 0.06540697674418605
0.3614457831325301 0.06540697674418605
0.36 0.06540697674418605
0.36 0.06540697674418605
0.36 0.06540697674418605
0.36 0.06540697674418605
0.35856573705179284 0.06540697674418605
0.35856573705179284 0.06540697674418605
0.35856573705179284 0.06540697674418605
0.35856573705179284 0.06540697674418605
0.35856573705179284 0.06540697674418605
0.35714285714285715 0.06540697674418605
0.35714285714285715 0.06540697674418605
0.3557312252964427 0.06540697674418605
0.3557312252964427 0.06540697674418605
0.3557312252964427 0.06540697674418605
0.3543307086614173 0.06540697674418605
0.3543307086614173 0.06540697674418605
0.3543307086614173 0.06540697674418605
0.3543307086614173 0.06540697674418605
0.3515625 0.06540697674418605
0.3515625 0.06540697674418605
0.3515625 0.06540697674418605
0.3515625 0.06540697674418605
0.3515625 0.06540697674418605
0.35019455252918286 0.06540697674418605
0.35019455252918286 0.06540697674418605
0.35019455252918286 0.06540697674418605
0.35019455252918286 0.06540697674418605
0.3488372093023256 0.06540697674418605
0.3488372093023256 0.06540697674418605
0.3474903474903475 0.06540697674418605
0.3474903474903475 0.06540697674418605
0.3474903474903475 0.06540697674418605
0.34615384615384615 0.06540697674418605
0.3448275862068966 0.06540697674418605
0.3448275862068966 0.06540697674418605
0.3435114503816794 0.06540697674418605
0.3435114503816794 0.06540697674418605
0.34220532319391633 0.06540697674418605
0.3409090909090909 0.06540697674418605
0.33962264150943394 0.06540697674418605
0.33962264150943394 0.06540697674418605
0.33962264150943394 0.06540697674418605
0.33962264150943394 0.06540697674418605
0.33962264150943394 0.06540697674418605
0.3383458646616541 0.06540697674418605
0.3383458646616541 0.06540697674418605
0.3383458646616541 0.06540697674418605
0.33707865168539325 0.06540697674418605
0.33707865168539325 0.06540697674418605
0.33707865168539325 0.06540697674418605
0.33707865168539325 0.06540697674418605
0.3345724907063197 0.06540697674418605
0.3345724907063197 0.06540697674418605
0.3333333333333333 0.06540697674418605
0.3333333333333333 0.06540697674418605
0.3333333333333333 0.06540697674418605
0.3333333333333333 0.06540697674418605
0.3333333333333333 0.06540697674418605
0.3333333333333333 0.06540697674418605
0.3333333333333333 0.06540697674418605
0.3333333333333333 0.06540697674418605
0.3333333333333333 0.06540697674418605
0.3333333333333333 0.06540697674418605
0.3333333333333333 0.06540697674418605
0.3333333333333333 0.06540697674418605
0.3333333333333333 0.06540697674418605
0.3333333333333333 0.06540697674418605
0.3333333333333333 0.06540697674418605
0.3333333333333333 0.06540697674418605
0.3333333333333333 0.06540697674418605
0.3333333333333333 0.06540697674418605
0.3333333333333333 0.06540697674418605
0.3333333333333333 0.06540697674418605
0.3333333333333333 0.06540697674418605
0.33210332103321033 0.06540697674418605
0.33210332103321033 0.06540697674418605
0.33210332103321033 0.06540697674418605
0.33210332103321033 0.06540697674418605
0.33210332103321033 0.06540697674418605
0.33088235294117646 0.06540697674418605
0.33088235294117646 0.06540697674418605
0.33088235294117646 0.06540697674418605
0.33088235294117646 0.06540697674418605
0.32967032967032966 0.06540697674418605
0.32967032967032966 0.06540697674418605
0.3284671532846715 0.06540697674418605
0.3284671532846715 0.06540697674418605
0.32727272727272727 0.06540697674418605
0.32727272727272727 0.06540697674418605
0.32727272727272727 0.06540697674418605
0.32727272727272727 0.06540697674418605
0.32608695652173914 0.06540697674418605
0.3285198555956679 0.06613372093023256
0.3285198555956679 0.06613372093023256
0.3285198555956679 0.06613372093023256
0.3273381294964029 0.06613372093023256
0.3273381294964029 0.06613372093023256
0.3273381294964029 0.06613372093023256
0.32974910394265233 0.06686046511627906
0.32974910394265233 0.06686046511627906
0.32974910394265233 0.06686046511627906
0.32857142857142857 0.06686046511627906
0.32857142857142857 0.06686046511627906
0.32857142857142857 0.06686046511627906
0.3274021352313167 0.06686046511627906
0.3250883392226148 0.06686046511627906
0.3250883392226148 0.06686046511627906
0.323943661971831 0.06686046511627906
0.323943661971831 0.06686046511627906
0.32280701754385965 0.06686046511627906
0.32167832167832167 0.06686046511627906
0.32167832167832167 0.06686046511627906
0.32167832167832167 0.06686046511627906
0.32167832167832167 0.06686046511627906
0.3205574912891986 0.06686046511627906
0.3205574912891986 0.06686046511627906
0.3194444444444444 0.06686046511627906
0.3194444444444444 0.06686046511627906
0.31833910034602075 0.06686046511627906
0.31833910034602075 0.06686046511627906
0.31833910034602075 0.06686046511627906
0.31724137931034485 0.06686046511627906
0.31724137931034485 0.06686046511627906
0.31724137931034485 0.06686046511627906
0.31724137931034485 0.06686046511627906
0.3161512027491409 0.06686046511627906
0.3161512027491409 0.06686046511627906
0.3161512027491409 0.06686046511627906
0.3150684931506849 0.06686046511627906
0.3150684931506849 0.06686046511627906
0.3150684931506849 0.06686046511627906
0.3150684931506849 0.06686046511627906
0.3150684931506849 0.06686046511627906
0.3150684931506849 0.06686046511627906
0.3150684931506849 0.06686046511627906
0.3150684931506849 0.06686046511627906
0.3150684931506849 0.06686046511627906
0.3150684931506849 0.06686046511627906
0.31399317406143346 0.06686046511627906
0.31399317406143346 0.06686046511627906
0.31399317406143346 0.06686046511627906
0.31399317406143346 0.06686046511627906
0.3129251700680272 0.06686046511627906
0.3152542372881356 0.06758720930232558
0.3152542372881356 0.06758720930232558
0.3152542372881356 0.06758720930232558
0.3152542372881356 0.06758720930232558
0.3152542372881356 0.06758720930232558
0.3152542372881356 0.06758720930232558
0.3141891891891892 0.06758720930232558
0.31313131313131315 0.06758720930232558
0.31313131313131315 0.06758720930232558
0.31313131313131315 0.06758720930232558
0.31313131313131315 0.06758720930232558
0.31208053691275167 0.06758720930232558
0.3110367892976589 0.06758720930232558
0.31 0.06758720930232558
0.3089700996677741 0.06758720930232558
0.3089700996677741 0.06758720930232558
0.3089700996677741 0.06758720930232558
0.3079470198675497 0.06758720930232558
0.3069306930693069 0.06758720930232558
0.3059210526315789 0.06758720930232558
0.3059210526315789 0.06758720930232558
0.3059210526315789 0.06758720930232558
0.3059210526315789 0.06758720930232558
0.3059210526315789 0.06758720930232558
0.3059210526315789 0.06758720930232558
0.3059210526315789 0.06758720930232558
0.30491803278688523 0.06758720930232558
0.30491803278688523 0.06758720930232558
0.30392156862745096 0.06758720930232558
0.30392156862745096 0.06758720930232558
0.30293159609120524 0.06758720930232558
0.30293159609120524 0.06758720930232558
0.30194805194805197 0.06758720930232558
0.30097087378640774 0.06758720930232558
0.3 0.06758720930232558
0.3 0.06758720930232558
0.2990353697749196 0.06758720930232558
0.2990353697749196 0.06758720930232558
0.2990353697749196 0.06758720930232558
0.2990353697749196 0.06758720930232558
0.2990353697749196 0.06758720930232558
0.2990353697749196 0.06758720930232558
0.2990353697749196 0.06758720930232558
0.2990353697749196 0.06758720930232558
0.2990353697749196 0.06758720930232558
0.2990353697749196 0.06758720930232558
0.30128205128205127 0.06831395348837209
0.30128205128205127 0.06831395348837209
0.30128205128205127 0.06831395348837209
0.30128205128205127 0.06831395348837209
0.29936305732484075 0.06831395348837209
0.29936305732484075 0.06831395348837209
0.29936305732484075 0.06831395348837209
0.2984126984126984 0.06831395348837209
0.2984126984126984 0.06831395348837209
0.2974683544303797 0.06831395348837209
0.2974683544303797 0.06831395348837209
0.2974683544303797 0.06831395348837209
0.2974683544303797 0.06831395348837209
0.2974683544303797 0.06831395348837209
0.29652996845425866 0.06831395348837209
0.29652996845425866 0.06831395348837209
0.29652996845425866 0.06831395348837209
0.29652996845425866 0.06831395348837209
0.29652996845425866 0.06831395348837209
0.29652996845425866 0.06831395348837209
0.29652996845425866 0.06831395348837209
0.29559748427672955 0.06831395348837209
0.29559748427672955 0.06831395348837209
0.29559748427672955 0.06831395348837209
0.29559748427672955 0.06831395348837209
0.29559748427672955 0.06831395348837209
0.29559748427672955 0.06831395348837209
0.29559748427672955 0.06831395348837209
0.29559748427672955 0.06831395348837209
0.2946708463949843 0.06831395348837209
0.2946708463949843 0.06831395348837209
0.2946708463949843 0.06831395348837209
0.2946708463949843 0.06831395348837209
0.2946708463949843 0.06831395348837209
0.2946708463949843 0.06831395348837209
0.2946708463949843 0.06831395348837209
0.2946708463949843 0.06831395348837209
0.2946708463949843 0.06831395348837209
0.2946708463949843 0.06831395348837209
0.2946708463949843 0.06831395348837209
0.2946708463949843 0.06831395348837209
0.2946708463949843 0.06831395348837209
0.2946708463949843 0.06831395348837209
0.2946708463949843 0.06831395348837209
0.2946708463949843 0.06831395348837209
0.2946708463949843 0.06831395348837209
0.29375 0.06831395348837209
0.29375 0.06831395348837209
0.29375 0.06831395348837209
0.29375 0.06831395348837209
0.29283489096573206 0.06831395348837209
0.29283489096573206 0.06831395348837209
0.29283489096573206 0.06831395348837209
0.29283489096573206 0.06831395348837209
0.29283489096573206 0.06831395348837209
0.29283489096573206 0.06831395348837209
0.29283489096573206 0.06831395348837209
0.29283489096573206 0.06831395348837209
0.29283489096573206 0.06831395348837209
0.29283489096573206 0.06831395348837209
0.29283489096573206 0.06831395348837209
0.29283489096573206 0.06831395348837209
0.29283489096573206 0.06831395348837209
0.29283489096573206 0.06831395348837209
0.29283489096573206 0.06831395348837209
0.29283489096573206 0.06831395348837209
0.29283489096573206 0.06831395348837209
0.29283489096573206 0.06831395348837209
0.29283489096573206 0.06831395348837209
0.2919254658385093 0.06831395348837209
0.2919254658385093 0.06831395348837209
0.2919254658385093 0.06831395348837209
0.2919254658385093 0.06831395348837209
0.2919254658385093 0.06831395348837209
0.2919254658385093 0.06831395348837209
0.29012345679012347 0.06831395348837209
0.29012345679012347 0.06831395348837209
0.29012345679012347 0.06831395348837209
0.29012345679012347 0.06831395348837209
0.29012345679012347 0.06831395348837209
0.28923076923076924 0.06831395348837209
0.28923076923076924 0.06831395348837209
0.28923076923076924 0.06831395348837209
0.28923076923076924 0.06831395348837209
0.28923076923076924 0.06831395348837209
0.28923076923076924 0.06831395348837209
0.28923076923076924 0.06831395348837209
0.28923076923076924 0.06831395348837209
0.28923076923076924 0.06831395348837209
0.28923076923076924 0.06831395348837209
0.2883435582822086 0.06831395348837209
0.2883435582822086 0.06831395348837209
0.2874617737003058 0.06831395348837209
0.2874617737003058 0.06831395348837209
0.2874617737003058 0.06831395348837209
0.2874617737003058 0.06831395348837209
0.2874617737003058 0.06831395348837209
0.2874617737003058 0.06831395348837209
0.2874617737003058 0.06831395348837209
0.2865853658536585 0.06831395348837209
0.2865853658536585 0.06831395348837209
0.2857142857142857 0.06831395348837209
0.2857142857142857 0.06831395348837209
0.28484848484848485 0.06831395348837209
0.28484848484848485 0.06831395348837209
0.28484848484848485 0.06831395348837209
0.28484848484848485 0.06831395348837209
0.28484848484848485 0.06831395348837209
0.28484848484848485 0.06831395348837209
0.28484848484848485 0.06831395348837209
0.28484848484848485 0.06831395348837209
0.28484848484848485 0.06831395348837209
0.28484848484848485 0.06831395348837209
0.28484848484848485 0.06831395348837209
0.283987915407855 0.06831395348837209
0.283987915407855 0.06831395348837209
0.283987915407855 0.06831395348837209
0.283987915407855 0.06831395348837209
0.283987915407855 0.06831395348837209
0.283987915407855 0.06831395348837209
0.28313253012048195 0.06831395348837209
0.2822822822822823 0.06831395348837209
0.2822822822822823 0.06831395348837209
0.2822822822822823 0.06831395348837209
0.2822822822822823 0.06831395348837209
0.28059701492537314 0.06831395348837209
0.27976190476190477 0.06831395348837209
0.27976190476190477 0.06831395348837209
0.27976190476190477 0.06831395348837209
0.27976190476190477 0.06831395348837209
0.27976190476190477 0.06831395348837209
0.2789317507418398 0.06831395348837209
0.2781065088757396 0.06831395348837209
0.2781065088757396 0.06831395348837209
0.2781065088757396 0.06831395348837209
0.2781065088757396 0.06831395348837209
0.2781065088757396 0.06831395348837209
0.2781065088757396 0.06831395348837209
0.2781065088757396 0.06831395348837209
0.2781065088757396 0.06831395348837209
0.2781065088757396 0.06831395348837209
0.2781065088757396 0.06831395348837209
0.2781065088757396 0.06831395348837209
0.2781065088757396 0.06831395348837209
0.2781065088757396 0.06831395348837209
0.2781065088757396 0.06831395348837209
0.28023598820059 0.0690406976744186
0.28023598820059 0.0690406976744186
0.28023598820059 0.0690406976744186
0.28023598820059 0.0690406976744186
0.27941176470588236 0.0690406976744186
0.27941176470588236 0.0690406976744186
0.27941176470588236 0.0690406976744186
0.27941176470588236 0.0690406976744186
0.27941176470588236 0.0690406976744186
0.27941176470588236 0.0690406976744186
0.27941176470588236 0.0690406976744186
0.27941176470588236 0.0690406976744186
0.27941176470588236 0.0690406976744186
0.27941176470588236 0.0690406976744186
0.2785923753665689 0.0690406976744186
0.2785923753665689 0.0690406976744186
0.2785923753665689 0.0690406976744186
0.2785923753665689 0.0690406976744186
0.2785923753665689 0.0690406976744186
0.2785923753665689 0.0690406976744186
0.2785923753665689 0.0690406976744186
0.2777777777777778 0.0690406976744186
0.2777777777777778 0.0690406976744186
0.2777777777777778 0.0690406976744186
0.2777777777777778 0.0690406976744186
0.2777777777777778 0.0690406976744186
0.2777777777777778 0.0690406976744186
0.2777777777777778 0.0690406976744186
0.2777777777777778 0.0690406976744186
0.2777777777777778 0.0690406976744186
0.27696793002915454 0.0690406976744186
0.27696793002915454 0.0690406976744186
0.27696793002915454 0.0690406976744186
0.27696793002915454 0.0690406976744186
0.27696793002915454 0.0690406976744186
0.2761627906976744 0.0690406976744186
0.2761627906976744 0.0690406976744186
0.2761627906976744 0.0690406976744186
0.2753623188405797 0.0690406976744186
0.2753623188405797 0.0690406976744186
0.2745664739884393 0.0690406976744186
0.2745664739884393 0.0690406976744186
0.2745664739884393 0.0690406976744186
0.2737752161383285 0.0690406976744186
0.27298850574712646 0.0690406976744186
0.27298850574712646 0.0690406976744186
0.27298850574712646 0.0690406976744186
0.27298850574712646 0.0690406976744186
0.27298850574712646 0.0690406976744186
0.2722063037249284 0.0690406976744186
0.2722063037249284 0.0690406976744186
0.2714285714285714 0.0690406976744186
0.2706552706552707 0.0690406976744186
0.2706552706552707 0.0690406976744186
0.2706552706552707 0.0690406976744186
0.26988636363636365 0.0690406976744186
0.26988636363636365 0.0690406976744186
0.26988636363636365 0.0690406976744186
0.26988636363636365 0.0690406976744186
0.26988636363636365 0.0690406976744186
0.26912181303116145 0.0690406976744186
0.26912181303116145 0.0690406976744186
0.268361581920904 0.0690406976744186
0.2676056338028169 0.0690406976744186
0.26685393258426965 0.0690406976744186
0.26685393258426965 0.0690406976744186
0.26685393258426965 0.0690406976744186
0.2661064425770308 0.0690406976744186
0.2661064425770308 0.0690406976744186
0.2661064425770308 0.0690406976744186
0.2661064425770308 0.0690406976744186
0.2661064425770308 0.0690406976744186
0.2661064425770308 0.0690406976744186
0.2661064425770308 0.0690406976744186
0.2661064425770308 0.0690406976744186
0.2661064425770308 0.0690406976744186
0.26536312849162014 0.0690406976744186
0.2646239554317549 0.0690406976744186
0.2646239554317549 0.0690406976744186
0.2646239554317549 0.0690406976744186
0.2646239554317549 0.0690406976744186
0.2638888888888889 0.0690406976744186
0.2638888888888889 0.0690406976744186
0.2631578947368421 0.0690406976744186
0.2631578947368421 0.0690406976744186
0.2631578947368421 0.0690406976744186
0.26243093922651933 0.0690406976744186
0.26243093922651933 0.0690406976744186
0.26243093922651933 0.0690406976744186
0.26243093922651933 0.0690406976744186
0.26243093922651933 0.0690406976744186
0.26243093922651933 0.0690406976744186
0.260989010989011 0.0690406976744186
0.2602739726027397 0.0690406976744186
0.2602739726027397 0.0690406976744186
0.2602739726027397 0.0690406976744186
0.2602739726027397 0.0690406976744186
0.25956284153005466 0.0690406976744186
0.25885558583106266 0.0690406976744186
0.25885558583106266 0.0690406976744186
0.25885558583106266 0.0690406976744186
0.25885558583106266 0.0690406976744186
0.25885558583106266 0.0690406976744186
0.25815217391304346 0.0690406976744186
0.25815217391304346 0.0690406976744186
0.25815217391304346 0.0690406976744186
0.25815217391304346 0.0690406976744186
0.25815217391304346 0.0690406976744186
0.25745257452574527 0.0690406976744186
0.25675675675675674 0.0690406976744186
0.25675675675675674 0.0690406976744186
0.25675675675675674 0.0690406976744186
0.2560646900269542 0.0690406976744186
0.2560646900269542 0.0690406976744186
0.2560646900269542 0.0690406976744186
0.2560646900269542 0.0690406976744186
0.2553763440860215 0.0690406976744186
0.2553763440860215 0.0690406976744186
0.2553763440860215 0.0690406976744186
0.2553763440860215 0.0690406976744186
0.2553763440860215 0.0690406976744186
0.2553763440860215 0.0690406976744186
0.2553763440860215 0.0690406976744186
0.2540106951871658 0.0690406976744186
0.2540106951871658 0.0690406976744186
0.25333333333333335 0.0690406976744186
0.2526595744680851 0.0690406976744186
0.2526595744680851 0.0690406976744186
0.2526595744680851 0.0690406976744186
0.2526595744680851 0.0690406976744186
0.2526595744680851 0.0690406976744186
0.2519893899204244 0.0690406976744186
0.2519893899204244 0.0690406976744186
0.25132275132275134 0.0690406976744186
0.25132275132275134 0.0690406976744186
0.25065963060686014 0.0690406976744186
0.25065963060686014 0.0690406976744186
0.25065963060686014 0.0690406976744186
0.25065963060686014 0.0690406976744186
0.25065963060686014 0.0690406976744186
0.25 0.0690406976744186
0.25 0.0690406976744186
0.25 0.0690406976744186
0.25 0.0690406976744186
0.25 0.0690406976744186
0.24934383202099739 0.0690406976744186
