1.0 0.0007267441860465116
0.5 0.0007267441860465116
0.6666666666666666 0.0014534883720930232
0.75 0.002180232558139535
0.8 0.0029069767441860465
0.6666666666666666 0.0029069767441860465
0.5714285714285714 0.0029069767441860465
0.5 0.0029069767441860465
0.4 0.0029069767441860465
0.36363636363636365 0.0029069767441860465
0.3333333333333333 0.0029069767441860465
0.3076923076923077 0.0029069767441860465
0.26666666666666666 0.0029069767441860465
0.23529411764705882 0.0029069767441860465
0.21052631578947367 0.0029069767441860465
0.19047619047619047 0.0029069767441860465
0.17391304347826086 0.0029069767441860465
0.16666666666666666 0.0029069767441860465
0.16 0.0029069767441860465
0.15384615384615385 0.0029069767441860465
0.14285714285714285 0.0029069767441860465
0.13333333333333333 0.0029069767441860465
0.125 0.0029069767441860465
0.12121212121212122 0.0029069767441860465
0.11764705882352941 0.0029069767441860465
0.11428571428571428 0.0029069767441860465
0.1111111111111111 0.0029069767441860465
0.10810810810810811 0.0029069767441860465
0.13157894736842105 0.003633720930232558
0.15384615384615385 0.00436046511627907
0.15 0.00436046511627907
0.14634146341463414 0.00436046511627907
0.14285714285714285 0.00436046511627907
0.13636363636363635 0.00436046511627907
0.13043478260869565 0.00436046511627907
0.1276595744680851 0.00436046511627907
0.125 0.00436046511627907
0.12244897959183673 0.00436046511627907
0.12 0.00436046511627907
0.11764705882352941 0.00436046511627907
0.11538461538461539 0.00436046511627907
0.11320754716981132 0.00436046511627907
0.1111111111111111 0.00436046511627907
0.10714285714285714 0.00436046511627907
0.10526315789473684 0.00436046511627907
0.10344827586206896 0.00436046511627907
0.11864406779661017 0.005087209302325582
0.11475409836065574 0.005087209302325582
0.11290322580645161 0.005087209302325582
0.1111111111111111 0.005087209302325582
0.1076923076923077 0.005087209302325582
0.1044776119402985 0.005087209302325582
0.10294117647058823 0.005087209302325582
0.10144927536231885 0.005087209302325582
0.1 0.005087209302325582
0.09859154929577464 0.005087209302325582
0.09722222222222222 0.005087209302325582
0.0958904109589041 0.005087209302325582
0.0945945945945946 0.005087209302325582
0.09210526315789473 0.005087209302325582
0.09090909090909091 0.005087209302325582
0.08860759493670886 0.005087209302325582
0.0875 0.005087209302325582
0.08641975308641975 0.005087209302325582
0.08536585365853659 0.005087209302325582
0.08333333333333333 0.005087209302325582
0.08235294117647059 0.005087209302325582
0.08139534883720931 0.005087209302325582
0.07954545454545454 0.005087209302325582
0.07865168539325842 0.005087209302325582
0.07777777777777778 0.005087209302325582
0.07692307692307693 0.005087209302325582
0.07526881720430108 0.005087209302325582
0.07446808510638298 0.005087209302325582
0.07368421052631578 0.005087209302325582
0.07291666666666667 0.005087209302325582
0.07216494845360824 0.005087209302325582
0.0707070707070707 0.005087209302325582
0.07 0.005087209302325582
0.06862745098039216 0.005087209302325582
0.06796116504854369 0.005087209302325582
0.0673076923076923 0.005087209302325582
0.07547169811320754 0.005813953488372093
0.08411214953271028 0.006540697674418605
0.09259259259259259 0.007267441860465116
0.10091743119266056 0.007994186046511628
0.1 0.007994186046511628
0.10714285714285714 0.00872093023255814
0.11403508771929824 0.00944767441860465
0.11206896551724138 0.00944767441860465
0.11016949152542373 0.00944767441860465
0.11666666666666667 0.010174418604651164
0.11570247933884298 0.010174418604651164
0.12295081967213115 0.010901162790697675
0.12096774193548387 0.010901162790697675
0.11904761904761904 0.010901162790697675
0.1171875 0.010901162790697675
0.11627906976744186 0.010901162790697675
0.11450381679389313 0.010901162790697675
0.11363636363636363 0.010901162790697675
0.11194029850746269 0.010901162790697675
0.1111111111111111 0.010901162790697675
0.10948905109489052 0.010901162790697675
0.10869565217391304 0.010901162790697675
0.1079136690647482 0.010901162790697675
0.10638297872340426 0.010901162790697675
0.11188811188811189 0.011627906976744186
0.1111111111111111 0.011627906976744186
0.1103448275862069 0.011627906976744186
0.10884353741496598 0.011627906976744186
0.10738255033557047 0.011627906976744186
0.10596026490066225 0.011627906976744186
0.10526315789473684 0.011627906976744186
0.1038961038961039 0.011627906976744186
0.1032258064516129 0.011627906976744186
0.10897435897435898 0.012354651162790697
0.10828025477707007 0.012354651162790697
0.11392405063291139 0.01308139534883721
0.11320754716981132 0.01308139534883721
0.11875 0.013808139534883721
0.11801242236024845 0.013808139534883721
0.11728395061728394 0.013808139534883721
0.1165644171779141 0.013808139534883721
0.11585365853658537 0.013808139534883721
0.11515151515151516 0.013808139534883721
0.1144578313253012 0.013808139534883721
0.11377245508982035 0.013808139534883721
0.11834319526627218 0.014534883720930232
0.11764705882352941 0.014534883720930232
0.12280701754385964 0.015261627906976744
0.12209302325581395 0.015261627906976744
0.12138728323699421 0.015261627906976744
0.1206896551724138 0.015261627906976744
0.12571428571428572 0.015988372093023256
0.125 0.015988372093023256
0.12429378531073447 0.015988372093023256
0.12359550561797752 0.015988372093023256
0.12290502793296089 0.015988372093023256
0.12222222222222222 0.015988372093023256
0.12154696132596685 0.015988372093023256
0.12087912087912088 0.015988372093023256
0.11956521739130435 0.015988372093023256
0.11891891891891893 0.015988372093023256
0.11827956989247312 0.015988372093023256
0.11764705882352941 0.015988372093023256
0.11702127659574468 0.015988372093023256
0.1164021164021164 0.015988372093023256
0.11578947368421053 0.015988372093023256
0.11518324607329843 0.015988372093023256
0.11398963730569948 0.015988372093023256
0.11794871794871795 0.016715116279069766
0.11734693877551021 0.016715116279069766
0.116751269035533 0.016715116279069766
0.12121212121212122 0.01744186046511628
0.12060301507537688 0.01744186046511628
0.11940298507462686 0.01744186046511628
0.11822660098522167 0.01744186046511628
0.11764705882352941 0.01744186046511628
0.11650485436893204 0.01744186046511628
0.11594202898550725 0.01744186046511628
0.11538461538461539 0.01744186046511628
0.11483253588516747 0.01744186046511628
0.11428571428571428 0.01744186046511628
0.1179245283018868 0.018168604651162792
0.11682242990654206 0.018168604651162792
0.11627906976744186 0.018168604651162792
0.11574074074074074 0.018168604651162792
0.1152073732718894 0.018168604651162792
0.11467889908256881 0.018168604651162792
0.11363636363636363 0.018168604651162792
0.11261261261261261 0.018168604651162792
0.11160714285714286 0.018168604651162792
0.11504424778761062 0.0188953488372093
0.1145374449339207 0.0188953488372093
0.11790393013100436 0.019622093023255814
0.11739130434782609 0.019622093023255814
0.11688311688311688 0.019622093023255814
0.11637931034482758 0.019622093023255814
0.11538461538461539 0.019622093023255814
0.1148936170212766 0.019622093023255814
0.11440677966101695 0.019622093023255814
0.11392405063291139 0.019622093023255814
0.11715481171548117 0.020348837209302327
0.11666666666666667 0.020348837209302327
0.11618257261410789 0.020348837209302327
0.11570247933884298 0.020348837209302327
0.11522633744855967 0.020348837209302327
0.11836734693877551 0.021075581395348836
0.12195121951219512 0.02180232558139535
0.1214574898785425 0.02180232558139535
0.12096774193548387 0.02180232558139535
0.12 0.02180232558139535
0.11952191235059761 0.02180232558139535
0.11904761904761904 0.02180232558139535
0.11857707509881422 0.02180232558139535
0.11764705882352941 0.02180232558139535
0.11673151750972763 0.02180232558139535
0.11583011583011583 0.02180232558139535
0.11494252873563218 0.02180232558139535
0.11450381679389313 0.02180232558139535
0.11406844106463879 0.02180232558139535
0.11320754716981132 0.02180232558139535
0.11235955056179775 0.02180232558139535
0.11194029850746269 0.02180232558139535
0.1111111111111111 0.02180232558139535
0.11029411764705882 0.02180232558139535
0.10989010989010989 0.02180232558139535
0.10909090909090909 0.02180232558139535
0.10869565217391304 0.02180232558139535
0.10830324909747292 0.02180232558139535
0.1079136690647482 0.02180232558139535
0.11071428571428571 0.02252906976744186
0.1103202846975089 0.02252906976744186
0.1099290780141844 0.02252906976744186
0.11267605633802817 0.023255813953488372
0.11578947368421053 0.023982558139534885
0.11538461538461539 0.023982558139534885
0.11498257839721254 0.023982558139534885
0.11764705882352941 0.024709302325581394
0.11724137931034483 0.024709302325581394
0.11683848797250859 0.024709302325581394
0.11643835616438356 0.024709302325581394
0.11604095563139932 0.024709302325581394
0.11564625850340136 0.024709302325581394
0.1152542372881356 0.024709302325581394
0.11486486486486487 0.024709302325581394
0.11784511784511785 0.025436046511627907
0.1174496644295302 0.025436046511627907
0.12040133779264214 0.02616279069767442
0.12 0.02616279069767442
0.12251655629139073 0.02688953488372093
0.12171052631578948 0.02688953488372093
0.12091503267973856 0.02688953488372093
0.12052117263843648 0.02688953488372093
0.12297734627831715 0.027616279069767442
0.12258064516129032 0.027616279069767442
0.12540192926045016 0.028343023255813952
0.125 0.028343023255813952
0.12460063897763578 0.028343023255813952
0.12420382165605096 0.028343023255813952
0.12380952380952381 0.028343023255813952
0.12341772151898735 0.028343023255813952
0.12302839116719243 0.028343023255813952
0.12225705329153605 0.028343023255813952
0.12149532710280374 0.028343023255813952
0.12074303405572756 0.028343023255813952
0.12307692307692308 0.029069767441860465
0.12269938650306748 0.029069767441860465
0.12195121951219512 0.029069767441860465
0.12121212121212122 0.029069767441860465
0.12084592145015106 0.029069767441860465
0.12012012012012012 0.029069767441860465
0.11976047904191617 0.029069767441860465
0.12238805970149254 0.029796511627906978
0.12202380952380952 0.029796511627906978
0.12166172106824925 0.029796511627906978
0.1242603550295858 0.030523255813953487
0.12389380530973451 0.030523255813953487
0.12352941176470589 0.030523255813953487
0.12316715542521994 0.030523255813953487
0.12280701754385964 0.030523255813953487
0.12209302325581395 0.030523255813953487
0.12173913043478261 0.030523255813953487
0.12138728323699421 0.030523255813953487
0.12103746397694524 0.030523255813953487
0.1206896551724138 0.030523255813953487
0.12034383954154727 0.030523255813953487
0.12 0.030523255813953487
0.12215909090909091 0.03125
0.12181303116147309 0.03125
0.12146892655367232 0.03125
0.12112676056338029 0.03125
0.12044817927170869 0.03125
0.12011173184357542 0.03125
0.11944444444444445 0.03125
0.11878453038674033 0.03125
0.11813186813186813 0.03125
0.12021857923497267 0.03197674418604651
0.1226158038147139 0.032703488372093026
0.12228260869565218 0.032703488372093026
0.12195121951219512 0.032703488372093026
0.12129380053908356 0.032703488372093026
0.12064343163538874 0.032703488372093026
0.12 0.032703488372093026
0.11936339522546419 0.032703488372093026
0.11873350923482849 0.032703488372093026
0.11842105263157894 0.032703488372093026
0.11780104712041885 0.032703488372093026
0.1174934725848564 0.032703488372093026
0.11688311688311688 0.032703488372093026
0.11627906976744186 0.032703488372093026
0.11597938144329897 0.032703488372093026
0.11568123393316196 0.032703488372093026
0.11538461538461539 0.032703488372093026
0.11508951406649616 0.032703488372093026
0.11450381679389313 0.032703488372093026
0.11392405063291139 0.032703488372093026
0.11363636363636363 0.032703488372093026
0.11335012594458438 0.032703488372093026
0.11306532663316583 0.032703488372093026
0.1125 0.032703488372093026
0.11221945137157108 0.032703488372093026
0.1141439205955335 0.03343023255813953
0.11358024691358025 0.03343023255813953
0.11302211302211303 0.03343023255813953
0.11491442542787286 0.034156976744186045
0.11678832116788321 0.03488372093023256
0.11650485436893204 0.03488372093023256
0.12077294685990338 0.036337209302325583
0.12048192771084337 0.036337209302325583
0.1201923076923077 0.036337209302325583
0.11990407673860912 0.036337209302325583
0.12171837708830549 0.037063953488372096
0.12142857142857143 0.037063953488372096
0.12114014251781473 0.037063953488372096
0.12056737588652482 0.037063953488372096
0.12 0.037063953488372096
0.12177985948477751 0.0377906976744186
0.12121212121212122 0.0377906976744186
0.12296983758700696 0.038517441860465115
0.12268518518518519 0.038517441860465115
0.12442396313364056 0.03924418604651163
0.12385321100917432 0.03924418604651163
0.1232876712328767 0.03924418604651163
0.12272727272727273 0.03924418604651163
0.12244897959183673 0.03924418604651163
0.12189616252821671 0.03924418604651163
0.12359550561797752 0.03997093023255814
0.12304250559284116 0.03997093023255814
0.12249443207126949 0.03997093023255814
0.12195121951219512 0.03997093023255814
0.12168141592920353 0.03997093023255814
0.12141280353200883 0.03997093023255814
0.12087912087912088 0.03997093023255814
0.12035010940919037 0.03997093023255814
0.11982570806100218 0.03997093023255814
0.1193058568329718 0.03997093023255814
0.11879049676025918 0.03997093023255814
0.11853448275862069 0.03997093023255814
0.12017167381974249 0.040697674418604654
0.11965811965811966 0.040697674418604654
0.11914893617021277 0.040697674418604654
0.11864406779661017 0.040697674418604654
0.11814345991561181 0.040697674418604654
0.11789473684210526 0.040697674418604654
0.11764705882352941 0.040697674418604654
0.11740041928721175 0.040697674418604654
0.11691022964509394 0.040697674418604654
0.11642411642411643 0.040697674418604654
0.11594202898550725 0.040697674418604654
0.11570247933884298 0.040697674418604654
0.11728395061728394 0.04142441860465116
0.1168032786885246 0.04142441860465116
0.1165644171779141 0.04142441860465116
0.11608961303462322 0.04142441860465116
0.11561866125760649 0.04142441860465116
0.11515151515151516 0.04142441860465116
0.11491935483870967 0.04142441860465116
0.11468812877263582 0.04142441860465116
0.11646586345381527 0.04215116279069767
0.116 0.04215116279069767
0.1157684630738523 0.04215116279069767
0.11530815109343936 0.04215116279069767
0.11507936507936507 0.04215116279069767
0.11683168316831684 0.042877906976744186
0.11857707509881422 0.0436046511627907
0.1203155818540434 0.04433139534883721
0.1220472440944882 0.04505813953488372
0.1237721021611002 0.04578488372093023
0.12549019607843137 0.046511627906976744
0.12720156555772993 0.047238372093023256
0.126953125 0.047238372093023256
0.1267056530214425 0.047238372093023256
0.1264591439688716 0.047238372093023256
0.1262135922330097 0.047238372093023256
0.12596899224806202 0.047238372093023256
0.1276595744680851 0.04796511627906977
0.1274131274131274 0.04796511627906977
0.12909441233140656 0.04869186046511628
0.12884615384615383 0.04869186046511628
0.12859884836852206 0.04869186046511628
0.12810707456978968 0.04869186046511628
0.12786259541984732 0.04869186046511628
0.12737642585551331 0.04869186046511628
0.127134724857685 0.04869186046511628
0.1268939393939394 0.04869186046511628
0.1266540642722117 0.04869186046511628
0.12641509433962264 0.04869186046511628
0.12617702448210924 0.04869186046511628
0.12593984962406016 0.04869186046511628
0.12570356472795496 0.04869186046511628
0.1254681647940075 0.04869186046511628
0.1252336448598131 0.04869186046511628
0.125 0.04869186046511628
0.12476722532588454 0.04869186046511628
0.12430426716141002 0.04869186046511628
0.12407407407407407 0.04869186046511628
0.12384473197781885 0.04869186046511628
0.12338858195211787 0.04869186046511628
0.12316176470588236 0.04869186046511628
0.12293577981651377 0.04869186046511628
0.1227106227106227 0.04869186046511628
0.12248628884826325 0.04869186046511628
0.12226277372262774 0.04869186046511628
0.122040072859745 0.04869186046511628
0.12181818181818181 0.04869186046511628
0.12159709618874773 0.04869186046511628
0.1213768115942029 0.04869186046511628
0.12093862815884476 0.04869186046511628
0.12072072072072072 0.04869186046511628
0.12050359712230216 0.04869186046511628
0.12028725314183124 0.04869186046511628
0.12007168458781362 0.04869186046511628
0.11985688729874776 0.04869186046511628
0.11964285714285715 0.04869186046511628
0.11942959001782531 0.04869186046511628
0.11921708185053381 0.04869186046511628
0.11900532859680284 0.04869186046511628
0.11879432624113476 0.04869186046511628
0.11837455830388692 0.04869186046511628
0.11816578483245149 0.04869186046511628
0.11795774647887323 0.04869186046511628
0.11754385964912281 0.04869186046511628
0.11733800350262696 0.04869186046511628
0.11713286713286714 0.04869186046511628
0.1169284467713787 0.04869186046511628
0.11846689895470383 0.04941860465116279
0.11826086956521739 0.04941860465116279
0.11805555555555555 0.04941860465116279
0.11764705882352941 0.04941860465116279
0.11744386873920552 0.04941860465116279
0.11724137931034483 0.04941860465116279
0.11703958691910499 0.04941860465116279
0.11663807890222985 0.04941860465116279
0.11643835616438356 0.04941860465116279
0.11623931623931624 0.04941860465116279
0.11604095563139932 0.04941860465116279
0.11584327086882454 0.04941860465116279
0.11564625850340136 0.04941860465116279
0.11544991511035653 0.04941860465116279
0.116751269035533 0.0501453488372093
0.11655405405405406 0.0501453488372093
0.11616161616161616 0.0501453488372093
0.11596638655462185 0.0501453488372093
0.11577181208053691 0.0501453488372093
0.11557788944723618 0.0501453488372093
0.11519198664440734 0.0501453488372093
0.115 0.0501453488372093
0.11480865224625623 0.0501453488372093
0.11442786069651742 0.0501453488372093
0.11423841059602649 0.0501453488372093
0.11386138613861387 0.0501453488372093
0.11367380560131796 0.0501453488372093
0.11330049261083744 0.0501453488372093
0.11292962356792144 0.0501453488372093
0.11274509803921569 0.0501453488372093
0.11256117455138662 0.0501453488372093
0.11219512195121951 0.0501453488372093
0.11183144246353323 0.0501453488372093
0.11147011308562198 0.0501453488372093
0.11129032258064517 0.0501453488372093
0.1111111111111111 0.0501453488372093
0.11075441412520064 0.0501453488372093
0.112 0.050872093023255814
0.1134185303514377 0.05159883720930233
0.11323763955342903 0.05159883720930233
0.11287758346581876 0.05159883720930233
0.1126984126984127 0.05159883720930233
0.11251980982567353 0.05159883720930233
0.11216429699842022 0.05159883720930233
0.11181102362204724 0.05159883720930233
0.11145996860282574 0.05159883720930233
0.11128526645768025 0.05159883720930233
0.1109375 0.05159883720930233
0.11059190031152648 0.05159883720930233
0.1104199066874028 0.05159883720930233
0.11180124223602485 0.05232558139534884
0.11317829457364341 0.053052325581395346
0.1130030959752322 0.053052325581395346
0.11282843894899536 0.053052325581395346
0.11265432098765432 0.053052325581395346
0.11248073959938366 0.053052325581395346
0.1123076923076923 0.053052325581395346
0.11213517665130568 0.053052325581395346
0.11196319018404909 0.053052325581395346
0.11179173047473201 0.053052325581395346
0.11162079510703364 0.053052325581395346
0.11145038167938931 0.053052325581395346
0.11128048780487805 0.053052325581395346
0.1126331811263318 0.05377906976744186
0.11246200607902736 0.05377906976744186
0.11229135053110774 0.05377906976744186
0.11212121212121212 0.05377906976744186
0.11178247734138973 0.05377906976744186
0.11161387631975868 0.05377906976744186
0.11127819548872181 0.05377906976744186
0.1111111111111111 0.05377906976744186
0.11094452773613193 0.05377906976744186
0.11077844311377245 0.05377906976744186
0.11061285500747384 0.05377906976744186
0.11194029850746269 0.05450581395348837
0.11177347242921014 0.05450581395348837
0.11160714285714286 0.05450581395348837
0.11127596439169139 0.05450581395348837
0.11094674556213018 0.05450581395348837
0.11078286558345643 0.05450581395348837
0.11061946902654868 0.05450581395348837
0.11045655375552282 0.05450581395348837
0.11029411764705882 0.05450581395348837
0.10997067448680352 0.05450581395348837
0.11127379209370425 0.055232558139534885
0.11257309941520467 0.0559593023255814
0.11240875912408758 0.0559593023255814
0.11224489795918367 0.0559593023255814
0.11353711790393013 0.056686046511627904
0.11482558139534883 0.057412790697674417
0.1144927536231884 0.057412790697674417
0.11432706222865413 0.057412790697674417
0.11416184971098266 0.057412790697674417
0.11544011544011544 0.05813953488372093
0.11510791366906475 0.05813953488372093
0.11494252873563218 0.05813953488372093
0.11477761836441894 0.05813953488372093
0.11461318051575932 0.05813953488372093
0.11444921316165951 0.05813953488372093
0.11554921540656206 0.05886627906976744
0.11538461538461539 0.05886627906976744
0.11505681818181818 0.05886627906976744
0.1148936170212766 0.05886627906976744
0.11473087818696884 0.05886627906976744
0.11598302687411598 0.059593023255813955
0.1156558533145275 0.059593023255813955
0.11549295774647887 0.059593023255813955
0.11533052039381153 0.059593023255813955
0.1151685393258427 0.059593023255813955
0.11484593837535013 0.059593023255813955
0.11468531468531469 0.059593023255813955
0.11452513966480447 0.059593023255813955
0.11436541143654114 0.059593023255813955
0.11420612813370473 0.059593023255813955
0.11404728789986092 0.059593023255813955
0.11388888888888889 0.059593023255813955
0.11511789181692095 0.06031976744186047
0.11479944674965421 0.06031976744186047
0.11602209944751381 0.061046511627906974
0.11586206896551725 0.061046511627906974
0.1155433287482806 0.061046511627906974
0.11538461538461539 0.061046511627906974
0.11522633744855967 0.061046511627906974
0.11506849315068493 0.061046511627906974
0.11627906976744186 0.06177325581395349
0.11596180081855388 0.06177325581395349
0.11580381471389646 0.06177325581395349
0.11700680272108843 0.0625
0.11820652173913043 0.06322674418604651
0.11940298507462686 0.06395348837209303
0.11924119241192412 0.06395348837209303
0.11891891891891893 0.06395348837209303
0.11875843454790823 0.06395348837209303
0.11859838274932614 0.06395348837209303
0.11978465679676985 0.06468023255813954
0.1196236559139785 0.06468023255813954
0.11946308724832215 0.06468023255813954
0.1193029490616622 0.06468023255813954
0.11914323962516733 0.06468023255813954
0.11898395721925134 0.06468023255813954
0.11882510013351134 0.06468023255813954
0.11866666666666667 0.06468023255813954
0.118508655126498 0.06468023255813954
0.11835106382978723 0.06468023255813954
0.11952191235059761 0.06540697674418605
0.11936339522546419 0.06540697674418605
0.11904761904761904 0.06540697674418605
0.11889035667107001 0.06540697674418605
0.11857707509881422 0.06540697674418605
0.11842105263157894 0.06540697674418605
0.11826544021024968 0.06540697674418605
0.11811023622047244 0.06540697674418605
0.11780104712041885 0.06540697674418605
0.11764705882352941 0.06540697674418605
0.1174934725848564 0.06540697674418605
0.1171875 0.06540697674418605
0.11703511053315994 0.06540697674418605
0.11688311688311688 0.06540697674418605
0.11658031088082901 0.06540697674418605
0.11627906976744186 0.06540697674418605
0.11612903225806452 0.06540697674418605
0.11597938144329897 0.06540697674418605
0.11583011583011583 0.06540697674418605
0.11568123393316196 0.06540697674418605
0.11553273427471117 0.06540697674418605
0.11523687580025609 0.06540697674418605
0.11508951406649616 0.06540697674418605
0.11479591836734694 0.06540697674418605
0.11464968152866242 0.06540697674418605
0.11450381679389313 0.06540697674418605
0.11435832274459974 0.06540697674418605
0.11406844106463879 0.06540697674418605
0.11392405063291139 0.06540697674418605
0.11378002528445007 0.06540697674418605
0.11349306431273644 0.06540697674418605
0.11335012594458438 0.06540697674418605
0.11320754716981132 0.06540697674418605
0.11306532663316583 0.06540697674418605
0.11292346298619825 0.06540697674418605
0.11278195488721804 0.06540697674418605
0.11264080100125157 0.06540697674418605
0.1125 0.06540697674418605
0.11221945137157108 0.06540697674418605
0.11207970112079702 0.06540697674418605
0.11180124223602485 0.06540697674418605
0.11152416356877323 0.06540697674418605
0.11124845488257108 0.06540697674418605
0.1111111111111111 0.06540697674418605
0.11083743842364532 0.06540697674418605
0.11070110701107011 0.06540697674418605
0.11042944785276074 0.06540697674418605
0.11029411764705882 0.06540697674418605
0.11015911872705018 0.06540697674418605
0.1100244498777506 0.06540697674418605
0.10989010989010989 0.06540697674418605
0.10975609756097561 0.06540697674418605
0.10948905109489052 0.06540697674418605
0.10935601458080195 0.06540697674418605
0.10922330097087378 0.06540697674418605
0.1089588377723971 0.06540697674418605
0.10882708585247884 0.06540697674418605
0.10856453558504221 0.06540697674418605
0.10830324909747292 0.06540697674418605
0.10817307692307693 0.06540697674418605
0.1079136690647482 0.06540697674418605
0.10778443113772455 0.06540697674418605
0.1076555023923445 0.06540697674418605
0.10752688172043011 0.06540697674418605
0.10739856801909307 0.06540697674418605
0.10727056019070322 0.06540697674418605
0.1070154577883472 0.06540697674418605
0.10688836104513064 0.06540697674418605
0.10676156583629894 0.06540697674418605
0.1066350710900474 0.06540697674418605
0.10650887573964497 0.06540697674418605
0.10638297872340426 0.06540697674418605
0.10613207547169812 0.06540697674418605
0.10588235294117647 0.06540697674418605
0.10575793184488837 0.06540697674418605
0.1056338028169014 0.06540697674418605
0.10550996483001172 0.06540697674418605
0.1053864168618267 0.06540697674418605
0.10514018691588785 0.06540697674418605
0.10501750291715285 0.06540697674418605
0.1048951048951049 0.06540697674418605
0.10477299185098952 0.06540697674418605
0.10465116279069768 0.06540697674418605
0.10440835266821345 0.06540697674418605
0.10428736964078796 0.06540697674418605
0.10404624277456648 0.06540697674418605
0.10380622837370242 0.06540697674418605
0.10368663594470046 0.06540697674418605
0.10356731875719218 0.06540697674418605
0.10332950631458095 0.06540697674418605
0.10321100917431193 0.06540697674418605
0.10309278350515463 0.06540697674418605
0.10297482837528604 0.06540697674418605
0.10273972602739725 0.06540697674418605
0.10250569476082004 0.06540697674418605
0.10238907849829351 0.06540697674418605
0.1021566401816118 0.06540697674418605
0.10192525481313704 0.06540697674418605
0.10180995475113122 0.06540697674418605
0.10158013544018059 0.06540697674418605
0.10135135135135136 0.06540697674418605
0.10112359550561797 0.06540697674418605
0.10089686098654709 0.06540697674418605
0.10067114093959731 0.06540697674418605
0.10044642857142858 0.06540697674418605
0.10022271714922049 0.06540697674418605
0.1 0.06540697674418605
0.09988901220865705 0.06540697674418605
0.09977827050997783 0.06540697674418605
0.09966777408637874 0.06540697674418605
0.09955752212389381 0.06540697674418605
0.09944751381215469 0.06540697674418605
0.09933774834437085 0.06540697674418605
0.09911894273127753 0.06540697674418605
0.0989010989010989 0.06540697674418605
0.09879253567508232 0.06540697674418605
0.09868421052631579 0.06540697674418605
0.09846827133479212 0.06540697674418605
0.09836065573770492 0.06540697674418605
0.0982532751091703 0.06540697674418605
0.09803921568627451 0.06540697674418605
0.09782608695652174 0.06540697674418605
0.09771986970684039 0.06540697674418605
0.09761388286334056 0.06540697674418605
0.09740259740259741 0.06540697674418605
0.0972972972972973 0.06540697674418605
0.09719222462203024 0.06540697674418605
0.09698275862068965 0.06540697674418605
0.0968783638320775 0.06540697674418605
0.0966702470461869 0.06540697674418605
0.09656652360515021 0.06540697674418605
0.09646302250803858 0.06540697674418605
0.09635974304068523 0.06540697674418605
0.0962566844919786 0.06540697674418605
0.09615384615384616 0.06540697674418605
0.09594882729211088 0.06540697674418605
0.09574468085106383 0.06540697674418605
0.09554140127388536 0.06540697674418605
0.09544008483563096 0.06540697674418605
0.09533898305084745 0.06540697674418605
0.09523809523809523 0.06540697674418605
0.09503695881731784 0.06540697674418605
0.09483667017913593 0.06540697674418605
0.09473684210526316 0.06540697674418605
0.09453781512605042 0.06540697674418605
0.0944386149003148 0.06540697674418605
0.09424083769633508 0.06540697674418605
0.09414225941422594 0.06540697674418605
0.09404388714733543 0.06540697674418605
0.09384775808133472 0.06540697674418605
0.09375 0.06540697674418605
0.09365244536940687 0.06540697674418605
0.09345794392523364 0.06540697674418605
0.09326424870466321 0.06540697674418605
0.09307135470527404 0.06540697674418605
0.09287925696594428 0.06540697674418605
0.09268795056642637 0.06540697674418605
0.09259259259259259 0.06540697674418605
0.09240246406570841 0.06540697674418605
0.09221311475409837 0.06540697674418605
0.09202453987730061 0.06540697674418605
0.09193054136874361 0.06540697674418605
0.09183673469387756 0.06540697674418605
0.09174311926605505 0.06540697674418605
0.09164969450101833 0.06540697674418605
0.09155645981688708 0.06540697674418605
0.09146341463414634 0.06540697674418605
0.09127789046653144 0.06540697674418605
0.0911854103343465 0.06540697674418605
0.09109311740890688 0.06540697674418605
0.0910010111223458 0.06540697674418605
0.09090909090909091 0.06540697674418605
0.09081735620585267 0.06540697674418605
0.0907258064516129 0.06540697674418605
0.09063444108761329 0.06540697674418605
0.09054325955734406 0.06540697674418605
0.09045226130653267 0.06540697674418605
0.09036144578313253 0.06540697674418605
0.09027081243731194 0.06540697674418605
0.09018036072144289 0.06540697674418605
0.09009009009009009 0.06540697674418605
0.09 0.06540697674418605
0.0899100899100899 0.06540697674418605
0.08982035928143713 0.06540697674418605
0.0897308075772682 0.06540697674418605
0.08964143426294821 0.06540697674418605
0.08955223880597014 0.06540697674418605
0.08946322067594434 0.06540697674418605
0.08937437934458789 0.06540697674418605
0.08928571428571429 0.06540697674418605
0.08919722497522299 0.06540697674418605
0.0891089108910891 0.06540697674418605
0.08902077151335312 0.06540697674418605
0.08884501480750247 0.06540697674418605
0.08875739644970414 0.06540697674418605
0.08858267716535433 0.06540697674418605
0.08840864440078586 0.06540697674418605
0.08832188420019627 0.06540697674418605
0.08823529411764706 0.06540697674418605
0.0881488736532811 0.06540697674418605
0.08806262230919765 0.06540697674418605
0.0888671875 0.06613372093023256
0.08878048780487804 0.06613372093023256
0.08860759493670886 0.06613372093023256
0.08852140077821012 0.06613372093023256
0.08843537414965986 0.06613372093023256
0.0883495145631068 0.06613372093023256
0.0892337536372454 0.06686046511627906
0.08914728682170543 0.06686046511627906
0.08906098741529525 0.06686046511627906
0.08888888888888889 0.06686046511627906
0.0888030888030888 0.06686046511627906
0.08871745419479267 0.06686046511627906
0.08854667949951876 0.06686046511627906
0.08837656099903939 0.06686046511627906
0.08829174664107485 0.06686046511627906
0.08820709491850431 0.06686046511627906
0.08812260536398467 0.06686046511627906
0.08803827751196172 0.06686046511627906
0.08795411089866156 0.06686046511627906
0.08787010506208214 0.06686046511627906
0.08778625954198473 0.06686046511627906
0.0877025738798856 0.06686046511627906
0.08761904761904762 0.06686046511627906
0.08753568030447194 0.06686046511627906
0.08745247148288973 0.06686046511627906
0.08736942070275404 0.06686046511627906
0.0872865275142315 0.06686046511627906
0.08712121212121213 0.06686046511627906
0.08703878902554399 0.06686046511627906
0.08695652173913043 0.06686046511627906
0.08687440982058546 0.06686046511627906
0.08679245283018867 0.06686046511627906
0.08671065032987747 0.06686046511627906
0.08662900188323917 0.06686046511627906
0.08646616541353383 0.06686046511627906
0.08630393996247655 0.06686046511627906
0.08622305529522024 0.06686046511627906
0.08614232209737828 0.06686046511627906
0.08606173994387278 0.06686046511627906
0.08590102707749767 0.06686046511627906
0.08582089552238806 0.06686046511627906
0.0856610800744879 0.06686046511627906
0.08558139534883721 0.06686046511627906
0.08542246982358404 0.06686046511627906
0.08534322820037106 0.06686046511627906
0.08518518518518518 0.06686046511627906
0.08502772643253234 0.06686046511627906
0.08494921514312095 0.06686046511627906
0.08487084870848709 0.06686046511627906
0.0847926267281106 0.06686046511627906
0.0847145488029466 0.06686046511627906
0.08539944903581267 0.06758720930232558
0.08516483516483517 0.06758720930232558
0.0850091407678245 0.06758720930232558
0.08493150684931507 0.06758720930232558
0.08485401459854014 0.06758720930232558
0.08477666362807658 0.06758720930232558
0.08469945355191257 0.06758720930232558
0.08462238398544131 0.06758720930232558
0.08454545454545455 0.06758720930232558
0.08446866485013624 0.06758720930232558
0.08439201451905626 0.06758720930232558
0.08423913043478261 0.06758720930232558
0.08416289592760182 0.06758720930232558
0.08401084010840108 0.06758720930232558
0.08393501805054152 0.06758720930232558
0.08378378378378379 0.06758720930232558
0.08370837083708371 0.06758720930232558
0.08363309352517985 0.06758720930232558
0.08355795148247978 0.06758720930232558
0.08340807174887892 0.06758720930232558
0.08325872873769025 0.06758720930232558
0.08318425760286226 0.06758720930232558
0.08310991957104558 0.06758720930232558
0.08303571428571428 0.06758720930232558
0.08296164139161463 0.06758720930232558
0.08288770053475936 0.06758720930232558
0.08274021352313167 0.06758720930232558
0.08266666666666667 0.06758720930232558
0.08251996450754215 0.06758720930232558
0.08244680851063829 0.06758720930232558
0.08237378210806023 0.06758720930232558
0.08230088495575222 0.06758720930232558
0.08222811671087533 0.06758720930232558
0.08215547703180212 0.06758720930232558
0.0820829655781112 0.06758720930232558
0.082010582010582 0.06758720930232558
0.0818661971830986 0.06758720930232558
0.08179419525065963 0.06758720930232558
0.08172231985940245 0.06758720930232558
0.08157894736842106 0.06758720930232558
0.08150744960560911 0.06758720930232558
0.08143607705779335 0.06758720930232558
0.08129370629370629 0.06758720930232558
0.08122270742358079 0.06758720930232558
0.08115183246073299 0.06758720930232558
0.08101045296167247 0.06758720930232558
0.08181026979982593 0.06831395348837209
0.08166811468288444 0.06831395348837209
0.08159722222222222 0.06831395348837209
0.08152645273200347 0.06831395348837209
0.08138528138528138 0.06831395348837209
0.08131487889273356 0.06831395348837209
0.08124459809853068 0.06831395348837209
0.08117443868739206 0.06831395348837209
0.0811044003451251 0.06831395348837209
0.08103448275862069 0.06831395348837209
0.08089500860585198 0.06831395348837209
0.08082545141874463 0.06831395348837209
0.08068669527896996 0.06831395348837209
0.0805484147386461 0.06831395348837209
0.08041060735671514 0.06831395348837209
0.08034188034188035 0.06831395348837209
0.08020477815699659 0.06831395348837209
0.08013640238704177 0.06831395348837209
0.08 0.06831395348837209
0.07993197278911565 0.06831395348837209
0.07979626485568761 0.06831395348837209
0.07966101694915254 0.06831395348837209
0.07952622673434856 0.06831395348837209
0.07945900253592561 0.06831395348837209
0.07932489451476793 0.06831395348837209
0.07925801011804384 0.06831395348837209
0.07919123841617523 0.06831395348837209
0.07912457912457913 0.06831395348837209
0.07905803195962995 0.06831395348837209
0.07892527287993283 0.06831395348837209
0.07885906040268456 0.06831395348837209
0.07879295892707461 0.06831395348837209
0.07872696817420435 0.06831395348837209
0.07866108786610879 0.06831395348837209
0.07859531772575251 0.06831395348837209
0.0785296574770259 0.06831395348837209
0.07846410684474124 0.06831395348837209
0.07839866555462886 0.06831395348837209
0.07833333333333334 0.06831395348837209
0.07826810990840966 0.06831395348837209
0.07820299500831947 0.06831395348837209
0.07813798836242726 0.06831395348837209
0.07807308970099668 0.06831395348837209
0.07800829875518672 0.06831395348837209
0.07787903893951947 0.06831395348837209
0.07781456953642384 0.06831395348837209
0.07775020678246485 0.06831395348837209
0.07768595041322314 0.06831395348837209
0.07762180016515277 0.06831395348837209
0.07755775577557755 0.06831395348837209
0.07742998352553541 0.06831395348837209
0.07736625514403292 0.06831395348837209
0.07730263157894737 0.06831395348837209
0.07723911257189811 0.06831395348837209
0.07717569786535304 0.06831395348837209
0.0771123872026251 0.06831395348837209
0.07704918032786885 0.06831395348837209
0.07698607698607698 0.06831395348837209
0.07692307692307693 0.06831395348837209
0.07679738562091504 0.06831395348837209
0.07673469387755102 0.06831395348837209
0.0766721044045677 0.06831395348837209
0.07660961695191525 0.06831395348837209
0.07654723127035831 0.06831395348837209
0.07642276422764227 0.06831395348837209
0.07636068237205523 0.06831395348837209
0.0762987012987013 0.06831395348837209
0.07617504051863858 0.06831395348837209
0.07605177993527508 0.06831395348837209
0.07592891760904685 0.06831395348837209
0.07586763518966909 0.06831395348837209
0.07580645161290323 0.06831395348837209
0.0757453666398066 0.06831395348837209
0.0756234915526951 0.06831395348837209
0.07556270096463022 0.06831395348837209
0.0754414125200642 0.06831395348837209
0.07538091419406576 0.06831395348837209
0.07532051282051282 0.06831395348837209
0.07526020816653323 0.06831395348837209
0.0752 0.06831395348837209
0.07513988808952837 0.06831395348837209
0.07507987220447285 0.06831395348837209
0.07501995211492418 0.06831395348837209
0.0749003984063745 0.06831395348837209
0.07484076433121019 0.06831395348837209
0.07478122513922036 0.06831395348837209
0.07472178060413355 0.06831395348837209
0.07466243050039714 0.06831395348837209
0.0746031746031746 0.06831395348837209
0.07454401268834258 0.06831395348837209
0.07448494453248812 0.06831395348837209
0.07436708860759493 0.06831395348837209
0.07430830039525692 0.06831395348837209
0.07419100236779795 0.06831395348837209
0.07413249211356467 0.06831395348837209
0.07407407407407407 0.06831395348837209
0.07401574803149606 0.06831395348837209
0.07395751376868608 0.06831395348837209
0.07389937106918239 0.06831395348837209
0.07384131971720345 0.06831395348837209
0.07372549019607844 0.06831395348837209
0.07361002349256068 0.06831395348837209
0.07355242566510173 0.06831395348837209
0.07349491790461297 0.06831395348837209
0.0734375 0.06831395348837209
0.07338017174082748 0.06831395348837209
0.07332293291731669 0.06831395348837209
0.07326578332034295 0.06831395348837209
0.07320872274143302 0.06831395348837209
0.07315175097276265 0.06831395348837209
0.07309486780715396 0.06831395348837209
0.07303807303807304 0.06831395348837209
0.07298136645962733 0.06831395348837209
0.07292474786656322 0.06831395348837209
0.07286821705426356 0.06831395348837209
0.07281177381874517 0.06831395348837209
0.07275541795665634 0.06831395348837209
0.07269914926527456 0.06831395348837209
0.07264296754250386 0.06831395348837209
0.07258687258687259 0.06831395348837209
0.07253086419753087 0.06831395348837209
0.07247494217424827 0.06831395348837209
0.0724191063174114 0.06831395348837209
0.07236335642802155 0.06831395348837209
0.07230769230769231 0.06831395348837209
0.07214121258633922 0.06831395348837209
0.07208588957055215 0.06831395348837209
0.07197549770290965 0.06831395348837209
0.07192042846212701 0.06831395348837209
0.07186544342507645 0.06831395348837209
0.0718105423987777 0.06831395348837209
0.07164634146341463 0.06831395348837209
0.0715372907153729 0.06831395348837209
0.0714828897338403 0.06831395348837209
0.07142857142857142 0.06831395348837209
0.07137433561123765 0.06831395348837209
0.07132018209408195 0.06831395348837209
0.0712661106899166 0.06831395348837209
0.07121212121212121 0.06831395348837209
0.07115821347464042 0.06831395348837209
0.0710506424792139 0.06831395348837209
0.07099697885196375 0.06831395348837209
0.0709433962264151 0.06831395348837209
0.07088989441930618 0.06831395348837209
0.07083647324792766 0.06831395348837209
0.07078313253012049 0.06831395348837209
0.07148231753197894 0.0690406976744186
0.07142857142857142 0.0690406976744186
0.07137490608564989 0.0690406976744186
0.07132132132132132 0.0690406976744186
0.07126781695423856 0.0690406976744186
0.0712143928035982 0.0690406976744186
0.07110778443113773 0.0690406976744186
0.07100149476831091 0.0690406976744186
0.07094846900672143 0.0690406976744186
0.0708955223880597 0.0690406976744186
0.07078986587183309 0.0690406976744186
0.07073715562174236 0.0690406976744186
0.07068452380952381 0.0690406976744186
0.07063197026022305 0.0690406976744186
0.07057949479940565 0.0690406976744186
0.07052709725315516 0.0690406976744186
0.07047477744807122 0.0690406976744186
0.07037037037037037 0.0690406976744186
0.07031828275351591 0.0690406976744186
0.07026627218934911 0.0690406976744186
0.07021433850702144 0.0690406976744186
0.07011070110701106 0.0690406976744186
0.0700589970501475 0.0690406976744186
0.07000736919675755 0.0690406976744186
0.06990434142752024 0.0690406976744186
0.06985294117647059 0.0690406976744186
0.06980161645848641 0.0690406976744186
0.0697503671071953 0.0690406976744186
0.06969919295671313 0.0690406976744186
0.06964809384164222 0.0690406976744186
0.0695970695970696 0.0690406976744186
0.06954612005856516 0.0690406976744186
0.06949524506217995 0.0690406976744186
0.06944444444444445 0.0690406976744186
0.06939371804236669 0.0690406976744186
0.06934306569343066 0.0690406976744186
0.06929248723559446 0.0690406976744186
0.06924198250728864 0.0690406976744186
0.06919155134741442 0.0690406976744186
0.06914119359534207 0.0690406976744186
0.06909090909090909 0.0690406976744186
0.06899055918663761 0.0690406976744186
0.06894049346879536 0.0690406976744186
0.06884057971014493 0.0690406976744186
0.06879073135409124 0.0690406976744186
0.06874095513748191 0.0690406976744186
0.06864161849710983 0.0690406976744186
0.06859205776173286 0.0690406976744186
0.06854256854256854 0.0690406976744186
0.0684931506849315 0.0690406976744186
0.06844380403458213 0.0690406976744186
0.0683453237410072 0.0690406976744186
0.0682961897915169 0.0690406976744186
0.06824712643678162 0.0690406976744186
0.06814921090387374 0.0690406976744186
0.06810035842293907 0.0690406976744186
0.0680515759312321 0.0690406976744186
0.06800286327845383 0.0690406976744186
0.06795422031473533 0.0690406976744186
0.06785714285714285 0.0690406976744186
0.06776034236804565 0.0690406976744186
0.06771204561653599 0.0690406976744186
0.06766381766381767 0.0690406976744186
0.06761565836298933 0.0690406976744186
0.06756756756756757 0.0690406976744186
0.06751954513148543 0.0690406976744186
0.06747159090909091 0.0690406976744186
0.06742370475514549 0.0690406976744186
0.0673758865248227 0.0690406976744186
0.0673281360737066 0.0690406976744186
0.06728045325779036 0.0690406976744186
0.06723283793347487 0.0690406976744186
0.06718528995756719 0.0690406976744186
0.06713780918727916 0.0690406976744186
0.067090395480226 0.0690406976744186
0.06699576868829338 0.0690406976744186
0.06690140845070422 0.0690406976744186
0.06680731364275667 0.0690406976744186
0.06671348314606741 0.0690406976744186
0.06661991584852735 0.0690406976744186
0.06657323055360898 0.0690406976744186
0.06648005598320504 0.0690406976744186
0.06643356643356643 0.0690406976744186
0.06634078212290503 0.0690406976744186
0.06624825662482567 0.0690406976744186
0.06620209059233449 0.0690406976744186
0.06610995128740431 0.0690406976744186
0.06606397774687066 0.0690406976744186
0.06597222222222222 0.0690406976744186
0.06588072122052704 0.0690406976744186
0.06583506583506583 0.0690406976744186
0.0657439446366782 0.0690406976744186
0.06565307532826538 0.0690406976744186
0.06560773480662983 0.0690406976744186
0.06551724137931035 0.0690406976744186
0.06547208821502412 0.0690406976744186
0.0653819683413627 0.0690406976744186
0.06533700137551582 0.0690406976744186
0.06529209621993128 0.0690406976744186
0.06524725274725275 0.0690406976744186
0.06520247083047358 0.0690406976744186
0.06515775034293553 0.0690406976744186
0.06511309115832763 0.0690406976744186
0.06506849315068493 0.0690406976744186
0.06497948016415869 0.0690406976744186
0.06493506493506493 0.0690406976744186
0.06489071038251366 0.0690406976744186
0.06484641638225255 0.0690406976744186
0.06475800954328562 0.0690406976744186
0.06466984343090537 0.0690406976744186
0.06462585034013606 0.0690406976744186
0.06458191706322229 0.0690406976744186
0.06449422946367957 0.0690406976744186
0.06440677966101695 0.0690406976744186
0.06436314363143632 0.0690406976744186
0.06431956668923494 0.0690406976744186
0.06427604871447902 0.0690406976744186
0.06418918918918919 0.0690406976744186
0.06414584740040513 0.0690406976744186
0.06405933917734322 0.0690406976744186
0.06401617250673855 0.0690406976744186
0.0639300134589502 0.0690406976744186
0.06388702084734364 0.0690406976744186
0.06380120886501008 0.0690406976744186
0.06375838926174497 0.0690406976744186
0.06367292225201072 0.0690406976744186
0.06358768406961178 0.0690406976744186
0.06350267379679145 0.0690406976744186
0.06346025384101536 0.0690406976744186
0.06341789052069426 0.0690406976744186
0.06333333333333334 0.0690406976744186
0.06324900133155792 0.0690406976744186
0.06320691949434465 0.0690406976744186
0.06312292358803986 0.0690406976744186
0.0630391506303915 0.0690406976744186
0.06295559973492379 0.0690406976744186
0.0628722700198544 0.0690406976744186
0.06283068783068783 0.0690406976744186
0.06278916060806344 0.0690406976744186
0.06274768824306473 0.0690406976744186
0.0627062706270627 0.0690406976744186
0.06262359920896507 0.0690406976744186
0.06258234519104085 0.0690406976744186
0.06254114549045425 0.0690406976744186
0.062458908612754764 0.0690406976744186
0.06241787122207622 0.0690406976744186
