113.0 2942.0
2780.0 2942.0
5716.0 2942.0
4928.0 2942.0
5683.0 2942.0
271.0 2942.0
4618.0 2942.0
1531.0 2942.0
1614.0 2942.0
524.0 113.0
524.0 4928.0
524.0 4618.0
524.0 1531.0
524.0 3427.0
524.0 5716.0
524.0 5683.0
524.0 2673.0
524.0 3598.0
524.0 271.0
3427.0 2942.0
985.0 2942.0
2673.0 2942.0
107.0 2942.0
3598.0 2942.0
149.0 107.0
2911.0 2942.0
113.0 5683.0
5403.0 2942.0
486.0 2942.0
1586.0 113.0
1586.0 5683.0
7158.0 3132.0
7158.0 5573.0
1499.0 2942.0
2117.0 1614.0
2117.0 4237.0
2117.0 4618.0
2117.0 985.0
2117.0 107.0
317.0 1614.0
317.0 5573.0
317.0 271.0
317.0 107.0
2030.0 122.0
2030.0 872.0
2780.0 2670.0
2780.0 872.0
2780.0 3062.0
2780.0 3427.0
2780.0 2971.0
2780.0 2985.0
2780.0 107.0
2780.0 5716.0
2780.0 5239.0
2780.0 494.0
2780.0 4992.0
2780.0 2673.0
2780.0 2940.0
2780.0 271.0
2780.0 851.0
1687.0 2971.0
1687.0 122.0
1687.0 985.0
1579.0 2942.0
2717.0 2942.0
1794.0 3598.0
1297.0 2942.0
2186.0 2673.0
2186.0 5573.0
456.0 5716.0
456.0 710.0
2799.0 1226.0
2799.0 2602.0
1101.0 5573.0
1101.0 1226.0
1101.0 1531.0
1101.0 991.0
1101.0 2200.0
1101.0 851.0
1219.0 2942.0
2223.0 4606.0
2223.0 1226.0
1621.0 107.0
2669.0 605.0
231.0 1614.0
605.0 2942.0
5716.0 991.0
5716.0 3427.0
5716.0 2673.0
5716.0 3925.0
5716.0 823.0
5716.0 3598.0
483.0 1614.0
483.0 2670.0
483.0 5573.0
483.0 2151.0
483.0 5403.0
483.0 2940.0
483.0 5533.0
483.0 2766.0
483.0 984.0
483.0 3132.0
483.0 4992.0
483.0 2985.0
483.0 1783.0
483.0 985.0
483.0 710.0
483.0 2776.0
31.0 5403.0
31.0 985.0
31.0 494.0
31.0 823.0
6430.0 1614.0
6430.0 872.0
6430.0 107.0
6430.0 710.0
3132.0 2942.0
5118.0 8717.0
1908.0 2602.0
10330.0 271.0
407.0 2670.0
407.0 872.0
407.0 5737.0
407.0 3062.0
407.0 2673.0
407.0 3427.0
407.0 2985.0
407.0 107.0
407.0 5716.0
407.0 5239.0
407.0 494.0
407.0 2780.0
407.0 2940.0
407.0 271.0
3062.0 2942.0
771.0 107.0
4928.0 991.0
4928.0 4963.0
4928.0 2527.0
4928.0 1579.0
4928.0 682.0
4928.0 3132.0
4928.0 1219.0
4928.0 5402.0
4928.0 2602.0
4928.0 1783.0
4928.0 985.0
4928.0 122.0
4928.0 2673.0
4928.0 703.0
4928.0 2766.0
4928.0 872.0
4928.0 2776.0
4928.0 1245.0
2971.0 2942.0
5683.0 5845.0
5683.0 2971.0
5683.0 107.0
5683.0 710.0
5683.0 271.0
5683.0 2776.0
5683.0 5402.0
4606.0 2942.0
4804.0 107.0
10322.0 3427.0
1620.0 271.0
1245.0 2942.0
2940.0 2942.0
2017.0 4237.0
2017.0 985.0
2171.0 3427.0
2171.0 271.0
2171.0 2780.0
4483.0 2780.0
4483.0 107.0
2073.0 2942.0
920.0 823.0
412.0 3427.0
412.0 107.0
3613.0 271.0
2886.0 516.0
2602.0 2942.0
3629.0 271.0
3629.0 1226.0
6242.0 1226.0
3165.0 486.0
3165.0 122.0
1604.0 2527.0
1604.0 1226.0
1246.0 1226.0
578.0 1226.0
160.0 107.0
160.0 851.0
7724.0 2151.0
7724.0 985.0
8503.0 1614.0
8503.0 985.0
8503.0 271.0
8503.0 5402.0
2035.0 1245.0
710.0 2942.0
5505.0 2780.0
5505.0 122.0
5519.0 271.0
2019.0 271.0
2019.0 2527.0
2019.0 851.0
1783.0 2942.0
5542.0 107.0
2141.0 985.0
13729.0 2942.0
4434.0 985.0
1503.0 1614.0
1503.0 4618.0
1503.0 985.0
1503.0 4237.0
1503.0 107.0
1503.0 5716.0
1503.0 2527.0
1503.0 4736.0
207.0 107.0
4626.0 1226.0
4626.0 1783.0
5239.0 2942.0
2374.0 271.0
206.0 5716.0
157.0 5716.0
157.0 3427.0
475.0 1614.0
475.0 3082.0
475.0 991.0
475.0 2151.0
475.0 4838.0
475.0 5403.0
475.0 6512.0
475.0 2940.0
475.0 5716.0
475.0 682.0
475.0 494.0
475.0 2766.0
475.0 2967.0
475.0 2971.0
475.0 4992.0
475.0 2976.0
475.0 2985.0
475.0 872.0
475.0 3062.0
475.0 710.0
475.0 2776.0
682.0 2942.0
3894.0 1614.0
3129.0 984.0
3129.0 2971.0
3129.0 851.0
3925.0 2942.0
3504.0 3697.0
3504.0 1226.0
4445.0 1614.0
4445.0 271.0
4445.0 5556.0
4445.0 494.0
4445.0 1624.0
4445.0 985.0
620.0 494.0
464.0 851.0
464.0 271.0
464.0 5683.0
464.0 2971.0
464.0 985.0
477.0 1614.0
2554.0 3427.0
2554.0 107.0
1982.0 5716.0
1982.0 516.0
1982.0 2971.0
1982.0 872.0
1982.0 107.0
86.0 271.0
86.0 1226.0
86.0 710.0
271.0 3082.0
271.0 5573.0
271.0 4838.0
271.0 9809.0
271.0 122.0
271.0 985.0
271.0 3062.0
271.0 2760.0
271.0 5403.0
271.0 6512.0
271.0 9403.0
271.0 2971.0
271.0 2985.0
271.0 3598.0
271.0 107.0
271.0 710.0
271.0 2776.0
271.0 851.0
271.0 991.0
271.0 3427.0
271.0 6326.0
271.0 3132.0
271.0 4992.0
271.0 494.0
271.0 872.0
271.0 2766.0
271.0 6717.0
271.0 2673.0
271.0 2200.0
271.0 2940.0
271.0 2527.0
271.0 1297.0
8231.0 2527.0
1955.0 271.0
2967.0 2942.0
861.0 122.0
2187.0 1226.0
2118.0 271.0
2118.0 3697.0
2118.0 1226.0
2118.0 1783.0
2118.0 985.0
6273.0 486.0
6697.0 2942.0
5845.0 2942.0
4571.0 5716.0
4571.0 5402.0
4571.0 2766.0
202.0 107.0
7280.0 1499.0
604.0 2670.0
604.0 3697.0
604.0 3598.0
604.0 494.0
516.0 2942.0
1402.0 5845.0
1402.0 985.0
1402.0 605.0
1402.0 1245.0
4618.0 5737.0
4618.0 4237.0
4618.0 2673.0
1531.0 5239.0
1531.0 872.0
1531.0 4618.0
1531.0 2673.0
1531.0 2602.0
1531.0 710.0
3609.0 5573.0
3609.0 122.0
10691.0 2942.0
6326.0 2942.0
4336.0 4618.0
4336.0 1531.0
4336.0 2780.0
4336.0 1614.0
4992.0 2942.0
175.0 3427.0
175.0 985.0
175.0 2776.0
175.0 1297.0
5533.0 2942.0
4995.0 1614.0
1612.0 2776.0
1612.0 494.0
88.0 486.0
88.0 2971.0
88.0 851.0
88.0 1219.0
88.0 985.0
1901.0 1614.0
1901.0 107.0
6269.0 107.0
3697.0 2942.0
4636.0 5573.0
4636.0 2780.0
517.0 4237.0
517.0 2780.0
517.0 4618.0
517.0 1531.0
1605.0 3598.0
1605.0 2780.0
1605.0 1226.0
4701.0 3082.0
4701.0 122.0
793.0 271.0
537.0 2911.0
537.0 122.0
537.0 2602.0
537.0 4928.0
537.0 2971.0
537.0 4618.0
537.0 1531.0
537.0 2673.0
537.0 3598.0
537.0 2940.0
537.0 851.0
3318.0 3427.0
3318.0 5716.0
3318.0 271.0
3318.0 122.0
3318.0 107.0
142.0 1499.0
5560.0 5716.0
2778.0 5683.0
2778.0 3132.0
2778.0 3598.0
494.0 2942.0
984.0 2942.0
6294.0 107.0
534.0 1614.0
534.0 1226.0
534.0 5716.0
534.0 5683.0
534.0 4736.0
166.0 107.0
166.0 1226.0
449.0 1614.0
449.0 2602.0
449.0 985.0
449.0 2951.0
449.0 107.0
449.0 1226.0
449.0 872.0
449.0 271.0
449.0 851.0
449.0 2073.0
2766.0 2942.0
4736.0 2942.0
4994.0 3427.0
4994.0 5716.0
4994.0 984.0
9403.0 2942.0
1633.0 4736.0
1633.0 122.0
909.0 3697.0
2976.0 2942.0
1171.0 4237.0
1171.0 4618.0
1171.0 1531.0
6393.0 985.0
525.0 1614.0
525.0 4736.0
3486.0 851.0
3486.0 1531.0
6717.0 2942.0
9957.0 122.0
1160.0 1614.0
1160.0 1245.0
5556.0 2942.0
1614.0 2911.0
1614.0 122.0
1614.0 2602.0
1614.0 985.0
1614.0 9403.0
1614.0 2766.0
1614.0 2971.0
1614.0 107.0
1614.0 5716.0
1614.0 872.0
1614.0 271.0
1614.0 1579.0
1614.0 2776.0
12423.0 107.0
3663.0 4838.0
3663.0 2602.0
3663.0 703.0
165.0 985.0
165.0 2673.0
165.0 1531.0
165.0 605.0
165.0 494.0
524.0 2187.0
524.0 10311.0
524.0 11516.0
524.0 920.0
524.0 149.0
524.0 6269.0
524.0 412.0
524.0 2118.0
524.0 456.0
524.0 12423.0
524.0 8484.0
524.0 3613.0
524.0 54.0
524.0 12331.0
524.0 2886.0
524.0 1612.0
524.0 7364.0
524.0 4804.0
524.0 1488.0
524.0 93.0
524.0 1901.0
524.0 6737.0
524.0 6083.0
524.0 10888.0
524.0 3629.0
524.0 105.0
524.0 6242.0
524.0 819.0
524.0 3165.0
524.0 1101.0
524.0 86.0
524.0 830.0
524.0 8231.0
524.0 1908.0
524.0 2571.0
524.0 2223.0
524.0 2577.0
524.0 106.0
524.0 8474.0
524.0 2799.0
524.0 1621.0
524.0 3317.0
524.0 4636.0
524.0 10330.0
524.0 517.0
524.0 4016.0
524.0 2374.0
524.0 202.0
524.0 206.0
524.0 1604.0
524.0 3545.0
524.0 1586.0
524.0 3663.0
524.0 215.0
524.0 5512.0
524.0 7724.0
524.0 887.0
524.0 217.0
524.0 6689.0
524.0 569.0
524.0 219.0
524.0 3670.0
524.0 1246.0
524.0 7761.0
524.0 1671.0
524.0 578.0
524.0 909.0
524.0 5505.0
524.0 100.0
524.0 5519.0
524.0 751.0
524.0 2669.0
524.0 96.0
524.0 1167.0
524.0 1794.0
524.0 740.0
524.0 159.0
524.0 771.0
524.0 231.0
524.0 7592.0
524.0 2289.0
524.0 475.0
524.0 165.0
524.0 166.0
524.0 685.0
524.0 168.0
524.0 5564.0
524.0 1054.0
524.0 4434.0
524.0 4994.0
524.0 604.0
524.0 4483.0
524.0 182.0
524.0 5646.0
524.0 5506.0
524.0 187.0
524.0 351.0
524.0 8564.0
524.0 1114.0
524.0 1472.0
524.0 2035.0
524.0 3894.0
524.0 1402.0
524.0 537.0
524.0 747.0
524.0 3318.0
524.0 142.0
524.0 4667.0
524.0 875.0
524.0 7309.0
524.0 2624.0
524.0 5560.0
524.0 4817.0
524.0 8026.0
524.0 7422.0
524.0 619.0
524.0 2778.0
524.0 172.0
524.0 11311.0
524.0 3609.0
524.0 2186.0
524.0 477.0
524.0 3502.0
524.0 447.0
524.0 3750.0
524.0 2040.0
524.0 3504.0
524.0 2117.0
524.0 4445.0
524.0 620.0
524.0 1160.0
524.0 158.0
524.0 82.0
524.0 260.0
524.0 317.0
524.0 2290.0
524.0 4418.0
524.0 4801.0
524.0 2002.0
524.0 483.0
524.0 283.0
524.0 3768.0
524.0 2559.0
524.0 9577.0
524.0 9193.0
524.0 31.0
524.0 1171.0
524.0 4859.0
524.0 157.0
524.0 1962.0
524.0 178.0
524.0 4990.0
524.0 5406.0
524.0 6393.0
524.0 1212.0
524.0 2022.0
524.0 4336.0
524.0 9957.0
524.0 376.0
524.0 3092.0
524.0 534.0
524.0 3486.0
524.0 160.0
524.0 268.0
524.0 947.0
524.0 554.0
524.0 5542.0
524.0 2141.0
524.0 10322.0
524.0 1620.0
524.0 1945.0
524.0 6294.0
524.0 7280.0
524.0 3800.0
524.0 3219.0
524.0 2019.0
524.0 3020.0
524.0 4629.0
524.0 2771.0
524.0 449.0
524.0 175.0
524.0 618.0
524.0 1687.0
524.0 1982.0
524.0 1632.0
524.0 8551.0
524.0 1513.0
524.0 7367.0
524.0 5513.0
524.0 2030.0
524.0 2497.0
524.0 83.0
524.0 7067.0
524.0 1803.0
524.0 108.0
524.0 176.0
524.0 4456.0
524.0 525.0
524.0 715.0
524.0 115.0
524.0 2017.0
524.0 179.0
524.0 6360.0
524.0 5118.0
524.0 1955.0
524.0 3377.0
524.0 835.0
524.0 2729.0
524.0 2171.0
524.0 5225.0
524.0 193.0
524.0 208.0
524.0 3733.0
524.0 1542.0
524.0 793.0
524.0 4995.0
524.0 1605.0
524.0 2233.0
524.0 11797.0
524.0 1503.0
524.0 861.0
524.0 2367.0
524.0 2859.0
524.0 169.0
524.0 207.0
524.0 4989.0
524.0 4572.0
524.0 8549.0
524.0 671.0
524.0 4703.0
524.0 4626.0
524.0 6640.0
524.0 396.0
524.0 88.0
524.0 7063.0
1114.0 605.0
7309.0 1499.0
872.0 2942.0
8026.0 1226.0
7714.0 1503.0
7714.0 31.0
7714.0 464.0
7714.0 2117.0
7714.0 6439.0
7714.0 4817.0
2559.0 682.0
2559.0 4928.0
2559.0 3132.0
2367.0 823.0
97.0 5573.0
97.0 985.0
97.0 682.0
97.0 2971.0
97.0 710.0
97.0 3427.0
97.0 10691.0
97.0 872.0
97.0 271.0
97.0 5533.0
1790.0 3082.0
6077.0 872.0
6077.0 4928.0
6077.0 991.0
6077.0 486.0
6077.0 2673.0
6077.0 823.0
1488.0 1531.0
9809.0 2942.0
7063.0 5716.0
7063.0 2780.0
10394.0 2942.0
217.0 682.0
2760.0 2942.0
1671.0 6512.0
1671.0 4928.0
1671.0 3132.0
1671.0 989.0
3103.0 1614.0
3103.0 5845.0
3103.0 10394.0
3103.0 3697.0
3103.0 1531.0
3103.0 107.0
3103.0 851.0
3103.0 5556.0
96.0 113.0
96.0 2971.0
96.0 10691.0
96.0 3598.0
685.0 5716.0
685.0 2780.0
685.0 1783.0
685.0 107.0
3427.0 5716.0
3427.0 271.0
3427.0 984.0
1226.0 2942.0
875.0 122.0
1054.0 271.0
3750.0 1531.0
82.0 682.0
82.0 1245.0
4237.0 2942.0
7592.0 1614.0
9577.0 1226.0
9193.0 3598.0
1962.0 1614.0
1962.0 985.0
1962.0 851.0
1962.0 1226.0
2022.0 2780.0
2022.0 122.0
2022.0 1226.0
2022.0 107.0
8717.0 2942.0
3020.0 991.0
3020.0 271.0
3020.0 5573.0
3020.0 1245.0
2527.0 2942.0
193.0 13729.0
193.0 271.0
193.0 1579.0
193.0 1226.0
193.0 985.0
4801.0 1783.0
4801.0 605.0
4801.0 3598.0
851.0 2942.0
4703.0 4736.0
11516.0 1614.0
105.0 1614.0
105.0 3427.0
105.0 271.0
105.0 4618.0
105.0 1531.0
2577.0 991.0
2577.0 2527.0
554.0 1614.0
554.0 5573.0
554.0 2602.0
3670.0 122.0
5144.0 2670.0
178.0 2780.0
3219.0 1614.0
3219.0 3427.0
3219.0 2780.0
823.0 2942.0
2497.0 991.0
2497.0 2766.0
2497.0 3132.0
2497.0 2776.0
2497.0 3598.0
703.0 2942.0
179.0 271.0
179.0 2780.0
2776.0 2942.0
4572.0 5683.0
4572.0 113.0
2670.0 2942.0
5573.0 2942.0
172.0 2776.0
172.0 5845.0
172.0 2976.0
172.0 3925.0
172.0 872.0
7067.0 1614.0
7067.0 4618.0
7067.0 4237.0
740.0 1614.0
740.0 991.0
740.0 3427.0
159.0 1614.0
7761.0 1226.0
3768.0 271.0
3768.0 1226.0
1212.0 2602.0
1212.0 1226.0
3800.0 1226.0
1803.0 3427.0
1803.0 682.0
1803.0 6697.0
1803.0 2780.0
1803.0 1531.0
108.0 1531.0
108.0 107.0
108.0 3427.0
108.0 10691.0
108.0 872.0
6083.0 1614.0
715.0 3082.0
715.0 271.0
715.0 5845.0
715.0 985.0
715.0 682.0
715.0 3697.0
715.0 2971.0
715.0 703.0
715.0 107.0
715.0 605.0
715.0 516.0
715.0 1245.0
715.0 851.0
115.0 271.0
115.0 122.0
115.0 3697.0
115.0 516.0
115.0 985.0
115.0 682.0
115.0 703.0
115.0 605.0
115.0 1245.0
4838.0 2942.0
3082.0 2942.0
1472.0 985.0
1472.0 682.0
1472.0 3697.0
1472.0 516.0
1472.0 703.0
1472.0 605.0
1472.0 1245.0
1472.0 271.0
93.0 5573.0
93.0 2602.0
93.0 6697.0
93.0 122.0
93.0 3062.0
93.0 2760.0
93.0 5403.0
93.0 6512.0
93.0 682.0
93.0 2766.0
93.0 2985.0
93.0 1245.0
93.0 710.0
93.0 851.0
93.0 991.0
93.0 5239.0
93.0 494.0
93.0 984.0
93.0 3132.0
93.0 4992.0
93.0 1005.0
93.0 872.0
93.0 2940.0
93.0 271.0
93.0 2717.0
93.0 1624.0
93.0 2776.0
985.0 1614.0
985.0 9809.0
985.0 2911.0
985.0 5845.0
985.0 271.0
985.0 3062.0
985.0 6512.0
985.0 682.0
985.0 4928.0
985.0 2971.0
985.0 4606.0
985.0 823.0
569.0 3427.0
569.0 5716.0
569.0 4928.0
569.0 2985.0
569.0 872.0
569.0 2673.0
569.0 271.0
100.0 10691.0
100.0 872.0
4859.0 605.0
3092.0 107.0
54.0 682.0
54.0 4618.0
54.0 3132.0
54.0 5403.0
54.0 851.0
182.0 3427.0
2624.0 851.0
260.0 1614.0
260.0 5683.0
2673.0 2940.0
2673.0 5716.0
2673.0 271.0
2673.0 4928.0
2673.0 2971.0
2673.0 2602.0
2673.0 2985.0
2673.0 2766.0
2673.0 710.0
3733.0 271.0
2951.0 2942.0
2233.0 1614.0
2233.0 3427.0
2859.0 1531.0
2859.0 271.0
122.0 2942.0
2322.0 5845.0
2322.0 985.0
2322.0 271.0
6360.0 1245.0
3545.0 1614.0
3545.0 2780.0
3545.0 1531.0
1513.0 8717.0
1513.0 710.0
1513.0 1783.0
1513.0 4838.0
1513.0 851.0
751.0 1614.0
751.0 4963.0
751.0 984.0
751.0 2971.0
751.0 4992.0
751.0 851.0
751.0 5402.0
751.0 1226.0
751.0 4618.0
751.0 1531.0
751.0 3062.0
351.0 271.0
351.0 984.0
351.0 2780.0
351.0 2602.0
2985.0 2942.0
208.0 107.0
3502.0 271.0
3502.0 1226.0
991.0 2942.0
2002.0 1614.0
2002.0 122.0
2002.0 2760.0
2002.0 1226.0
2002.0 1499.0
2002.0 3598.0
2002.0 271.0
376.0 985.0
376.0 3062.0
376.0 2971.0
376.0 1226.0
376.0 872.0
376.0 823.0
376.0 851.0
593.0 122.0
593.0 2602.0
593.0 4736.0
593.0 486.0
593.0 4928.0
593.0 2971.0
593.0 2976.0
593.0 1226.0
593.0 710.0
593.0 3132.0
593.0 872.0
593.0 823.0
593.0 5556.0
5050.0 516.0
5050.0 2971.0
5050.0 2776.0
5050.0 2780.0
5050.0 107.0
5050.0 5402.0
1255.0 107.0
1255.0 5573.0
1255.0 3427.0
1255.0 1531.0
6512.0 2942.0
671.0 1226.0
2200.0 2942.0
7066.0 2780.0
2729.0 3598.0
2729.0 2527.0
2729.0 516.0
2729.0 985.0
268.0 985.0
8549.0 1226.0
2290.0 271.0
2290.0 122.0
396.0 1614.0
396.0 5845.0
396.0 2602.0
396.0 1226.0
396.0 851.0
4817.0 1614.0
4817.0 991.0
4817.0 2527.0
819.0 4838.0
819.0 985.0
819.0 2971.0
819.0 1226.0
819.0 3132.0
830.0 2971.0
830.0 3132.0
830.0 5402.0
830.0 2780.0
830.0 985.0
3317.0 3427.0
3317.0 5716.0
1167.0 5716.0
1167.0 107.0
2289.0 5403.0
2289.0 3697.0
2289.0 1226.0
1624.0 2942.0
5564.0 3427.0
5564.0 5716.0
169.0 3427.0
169.0 5716.0
1632.0 107.0
107.0 1614.0
107.0 3427.0
107.0 985.0
107.0 991.0
107.0 5716.0
107.0 10691.0
107.0 4992.0
107.0 2780.0
107.0 872.0
107.0 271.0
11311.0 1614.0
619.0 1614.0
4990.0 3427.0
4990.0 5716.0
3598.0 5716.0
3598.0 271.0
3377.0 2780.0
5402.0 2942.0
2571.0 2976.0
2571.0 1226.0
887.0 985.0
219.0 3427.0
219.0 5716.0
219.0 107.0
2151.0 2942.0
168.0 107.0
6737.0 271.0
6737.0 1226.0
6737.0 122.0
11797.0 3427.0
11797.0 5716.0
401.0 1614.0
401.0 1624.0
401.0 107.0
401.0 985.0
6439.0 271.0
6439.0 985.0
83.0 2780.0
83.0 107.0
1851.0 1614.0
1851.0 2670.0
1851.0 991.0
1851.0 5716.0
1851.0 271.0
1851.0 2911.0
1851.0 2971.0
1851.0 2780.0
1851.0 122.0
1851.0 2673.0
1851.0 710.0
524.0 1313.0
1313.0 271.0
1313.0 3598.0
9456.0 107.0
464.0 2942.0
751.0 2942.0
1101.0 985.0
1246.0 985.0
2433.0 605.0
524.0 2433.0
4994.0 2942.0
524.0 5622.0
524.0 823.0
524.0 2211.0
2019.0 4928.0
5683.0 9809.0
1513.0 1226.0
11087.0 3427.0
11087.0 5716.0
524.0 11087.0
4859.0 5845.0
524.0 851.0
1210.0 991.0
1210.0 271.0
1210.0 2776.0
106.0 4928.0
271.0 1245.0
1605.0 5683.0
166.0 1614.0
524.0 1625.0
524.0 4406.0
524.0 1210.0
524.0 3864.0
1625.0 4992.0
4406.0 271.0
3864.0 985.0
524.0 9769.0
9769.0 2527.0
4187.0 2971.0
524.0 4187.0
97.0 2527.0
593.0 6326.0
6430.0 6512.0
524.0 3939.0
524.0 9276.0
524.0 7604.0
7714.0 7724.0
7604.0 4618.0
7604.0 1531.0
7604.0 2780.0
7604.0 4237.0
3147.0 851.0
2780.0 710.0
2430.0 5683.0
4325.0 107.0
5683.0 984.0
1639.0 1614.0
5145.0 107.0
4571.0 5845.0
604.0 2971.0
4618.0 1614.0
1531.0 1614.0
1531.0 2971.0
1531.0 4963.0
5259.0 107.0
1614.0 4618.0
1614.0 1531.0
524.0 5145.0
524.0 1639.0
524.0 5259.0
524.0 356.0
524.0 3147.0
524.0 4325.0
554.0 2670.0
554.0 113.0
554.0 2971.0
554.0 1531.0
554.0 107.0
2774.0 2942.0
715.0 2774.0
985.0 1783.0
985.0 1245.0
4859.0 1245.0
2322.0 605.0
751.0 991.0
751.0 872.0
5050.0 3082.0
5050.0 2976.0
7066.0 2971.0
268.0 2940.0
268.0 2527.0
268.0 2911.0
268.0 2717.0
268.0 2971.0
268.0 122.0
268.0 710.0
356.0 107.0
1851.0 9809.0
283.0 2760.0
10294.0 107.0
6430.0 2780.0
5520.0 1614.0
5520.0 107.0
5683.0 2780.0
10321.0 107.0
223.0 1531.0
4571.0 2971.0
5555.0 107.0
1531.0 4237.0
6265.0 605.0
524.0 1546.0
524.0 10294.0
524.0 5555.0
524.0 10316.0
524.0 5520.0
524.0 6073.0
524.0 10321.0
524.0 1649.0
524.0 6068.0
524.0 1555.0
524.0 6093.0
524.0 223.0
524.0 224.0
524.0 225.0
6077.0 2780.0
3103.0 4618.0
3103.0 4237.0
10316.0 107.0
15317.0 703.0
1649.0 1614.0
1555.0 1614.0
1555.0 271.0
1542.0 107.0
1546.0 107.0
6093.0 1614.0
5050.0 2673.0
7066.0 2673.0
8500.0 2780.0
1101.0 4618.0
1101.0 4237.0
3486.0 4237.0
3486.0 4618.0
6077.0 1614.0
475.0 4619.0
475.0 2760.0
4619.0 2942.0
2673.0 5239.0
2704.0 2942.0
593.0 2704.0
268.0 2704.0
524.0 12380.0
6077.0 2670.0
1114.0 2976.0
1114.0 3598.0
407.0 851.0
2778.0 2780.0
172.0 1614.0
96.0 872.0
2186.0 2976.0
82.0 2976.0
1475.0 5573.0
524.0 1475.0
534.0 2670.0
534.0 2976.0
534.0 271.0
2117.0 5573.0
9318.0 271.0
2040.0 271.0
4636.0 1531.0
9169.0 1614.0
1614.0 5845.0
524.0 9318.0
524.0 9169.0
2367.0 985.0
105.0 989.0
159.0 6512.0
569.0 1219.0
7066.0 1614.0
103.0 107.0
149.0 151.0
149.0 100.0
149.0 155.0
149.0 157.0
149.0 96.0
149.0 158.0
149.0 159.0
149.0 160.0
149.0 164.0
149.0 165.0
149.0 83.0
149.0 168.0
149.0 93.0
149.0 169.0
149.0 172.0
149.0 175.0
149.0 176.0
149.0 179.0
149.0 182.0
149.0 190.0
149.0 194.0
149.0 106.0
149.0 195.0
149.0 199.0
149.0 200.0
149.0 206.0
149.0 207.0
149.0 214.0
149.0 215.0
149.0 217.0
149.0 219.0
149.0 223.0
149.0 224.0
149.0 225.0
442.0 486.0
442.0 502.0
442.0 516.0
442.0 107.0
162.0 107.0
681.0 682.0
681.0 703.0
972.0 985.0
972.0 1005.0
1010.0 989.0
1052.0 271.0
1177.0 1219.0
1177.0 1226.0
1256.0 107.0
1293.0 107.0
140.0 710.0
1076.0 1499.0
1078.0 271.0
1779.0 1783.0
1970.0 1531.0
1089.0 271.0
2249.0 1245.0
712.0 2602.0
279.0 2717.0
279.0 122.0
279.0 2760.0
279.0 2766.0
136.0 703.0
2903.0 524.0
2903.0 2906.0
2903.0 693.0
2911.0 1614.0
2911.0 991.0
2911.0 2200.0
2911.0 2951.0
2911.0 502.0
2911.0 823.0
2911.0 2971.0
2911.0 122.0
2911.0 2985.0
2911.0 2602.0
2911.0 985.0
2911.0 710.0
818.0 2200.0
3077.0 3082.0
3127.0 3132.0
3426.0 3427.0
933.0 3608.0
933.0 1057.0
933.0 655.0
933.0 2886.0
933.0 3616.0
933.0 1200.0
933.0 1970.0
933.0 3629.0
933.0 1377.0
933.0 1485.0
933.0 1633.0
933.0 3645.0
933.0 335.0
933.0 2374.0
933.0 3664.0
933.0 12.0
933.0 1457.0
933.0 165.0
933.0 2813.0
933.0 3690.0
933.0 3692.0
933.0 1924.0
933.0 3696.0
933.0 127.0
933.0 604.0
933.0 3726.0
933.0 702.0
933.0 3736.0
933.0 524.0
933.0 3754.0
933.0 1072.0
933.0 3759.0
933.0 3762.0
933.0 1194.0
933.0 401.0
933.0 3776.0
933.0 2025.0
933.0 3790.0
933.0 869.0
933.0 2873.0
933.0 3819.0
933.0 948.0
933.0 2003.0
933.0 3830.0
933.0 440.0
933.0 1908.0
933.0 2017.0
933.0 2352.0
933.0 2850.0
933.0 435.0
933.0 3.0
841.0 682.0
4215.0 682.0
4215.0 2776.0
4215.0 1783.0
3649.0 2457.0
3649.0 1081.0
3649.0 2612.0
3649.0 524.0
3649.0 2117.0
3649.0 938.0
3649.0 3784.0
3649.0 1503.0
3649.0 944.0
3649.0 2453.0
3649.0 1123.0
3649.0 1120.0
3649.0 42.0
3649.0 2109.0
3649.0 4282.0
3649.0 1095.0
4323.0 165.0
4323.0 1163.0
4323.0 151.0
4323.0 207.0
4323.0 3435.0
4323.0 21.0
4323.0 1469.0
4323.0 175.0
4323.0 524.0
4323.0 159.0
4323.0 1166.0
4323.0 1164.0
4323.0 1167.0
4323.0 1168.0
4323.0 65.0
4323.0 4336.0
4323.0 434.0
4323.0 2529.0
4323.0 3628.0
4323.0 160.0
4323.0 199.0
4323.0 4349.0
4323.0 167.0
4323.0 4352.0
4323.0 1176.0
4323.0 4354.0
1125.0 271.0
3106.0 2780.0
3106.0 107.0
4496.0 524.0
4595.0 107.0
2753.0 2776.0
880.0 4619.0
4638.0 2200.0
4720.0 3062.0
4755.0 605.0
1533.0 4618.0
1533.0 2780.0
1533.0 1531.0
4829.0 4838.0
4852.0 2971.0
4890.0 107.0
4911.0 486.0
4911.0 122.0
3006.0 4963.0
3006.0 985.0
3006.0 2911.0
3006.0 1783.0
3006.0 2971.0
460.0 113.0
3449.0 3427.0
3449.0 4992.0
5034.0 1226.0
5059.0 207.0
5059.0 175.0
5059.0 5074.0
5059.0 524.0
5059.0 332.0
5059.0 206.0
904.0 5120.0
904.0 271.0
904.0 2971.0
3081.0 703.0
2436.0 872.0
2436.0 3925.0
5233.0 5239.0
5233.0 2673.0
3128.0 271.0
3128.0 5403.0
216.0 3427.0
216.0 271.0
216.0 5533.0
216.0 2780.0
216.0 1245.0
5570.0 1226.0
113.0 5668.0
113.0 5318.0
113.0 96.0
113.0 256.0
113.0 5669.0
113.0 4769.0
113.0 5674.0
113.0 5675.0
113.0 948.0
113.0 5676.0
113.0 5678.0
113.0 4572.0
113.0 1629.0
113.0 4171.0
113.0 2698.0
113.0 5680.0
113.0 1586.0
113.0 342.0
113.0 266.0
113.0 3703.0
113.0 922.0
113.0 524.0
113.0 5684.0
113.0 5685.0
113.0 5686.0
113.0 2353.0
113.0 855.0
113.0 5691.0
113.0 5692.0
113.0 1042.0
113.0 1602.0
113.0 213.0
113.0 5698.0
113.0 5620.0
113.0 1509.0
113.0 5700.0
5673.0 1531.0
3467.0 5716.0
5403.0 271.0
5403.0 991.0
5403.0 2151.0
5403.0 823.0
2409.0 4138.0
2409.0 524.0
2409.0 208.0
2409.0 194.0
2409.0 1491.0
2409.0 1042.0
2409.0 5826.0
2409.0 4000.0
2409.0 665.0
2409.0 5150.0
2409.0 5828.0
3123.0 991.0
3123.0 2971.0
6014.0 271.0
708.0 1783.0
3887.0 985.0
3887.0 5683.0
480.0 1226.0
5511.0 524.0
5511.0 96.0
2825.0 1226.0
2825.0 1783.0
1351.0 4928.0
1351.0 6326.0
1351.0 1226.0
1351.0 1783.0
1351.0 703.0
6339.0 234.0
6339.0 524.0
6339.0 241.0
6339.0 4741.0
6339.0 235.0
6339.0 207.0
3934.0 1499.0
6392.0 524.0
6392.0 2236.0
6392.0 206.0
6392.0 6393.0
2834.0 1614.0
6481.0 985.0
6501.0 1499.0
6501.0 6512.0
1586.0 6549.0
1586.0 5165.0
1586.0 1008.0
1586.0 1193.0
1586.0 1469.0
1586.0 3706.0
1586.0 4260.0
1586.0 138.0
1586.0 5623.0
1586.0 179.0
1586.0 524.0
1586.0 6577.0
1586.0 6587.0
1586.0 4273.0
1586.0 1282.0
1586.0 2368.0
1586.0 257.0
1586.0 6271.0
1586.0 4152.0
1586.0 5620.0
1586.0 3743.0
6319.0 5845.0
6639.0 3598.0
3703.0 113.0
3703.0 1226.0
124.0 3082.0
124.0 5845.0
124.0 872.0
124.0 2985.0
124.0 3062.0
124.0 2760.0
124.0 5403.0
124.0 2971.0
124.0 107.0
124.0 710.0
124.0 3427.0
124.0 4992.0
124.0 1245.0
124.0 2940.0
124.0 271.0
515.0 524.0
515.0 5626.0
515.0 1504.0
515.0 332.0
515.0 604.0
1378.0 985.0
3945.0 4515.0
3945.0 524.0
3945.0 4581.0
3945.0 6166.0
3945.0 1962.0
3945.0 105.0
3945.0 672.0
3945.0 1101.0
6918.0 2602.0
2841.0 2602.0
6045.0 851.0
7158.0 524.0
7158.0 6393.0
7180.0 107.0
4119.0 271.0
4119.0 107.0
7200.0 1614.0
1677.0 1499.0
1677.0 486.0
1677.0 122.0
874.0 4237.0
874.0 4928.0
874.0 985.0
874.0 1531.0
874.0 823.0
1814.0 122.0
7264.0 2998.0
7264.0 4456.0
7264.0 1924.0
7264.0 2669.0
7264.0 3613.0
7264.0 1503.0
7264.0 172.0
7264.0 2171.0
7264.0 524.0
1499.0 4838.0
3216.0 1614.0
3216.0 502.0
3216.0 1226.0
7364.0 206.0
7364.0 1173.0
7364.0 1255.0
7364.0 1168.0
7364.0 407.0
7364.0 216.0
7364.0 160.0
7364.0 3449.0
7364.0 665.0
7364.0 1465.0
7364.0 7367.0
7364.0 537.0
7364.0 158.0
7364.0 260.0
7364.0 4415.0
2145.0 122.0
4986.0 4736.0
4986.0 1624.0
4986.0 5845.0
4986.0 823.0
7468.0 6072.0
7468.0 54.0
7468.0 4775.0
7468.0 473.0
7468.0 2276.0
7468.0 500.0
7468.0 2559.0
7468.0 3377.0
7468.0 4786.0
7468.0 524.0
7468.0 58.0
7468.0 2226.0
7468.0 4800.0
7468.0 1851.0
7468.0 283.0
7468.0 7480.0
7468.0 66.0
7468.0 2236.0
7468.0 2892.0
7468.0 653.0
7468.0 1638.0
7468.0 70.0
7468.0 4319.0
7485.0 1614.0
7485.0 1226.0
7514.0 991.0
4170.0 1226.0
4170.0 107.0
447.0 96.0
447.0 351.0
447.0 3485.0
447.0 121.0
447.0 2040.0
447.0 2365.0
447.0 106.0
447.0 580.0
4762.0 1245.0
2117.0 3609.0
2117.0 2187.0
2117.0 2664.0
2117.0 3103.0
2117.0 2915.0
2117.0 1058.0
2117.0 5956.0
2117.0 7654.0
2117.0 1308.0
2117.0 5074.0
2117.0 7655.0
2117.0 1687.0
2117.0 1145.0
2117.0 2118.0
2117.0 1313.0
2117.0 2233.0
2117.0 1183.0
2117.0 2472.0
2117.0 2473.0
2117.0 419.0
2117.0 2799.0
2117.0 1120.0
2117.0 1072.0
2117.0 776.0
2117.0 7662.0
2117.0 3350.0
2117.0 49.0
2117.0 2809.0
2117.0 42.0
2117.0 633.0
2117.0 473.0
2117.0 7219.0
2117.0 2285.0
2117.0 3935.0
2117.0 251.0
2117.0 7669.0
2117.0 1089.0
2117.0 3616.0
2117.0 1574.0
2117.0 80.0
2117.0 1861.0
2117.0 3623.0
2117.0 1160.0
2117.0 4091.0
2117.0 625.0
2117.0 3504.0
2117.0 449.0
2117.0 7028.0
2117.0 1924.0
2117.0 1580.0
2117.0 2953.0
2117.0 7685.0
2117.0 130.0
2117.0 4786.0
2117.0 279.0
2117.0 1091.0
2117.0 620.0
2117.0 7693.0
2117.0 297.0
2117.0 7695.0
2117.0 903.0
2117.0 1101.0
2117.0 826.0
2117.0 5814.0
2117.0 1379.0
2117.0 2025.0
2117.0 478.0
2117.0 4433.0
2117.0 524.0
2117.0 4837.0
2117.0 2841.0
2117.0 31.0
2117.0 4483.0
2117.0 7703.0
2117.0 5088.0
2117.0 2734.0
2117.0 1923.0
2117.0 4801.0
2117.0 2713.0
2117.0 2746.0
2117.0 7707.0
2117.0 3419.0
2117.0 2411.0
2117.0 3073.0
2117.0 2290.0
2117.0 1094.0
2117.0 2040.0
2117.0 7709.0
2117.0 1503.0
2117.0 3317.0
2117.0 501.0
2117.0 1517.0
2117.0 1851.0
2117.0 4636.0
2117.0 6894.0
2117.0 1230.0
2117.0 2594.0
2117.0 1791.0
2117.0 4810.0
2117.0 7717.0
2117.0 604.0
2117.0 4042.0
2117.0 1533.0
2117.0 7724.0
2117.0 434.0
2117.0 1504.0
2117.0 3518.0
2117.0 2430.0
2117.0 1612.0
2117.0 662.0
2117.0 12.0
2117.0 4114.0
2117.0 5990.0
2117.0 7733.0
2117.0 3803.0
2117.0 1810.0
2117.0 2909.0
2117.0 1246.0
2117.0 6323.0
2117.0 396.0
2117.0 3745.0
2117.0 579.0
2481.0 2673.0
2481.0 823.0
7804.0 5683.0
780.0 271.0
317.0 3609.0
317.0 2186.0
317.0 7860.0
317.0 684.0
317.0 5738.0
317.0 3103.0
317.0 1189.0
317.0 449.0
317.0 1442.0
317.0 1402.0
317.0 2266.0
317.0 7866.0
317.0 2055.0
317.0 6637.0
317.0 2362.0
317.0 3190.0
317.0 2807.0
317.0 54.0
317.0 5347.0
317.0 1566.0
317.0 3006.0
317.0 93.0
317.0 2002.0
317.0 483.0
317.0 963.0
317.0 2950.0
317.0 3979.0
317.0 6166.0
317.0 3477.0
317.0 7876.0
317.0 2713.0
317.0 7877.0
317.0 715.0
317.0 3959.0
317.0 1101.0
317.0 3549.0
317.0 2559.0
317.0 1105.0
317.0 6430.0
317.0 525.0
317.0 7882.0
317.0 922.0
317.0 3485.0
317.0 531.0
317.0 4793.0
317.0 1489.0
317.0 534.0
317.0 535.0
317.0 7887.0
317.0 2654.0
317.0 3486.0
317.0 1179.0
317.0 7122.0
317.0 3449.0
317.0 4636.0
317.0 6147.0
317.0 194.0
317.0 299.0
317.0 2373.0
317.0 3084.0
317.0 554.0
317.0 206.0
317.0 3545.0
317.0 2991.0
317.0 2136.0
317.0 2998.0
317.0 1635.0
317.0 563.0
317.0 434.0
317.0 330.0
317.0 2738.0
317.0 218.0
317.0 278.0
317.0 1802.0
317.0 2890.0
317.0 2778.0
317.0 396.0
317.0 7540.0
317.0 580.0
317.0 2149.0
317.0 524.0
317.0 3747.0
317.0 3020.0
2689.0 3427.0
2689.0 5716.0
4780.0 271.0
2206.0 5403.0
2206.0 494.0
2206.0 3132.0
2259.0 2673.0
7328.0 5239.0
4921.0 3132.0
4921.0 1226.0
3038.0 872.0
7537.0 4736.0
5260.0 2971.0
5260.0 682.0
2030.0 938.0
2030.0 1193.0
2030.0 1529.0
2030.0 1123.0
2030.0 604.0
2030.0 524.0
2030.0 2040.0
2030.0 1628.0
2030.0 88.0
2785.0 122.0
3147.0 1967.0
3147.0 524.0
3147.0 1310.0
3147.0 701.0
3147.0 5674.0
3147.0 93.0
3147.0 3134.0
2780.0 4041.0
2780.0 8480.0
2780.0 7364.0
2780.0 4217.0
2780.0 5873.0
2780.0 2799.0
2780.0 8483.0
2780.0 8484.0
2780.0 3676.0
2780.0 8486.0
2780.0 8487.0
2780.0 8488.0
2780.0 7024.0
2780.0 4865.0
2780.0 7655.0
2780.0 2941.0
2780.0 93.0
2780.0 6558.0
2780.0 7471.0
2780.0 3518.0
2780.0 8489.0
2780.0 2945.0
2780.0 4391.0
2780.0 2534.0
2780.0 7438.0
2780.0 2954.0
2780.0 8490.0
2780.0 8491.0
2780.0 125.0
2780.0 7063.0
2780.0 8492.0
2780.0 509.0
