1.0 0.043478260869565216
1.0 0.08695652173913043
1.0 0.13043478260869565
1.0 0.17391304347826086
1.0 0.21739130434782608
1.0 0.2608695652173913
1.0 0.30434782608695654
1.0 0.34782608695652173
1.0 0.391304347826087
1.0 0.43478260869565216
1.0 0.4782608695652174
0.9166666666666666 0.4782608695652174
0.9230769230769231 0.5217391304347826
0.9285714285714286 0.5652173913043478
0.9333333333333333 0.6086956521739131
0.875 0.6086956521739131
0.8823529411764706 0.6521739130434783
0.8888888888888888 0.6956521739130435
0.8947368421052632 0.7391304347826086
0.85 0.7391304347826086
0.8571428571428571 0.782608695652174
0.8181818181818182 0.782608695652174
0.782608695652174 0.782608695652174
0.75 0.782608695652174
0.72 0.782608695652174
0.6923076923076923 0.782608695652174
0.6666666666666666 0.782608695652174
0.6428571428571429 0.782608695652174
0.6206896551724138 0.782608695652174
0.6 0.782608695652174
0.5806451612903226 0.782608695652174
0.5625 0.782608695652174
0.5454545454545454 0.782608695652174
0.5294117647058824 0.782608695652174
0.5142857142857142 0.782608695652174
0.5 0.782608695652174
0.4864864864864865 0.782608695652174
0.47368421052631576 0.782608695652174
0.46153846153846156 0.782608695652174
0.45 0.782608695652174
0.43902439024390244 0.782608695652174
0.42857142857142855 0.782608695652174
0.4186046511627907 0.782608695652174
0.4090909090909091 0.782608695652174
0.4 0.782608695652174
0.391304347826087 0.782608695652174
0.3829787234042553 0.782608695652174
0.375 0.782608695652174
0.3673469387755102 0.782608695652174
0.36 0.782608695652174
0.35294117647058826 0.782608695652174
0.34615384615384615 0.782608695652174
0.33962264150943394 0.782608695652174
0.3333333333333333 0.782608695652174
0.32727272727272727 0.782608695652174
0.32142857142857145 0.782608695652174
0.3157894736842105 0.782608695652174
0.3103448275862069 0.782608695652174
0.3050847457627119 0.782608695652174
0.3 0.782608695652174
0.29508196721311475 0.782608695652174
0.2903225806451613 0.782608695652174
0.2857142857142857 0.782608695652174
0.28125 0.782608695652174
0.27692307692307694 0.782608695652174
0.2727272727272727 0.782608695652174
0.26865671641791045 0.782608695652174
0.2647058823529412 0.782608695652174
0.2608695652173913 0.782608695652174
0.2571428571428571 0.782608695652174
0.2535211267605634 0.782608695652174
0.25 0.782608695652174
0.2465753424657534 0.782608695652174
0.24324324324324326 0.782608695652174
0.24 0.782608695652174
0.23684210526315788 0.782608695652174
0.23376623376623376 0.782608695652174
0.23076923076923078 0.782608695652174
0.22784810126582278 0.782608695652174
0.225 0.782608695652174
0.2222222222222222 0.782608695652174
0.21951219512195122 0.782608695652174
0.21686746987951808 0.782608695652174
0.21428571428571427 0.782608695652174
0.21176470588235294 0.782608695652174
0.20930232558139536 0.782608695652174
0.20689655172413793 0.782608695652174
0.20454545454545456 0.782608695652174
0.20224719101123595 0.782608695652174
0.2 0.782608695652174
0.1978021978021978 0.782608695652174
0.1956521739130435 0.782608695652174
0.1935483870967742 0.782608695652174
0.19148936170212766 0.782608695652174
0.18947368421052632 0.782608695652174
0.1875 0.782608695652174
0.18556701030927836 0.782608695652174
0.1836734693877551 0.782608695652174
0.18181818181818182 0.782608695652174
0.18 0.782608695652174
0.1782178217821782 0.782608695652174
0.17647058823529413 0.782608695652174
0.17475728155339806 0.782608695652174
0.17307692307692307 0.782608695652174
0.17142857142857143 0.782608695652174
0.16981132075471697 0.782608695652174
0.16822429906542055 0.782608695652174
0.16666666666666666 0.782608695652174
0.1651376146788991 0.782608695652174
0.16363636363636364 0.782608695652174
0.16216216216216217 0.782608695652174
0.16071428571428573 0.782608695652174
0.1592920353982301 0.782608695652174
0.15789473684210525 0.782608695652174
0.1565217391304348 0.782608695652174
0.15517241379310345 0.782608695652174
0.15384615384615385 0.782608695652174
0.15254237288135594 0.782608695652174
0.15126050420168066 0.782608695652174
0.15 0.782608695652174
0.1487603305785124 0.782608695652174
0.14754098360655737 0.782608695652174
0.14634146341463414 0.782608695652174
0.14516129032258066 0.782608695652174
0.144 0.782608695652174
0.14285714285714285 0.782608695652174
0.14173228346456693 0.782608695652174
0.140625 0.782608695652174
0.13953488372093023 0.782608695652174
0.13846153846153847 0.782608695652174
0.13740458015267176 0.782608695652174
0.13636363636363635 0.782608695652174
0.13533834586466165 0.782608695652174
0.13432835820895522 0.782608695652174
0.13333333333333333 0.782608695652174
0.1323529411764706 0.782608695652174
0.13138686131386862 0.782608695652174
0.13043478260869565 0.782608695652174
0.12949640287769784 0.782608695652174
0.12857142857142856 0.782608695652174
0.1276595744680851 0.782608695652174
0.1267605633802817 0.782608695652174
0.1258741258741259 0.782608695652174
0.125 0.782608695652174
0.12413793103448276 0.782608695652174
0.1232876712328767 0.782608695652174
0.12244897959183673 0.782608695652174
0.12162162162162163 0.782608695652174
0.12080536912751678 0.782608695652174
0.12 0.782608695652174
0.11920529801324503 0.782608695652174
0.11842105263157894 0.782608695652174
0.11764705882352941 0.782608695652174
0.11688311688311688 0.782608695652174
0.11612903225806452 0.782608695652174
0.11538461538461539 0.782608695652174
0.11464968152866242 0.782608695652174
0.11392405063291139 0.782608695652174
0.11320754716981132 0.782608695652174
0.1125 0.782608695652174
0.11180124223602485 0.782608695652174
0.1111111111111111 0.782608695652174
0.11042944785276074 0.782608695652174
0.10975609756097561 0.782608695652174
0.10909090909090909 0.782608695652174
0.10843373493975904 0.782608695652174
0.10778443113772455 0.782608695652174
0.10714285714285714 0.782608695652174
0.10650887573964497 0.782608695652174
0.10588235294117647 0.782608695652174
0.10526315789473684 0.782608695652174
0.10465116279069768 0.782608695652174
0.10404624277456648 0.782608695652174
0.10344827586206896 0.782608695652174
0.10285714285714286 0.782608695652174
0.10227272727272728 0.782608695652174
0.1016949152542373 0.782608695652174
0.10112359550561797 0.782608695652174
0.1005586592178771 0.782608695652174
0.1 0.782608695652174
0.09944751381215469 0.782608695652174
0.0989010989010989 0.782608695652174
0.09836065573770492 0.782608695652174
0.09782608695652174 0.782608695652174
0.0972972972972973 0.782608695652174
0.0967741935483871 0.782608695652174
0.0962566844919786 0.782608695652174
0.09574468085106383 0.782608695652174
0.09523809523809523 0.782608695652174
0.09473684210526316 0.782608695652174
0.09424083769633508 0.782608695652174
0.09375 0.782608695652174
0.09326424870466321 0.782608695652174
0.09278350515463918 0.782608695652174
0.09230769230769231 0.782608695652174
0.09183673469387756 0.782608695652174
0.09137055837563451 0.782608695652174
0.09090909090909091 0.782608695652174
0.09045226130653267 0.782608695652174
0.09 0.782608695652174
0.08955223880597014 0.782608695652174
0.0891089108910891 0.782608695652174
0.08866995073891626 0.782608695652174
0.08823529411764706 0.782608695652174
0.08780487804878048 0.782608695652174
0.08737864077669903 0.782608695652174
0.08695652173913043 0.782608695652174
0.08653846153846154 0.782608695652174
0.0861244019138756 0.782608695652174
0.08571428571428572 0.782608695652174
0.08530805687203792 0.782608695652174
0.08490566037735849 0.782608695652174
0.08450704225352113 0.782608695652174
0.08411214953271028 0.782608695652174
0.08372093023255814 0.782608695652174
0.08333333333333333 0.782608695652174
0.08294930875576037 0.782608695652174
0.08256880733944955 0.782608695652174
0.0821917808219178 0.782608695652174
0.08181818181818182 0.782608695652174
0.08144796380090498 0.782608695652174
0.08108108108108109 0.782608695652174
0.08071748878923767 0.782608695652174
0.08035714285714286 0.782608695652174
0.08 0.782608695652174
0.07964601769911504 0.782608695652174
0.07929515418502203 0.782608695652174
0.07894736842105263 0.782608695652174
0.07860262008733625 0.782608695652174
0.0782608695652174 0.782608695652174
0.07792207792207792 0.782608695652174
0.07758620689655173 0.782608695652174
0.07725321888412018 0.782608695652174
0.07692307692307693 0.782608695652174
0.07659574468085106 0.782608695652174
0.07627118644067797 0.782608695652174
0.0759493670886076 0.782608695652174
0.07563025210084033 0.782608695652174
0.07531380753138076 0.782608695652174
0.075 0.782608695652174
0.07468879668049792 0.782608695652174
0.0743801652892562 0.782608695652174
0.07407407407407407 0.782608695652174
0.07377049180327869 0.782608695652174
0.07346938775510205 0.782608695652174
0.07317073170731707 0.782608695652174
0.0728744939271255 0.782608695652174
0.07258064516129033 0.782608695652174
0.07228915662650602 0.782608695652174
0.072 0.782608695652174
0.07171314741035857 0.782608695652174
0.07142857142857142 0.782608695652174
0.07114624505928854 0.782608695652174
0.07086614173228346 0.782608695652174
0.07058823529411765 0.782608695652174
0.0703125 0.782608695652174
0.07003891050583658 0.782608695652174
0.06976744186046512 0.782608695652174
0.0694980694980695 0.782608695652174
0.06923076923076923 0.782608695652174
0.06896551724137931 0.782608695652174
0.06870229007633588 0.782608695652174
0.06844106463878327 0.782608695652174
0.06818181818181818 0.782608695652174
0.06792452830188679 0.782608695652174
0.06766917293233082 0.782608695652174
0.06741573033707865 0.782608695652174
0.06716417910447761 0.782608695652174
0.06691449814126393 0.782608695652174
0.06666666666666667 0.782608695652174
0.06642066420664207 0.782608695652174
0.0661764705882353 0.782608695652174
0.06593406593406594 0.782608695652174
0.06569343065693431 0.782608695652174
0.06545454545454546 0.782608695652174
0.06521739130434782 0.782608695652174
0.06498194945848375 0.782608695652174
0.06474820143884892 0.782608695652174
0.06451612903225806 0.782608695652174
0.06428571428571428 0.782608695652174
0.06405693950177936 0.782608695652174
0.06382978723404255 0.782608695652174
0.0636042402826855 0.782608695652174
0.06338028169014084 0.782608695652174
0.06315789473684211 0.782608695652174
0.06293706293706294 0.782608695652174
0.0627177700348432 0.782608695652174
0.0625 0.782608695652174
0.06228373702422145 0.782608695652174
0.06206896551724138 0.782608695652174
0.061855670103092786 0.782608695652174
0.06164383561643835 0.782608695652174
0.06143344709897611 0.782608695652174
0.061224489795918366 0.782608695652174
0.061016949152542375 0.782608695652174
0.060810810810810814 0.782608695652174
0.06060606060606061 0.782608695652174
0.06040268456375839 0.782608695652174
0.06020066889632107 0.782608695652174
0.06 0.782608695652174
0.059800664451827246 0.782608695652174
0.059602649006622516 0.782608695652174
0.0594059405940594 0.782608695652174
0.05921052631578947 0.782608695652174
0.05901639344262295 0.782608695652174
0.058823529411764705 0.782608695652174
0.05863192182410423 0.782608695652174
0.05844155844155844 0.782608695652174
0.05825242718446602 0.782608695652174
0.05806451612903226 0.782608695652174
0.05787781350482315 0.782608695652174
0.057692307692307696 0.782608695652174
0.05750798722044728 0.782608695652174
0.05732484076433121 0.782608695652174
0.05714285714285714 0.782608695652174
0.056962025316455694 0.782608695652174
0.056782334384858045 0.782608695652174
0.05660377358490566 0.782608695652174
0.05642633228840126 0.782608695652174
0.05625 0.782608695652174
0.056074766355140186 0.782608695652174
0.055900621118012424 0.782608695652174
0.05572755417956656 0.782608695652174
0.05555555555555555 0.782608695652174
0.055384615384615386 0.782608695652174
0.05521472392638037 0.782608695652174
0.05504587155963303 0.782608695652174
0.054878048780487805 0.782608695652174
0.0547112462006079 0.782608695652174
0.05454545454545454 0.782608695652174
0.054380664652567974 0.782608695652174
0.05421686746987952 0.782608695652174
0.05405405405405406 0.782608695652174
0.05389221556886228 0.782608695652174
0.05373134328358209 0.782608695652174
0.05357142857142857 0.782608695652174
0.05341246290801187 0.782608695652174
0.05325443786982249 0.782608695652174
0.05309734513274336 0.782608695652174
0.052941176470588235 0.782608695652174
0.05278592375366569 0.782608695652174
0.05263157894736842 0.782608695652174
0.052478134110787174 0.782608695652174
0.05232558139534884 0.782608695652174
0.05217391304347826 0.782608695652174
0.05202312138728324 0.782608695652174
0.05187319884726225 0.782608695652174
0.05172413793103448 0.782608695652174
0.05157593123209169 0.782608695652174
0.05142857142857143 0.782608695652174
0.05128205128205128 0.782608695652174
0.05113636363636364 0.782608695652174
0.05099150141643059 0.782608695652174
0.05084745762711865 0.782608695652174
0.05070422535211268 0.782608695652174
0.05056179775280899 0.782608695652174
0.05042016806722689 0.782608695652174
0.05027932960893855 0.782608695652174
0.05013927576601671 0.782608695652174
0.05 0.782608695652174
0.04986149584487535 0.782608695652174
0.049723756906077346 0.782608695652174
0.049586776859504134 0.782608695652174
0.04945054945054945 0.782608695652174
0.049315068493150684 0.782608695652174
0.04918032786885246 0.782608695652174
0.04904632152588556 0.782608695652174
0.04891304347826087 0.782608695652174
0.04878048780487805 0.782608695652174
0.04864864864864865 0.782608695652174
0.04851752021563342 0.782608695652174
