1.0 0.043478260869565216
1.0 0.08695652173913043
1.0 0.13043478260869565
1.0 0.17391304347826086
1.0 0.21739130434782608
1.0 0.2608695652173913
1.0 0.30434782608695654
1.0 0.34782608695652173
1.0 0.391304347826087
0.9 0.391304347826087
0.9090909090909091 0.43478260869565216
0.8333333333333334 0.43478260869565216
0.7692307692307693 0.43478260869565216
0.7142857142857143 0.43478260869565216
0.6666666666666666 0.43478260869565216
0.625 0.43478260869565216
0.5882352941176471 0.43478260869565216
0.5555555555555556 0.43478260869565216
0.5263157894736842 0.43478260869565216
0.5 0.43478260869565216
0.47619047619047616 0.43478260869565216
0.45454545454545453 0.43478260869565216
0.43478260869565216 0.43478260869565216
0.4166666666666667 0.43478260869565216
0.4 0.43478260869565216
0.38461538461538464 0.43478260869565216
0.37037037037037035 0.43478260869565216
0.35714285714285715 0.43478260869565216
0.3448275862068966 0.43478260869565216
0.3333333333333333 0.43478260869565216
0.3225806451612903 0.43478260869565216
0.3125 0.43478260869565216
0.30303030303030304 0.43478260869565216
0.29411764705882354 0.43478260869565216
0.2857142857142857 0.43478260869565216
0.2777777777777778 0.43478260869565216
0.2702702702702703 0.43478260869565216
0.2631578947368421 0.43478260869565216
0.2564102564102564 0.43478260869565216
0.25 0.43478260869565216
0.24390243902439024 0.43478260869565216
0.23809523809523808 0.43478260869565216
0.23255813953488372 0.43478260869565216
0.22727272727272727 0.43478260869565216
0.2222222222222222 0.43478260869565216
0.21739130434782608 0.43478260869565216
0.2127659574468085 0.43478260869565216
0.20833333333333334 0.43478260869565216
0.20408163265306123 0.43478260869565216
0.2 0.43478260869565216
0.19607843137254902 0.43478260869565216
0.19230769230769232 0.43478260869565216
0.18867924528301888 0.43478260869565216
0.18518518518518517 0.43478260869565216
0.18181818181818182 0.43478260869565216
0.19642857142857142 0.4782608695652174
0.19298245614035087 0.4782608695652174
0.1896551724137931 0.4782608695652174
0.1864406779661017 0.4782608695652174
0.18333333333333332 0.4782608695652174
0.18032786885245902 0.4782608695652174
0.1774193548387097 0.4782608695652174
0.1746031746031746 0.4782608695652174
0.171875 0.4782608695652174
0.16923076923076924 0.4782608695652174
0.16666666666666666 0.4782608695652174
0.16417910447761194 0.4782608695652174
0.16176470588235295 0.4782608695652174
0.15942028985507245 0.4782608695652174
0.15714285714285714 0.4782608695652174
0.15492957746478872 0.4782608695652174
0.1527777777777778 0.4782608695652174
0.1506849315068493 0.4782608695652174
0.14864864864864866 0.4782608695652174
0.14666666666666667 0.4782608695652174
0.14473684210526316 0.4782608695652174
0.14285714285714285 0.4782608695652174
0.14102564102564102 0.4782608695652174
0.13924050632911392 0.4782608695652174
0.1375 0.4782608695652174
0.13580246913580246 0.4782608695652174
0.13414634146341464 0.4782608695652174
0.13253012048192772 0.4782608695652174
0.13095238095238096 0.4782608695652174
0.12941176470588237 0.4782608695652174
0.12790697674418605 0.4782608695652174
0.12643678160919541 0.4782608695652174
0.125 0.4782608695652174
0.12359550561797752 0.4782608695652174
0.12222222222222222 0.4782608695652174
0.12087912087912088 0.4782608695652174
0.11956521739130435 0.4782608695652174
0.11827956989247312 0.4782608695652174
0.11702127659574468 0.4782608695652174
0.11578947368421053 0.4782608695652174
0.11458333333333333 0.4782608695652174
0.1134020618556701 0.4782608695652174
0.11224489795918367 0.4782608695652174
0.1111111111111111 0.4782608695652174
0.11 0.4782608695652174
0.10891089108910891 0.4782608695652174
0.10784313725490197 0.4782608695652174
0.10679611650485436 0.4782608695652174
0.10576923076923077 0.4782608695652174
0.10476190476190476 0.4782608695652174
0.10377358490566038 0.4782608695652174
0.11214953271028037 0.5217391304347826
0.12037037037037036 0.5652173913043478
0.12844036697247707 0.6086956521739131
0.13636363636363635 0.6521739130434783
0.14414414414414414 0.6956521739130435
0.15178571428571427 0.7391304347826086
0.1592920353982301 0.782608695652174
0.16666666666666666 0.8260869565217391
0.17391304347826086 0.8695652173913043
0.1724137931034483 0.8695652173913043
0.17094017094017094 0.8695652173913043
0.1694915254237288 0.8695652173913043
0.17647058823529413 0.9130434782608695
0.175 0.9130434782608695
0.17355371900826447 0.9130434782608695
0.1721311475409836 0.9130434782608695
0.17073170731707318 0.9130434782608695
0.1693548387096774 0.9130434782608695
0.168 0.9130434782608695
0.16666666666666666 0.9130434782608695
0.16535433070866143 0.9130434782608695
0.1640625 0.9130434782608695
0.16279069767441862 0.9130434782608695
0.16153846153846155 0.9130434782608695
0.16793893129770993 0.9565217391304348
0.16666666666666666 0.9565217391304348
0.16541353383458646 0.9565217391304348
0.16417910447761194 0.9565217391304348
0.16296296296296298 0.9565217391304348
0.16176470588235295 0.9565217391304348
0.16058394160583941 0.9565217391304348
0.15942028985507245 0.9565217391304348
0.15827338129496402 0.9565217391304348
0.15714285714285714 0.9565217391304348
0.15602836879432624 0.9565217391304348
0.15492957746478872 0.9565217391304348
0.15384615384615385 0.9565217391304348
0.1527777777777778 0.9565217391304348
0.15172413793103448 0.9565217391304348
0.1506849315068493 0.9565217391304348
0.14965986394557823 0.9565217391304348
0.14864864864864866 0.9565217391304348
0.1476510067114094 0.9565217391304348
0.14666666666666667 0.9565217391304348
0.1456953642384106 0.9565217391304348
0.14473684210526316 0.9565217391304348
0.1437908496732026 0.9565217391304348
0.14285714285714285 0.9565217391304348
0.14193548387096774 0.9565217391304348
0.14102564102564102 0.9565217391304348
0.14012738853503184 0.9565217391304348
0.13924050632911392 0.9565217391304348
0.13836477987421383 0.9565217391304348
0.1375 0.9565217391304348
0.13664596273291926 0.9565217391304348
0.13580246913580246 0.9565217391304348
0.13496932515337423 0.9565217391304348
0.13414634146341464 0.9565217391304348
0.13333333333333333 0.9565217391304348
0.13253012048192772 0.9565217391304348
0.1317365269461078 0.9565217391304348
0.13095238095238096 0.9565217391304348
0.1301775147928994 0.9565217391304348
0.12941176470588237 0.9565217391304348
0.1286549707602339 0.9565217391304348
0.12790697674418605 0.9565217391304348
0.12716763005780346 0.9565217391304348
0.12643678160919541 0.9565217391304348
0.12571428571428572 0.9565217391304348
0.125 0.9565217391304348
0.12429378531073447 0.9565217391304348
0.12359550561797752 0.9565217391304348
0.12290502793296089 0.9565217391304348
0.12222222222222222 0.9565217391304348
0.12154696132596685 0.9565217391304348
0.12087912087912088 0.9565217391304348
0.12021857923497267 0.9565217391304348
0.11956521739130435 0.9565217391304348
0.11891891891891893 0.9565217391304348
0.11827956989247312 0.9565217391304348
0.11764705882352941 0.9565217391304348
0.11702127659574468 0.9565217391304348
0.1164021164021164 0.9565217391304348
0.11578947368421053 0.9565217391304348
0.11518324607329843 0.9565217391304348
0.11458333333333333 0.9565217391304348
0.11398963730569948 0.9565217391304348
0.1134020618556701 0.9565217391304348
0.11282051282051282 0.9565217391304348
0.11224489795918367 0.9565217391304348
0.1116751269035533 0.9565217391304348
0.1111111111111111 0.9565217391304348
0.11055276381909548 0.9565217391304348
0.11 0.9565217391304348
0.10945273631840796 0.9565217391304348
0.10891089108910891 0.9565217391304348
0.10837438423645321 0.9565217391304348
0.10784313725490197 0.9565217391304348
0.1073170731707317 0.9565217391304348
0.10679611650485436 0.9565217391304348
0.10628019323671498 0.9565217391304348
0.10576923076923077 0.9565217391304348
0.10526315789473684 0.9565217391304348
0.10476190476190476 0.9565217391304348
0.10426540284360189 0.9565217391304348
0.10377358490566038 0.9565217391304348
0.10328638497652583 0.9565217391304348
0.102803738317757 0.9565217391304348
0.10232558139534884 0.9565217391304348
0.10185185185185185 0.9565217391304348
0.10138248847926268 0.9565217391304348
0.10091743119266056 0.9565217391304348
0.1004566210045662 0.9565217391304348
0.1 0.9565217391304348
0.09954751131221719 0.9565217391304348
0.0990990990990991 0.9565217391304348
0.09865470852017937 0.9565217391304348
0.09821428571428571 0.9565217391304348
0.09777777777777778 0.9565217391304348
0.09734513274336283 0.9565217391304348
0.09691629955947137 0.9565217391304348
0.09649122807017543 0.9565217391304348
0.09606986899563319 0.9565217391304348
0.09565217391304348 0.9565217391304348
0.09523809523809523 0.9565217391304348
0.09482758620689655 0.9565217391304348
0.0944206008583691 0.9565217391304348
0.09401709401709402 0.9565217391304348
0.09361702127659574 0.9565217391304348
0.09322033898305085 0.9565217391304348
0.09282700421940929 0.9565217391304348
0.09243697478991597 0.9565217391304348
0.09205020920502092 0.9565217391304348
0.09166666666666666 0.9565217391304348
0.0912863070539419 0.9565217391304348
0.09090909090909091 0.9565217391304348
0.09053497942386832 0.9565217391304348
0.09016393442622951 0.9565217391304348
0.08979591836734693 0.9565217391304348
0.08943089430894309 0.9565217391304348
0.08906882591093117 0.9565217391304348
0.08870967741935484 0.9565217391304348
0.08835341365461848 0.9565217391304348
0.088 0.9565217391304348
0.08764940239043825 0.9565217391304348
0.0873015873015873 0.9565217391304348
0.08695652173913043 0.9565217391304348
0.08661417322834646 0.9565217391304348
0.08627450980392157 0.9565217391304348
0.0859375 0.9565217391304348
0.08560311284046693 0.9565217391304348
0.08527131782945736 0.9565217391304348
0.08494208494208494 0.9565217391304348
0.08461538461538462 0.9565217391304348
0.0842911877394636 0.9565217391304348
0.08396946564885496 0.9565217391304348
0.08365019011406843 0.9565217391304348
0.08333333333333333 0.9565217391304348
0.0830188679245283 0.9565217391304348
0.08270676691729323 0.9565217391304348
0.08239700374531835 0.9565217391304348
0.08208955223880597 0.9565217391304348
0.08178438661710037 0.9565217391304348
0.08148148148148149 0.9565217391304348
0.08118081180811808 0.9565217391304348
0.08088235294117647 0.9565217391304348
0.08058608058608059 0.9565217391304348
0.08029197080291971 0.9565217391304348
0.08 0.9565217391304348
0.07971014492753623 0.9565217391304348
0.07942238267148015 0.9565217391304348
0.07913669064748201 0.9565217391304348
0.07885304659498207 0.9565217391304348
0.07857142857142857 0.9565217391304348
0.07829181494661921 0.9565217391304348
0.07801418439716312 0.9565217391304348
0.07773851590106007 0.9565217391304348
0.07746478873239436 0.9565217391304348
0.07719298245614035 0.9565217391304348
0.07692307692307693 0.9565217391304348
0.07665505226480836 0.9565217391304348
0.0763888888888889 0.9565217391304348
0.07612456747404844 0.9565217391304348
0.07586206896551724 0.9565217391304348
0.07560137457044673 0.9565217391304348
0.07534246575342465 0.9565217391304348
0.07508532423208192 0.9565217391304348
0.07482993197278912 0.9565217391304348
0.07457627118644068 0.9565217391304348
0.07432432432432433 0.9565217391304348
0.07407407407407407 0.9565217391304348
0.0738255033557047 0.9565217391304348
0.07357859531772576 0.9565217391304348
0.07333333333333333 0.9565217391304348
0.07308970099667775 0.9565217391304348
0.0728476821192053 0.9565217391304348
0.07260726072607261 0.9565217391304348
0.07236842105263158 0.9565217391304348
0.07213114754098361 0.9565217391304348
0.0718954248366013 0.9565217391304348
0.07166123778501629 0.9565217391304348
0.07142857142857142 0.9565217391304348
0.07119741100323625 0.9565217391304348
0.07096774193548387 0.9565217391304348
0.0707395498392283 0.9565217391304348
0.07051282051282051 0.9565217391304348
0.07028753993610223 0.9565217391304348
0.07006369426751592 0.9565217391304348
0.06984126984126984 0.9565217391304348
0.06962025316455696 0.9565217391304348
0.0694006309148265 0.9565217391304348
0.06918238993710692 0.9565217391304348
0.06896551724137931 0.9565217391304348
0.06875 0.9565217391304348
0.06853582554517133 0.9565217391304348
0.06832298136645963 0.9565217391304348
0.06811145510835913 0.9565217391304348
0.06790123456790123 0.9565217391304348
0.06769230769230769 0.9565217391304348
0.06748466257668712 0.9565217391304348
0.0672782874617737 0.9565217391304348
0.06707317073170732 0.9565217391304348
0.0668693009118541 0.9565217391304348
0.06666666666666667 0.9565217391304348
0.06646525679758308 0.9565217391304348
0.06626506024096386 0.9565217391304348
0.06606606606606606 0.9565217391304348
0.0658682634730539 0.9565217391304348
0.06567164179104477 0.9565217391304348
0.06547619047619048 0.9565217391304348
0.06528189910979229 0.9565217391304348
0.0650887573964497 0.9565217391304348
0.06489675516224189 0.9565217391304348
0.06470588235294118 0.9565217391304348
0.06451612903225806 0.9565217391304348
0.06432748538011696 0.9565217391304348
0.0641399416909621 0.9565217391304348
0.06395348837209303 0.9565217391304348
0.06376811594202898 0.9565217391304348
0.06358381502890173 0.9565217391304348
0.06340057636887608 0.9565217391304348
0.06321839080459771 0.9565217391304348
0.06303724928366762 0.9565217391304348
0.06285714285714286 0.9565217391304348
0.06267806267806268 0.9565217391304348
0.0625 0.9565217391304348
0.06232294617563739 0.9565217391304348
0.062146892655367235 0.9565217391304348
0.061971830985915494 0.9565217391304348
0.06179775280898876 0.9565217391304348
0.06162464985994398 0.9565217391304348
0.061452513966480445 0.9565217391304348
0.06128133704735376 0.9565217391304348
0.06111111111111111 0.9565217391304348
0.060941828254847646 0.9565217391304348
0.06077348066298342 0.9565217391304348
0.06060606060606061 0.9565217391304348
0.06043956043956044 0.9565217391304348
0.06027397260273973 0.9565217391304348
0.060109289617486336 0.9565217391304348
0.05994550408719346 0.9565217391304348
0.059782608695652176 0.9565217391304348
0.05962059620596206 0.9565217391304348
0.05945945945945946 0.9565217391304348
0.05929919137466307 0.9565217391304348
0.05913978494623656 0.9565217391304348
0.058981233243967826 0.9565217391304348
0.058823529411764705 0.9565217391304348
0.058666666666666666 0.9565217391304348
0.05851063829787234 0.9565217391304348
0.058355437665782495 0.9565217391304348
