15028 11716
15028 97
7624 11716
7624 2117
7624 15499
7624 7623
7624 7715
7283 11716
7283 1499
7283 1470
7715 11716
7715 1503
7715 811
7715 3594
7715 7624
7715 401
15028 7283
15028 2114
15028 9215
15028 537
15028 9387
7715 6154
7715 13287
7283 15028
7283 2114
7283 9215
7283 537
7623 3594
7623 7624
7715 2117
7715 922
7283 5681
11716 3594
11716 4357
11716 16467
11716 7624
11716 7715
11716 15028
11716 7283
15499 3594
15499 7624
9215 10622
9215 321
7623 1430
15499 644
11716 5550
11716 1430
15499 1430
9215 5508
4357 6463
4357 4214
4357 2256
4357 11127
4357 11716
4357 11717
4357 4358
4357 3445
4357 2017
4357 413
11716 14784
11716 9234
11716 2355
11716 1872
11716 2336
11716 1306
11716 10942
4357 11718
4357 1401
4357 4017
4357 7066
4357 5050
4357 2011
4357 2053
3594 485
3594 3477
3594 7174
3594 830
3594 7724
3594 7715
4357 11044
4357 8124
4357 1195
16467 11716
9215 7283
9215 15028
3594 3845
9215 2386
4357 1455
4357 2728
3594 593
16467 666
4357 2075
4357 2080
4357 7062
4357 3
4357 2991
4357 9152
4357 2458
4357 3324
4357 7391
4357 2472
4357 10462
4357 2471
4357 3178
4357 7614
4357 3224
4357 4355
4357 8634
4357 10132
4357 22
4357 2843
4357 7441
10622 9215
10622 927
3594 3148
3594 3330
4357 2931
16467 93
3594 7564
3594 15510
3594 5278
3594 5648
3594 5211
3594 5694
3594 2254
3594 1739
3594 15127
3594 1790
3594 8480
3594 1742
3594 11127
3594 14457
3594 7885
3594 1067
3594 5222
3594 1753
3594 489
3594 11136
3594 1757
3594 8529
3594 9939
3594 4701
3594 1764
3594 11925
3594 3764
3594 10687
3594 1713
3594 2542
3594 11537
3594 9623
3594 13014
3594 11131
3594 8399
3594 1774
3594 10304
3594 401
3594 1770
3594 10943
3594 1760
3594 2322
3594 1766
3594 1725
3594 1754
3594 1771
3594 8401
3594 506
3594 179
3594 14420
3594 15308
3594 5819
3594 1549
3594 15832
3594 4262
3594 10688
3594 1546
3594 524
3594 11128
3594 13476
3594 5226
3594 11130
3594 1746
3594 1552
3594 1749
3594 12373
3594 13830
3594 5094
3594 11126
3594 1777
3594 1726
3594 14110
3594 15833
3594 1744
3594 5079
3594 1748
3594 15834
3594 2430
3594 1751
3594 4698
3594 5225
3594 9467
3594 1761
3594 5482
3594 1769
3594 1772
3594 396
9939 3594
15834 3594
13287 13288
13287 6154
13287 7548
13287 964
13287 571
13287 2741
13287 6145
13287 6170
13287 7388
14784 702
13287 11095
10622 21
11044 60
10622 1182
12373 6553
12373 3594
15832 1524
15832 3594
11044 4357
11044 1114
11044 11045
13287 525
13287 449
1746 165
2114 747
2114 4988
2114 7364
2114 4217
2114 15858
2114 579
2114 4993
2114 3733
2114 4483
2114 3591
2114 537
2114 5534
2114 3074
2114 3564
2114 8543
2114 508
14784 1455
10942 1091
4355 1170
14457 6892
14457 3594
14784 11716
14784 2355
14784 144
14784 21
14110 1776
4355 1163
4355 4358
15833 3594
15833 1882
15833 6892
2114 8718
6154 9234
6154 8729
6154 11444
6154 5306
6154 12590
6154 13287
6154 3902
6154 3753
6154 6928
6154 4220
6154 964
6154 9149
6154 2741
6154 6145
6154 12047
6154 9808
6154 11795
2114 9809
2114 2467
2114 7222
2114 5508
2114 4985
2114 715
6154 5480
2114 1622
2114 15969
2114 5510
2114 412
13287 283
1746 1720
1746 3594
11127 11199
11127 4357
11127 6463
11127 6286
11127 10146
11127 1503
2114 1605
2114 13783
1777 8718
13288 13287
3445 105
3445 4357
3445 3458
3445 6667
3445 4444
3445 199
5079 1681
15969 2114
644 489
644 3736
644 1469
11127 9937
14457 3258
951 7608
951 85
951 687
2114 12897
2114 476
6154 3375
6154 3887
6154 2625
6154 2976
6154 4488
6154 1509
1771 190
1771 2003
9387 11089
9387 13439
9387 6824
9387 11619
9387 6294
9387 9503
9387 12135
9387 930
9387 8196
9387 10738
9387 2377
9387 14678
9387 12824
9387 8298
9387 9157
9387 2301
9387 5008
9387 5049
9387 160
9387 3174
9387 2444
9387 5842
9387 11732
9387 8012
9387 1170
9387 1749
9387 8534
9387 12823
9387 7650
9387 4290
9387 107
9387 7219
9387 4998
9387 10766
9387 12865
9387 13187
9387 10686
9387 9178
9387 5069
9387 15028
9387 11328
9387 5084
9387 9386
9387 9601
9387 7241
13288 5561
3445 3084
3445 3318
3445 3317
3445 3316
1430 1380
1430 14855
1430 6332
1430 6286
1430 7776
1430 97
1430 8275
1430 8336
1430 539
1430 14413
1430 14566
1430 5775
1430 9462
1430 11630
1430 1171
1430 6390
1430 9868
1430 7067
1430 6276
1430 6115
1430 8540
1430 1648
1430 496
1430 2511
1430 15609
1430 2906
1430 3409
1430 3107
1430 14079
15510 604
15510 1766
15510 2553
644 640
1335 140
1430 9205
8555 165
11127 3940
951 6071
951 6105
951 6101
951 6074
951 6098
951 6067
951 6095
951 6102
11127 2738
2114 14556
2114 21
2114 377
2114 8012
2114 4222
2114 1644
2114 9288
2114 12048
2114 7283
2114 15028
2114 546
2114 5187
2114 5272
2114 795
11126 3
11126 2110
11126 9941
11126 3594
11126 144
644 9687
644 15499
10942 3603
10942 11716
10942 9941
10942 3567
10942 2355
10942 3811
10942 4258
10942 3588
10942 1732
10942 10803
10942 14157
10942 10941
8399 7
2114 8425
1777 1720
1777 9941
1777 4430
1777 3594
14413 1430
644 3428
644 6682
644 4531
644 86
644 3369
644 6684
4355 4357
10132 1254
10132 2283
6154 414
14110 440
14110 3594
14110 14109
5278 206
2114 113
13014 11128
13014 11239
13014 12853
11136 2110
11136 3594
11136 144
11136 4464
11136 3184
11136 8245
5681 6322
5681 6385
5681 15620
5681 75
5681 7204
5681 8502
5681 7121
5681 4511
5681 2246
5681 338
5681 10181
5681 6736
5681 7203
5681 2127
1749 3562
1760 1406
11131 7292
1754 11231
1754 1296
1430 165
1430 11195
1430 9716
1757 2612
1757 1969
1430 140
1430 12022
1430 289
1430 2376
1430 7005
1430 5561
1430 7366
1430 4048
1430 11043
1430 9798
1430 578
1430 476
11127 12782
6154 6173
6154 2309
6154 4231
6154 7433
6154 8197
6154 15356
6154 6921
6154 4195
6154 973
9234 1884
9234 2025
9234 2003
9234 9984
9234 11975
9234 6154
9234 403
9234 1585
9234 3189
9234 3170
644 445
644 462
13288 563
3845 11716
3845 15499
3845 2453
3845 7623
3445 4816
3445 12091
11537 606
11925 4268
11925 3594
11925 10803
11925 2254
11925 3592
11925 3626
1430 6001
1430 4817
1430 1768
1430 6253
6909 741
6911 741
1753 6830
1753 3611
1753 3594
1753 6496
1753 1720
1753 4432
1753 11072
3845 3594
644 223
7564 1700
7564 6587
7564 7186
7564 6612
5819 3924
5819 2409
5819 11307
5819 11311
5550 8697
5550 483
5550 885
5550 1001
5550 9778
5550 9864
5550 1179
5550 992
5550 4158
5550 2370
14110 1411
14420 9941
14420 7475
14420 3594
14420 3591
1764 1460
1764 3109
10688 11196
10688 5446
10688 4899
11127 3
11127 7566
11127 3178
11127 4374
11127 2110
11127 5921
11127 1524
11127 8245
11127 3594
11127 8634
2114 3268
2114 267
2114 1891
2114 2131
2114 1080
2114 1063
2114 3730
2114 3575
2114 12938
2114 622
2114 2139
2114 1148
2114 3260
2114 1089
2114 3646
2114 1154
2114 8600
2114 7719
2114 7537
2114 3760
2114 6180
2114 3286
2114 470
2114 1595
2114 2121
2114 4677
2114 6604
2114 1056
2114 3233
9234 3811
7885 3473
11130 329
1470 7306
1470 4599
1470 4839
1470 7277
1470 4501
1470 4058
1470 4377
1470 7279
1470 700
1470 3968
1470 1984
1470 7299
1470 2474
1470 6472
1470 4064
1470 7280
1470 662
1470 6276
1470 311
1470 2453
1470 7287
1470 110
1470 3133
1470 7297
1470 7283
1470 7284
1470 320
1470 473
1470 1996
1470 7285
1470 1076
1470 7295
1470 7286
1470 1339
1470 2507
1470 4833
1470 7074
1470 2002
1470 10040
1470 5183
1470 7288
1470 7298
1470 7289
1470 3934
1470 1781
1470 1577
1470 6668
1470 3696
1470 5046
1470 2317
1470 96
1470 7292
1470 5296
1470 7293
1470 7294
1470 3273
1470 3483
1470 978
1470 7296
1470 7087
1470 4851
1470 7077
1470 6501
1470 5456
1470 5022
1470 292
1470 7310
1470 4716
1470 6389
1470 4842
1470 3585
1470 1400
1470 4193
1470 7301
1470 7302
1470 7303
1470 142
1470 1226
1470 4614
1470 7304
1470 864
1470 7309
1470 2867
1470 1799
1470 555
1470 1137
1470 3867
1470 7315
1470 4835
1470 4727
1470 7311
1470 563
1470 1677
1470 4841
1470 4843
1470 4844
1470 6210
1470 2082
1470 291
1470 3874
1470 332
1470 7586
1470 6830
1470 3310
1470 3936
1470 6337
1470 5984
1470 3747
1499 2912
1499 1456
1499 4599
1499 3692
1499 7277
1499 2508
1499 695
1499 4764
1499 7279
1499 700
1499 24
1499 7087
1499 1984
1499 1864
1499 2474
1499 6472
1499 4064
1499 7280
1499 662
1499 6276
1499 7281
1499 4838
1499 387
1499 110
1499 3133
1499 7283
1499 7284
1499 473
1499 2686
1499 1996
1499 7285
1499 1076
1499 7286
1499 1339
1499 2507
1499 3934
1499 2942
1499 4844
1499 4835
1499 1781
1499 7287
1499 5183
1499 4839
1499 3072
1499 805
1499 7288
1499 7289
1499 2213
1499 7290
1499 1577
1499 5046
1499 3696
1499 7291
1499 7292
1499 5296
1499 7293
1499 7294
1499 3273
1499 1102
1499 7295
1499 7296
1499 6668
1499 1677
1499 4837
1499 6501
1499 7297
1499 3483
1499 292
1499 4716
1499 6389
1499 4842
1499 7299
1499 7300
1499 944
1499 7301
1499 7302
1499 7303
1499 388
1499 1651
1499 2092
1499 142
1499 4614
1499 864
1499 7306
1499 4639
1499 4851
1499 7309
1499 2867
1499 4310
1499 1799
1499 555
1499 7310
1499 1137
1499 1628
1499 4727
1499 1400
1499 2002
1499 2634
1499 4841
1499 4356
1499 6210
1499 2082
1499 291
1499 892
1499 3874
1499 7314
1499 3968
1499 6830
1499 2777
1499 7315
1499 3936
1499 5984
1499 3747
7062 1503
7062 2117
7062 102
7062 1464
7062 2799
10304 8590
10304 8
10304 4211
2336 2251
2336 6403
2336 4322
2336 75
2336 7943
2336 336
2336 1295
6154 19
6154 5933
6154 7770
6154 10283
6154 4147
6154 9737
6154 11113
6154 3640
6154 8011
6154 4510
6154 14295
6154 965
6154 3040
6154 11115
1430 7623
1430 15499
1430 11716
9623 466
9623 14506
9623 10567
9623 12610
9623 7705
5079 5059
5079 3594
5079 10977
5079 1882
5079 6892
1774 5062
1774 11622
1774 3594
1774 8372
1774 144
1774 10565
1774 1720
1774 7285
11925 4540
2355 2304
2355 685
2355 7863
2355 2380
2355 1936
2355 2532
2355 1962
2355 2249
2355 4321
2355 7612
644 11400
644 11128
644 1556
644 13523
644 15105
644 23
644 7303
644 10564
644 9508
644 3264
1430 2686
4355 4356
7062 1401
13288 320
1760 2152
1760 5281
1760 3594
1760 3588
1760 3591
1760 3592
1760 1720
1760 4880
7885 3020
5819 2054
1751 8003
1751 3594
1751 9483
1751 6892
1751 12152
1751 1720
1751 4208
1751 6877
1751 8245
951 6090
951 6100
951 6066
951 6087
951 585
10688 1800
5079 329
1744 5638
1744 9936
1744 3594
1744 8597
1744 6892
1744 76
1744 1720
1744 1298
1744 8245
10687 10683
10687 3594
10687 2152
10687 7475
10687 8479
10687 6553
10687 10803
10687 3587
10687 1882
10132 14962
10132 10740
10132 7525
10132 10813
10132 613
5648 1681
5648 981
5648 4140
5648 434
5648 1785
4262 7640
5508 5665
5508 10871
5508 1620
5508 5507
5508 449
5508 15216
5508 10199
1771 5227
1771 3189
1771 3594
1771 1868
1771 1720
9234 262
10943 1411
10943 2003
10943 1626
11131 2110
11131 7565
11131 7475
11131 3594
11131 3588
11131 10803
11131 1637
11131 4329
2355 4686
2355 1872
2355 2302
2355 6984
5278 5279
5278 5280
5278 5281
5278 3594
5278 1070
5278 5282
5278 5283
5278 5284
5094 4414
5550 5954
3845 9424
3845 2115
3845 2778
3845 2043
3845 3103
3845 933
3845 1618
3845 5231
3845 11771
3845 2019
3845 1324
5694 10066
5694 10614
5694 6274
1430 8242
1430 6515
1430 6111
1430 5281
8399 414
15510 3594
15510 1731
15510 6136
15510 10977
8570 165
8570 2403
10132 1380
10132 4357
10132 572
15127 13542
15127 563
15127 15608
2117 3199
2117 3609
2117 2187
2117 1614
2117 2197
2117 2664
2117 3649
2117 3103
2117 2915
2117 1464
2117 1058
2117 7653
2117 5956
2117 7654
2117 1308
2117 5074
2117 7655
2117 1687
2117 1145
2117 2118
2117 1313
2117 2233
2117 7656
2117 1183
2117 2472
2117 2473
2117 419
2117 2799
2117 1120
2117 4237
2117 7624
2117 1072
2117 776
2117 2485
2117 296
2117 7662
2117 1964
2117 3350
2117 49
2117 7663
2117 2809
2117 42
2117 5270
2117 6482
2117 633
2117 473
2117 7667
2117 6530
2117 1333
2117 7219
2117 2285
2117 3935
2117 251
2117 7669
2117 1089
2117 4677
2117 3616
2117 7674
2117 4039
2117 7371
2117 1574
2117 1867
2117 80
2117 6854
2117 1861
2117 3623
2117 7676
2117 7678
2117 1160
2117 6522
2117 5005
2117 4091
2117 4446
2117 625
2117 3504
2117 449
2117 7028
2117 1924
2117 7681
2117 7682
2117 1580
2117 2953
2117 7684
2117 7685
2117 7686
2117 130
2117 7687
2117 290
2117 7688
2117 4785
2117 4786
2117 279
2117 5589
2117 7691
2117 1091
2117 620
2117 1481
2117 7693
2117 297
2117 7695
2117 903
2117 7696
2117 5592
2117 7697
2117 1101
2117 3332
2117 7698
2117 7699
2117 826
2117 5814
2117 1379
2117 2025
2117 478
2117 617
2117 4433
2117 524
2117 4837
2117 2841
2117 31
2117 4483
2117 377
2117 7703
2117 7704
2117 1487
2117 7705
2117 5088
2117 845
2117 2734
2117 1923
2117 4801
2117 2713
2117 2746
2117 7707
2117 3419
2117 2411
2117 3073
2117 2290
2117 7708
2117 1875
2117 1094
2117 2040
2117 7709
2117 3856
2117 7711
2117 1503
2117 3317
2117 894
2117 501
2117 1517
2117 7712
2117 7713
2117 1851
2117 184
2117 4636
2117 3630
2117 1944
2117 7714
2117 6894
2117 6880
2117 4060
2117 1230
2117 2594
2117 3723
2117 2235
2117 1791
2117 4748
2117 1603
2117 7716
2117 4810
2117 4618
2117 7717
2117 604
2117 7718
2117 1321
2117 985
2117 4042
2117 6100
2117 7719
2117 7720
2117 1533
2117 7722
2117 161
2117 7724
2117 434
2117 4577
2117 1504
2117 7725
2117 3518
2117 2430
2117 6597
2117 1612
2117 7728
2117 662
2117 107
2117 4096
2117 12
2117 2132
2117 4114
2117 5990
2117 7732
2117 5657
2117 7733
2117 7734
2117 3803
2117 2885
2117 1810
2117 6521
2117 2909
2117 7062
2117 1246
2117 6323
2117 293
2117 396
2117 3745
2117 579
2117 4682
5550 3706
5550 985
5694 155
1764 165
811 116
811 2457
811 8475
811 3340
811 2039
811 11628
811 4696
811 163
811 610
811 2481
811 1990
811 15494
811 13850
811 2922
811 1673
811 7643
811 14942
811 2497
811 5676
811 6719
811 7598
811 1859
811 7873
811 10738
811 70
811 4963
811 11283
811 8353
811 9394
811 2310
811 3476
811 13256
811 494
811 7222
811 2953
811 1094
811 7460
811 13032
811 9441
811 4887
811 9558
811 2766
811 8509
811 7010
811 2918
811 11213
811 7148
811 12473
811 4550
811 3132
811 11085
811 6764
811 6088
811 4111
811 8471
811 4220
811 6091
811 7941
811 11164
811 500
811 1651
811 3226
811 2677
811 62
811 4118
811 13509
811 15504
811 6008
811 11544
811 4720
811 3058
811 885
811 9778
811 6942
811 7715
811 3061
811 15505
811 278
811 15506
811 195
811 7203
811 5651
811 2776
811 2902
811 4849
811 7415
811 6059
811 5494
811 743
5550 2939
5550 2970
5550 5239
5550 216
5550 5739
5550 11716
5550 475
489 1614
489 3675
489 644
7174 180
7174 5135
7174 1967
7174 185
7174 7125
7174 922
7174 3148
7174 2711
7174 3330
7174 3594
7174 6057
6063 102
1725 3892
1725 6381
1725 42
2080 3100
2080 2411
2080 4358
2080 6286
2080 470
2080 321
9152 9613
9152 6587
9152 5082
9152 4357
9152 2816
9152 2376
9152 6408
9152 6967
9152 9156
9152 1265
9152 9209
9152 11169
9152 9151
9152 11170
1499 483
1499 271
1499 475
1499 2941
1499 4369
13014 3594
13014 2152
13014 9428
13014 5921
13014 1524
1430 13072
1430 7431
1430 3424
1769 781
1769 3973
1769 1625
1769 10587
1769 1246
7062 166
7062 1625
7062 1246
7062 4358
1470 1456
1470 387
1470 2942
1470 805
1470 944
1470 388
1470 1628
1470 4838
1470 7314
1499 7282
1499 7307
5000 9920
7062 1491
7062 7366
5508 7066
5508 1982
5508 7063
15308 15934
15308 2152
15308 10060
15308 7475
15308 14337
15308 3594
15308 9610
15308 4262
15308 9483
15308 10565
15308 7565
5508 1335
5508 8451
5508 8563
5508 8570
5508 8456
5508 13856
5508 653
5508 15215
5508 8555
5508 16575
11045 569
5550 1226
11045 165
14420 5524
14420 9511
14420 4273
14420 2359
14420 39
8399 9941
8399 3594
8399 148
8399 144
8399 13334
8399 10298
8399 3455
8399 3626
11045 11044
951 12335
2117 4741
1470 1088
1470 1094
1470 1119
1470 7084
3764 2886
3764 1346
3764 3692
3764 948
3764 933
3764 127
2080 1401
1766 15510
1766 4547
1766 3045
1766 9349
1766 9460
1766 15844
1766 3212
1766 8388
1430 537
1739 12800
1739 9776
1739 3594
1739 4262
1739 6553
1739 9483
1739 2254
1739 5921
1739 8447
1739 1720
1739 8433
1739 6877
1739 6892
15127 6588
2117 1509
15308 5487
7674 2117
7691 2117
7722 2117
5648 3887
3178 2755
2117 7651
5508 3456
811 795
811 4636
1748 2110
1748 9941
1748 2152
1748 6553
1748 7475
1748 2356
1748 3594
1748 3588
1748 3591
1748 3587
1748 10298
1748 3568
1748 1720
10316 93
10316 96
15504 811
15505 811
2117 7675
2117 7679
2117 1469
2117 6081
2117 7710
11130 11613
11130 2110
11130 261
11130 3594
11130 3588
11130 12800
11130 3587
11130 1745
11130 5666
11130 1524
11130 10565
2075 165
2075 7515
2075 10120
2075 4214
2075 10133
2075 1401
2075 3100
2075 11418
811 5317
811 3562
811 399
811 3073
811 14481
811 60
7174 186
7174 1123
7174 1094
7174 8460
7174 4865
4358 1163
4358 8696
4358 1079
4358 1164
4358 1504
4358 1170
4358 2080
4358 11198
4358 1643
4358 1176
4358 2883
4358 4357
4358 1125
4358 12462
489 656
489 640
489 664
489 672
11717 4357
11717 8377
11717 95
11717 1546
11717 1542
11717 9391
11717 13418
11717 2602
11717 170
9467 11057
2080 83
2080 456
2080 5050
2080 9989
1761 3594
1761 148
1761 4262
1761 9483
1761 10565
1761 10298
1761 1720
1761 1524
1761 10940
1761 6892
1761 6877
5508 2114
5508 9215
5508 2729
5508 2373
5681 2602
1749 12701
1749 2490
1749 2110
1749 2152
1749 3594
1749 4258
1749 3588
1749 3591
1749 3568
1749 1745
1749 9387
1749 1720
1749 8242
10943 165
10943 172
5508 251
4358 1254
4358 4355
8480 4911
2117 5573
2117 5516
2117 7671
2117 1090
2117 7727
1754 3
1754 2328
1754 1616
1754 7475
1754 3594
1754 1637
1754 1720
1754 1882
1754 1881
8124 160
8124 1114
7174 8457
5694 1160
5550 2728
5550 4280
5550 3024
1757 9941
1757 5921
1757 3594
1757 3591
1757 6892
1757 9776
1757 10298
1757 1637
1757 1720
1757 6877
1726 4433
1726 2651
1726 150
1726 9670
1726 1374
1726 11988
1726 9553
1726 9391
1726 563
1726 571
1726 1767
1726 1924
7174 13046
10321 5259
10321 96
15127 715
1742 11
1742 110
1742 5476
3148 1423
3148 4051
3148 1967
3148 1310
3148 3147
3148 10254
3148 7174
3148 5674
3148 7988
3148 3144
4262 11995
4262 6039
4262 3594
4262 15308
4262 7475
4262 10686
4262 14523
4262 5972
4262 9636
4262 15190
4262 4256
4262 4332
4262 1739
4262 3727
4262 1761
4262 7565
2080 7419
2080 11199
5681 8130
1749 2883
4358 1616
1470 1691
2075 2022
11128 640
11128 5507
11128 7882
11128 1491
11128 160
11128 10199
9234 3
9234 9941
9234 7651
9234 1975
9234 5077
9234 2345
9234 12346
9234 2386
9234 6329
9234 2355
9234 3875
9234 11716
9234 2364
9234 4663
9234 632
2075 9970
1470 2686
1470 329
1470 535
2117 749
2117 7657
2117 4760
2117 7670
2117 5638
2117 25
9467 2699
9467 11056
9467 10336
811 8557
811 4714
811 2667
811 8364
811 3039
811 537
811 2923
13830 604
13830 3912
13830 1228
13830 7600
13830 75
13830 563
13830 2017
13830 8772
13830 7794
13830 88
13830 10597
13830 6768
10304 414
1306 140
1306 9573
1306 1872
1306 2251
1306 13477
1306 963
1306 1871
1306 12086
1306 403
1306 2286
1306 3485
1306 5857
6904 741
6904 6914
811 7219
8401 5638
8401 3605
8401 10071
8401 698
8401 6329
8401 1865
8401 3594
8401 8572
8401 8852
8401 1428
8401 11507
8401 13836
8401 3455
8401 12648
8401 3626
6063 16723
10316 107
5094 12701
5094 5059
5094 2110
5094 9941
5094 3594
5094 3588
5094 3591
5094 10803
5094 3592
5094 3568
5094 5666
5094 6877
5094 6984
5094 8245
6908 2554
6908 4483
2080 1105
6916 741
6916 6914
13476 2651
13476 2993
13476 4680
13476 1578
13476 2714
13476 6022
13476 5483
13476 4585
13476 10372
13476 2338
13476 22
11537 11613
11537 9941
11537 2152
11537 10060
11537 3594
11537 9610
11537 3588
11537 3591
11537 9776
11537 7475
11537 3568
11537 9375
4358 1781
2075 7950
2075 1553
2075 1545
14678 11056
4358 151
4358 167
4358 618
4358 524
4358 1166
4358 1167
4358 1168
4358 1169
4358 190
4358 160
4358 219
4358 1172
4358 1173
4358 199
2080 7212
2080 7366
11717 1419
11717 1541
11717 1539
11717 1538
11717 1549
11717 2077
11717 1553
11717 1545
11717 4998
11717 1548
11717 456
11717 4999
11717 1552
11717 1067
11717 1353
11717 1540
11717 1544
11717 1551
11717 1550
11717 1543
11717 5000
11717 1547
11717 5001
7174 4636
7174 2497
6089 7239
6089 10556
12823 9387
12823 12821
12823 8012
2117 7729
7062 2075
7062 4357
7062 2080
2117 278
2355 414
5681 7678
5681 4540
537 1894
537 7364
537 11654
537 2470
537 6689
537 14100
537 6628
537 1077
537 1472
537 93
537 172
537 964
537 5632
537 130
537 4538
537 2911
537 981
537 1101
537 830
537 5539
537 1206
537 191
537 122
537 3871
537 12865
537 1232
537 5715
537 2602
537 546
537 2046
537 2762
537 6129
537 1553
537 4816
537 14932
537 15855
537 2764
537 1170
537 2106
537 4729
537 3222
537 11019
537 1810
