1.0 0.008849557522123894
1.0 0.017699115044247787
1.0 0.02654867256637168
1.0 0.035398230088495575
1.0 0.04424778761061947
1.0 0.05309734513274336
1.0 0.061946902654867256
1.0 0.07079646017699115
1.0 0.07964601769911504
1.0 0.08849557522123894
1.0 0.09734513274336283
1.0 0.10619469026548672
1.0 0.11504424778761062
1.0 0.12389380530973451
1.0 0.13274336283185842
1.0 0.1415929203539823
1.0 0.1504424778761062
1.0 0.1592920353982301
1.0 0.168141592920354
1.0 0.17699115044247787
1.0 0.18584070796460178
0.9545454545454546 0.18584070796460178
0.9565217391304348 0.19469026548672566
0.9583333333333334 0.20353982300884957
0.96 0.21238938053097345
0.9615384615384616 0.22123893805309736
0.9259259259259259 0.22123893805309736
0.9285714285714286 0.23008849557522124
0.9310344827586207 0.23893805309734514
0.9333333333333333 0.24778761061946902
0.9354838709677419 0.25663716814159293
0.90625 0.25663716814159293
0.8787878787878788 0.25663716814159293
0.8823529411764706 0.26548672566371684
0.8857142857142857 0.2743362831858407
0.8888888888888888 0.2831858407079646
0.8918918918918919 0.2920353982300885
0.8947368421052632 0.3008849557522124
0.8974358974358975 0.30973451327433627
0.875 0.30973451327433627
0.8536585365853658 0.30973451327433627
0.8333333333333334 0.30973451327433627
0.813953488372093 0.30973451327433627
0.7954545454545454 0.30973451327433627
0.7777777777777778 0.30973451327433627
0.782608695652174 0.3185840707964602
0.7872340425531915 0.3274336283185841
0.7916666666666666 0.336283185840708
0.7755102040816326 0.336283185840708
0.76 0.336283185840708
0.7450980392156863 0.336283185840708
0.7307692307692307 0.336283185840708
0.7169811320754716 0.336283185840708
0.7037037037037037 0.336283185840708
0.6909090909090909 0.336283185840708
0.6785714285714286 0.336283185840708
0.6666666666666666 0.336283185840708
0.6551724137931034 0.336283185840708
0.6440677966101694 0.336283185840708
0.6333333333333333 0.336283185840708
0.6229508196721312 0.336283185840708
0.6129032258064516 0.336283185840708
0.6031746031746031 0.336283185840708
0.59375 0.336283185840708
0.5846153846153846 0.336283185840708
0.5757575757575758 0.336283185840708
0.5671641791044776 0.336283185840708
0.5588235294117647 0.336283185840708
0.5507246376811594 0.336283185840708
0.5428571428571428 0.336283185840708
0.5352112676056338 0.336283185840708
0.5277777777777778 0.336283185840708
0.5205479452054794 0.336283185840708
0.5135135135135135 0.336283185840708
0.5066666666666667 0.336283185840708
0.5 0.336283185840708
0.4935064935064935 0.336283185840708
0.48717948717948717 0.336283185840708
0.4810126582278481 0.336283185840708
0.475 0.336283185840708
0.4691358024691358 0.336283185840708
0.47560975609756095 0.34513274336283184
0.46987951807228917 0.34513274336283184
0.4642857142857143 0.34513274336283184
0.4588235294117647 0.34513274336283184
0.45348837209302323 0.34513274336283184
0.4482758620689655 0.34513274336283184
0.4431818181818182 0.34513274336283184
0.43820224719101125 0.34513274336283184
0.43333333333333335 0.34513274336283184
0.42857142857142855 0.34513274336283184
0.42391304347826086 0.34513274336283184
0.41935483870967744 0.34513274336283184
0.4148936170212766 0.34513274336283184
0.4105263157894737 0.34513274336283184
0.40625 0.34513274336283184
0.4020618556701031 0.34513274336283184
0.3979591836734694 0.34513274336283184
0.3939393939393939 0.34513274336283184
0.39 0.34513274336283184
0.38613861386138615 0.34513274336283184
0.38235294117647056 0.34513274336283184
0.3786407766990291 0.34513274336283184
0.375 0.34513274336283184
0.37142857142857144 0.34513274336283184
0.36792452830188677 0.34513274336283184
0.3644859813084112 0.34513274336283184
0.3611111111111111 0.34513274336283184
0.3577981651376147 0.34513274336283184
0.36363636363636365 0.35398230088495575
0.36936936936936937 0.36283185840707965
0.375 0.37168141592920356
0.3805309734513274 0.3805309734513274
0.38596491228070173 0.3893805309734513
0.391304347826087 0.39823008849557523
0.39655172413793105 0.40707964601769914
0.4017094017094017 0.415929203539823
0.4067796610169492 0.4247787610619469
0.4117647058823529 0.4336283185840708
0.4166666666666667 0.4424778761061947
0.4214876033057851 0.45132743362831856
0.4262295081967213 0.46017699115044247
0.43089430894308944 0.4690265486725664
0.43548387096774194 0.4778761061946903
0.44 0.48672566371681414
0.4444444444444444 0.49557522123893805
0.44881889763779526 0.504424778761062
0.453125 0.5132743362831859
0.4496124031007752 0.5132743362831859
0.4461538461538462 0.5132743362831859
0.44274809160305345 0.5132743362831859
0.4393939393939394 0.5132743362831859
0.43609022556390975 0.5132743362831859
0.43283582089552236 0.5132743362831859
0.42962962962962964 0.5132743362831859
0.4264705882352941 0.5132743362831859
0.4233576642335766 0.5132743362831859
0.42028985507246375 0.5132743362831859
0.4172661870503597 0.5132743362831859
0.4142857142857143 0.5132743362831859
0.41134751773049644 0.5132743362831859
0.4084507042253521 0.5132743362831859
0.40559440559440557 0.5132743362831859
0.4027777777777778 0.5132743362831859
0.4 0.5132743362831859
0.3972602739726027 0.5132743362831859
0.3945578231292517 0.5132743362831859
0.3918918918918919 0.5132743362831859
0.38926174496644295 0.5132743362831859
0.38666666666666666 0.5132743362831859
0.3841059602649007 0.5132743362831859
0.3815789473684211 0.5132743362831859
0.3790849673202614 0.5132743362831859
0.37662337662337664 0.5132743362831859
0.3741935483870968 0.5132743362831859
0.3717948717948718 0.5132743362831859
0.36942675159235666 0.5132743362831859
0.37341772151898733 0.5221238938053098
0.3710691823899371 0.5221238938053098
0.36875 0.5221238938053098
0.36645962732919257 0.5221238938053098
0.36419753086419754 0.5221238938053098
0.3619631901840491 0.5221238938053098
0.3597560975609756 0.5221238938053098
0.3575757575757576 0.5221238938053098
0.35542168674698793 0.5221238938053098
0.3532934131736527 0.5221238938053098
0.35119047619047616 0.5221238938053098
0.34911242603550297 0.5221238938053098
0.34705882352941175 0.5221238938053098
0.3508771929824561 0.5309734513274337
0.3546511627906977 0.5398230088495575
0.3583815028901734 0.5486725663716814
0.3620689655172414 0.5575221238938053
0.3657142857142857 0.5663716814159292
0.3693181818181818 0.5752212389380531
0.3672316384180791 0.5752212389380531
0.3651685393258427 0.5752212389380531
0.36312849162011174 0.5752212389380531
0.3611111111111111 0.5752212389380531
0.35911602209944754 0.5752212389380531
0.35714285714285715 0.5752212389380531
0.3551912568306011 0.5752212389380531
0.3532608695652174 0.5752212389380531
0.35135135135135137 0.5752212389380531
0.34946236559139787 0.5752212389380531
0.34759358288770054 0.5752212389380531
0.34574468085106386 0.5752212389380531
0.3439153439153439 0.5752212389380531
0.34210526315789475 0.5752212389380531
0.3403141361256545 0.5752212389380531
0.3385416666666667 0.5752212389380531
0.33678756476683935 0.5752212389380531
0.33505154639175255 0.5752212389380531
0.3333333333333333 0.5752212389380531
0.33163265306122447 0.5752212389380531
0.3299492385786802 0.5752212389380531
0.3282828282828283 0.5752212389380531
0.32663316582914576 0.5752212389380531
0.325 0.5752212389380531
0.32338308457711445 0.5752212389380531
0.3217821782178218 0.5752212389380531
0.32019704433497537 0.5752212389380531
0.31862745098039214 0.5752212389380531
0.3170731707317073 0.5752212389380531
0.3155339805825243 0.5752212389380531
0.3140096618357488 0.5752212389380531
0.3125 0.5752212389380531
0.31100478468899523 0.5752212389380531
0.30952380952380953 0.5752212389380531
0.3080568720379147 0.5752212389380531
0.30660377358490565 0.5752212389380531
0.3051643192488263 0.5752212389380531
0.3037383177570093 0.5752212389380531
0.3023255813953488 0.5752212389380531
0.30092592592592593 0.5752212389380531
0.2995391705069124 0.5752212389380531
0.30275229357798167 0.584070796460177
0.3013698630136986 0.584070796460177
0.3 0.584070796460177
0.2986425339366516 0.584070796460177
0.2972972972972973 0.584070796460177
0.29596412556053814 0.584070796460177
0.29464285714285715 0.584070796460177
0.29333333333333333 0.584070796460177
0.2920353982300885 0.584070796460177
0.2907488986784141 0.584070796460177
0.2894736842105263 0.584070796460177
0.28820960698689957 0.584070796460177
0.28695652173913044 0.584070796460177
0.2857142857142857 0.584070796460177
0.28448275862068967 0.584070796460177
0.2832618025751073 0.584070796460177
0.28205128205128205 0.584070796460177
0.28085106382978725 0.584070796460177
0.2796610169491525 0.584070796460177
0.27848101265822783 0.584070796460177
0.2773109243697479 0.584070796460177
0.27615062761506276 0.584070796460177
0.275 0.584070796460177
0.27385892116182575 0.584070796460177
0.2727272727272727 0.584070796460177
0.2716049382716049 0.584070796460177
0.27049180327868855 0.584070796460177
0.2693877551020408 0.584070796460177
0.2682926829268293 0.584070796460177
0.26720647773279355 0.584070796460177
0.2661290322580645 0.584070796460177
0.26506024096385544 0.584070796460177
0.264 0.584070796460177
0.26294820717131473 0.584070796460177
0.2619047619047619 0.584070796460177
0.2608695652173913 0.584070796460177
0.25984251968503935 0.584070796460177
0.25882352941176473 0.584070796460177
0.2578125 0.584070796460177
0.25680933852140075 0.584070796460177
0.2558139534883721 0.584070796460177
0.2548262548262548 0.584070796460177
0.25384615384615383 0.584070796460177
0.25287356321839083 0.584070796460177
0.25190839694656486 0.584070796460177
0.2509505703422053 0.584070796460177
0.25 0.584070796460177
0.2490566037735849 0.584070796460177
0.24812030075187969 0.584070796460177
0.24719101123595505 0.584070796460177
0.2462686567164179 0.584070796460177
0.24535315985130113 0.584070796460177
0.24444444444444444 0.584070796460177
0.24354243542435425 0.584070796460177
0.2426470588235294 0.584070796460177
0.24175824175824176 0.584070796460177
0.24087591240875914 0.584070796460177
0.24 0.584070796460177
0.2391304347826087 0.584070796460177
0.23826714801444043 0.584070796460177
0.23741007194244604 0.584070796460177
0.23655913978494625 0.584070796460177
0.2357142857142857 0.584070796460177
0.23487544483985764 0.584070796460177
0.23404255319148937 0.584070796460177
0.2332155477031802 0.584070796460177
0.2323943661971831 0.584070796460177
0.23157894736842105 0.584070796460177
0.23076923076923078 0.584070796460177
0.22996515679442509 0.584070796460177
0.22916666666666666 0.584070796460177
0.22837370242214533 0.584070796460177
0.22758620689655173 0.584070796460177
0.2268041237113402 0.584070796460177
0.22602739726027396 0.584070796460177
0.22525597269624573 0.584070796460177
0.22448979591836735 0.584070796460177
0.22372881355932203 0.584070796460177
0.22297297297297297 0.584070796460177
0.2222222222222222 0.584070796460177
0.2214765100671141 0.584070796460177
0.22073578595317725 0.584070796460177
0.22 0.584070796460177
0.21926910299003322 0.584070796460177
0.2185430463576159 0.584070796460177
0.21782178217821782 0.584070796460177
0.21710526315789475 0.584070796460177
0.21639344262295082 0.584070796460177
0.21568627450980393 0.584070796460177
0.21498371335504887 0.584070796460177
0.21428571428571427 0.584070796460177
0.21359223300970873 0.584070796460177
0.2129032258064516 0.584070796460177
0.21221864951768488 0.584070796460177
0.21153846153846154 0.584070796460177
0.2108626198083067 0.584070796460177
0.21019108280254778 0.584070796460177
0.20952380952380953 0.584070796460177
0.2088607594936709 0.584070796460177
0.2082018927444795 0.584070796460177
0.20754716981132076 0.584070796460177
0.20689655172413793 0.584070796460177
0.209375 0.5929203539823009
0.2118380062305296 0.6017699115044248
0.2111801242236025 0.6017699115044248
0.21052631578947367 0.6017699115044248
0.20987654320987653 0.6017699115044248
0.20923076923076922 0.6017699115044248
0.2085889570552147 0.6017699115044248
0.20795107033639143 0.6017699115044248
0.2073170731707317 0.6017699115044248
0.2066869300911854 0.6017699115044248
0.20606060606060606 0.6017699115044248
0.2054380664652568 0.6017699115044248
0.20481927710843373 0.6017699115044248
0.2042042042042042 0.6017699115044248
0.20359281437125748 0.6017699115044248
0.20298507462686566 0.6017699115044248
0.20238095238095238 0.6017699115044248
0.20178041543026706 0.6017699115044248
0.20118343195266272 0.6017699115044248
0.20058997050147492 0.6017699115044248
0.2 0.6017699115044248
0.19941348973607037 0.6017699115044248
0.19883040935672514 0.6017699115044248
0.19825072886297376 0.6017699115044248
0.19767441860465115 0.6017699115044248
0.19710144927536233 0.6017699115044248
0.19653179190751446 0.6017699115044248
0.19596541786743515 0.6017699115044248
0.19540229885057472 0.6017699115044248
0.19484240687679083 0.6017699115044248
0.19428571428571428 0.6017699115044248
0.19373219373219372 0.6017699115044248
0.19318181818181818 0.6017699115044248
0.19263456090651557 0.6017699115044248
0.192090395480226 0.6017699115044248
0.19154929577464788 0.6017699115044248
0.19101123595505617 0.6017699115044248
0.19047619047619047 0.6017699115044248
0.18994413407821228 0.6017699115044248
0.1894150417827298 0.6017699115044248
0.18888888888888888 0.6017699115044248
0.1883656509695291 0.6017699115044248
0.1878453038674033 0.6017699115044248
0.18732782369146006 0.6017699115044248
0.18956043956043955 0.6106194690265486
0.1917808219178082 0.6194690265486725
0.1912568306010929 0.6194690265486725
0.1907356948228883 0.6194690265486725
0.19021739130434784 0.6194690265486725
0.1897018970189702 0.6194690265486725
0.1891891891891892 0.6194690265486725
0.18867924528301888 0.6194690265486725
0.1881720430107527 0.6194690265486725
0.1876675603217158 0.6194690265486725
0.18716577540106952 0.6194690265486725
0.18666666666666668 0.6194690265486725
0.18617021276595744 0.6194690265486725
0.1856763925729443 0.6194690265486725
0.18518518518518517 0.6194690265486725
0.18469656992084432 0.6194690265486725
0.18421052631578946 0.6194690265486725
0.1837270341207349 0.6194690265486725
0.18324607329842932 0.6194690265486725
0.18276762402088773 0.6194690265486725
0.18229166666666666 0.6194690265486725
0.18181818181818182 0.6194690265486725
0.18134715025906736 0.6194690265486725
0.18087855297157623 0.6194690265486725
0.18041237113402062 0.6194690265486725
0.17994858611825193 0.6194690265486725
0.1794871794871795 0.6194690265486725
0.17902813299232737 0.6194690265486725
0.17857142857142858 0.6194690265486725
0.178117048346056 0.6194690265486725
0.17766497461928935 0.6194690265486725
0.17721518987341772 0.6194690265486725
0.17676767676767677 0.6194690265486725
0.17632241813602015 0.6194690265486725
0.17587939698492464 0.6194690265486725
0.17543859649122806 0.6194690265486725
0.175 0.6194690265486725
0.1745635910224439 0.6194690265486725
0.17412935323383086 0.6194690265486725
0.17369727047146402 0.6194690265486725
0.17326732673267325 0.6194690265486725
0.1728395061728395 0.6194690265486725
0.1724137931034483 0.6194690265486725
0.171990171990172 0.6194690265486725
0.1715686274509804 0.6194690265486725
0.17114914425427874 0.6194690265486725
0.17073170731707318 0.6194690265486725
0.170316301703163 0.6194690265486725
0.16990291262135923 0.6194690265486725
0.1694915254237288 0.6194690265486725
0.16908212560386474 0.6194690265486725
0.1686746987951807 0.6194690265486725
0.16826923076923078 0.6194690265486725
0.16786570743405277 0.6194690265486725
0.1674641148325359 0.6194690265486725
0.16706443914081145 0.6194690265486725
0.16666666666666666 0.6194690265486725
0.166270783847981 0.6194690265486725
0.16587677725118483 0.6194690265486725
0.16548463356973994 0.6194690265486725
0.1650943396226415 0.6194690265486725
0.16470588235294117 0.6194690265486725
0.1643192488262911 0.6194690265486725
0.16393442622950818 0.6194690265486725
0.16355140186915887 0.6194690265486725
0.16317016317016317 0.6194690265486725
0.16279069767441862 0.6194690265486725
0.16241299303944315 0.6194690265486725
0.16203703703703703 0.6194690265486725
0.16166281755196305 0.6194690265486725
0.16129032258064516 0.6194690265486725
0.16091954022988506 0.6194690265486725
0.16055045871559634 0.6194690265486725
0.16018306636155608 0.6194690265486725
0.1598173515981735 0.6194690265486725
0.15945330296127563 0.6194690265486725
0.1590909090909091 0.6194690265486725
0.15873015873015872 0.6194690265486725
0.1583710407239819 0.6194690265486725
0.1580135440180587 0.6194690265486725
0.15765765765765766 0.6194690265486725
0.15730337078651685 0.6194690265486725
0.15695067264573992 0.6194690265486725
0.15659955257270694 0.6194690265486725
0.15625 0.6194690265486725
0.155902004454343 0.6194690265486725
0.15555555555555556 0.6194690265486725
0.15521064301552107 0.6194690265486725
0.15486725663716813 0.6194690265486725
0.1545253863134658 0.6194690265486725
0.15418502202643172 0.6194690265486725
0.15384615384615385 0.6194690265486725
0.15350877192982457 0.6194690265486725
0.15317286652078774 0.6194690265486725
0.15283842794759825 0.6194690265486725
0.15250544662309368 0.6194690265486725
0.15217391304347827 0.6194690265486725
0.15184381778741865 0.6194690265486725
0.15151515151515152 0.6194690265486725
0.1511879049676026 0.6194690265486725
0.15086206896551724 0.6194690265486725
0.15053763440860216 0.6194690265486725
0.15021459227467812 0.6194690265486725
0.14989293361884368 0.6194690265486725
0.14957264957264957 0.6194690265486725
0.14925373134328357 0.6194690265486725
0.14893617021276595 0.6194690265486725
0.14861995753715498 0.6194690265486725
0.1483050847457627 0.6194690265486725
0.14799154334038056 0.6194690265486725
0.14767932489451477 0.6194690265486725
0.14736842105263157 0.6194690265486725
0.14705882352941177 0.6194690265486725
0.14675052410901468 0.6194690265486725
0.14644351464435146 0.6194690265486725
0.14613778705636743 0.6194690265486725
0.14583333333333334 0.6194690265486725
0.14553014553014554 0.6194690265486725
0.14522821576763487 0.6194690265486725
0.14492753623188406 0.6194690265486725
0.1446280991735537 0.6194690265486725
0.14432989690721648 0.6194690265486725
0.1440329218106996 0.6194690265486725
0.1437371663244353 0.6194690265486725
0.14344262295081966 0.6194690265486725
0.14314928425357873 0.6194690265486725
0.14285714285714285 0.6194690265486725
0.1425661914460285 0.6194690265486725
0.14227642276422764 0.6194690265486725
0.14198782961460446 0.6194690265486725
0.1417004048582996 0.6194690265486725
0.1414141414141414 0.6194690265486725
0.14112903225806453 0.6194690265486725
0.14084507042253522 0.6194690265486725
0.14056224899598393 0.6194690265486725
0.1402805611222445 0.6194690265486725
0.14 0.6194690265486725
0.13972055888223553 0.6194690265486725
0.1394422310756972 0.6194690265486725
0.13916500994035785 0.6194690265486725
0.1388888888888889 0.6194690265486725
0.13861386138613863 0.6194690265486725
0.1383399209486166 0.6194690265486725
0.13806706114398423 0.6194690265486725
0.1377952755905512 0.6194690265486725
0.137524557956778 0.6194690265486725
0.13725490196078433 0.6194690265486725
0.136986301369863 0.6194690265486725
0.13671875 0.6194690265486725
0.1364522417153996 0.6194690265486725
0.13618677042801555 0.6194690265486725
0.13592233009708737 0.6194690265486725
0.13565891472868216 0.6194690265486725
0.13539651837524178 0.6194690265486725
0.13513513513513514 0.6194690265486725
0.1348747591522158 0.6194690265486725
0.1346153846153846 0.6194690265486725
0.1343570057581574 0.6194690265486725
0.13409961685823754 0.6194690265486725
0.1338432122370937 0.6194690265486725
0.13358778625954199 0.6194690265486725
0.13333333333333333 0.6194690265486725
0.13307984790874525 0.6194690265486725
0.13282732447817835 0.6194690265486725
0.13257575757575757 0.6194690265486725
0.1323251417769376 0.6194690265486725
0.1320754716981132 0.6194690265486725
0.1318267419962335 0.6194690265486725
0.13157894736842105 0.6194690265486725
0.13133208255159476 0.6194690265486725
0.13108614232209737 0.6194690265486725
0.1308411214953271 0.6194690265486725
0.13059701492537312 0.6194690265486725
0.1303538175046555 0.6194690265486725
0.13011152416356878 0.6194690265486725
0.12987012987012986 0.6194690265486725
0.12962962962962962 0.6194690265486725
0.12939001848428835 0.6194690265486725
0.12915129151291513 0.6194690265486725
0.1289134438305709 0.6194690265486725
0.12867647058823528 0.6194690265486725
0.12844036697247707 0.6194690265486725
0.1282051282051282 0.6194690265486725
0.12797074954296161 0.6194690265486725
0.12773722627737227 0.6194690265486725
0.12750455373406194 0.6194690265486725
0.12727272727272726 0.6194690265486725
0.12704174228675136 0.6194690265486725
0.12681159420289856 0.6194690265486725
0.12658227848101267 0.6194690265486725
0.1263537906137184 0.6194690265486725
0.12612612612612611 0.6194690265486725
0.12589928057553956 0.6194690265486725
0.12567324955116696 0.6194690265486725
0.12544802867383512 0.6194690265486725
0.1252236135957066 0.6194690265486725
0.125 0.6194690265486725
0.12477718360071301 0.6194690265486725
0.12455516014234876 0.6194690265486725
0.12433392539964476 0.6194690265486725
0.12411347517730496 0.6194690265486725
0.12389380530973451 0.6194690265486725
0.12367491166077739 0.6194690265486725
0.12345679012345678 0.6194690265486725
0.12323943661971831 0.6194690265486725
0.12302284710017575 0.6194690265486725
0.12280701754385964 0.6194690265486725
0.12259194395796848 0.6194690265486725
0.12237762237762238 0.6194690265486725
0.12216404886561955 0.6194690265486725
0.12195121951219512 0.6194690265486725
0.12173913043478261 0.6194690265486725
0.12152777777777778 0.6194690265486725
0.12131715771230503 0.6194690265486725
0.12110726643598616 0.6194690265486725
0.12089810017271158 0.6194690265486725
0.1206896551724138 0.6194690265486725
0.12048192771084337 0.6194690265486725
0.12027491408934708 0.6194690265486725
0.12006861063464837 0.6194690265486725
0.11986301369863013 0.6194690265486725
0.11965811965811966 0.6194690265486725
0.11945392491467577 0.6194690265486725
0.11925042589437819 0.6194690265486725
0.11904761904761904 0.6194690265486725
0.11884550084889643 0.6194690265486725
0.11864406779661017 0.6194690265486725
0.11844331641285956 0.6194690265486725
0.11824324324324324 0.6194690265486725
0.11804384485666104 0.6194690265486725
0.11784511784511785 0.6194690265486725
0.11764705882352941 0.6194690265486725
0.1174496644295302 0.6194690265486725
0.11725293132328309 0.6194690265486725
0.11705685618729098 0.6194690265486725
0.11686143572621036 0.6194690265486725
0.11666666666666667 0.6194690265486725
0.11647254575707154 0.6194690265486725
0.11627906976744186 0.6194690265486725
0.11608623548922056 0.6194690265486725
0.11589403973509933 0.6194690265486725
0.11570247933884298 0.6194690265486725
0.11551155115511551 0.6194690265486725
0.11532125205930807 0.6194690265486725
0.11513157894736842 0.6194690265486725
0.11494252873563218 0.6194690265486725
0.11475409836065574 0.6194690265486725
0.11456628477905073 0.6194690265486725
0.11437908496732026 0.6194690265486725
0.11419249592169657 0.6194690265486725
0.11400651465798045 0.6194690265486725
0.11382113821138211 0.6194690265486725
0.11363636363636363 0.6194690265486725
0.11345218800648298 0.6194690265486725
0.11326860841423948 0.6194690265486725
0.11308562197092084 0.6194690265486725
0.11290322580645161 0.6194690265486725
0.11272141706924316 0.6194690265486725
0.11254019292604502 0.6194690265486725
0.11235955056179775 0.6194690265486725
0.11217948717948718 0.6194690265486725
0.112 0.6194690265486725
0.11182108626198083 0.6194690265486725
0.11164274322169059 0.6194690265486725
0.11146496815286625 0.6194690265486725
0.11128775834658187 0.6194690265486725
0.1111111111111111 0.6194690265486725
0.1109350237717908 0.6194690265486725
0.11075949367088607 0.6194690265486725
0.11058451816745656 0.6194690265486725
0.11041009463722397 0.6194690265486725
0.11023622047244094 0.6194690265486725
0.11006289308176101 0.6194690265486725
0.10989010989010989 0.6194690265486725
0.109717868338558 0.6194690265486725
0.10954616588419405 0.6194690265486725
0.109375 0.6194690265486725
0.10920436817472699 0.6194690265486725
0.10903426791277258 0.6194690265486725
0.1088646967340591 0.6194690265486725
0.10869565217391304 0.6194690265486725
0.10852713178294573 0.6194690265486725
0.10835913312693499 0.6194690265486725
0.10819165378670788 0.6194690265486725
0.10802469135802469 0.6194690265486725
0.10785824345146379 0.6194690265486725
0.1076923076923077 0.6194690265486725
0.10752688172043011 0.6194690265486725
0.10736196319018405 0.6194690265486725
0.10719754977029096 0.6194690265486725
0.10703363914373089 0.6194690265486725
0.10687022900763359 0.6194690265486725
0.10670731707317073 0.6194690265486725
0.106544901065449 0.6194690265486725
0.10638297872340426 0.6194690265486725
0.1062215477996965 0.6194690265486725
0.10606060606060606 0.6194690265486725
0.1059001512859304 0.6194690265486725
0.10574018126888217 0.6194690265486725
0.10558069381598793 0.6194690265486725
0.10542168674698796 0.6194690265486725
0.10526315789473684 0.6194690265486725
0.10510510510510511 0.6194690265486725
0.10494752623688156 0.6194690265486725
0.10479041916167664 0.6194690265486725
0.10612855007473841 0.6283185840707964
0.10746268656716418 0.6371681415929203
0.10879284649776454 0.6460176991150443
0.10863095238095238 0.6460176991150443
0.10846953937592868 0.6460176991150443
0.1083086053412463 0.6460176991150443
0.10814814814814815 0.6460176991150443
0.10798816568047337 0.6460176991150443
0.10782865583456426 0.6460176991150443
0.10766961651917405 0.6460176991150443
0.10751104565537556 0.6460176991150443
0.10735294117647058 0.6460176991150443
0.10719530102790015 0.6460176991150443
0.10703812316715543 0.6460176991150443
0.10688140556368961 0.6460176991150443
0.1067251461988304 0.6460176991150443
0.10656934306569343 0.6460176991150443
0.10641399416909621 0.6460176991150443
0.10625909752547306 0.6460176991150443
0.10610465116279069 0.6460176991150443
0.10595065312046444 0.6460176991150443
0.10579710144927536 0.6460176991150443
0.10564399421128799 0.6460176991150443
0.10549132947976879 0.6460176991150443
0.10533910533910534 0.6460176991150443
0.10518731988472622 0.6460176991150443
0.10503597122302158 0.6460176991150443
0.10488505747126436 0.6460176991150443
0.10473457675753228 0.6460176991150443
0.10458452722063037 0.6460176991150443
0.1044349070100143 0.6460176991150443
0.10428571428571429 0.6460176991150443
0.10413694721825963 0.6460176991150443
0.10398860398860399 0.6460176991150443
0.10384068278805121 0.6460176991150443
0.10369318181818182 0.6460176991150443
0.10354609929078014 0.6460176991150443
0.10339943342776203 0.6460176991150443
0.10325318246110325 0.6460176991150443
0.10310734463276836 0.6460176991150443
0.10296191819464035 0.6460176991150443
0.1028169014084507 0.6460176991150443
0.10267229254571027 0.6460176991150443
0.10252808988764045 0.6460176991150443
0.10238429172510519 0.6460176991150443
0.10224089635854341 0.6460176991150443
0.1020979020979021 0.6460176991150443
0.10195530726256984 0.6460176991150443
0.10181311018131102 0.6460176991150443
0.10167130919220056 0.6460176991150443
0.10152990264255911 0.6460176991150443
0.10138888888888889 0.6460176991150443
0.10124826629680998 0.6460176991150443
0.10110803324099724 0.6460176991150443
0.10096818810511757 0.6460176991150443
0.10082872928176796 0.6460176991150443
0.1006896551724138 0.6460176991150443
0.10055096418732783 0.6460176991150443
0.10041265474552957 0.6460176991150443
0.10027472527472528 0.6460176991150443
0.10013717421124829 0.6460176991150443
0.1 0.6460176991150443
0.09986320109439124 0.6460176991150443
0.09972677595628415 0.6460176991150443
0.09959072305593451 0.6460176991150443
0.0994550408719346 0.6460176991150443
0.09931972789115646 0.6460176991150443
0.09918478260869565 0.6460176991150443
0.09905020352781546 0.6460176991150443
0.0989159891598916 0.6460176991150443
0.09878213802435724 0.6460176991150443
0.09864864864864865 0.6460176991150443
0.09851551956815115 0.6460176991150443
0.09838274932614555 0.6460176991150443
0.09825033647375504 0.6460176991150443
0.09811827956989247 0.6460176991150443
0.09798657718120805 0.6460176991150443
0.09785522788203753 0.6460176991150443
0.09772423025435073 0.6460176991150443
0.09759358288770054 0.6460176991150443
0.09746328437917223 0.6460176991150443
0.09733333333333333 0.6460176991150443
0.09720372836218376 0.6460176991150443
0.09707446808510638 0.6460176991150443
0.09694555112881806 0.6460176991150443
0.09681697612732096 0.6460176991150443
0.09668874172185431 0.6460176991150443
0.09656084656084656 0.6460176991150443
0.0964332892998679 0.6460176991150443
0.09630606860158311 0.6460176991150443
0.09617918313570488 0.6460176991150443
0.09605263157894736 0.6460176991150443
0.09592641261498029 0.6460176991150443
0.09580052493438321 0.6460176991150443
0.09567496723460026 0.6460176991150443
0.09554973821989529 0.6460176991150443
0.09542483660130718 0.6460176991150443
0.09530026109660575 0.6460176991150443
0.09517601043024772 0.6460176991150443
0.09505208333333333 0.6460176991150443
0.09492847854356307 0.6460176991150443
0.09480519480519481 0.6460176991150443
0.0946822308690013 0.6460176991150443
0.09455958549222798 0.6460176991150443
0.0944372574385511 0.6460176991150443
0.09431524547803617 0.6460176991150443
0.09419354838709677 0.6460176991150443
0.09407216494845361 0.6460176991150443
0.09395109395109395 0.6460176991150443
0.09383033419023136 0.6460176991150443
0.09370988446726572 0.6460176991150443
0.09358974358974359 0.6460176991150443
0.09346991037131883 0.6460176991150443
0.09335038363171355 0.6460176991150443
0.09323116219667944 0.6460176991150443
0.09311224489795919 0.6460176991150443
0.0929936305732484 0.6460176991150443
0.09287531806615776 0.6460176991150443
0.09275730622617535 0.6460176991150443
0.09263959390862944 0.6460176991150443
0.09252217997465145 0.6460176991150443
0.09240506329113925 0.6460176991150443
0.0922882427307206 0.6460176991150443
0.09217171717171717 0.6460176991150443
0.09205548549810845 0.6460176991150443
0.09193954659949623 0.6460176991150443
0.09182389937106918 0.6460176991150443
0.09170854271356783 0.6460176991150443
0.09159347553324969 0.6460176991150443
0.09147869674185463 0.6460176991150443
0.09136420525657071 0.6460176991150443
0.09125 0.6460176991150443
0.09113607990012484 0.6460176991150443
0.09102244389027432 0.6460176991150443
0.09090909090909091 0.6460176991150443
0.09079601990049752 0.6460176991150443
0.0906832298136646 0.6460176991150443
0.09057071960297766 0.6460176991150443
0.09045848822800495 0.6460176991150443
0.09158415841584158 0.6548672566371682
0.09270704573547589 0.6637168141592921
0.09382716049382717 0.672566371681416
0.093711467324291 0.672566371681416
0.09359605911330049 0.672566371681416
0.09348093480934809 0.672566371681416
0.09336609336609336 0.672566371681416
0.09325153374233129 0.672566371681416
0.09313725490196079 0.672566371681416
0.09302325581395349 0.672566371681416
0.09290953545232274 0.672566371681416
0.0927960927960928 0.672566371681416
0.09268292682926829 0.672566371681416
0.0925700365408039 0.672566371681416
0.09245742092457421 0.672566371681416
0.09234507897934387 0.672566371681416
0.09223300970873786 0.672566371681416
0.09212121212121212 0.672566371681416
0.09200968523002422 0.672566371681416
0.09189842805320435 0.672566371681416
0.09178743961352658 0.672566371681416
0.09167671893848009 0.672566371681416
0.09156626506024096 0.672566371681416
0.0914560770156438 0.672566371681416
0.09134615384615384 0.672566371681416
0.09123649459783914 0.672566371681416
0.09112709832134293 0.672566371681416
0.09101796407185629 0.672566371681416
0.09090909090909091 0.672566371681416
0.0908004778972521 0.672566371681416
0.09069212410501193 0.672566371681416
0.09058402860548272 0.672566371681416
0.09047619047619047 0.672566371681416
0.09036860879904875 0.672566371681416
0.09026128266033254 0.672566371681416
0.09015421115065243 0.672566371681416
0.09004739336492891 0.672566371681416
0.08994082840236686 0.672566371681416
0.08983451536643026 0.672566371681416
0.089728453364817 0.672566371681416
0.08962264150943396 0.672566371681416
0.0895170789163722 0.672566371681416
0.08941176470588236 0.672566371681416
0.08930669800235018 0.672566371681416
0.0892018779342723 0.672566371681416
0.08909730363423213 0.672566371681416
0.08899297423887588 0.672566371681416
0.08888888888888889 0.672566371681416
0.08878504672897196 0.672566371681416
0.08868144690781797 0.672566371681416
0.08857808857808858 0.672566371681416
0.08847497089639116 0.672566371681416
0.08837209302325581 0.672566371681416
0.08826945412311266 0.672566371681416
0.08816705336426914 0.672566371681416
0.0880648899188876 0.672566371681416
0.08796296296296297 0.672566371681416
0.08786127167630058 0.672566371681416
0.08775981524249422 0.672566371681416
0.08765859284890427 0.672566371681416
0.08755760368663594 0.672566371681416
0.08745684695051784 0.672566371681416
0.08735632183908046 0.672566371681416
0.08725602755453502 0.672566371681416
0.0871559633027523 0.672566371681416
0.08705612829324169 0.672566371681416
0.08695652173913043 0.672566371681416
0.08685714285714285 0.672566371681416
0.0867579908675799 0.672566371681416
0.08665906499429875 0.672566371681416
0.08656036446469248 0.672566371681416
0.08646188850967008 0.672566371681416
0.08636363636363636 0.672566371681416
0.08626560726447219 0.672566371681416
0.08616780045351474 0.672566371681416
0.08607021517553794 0.672566371681416
0.08597285067873303 0.672566371681416
0.08587570621468926 0.672566371681416
0.08577878103837472 0.672566371681416
0.08568207440811725 0.672566371681416
0.08558558558558559 0.672566371681416
0.08548931383577053 0.672566371681416
0.0853932584269663 0.672566371681416
0.08641975308641975 0.6814159292035398
0.08744394618834081 0.6902654867256637
0.08846584546472565 0.6991150442477876
0.0883668903803132 0.6991150442477876
0.08826815642458101 0.6991150442477876
0.08816964285714286 0.6991150442477876
0.08807134894091416 0.6991150442477876
0.08797327394209355 0.6991150442477876
0.0878754171301446 0.6991150442477876
0.08777777777777777 0.6991150442477876
0.0876803551609323 0.6991150442477876
0.08758314855875832 0.6991150442477876
0.08748615725359911 0.6991150442477876
0.08849557522123894 0.7079646017699115
0.08950276243093923 0.7168141592920354
0.08940397350993377 0.7168141592920354
0.08930540242557883 0.7168141592920354
0.08920704845814978 0.7168141592920354
0.0891089108910891 0.7168141592920354
0.08901098901098901 0.7168141592920354
0.0889132821075741 0.7168141592920354
0.08881578947368421 0.7168141592920354
0.0887185104052574 0.7168141592920354
0.0886214442013129 0.7168141592920354
0.08852459016393442 0.7168141592920354
0.08842794759825327 0.7168141592920354
0.08833151581243184 0.7168141592920354
0.08823529411764706 0.7168141592920354
0.088139281828074 0.7168141592920354
0.08804347826086957 0.7168141592920354
0.08794788273615635 0.7168141592920354
0.0878524945770065 0.7168141592920354
0.08775731310942579 0.7168141592920354
0.08766233766233766 0.7168141592920354
0.08756756756756756 0.7168141592920354
0.08747300215982722 0.7168141592920354
0.08737864077669903 0.7168141592920354
0.08728448275862069 0.7168141592920354
0.08719052744886975 0.7168141592920354
0.08709677419354839 0.7168141592920354
0.08700322234156821 0.7168141592920354
0.08690987124463519 0.7168141592920354
0.08681672025723473 0.7168141592920354
0.0867237687366167 0.7168141592920354
0.08663101604278074 0.7168141592920354
0.08653846153846154 0.7168141592920354
0.0864461045891142 0.7168141592920354
0.08635394456289978 0.7168141592920354
0.08626198083067092 0.7168141592920354
0.08617021276595745 0.7168141592920354
0.08607863974495218 0.7168141592920354
0.08598726114649681 0.7168141592920354
0.08589607635206786 0.7168141592920354
0.0858050847457627 0.7168141592920354
0.08571428571428572 0.7168141592920354
0.08562367864693446 0.7168141592920354
0.08553326293558607 0.7168141592920354
0.08544303797468354 0.7168141592920354
0.08535300316122234 0.7168141592920354
0.08526315789473685 0.7168141592920354
0.08517350157728706 0.7168141592920354
0.08508403361344538 0.7168141592920354
0.08499475341028331 0.7168141592920354
0.08490566037735849 0.7168141592920354
0.08481675392670157 0.7168141592920354
0.08472803347280335 0.7168141592920354
0.08463949843260188 0.7168141592920354
0.08455114822546973 0.7168141592920354
0.08446298227320125 0.7168141592920354
0.084375 0.7168141592920354
0.08428720083246619 0.7168141592920354
0.0841995841995842 0.7168141592920354
0.08411214953271028 0.7168141592920354
0.08402489626556017 0.7168141592920354
0.08393782383419689 0.7168141592920354
0.08385093167701864 0.7168141592920354
0.08376421923474664 0.7168141592920354
0.08367768595041322 0.7168141592920354
0.08359133126934984 0.7168141592920354
0.08350515463917525 0.7168141592920354
0.08341915550978372 0.7168141592920354
0.08333333333333333 0.7168141592920354
0.08324768756423433 0.7168141592920354
0.08316221765913757 0.7168141592920354
0.08307692307692308 0.7168141592920354
0.08299180327868852 0.7168141592920354
0.08290685772773797 0.7168141592920354
0.08282208588957055 0.7168141592920354
0.08273748723186926 0.7168141592920354
0.0826530612244898 0.7168141592920354
0.08256880733944955 0.7168141592920354
0.0824847250509165 0.7168141592920354
0.08240081383519837 0.7168141592920354
0.08231707317073171 0.7168141592920354
0.08223350253807106 0.7168141592920354
0.0821501014198783 0.7168141592920354
0.08206686930091185 0.7168141592920354
0.08198380566801619 0.7168141592920354
0.08190091001011122 0.7168141592920354
0.08181818181818182 0.7168141592920354
0.08173562058526741 0.7168141592920354
0.08165322580645161 0.7168141592920354
0.08157099697885196 0.7168141592920354
0.08148893360160966 0.7168141592920354
0.0814070351758794 0.7168141592920354
0.08132530120481928 0.7168141592920354
0.08124373119358075 0.7168141592920354
0.0811623246492986 0.7168141592920354
0.08108108108108109 0.7168141592920354
0.081 0.7168141592920354
0.08091908091908091 0.7168141592920354
0.08083832335329341 0.7168141592920354
0.08075772681954138 0.7168141592920354
0.08067729083665338 0.7168141592920354
0.08059701492537313 0.7168141592920354
0.0805168986083499 0.7168141592920354
0.0804369414101291 0.7168141592920354
0.08035714285714286 0.7168141592920354
0.0802775024777007 0.7168141592920354
0.0801980198019802 0.7168141592920354
0.08011869436201781 0.7168141592920354
0.0800395256916996 0.7168141592920354
0.07996051332675222 0.7168141592920354
0.07988165680473373 0.7168141592920354
0.07980295566502463 0.7168141592920354
0.0797244094488189 0.7168141592920354
0.07964601769911504 0.7168141592920354
0.07956777996070727 0.7168141592920354
0.07948969578017664 0.7168141592920354
0.07941176470588235 0.7168141592920354
0.07933398628795299 0.7168141592920354
0.07925636007827788 0.7168141592920354
0.07917888563049853 0.7168141592920354
0.0791015625 0.7168141592920354
0.07902439024390244 0.7168141592920354
0.07894736842105263 0.7168141592920354
0.07887049659201557 0.7168141592920354
0.07879377431906615 0.7168141592920354
0.07871720116618076 0.7168141592920354
0.07864077669902912 0.7168141592920354
0.07856450048496605 0.7168141592920354
0.07848837209302326 0.7168141592920354
0.07841239109390126 0.7168141592920354
0.07833655705996131 0.7168141592920354
0.0782608695652174 0.7168141592920354
0.07818532818532818 0.7168141592920354
0.0781099324975892 0.7168141592920354
0.07803468208092486 0.7168141592920354
0.07795957651588066 0.7168141592920354
0.07788461538461539 0.7168141592920354
0.07780979827089338 0.7168141592920354
0.07773512476007678 0.7168141592920354
0.07766059443911794 0.7168141592920354
0.07758620689655173 0.7168141592920354
0.07751196172248803 0.7168141592920354
0.07743785850860421 0.7168141592920354
0.07736389684813753 0.7168141592920354
0.07729007633587787 0.7168141592920354
0.07721639656816015 0.7168141592920354
0.07714285714285714 0.7168141592920354
0.07706945765937202 0.7168141592920354
0.07699619771863118 0.7168141592920354
0.07692307692307693 0.7168141592920354
0.07685009487666034 0.7168141592920354
0.07677725118483412 0.7168141592920354
0.07670454545454546 0.7168141592920354
0.07663197729422895 0.7168141592920354
0.07655954631379962 0.7168141592920354
0.0764872521246459 0.7168141592920354
0.07641509433962264 0.7168141592920354
0.0763430725730443 0.7168141592920354
0.07627118644067797 0.7168141592920354
0.0761994355597366 0.7168141592920354
0.07612781954887218 0.7168141592920354
0.07605633802816901 0.7168141592920354
0.07598499061913697 0.7168141592920354
0.07591377694470477 0.7168141592920354
0.07584269662921349 0.7168141592920354
0.07577174929840973 0.7168141592920354
0.07570093457943926 0.7168141592920354
0.07563025210084033 0.7168141592920354
0.07555970149253731 0.7168141592920354
0.0754892823858341 0.7168141592920354
0.07541899441340782 0.7168141592920354
0.07534883720930233 0.7168141592920354
0.07527881040892194 0.7168141592920354
0.07520891364902507 0.7168141592920354
0.075139146567718 0.7168141592920354
0.07506950880444857 0.7168141592920354
0.075 0.7168141592920354
0.07493061979648474 0.7168141592920354
0.07486136783733827 0.7168141592920354
0.07479224376731301 0.7168141592920354
0.07472324723247233 0.7168141592920354
0.07465437788018434 0.7168141592920354
0.07458563535911603 0.7168141592920354
0.07451701931922723 0.7168141592920354
0.0744485294117647 0.7168141592920354
0.0743801652892562 0.7168141592920354
0.07431192660550459 0.7168141592920354
0.07424381301558204 0.7168141592920354
0.07509157509157509 0.7256637168141593
0.07593778591033852 0.7345132743362832
0.07678244972577697 0.7433628318584071
0.0776255707762557 0.7522123893805309
0.07846715328467153 0.7610619469026548
0.07839562443026436 0.7610619469026548
0.07832422586520947 0.7610619469026548
0.07825295723384895 0.7610619469026548
0.07818181818181819 0.7610619469026548
0.07811080835603997 0.7610619469026548
0.0780399274047187 0.7610619469026548
0.07796917497733455 0.7610619469026548
0.07789855072463768 0.7610619469026548
0.07782805429864253 0.7610619469026548
0.07775768535262206 0.7610619469026548
0.07768744354110207 0.7610619469026548
0.0776173285198556 0.7610619469026548
0.0775473399458972 0.7610619469026548
0.07747747747747748 0.7610619469026548
0.0774077407740774 0.7610619469026548
0.07733812949640288 0.7610619469026548
0.07726864330637916 0.7610619469026548
0.07719928186714542 0.7610619469026548
0.07713004484304933 0.7610619469026548
0.07706093189964158 0.7610619469026548
0.07699194270367055 0.7610619469026548
0.07692307692307693 0.7610619469026548
0.07685433422698838 0.7610619469026548
0.07678571428571429 0.7610619469026548
0.0767172167707404 0.7610619469026548
0.0766488413547237 0.7610619469026548
0.07658058771148708 0.7610619469026548
0.07651245551601424 0.7610619469026548
0.07644444444444444 0.7610619469026548
0.0763765541740675 0.7610619469026548
0.07630878438331855 0.7610619469026548
0.07624113475177305 0.7610619469026548
0.07617360496014172 0.7610619469026548
0.07610619469026549 0.7610619469026548
0.07603890362511052 0.7610619469026548
0.07597173144876325 0.7610619469026548
0.07590467784642542 0.7610619469026548
0.07583774250440917 0.7610619469026548
0.07577092511013216 0.7610619469026548
0.07570422535211267 0.7610619469026548
0.07563764291996482 0.7610619469026548
0.07557117750439367 0.7610619469026548
0.07550482879719052 0.7610619469026548
0.07543859649122807 0.7610619469026548
0.07537248028045573 0.7610619469026548
0.07530647985989491 0.7610619469026548
0.0752405949256343 0.7610619469026548
0.07517482517482517 0.7610619469026548
0.07510917030567686 0.7610619469026548
0.07504363001745201 0.7610619469026548
0.07497820401046207 0.7610619469026548
0.07491289198606271 0.7610619469026548
0.07484769364664925 0.7610619469026548
0.07478260869565218 0.7610619469026548
0.07471763683753258 0.7610619469026548
0.07465277777777778 0.7610619469026548
0.0745880312228968 0.7610619469026548
0.07452339688041594 0.7610619469026548
0.07445887445887446 0.7610619469026548
0.07439446366782007 0.7610619469026548
0.07433016421780467 0.7610619469026548
0.07426597582037997 0.7610619469026548
0.07420189818809318 0.7610619469026548
0.07413793103448275 0.7610619469026548
0.07407407407407407 0.7610619469026548
0.07401032702237521 0.7610619469026548
0.07394668959587274 0.7610619469026548
0.07388316151202749 0.7610619469026548
0.07381974248927038 0.7610619469026548
0.07375643224699828 0.7610619469026548
0.07369323050556983 0.7610619469026548
0.07363013698630137 0.7610619469026548
0.07356715141146279 0.7610619469026548
0.0735042735042735 0.7610619469026548
0.07344150298889837 0.7610619469026548
0.07337883959044368 0.7610619469026548
0.0733162830349531 0.7610619469026548
0.07325383304940375 0.7610619469026548
0.07319148936170213 0.7610619469026548
0.07312925170068027 0.7610619469026548
0.07306711979609176 0.7610619469026548
0.0730050933786078 0.7610619469026548
0.0729431721798134 0.7610619469026548
0.07288135593220339 0.7610619469026548
0.07281964436917866 0.7610619469026548
0.0727580372250423 0.7610619469026548
0.07269653423499578 0.7610619469026548
0.07263513513513513 0.7610619469026548
0.07257383966244725 0.7610619469026548
0.07251264755480608 0.7610619469026548
0.07245155855096883 0.7610619469026548
0.0723905723905724 0.7610619469026548
0.07232968881412952 0.7610619469026548
0.07226890756302522 0.7610619469026548
0.07220822837951302 0.7610619469026548
0.07214765100671142 0.7610619469026548
0.07208717518860017 0.7610619469026548
0.07202680067001675 0.7610619469026548
0.07196652719665272 0.7610619469026548
0.07190635451505016 0.7610619469026548
0.07184628237259816 0.7610619469026548
0.07178631051752922 0.7610619469026548
0.07172643869891576 0.7610619469026548
0.07166666666666667 0.7610619469026548
0.07160699417152373 0.7610619469026548
0.07154742096505824 0.7610619469026548
0.0714879467996675 0.7610619469026548
0.07142857142857142 0.7610619469026548
0.07136929460580912 0.7610619469026548
0.07131011608623548 0.7610619469026548
0.07125103562551781 0.7610619469026548
0.07119205298013245 0.7610619469026548
0.07113316790736146 0.7610619469026548
0.07107438016528926 0.7610619469026548
0.07101568951279934 0.7610619469026548
0.07095709570957096 0.7610619469026548
0.07089859851607584 0.7610619469026548
0.07084019769357495 0.7610619469026548
0.07078189300411522 0.7610619469026548
0.07072368421052631 0.7610619469026548
0.07066557107641742 0.7610619469026548
0.07060755336617405 0.7610619469026548
0.07054963084495489 0.7610619469026548
0.07049180327868852 0.7610619469026548
0.07043407043407043 0.7610619469026548
0.07037643207855974 0.7610619469026548
0.07031888798037612 0.7610619469026548
0.07026143790849673 0.7610619469026548
0.07020408163265306 0.7610619469026548
0.0701468189233279 0.7610619469026548
0.07008964955175224 0.7610619469026548
0.07003257328990228 0.7610619469026548
0.06997558991049634 0.7610619469026548
0.06991869918699187 0.7610619469026548
0.06986190089358245 0.7610619469026548
0.0698051948051948 0.7610619469026548
0.06974858069748581 0.7610619469026548
0.06969205834683954 0.7610619469026548
0.06963562753036437 0.7610619469026548
0.06957928802588997 0.7610619469026548
0.06952303961196443 0.7610619469026548
0.06946688206785137 0.7610619469026548
0.06941081517352704 0.7610619469026548
0.06935483870967742 0.7610619469026548
0.0692989524576954 0.7610619469026548
0.06924315619967794 0.7610619469026548
0.06918744971842317 0.7610619469026548
0.06913183279742766 0.7610619469026548
0.06907630522088354 0.7610619469026548
0.06902086677367576 0.7610619469026548
0.06896551724137931 0.7610619469026548
0.06891025641025642 0.7610619469026548
0.0688550840672538 0.7610619469026548
0.0688 0.7610619469026548
0.06874500399680256 0.7610619469026548
0.06869009584664537 0.7610619469026548
0.06863527533918595 0.7610619469026548
0.0685805422647528 0.7610619469026548
0.06852589641434263 0.7610619469026548
0.06847133757961783 0.7610619469026548
0.06841686555290374 0.7610619469026548
0.06836248012718601 0.7610619469026548
0.06830818109610802 0.7610619469026548
0.06825396825396825 0.7610619469026548
0.06819984139571768 0.7610619469026548
0.06814580031695722 0.7610619469026548
0.06809184481393507 0.7610619469026548
0.0680379746835443 0.7610619469026548
0.06798418972332015 0.7610619469026548
0.0679304897314376 0.7610619469026548
0.06787687450670876 0.7610619469026548
0.06782334384858044 0.7610619469026548
0.0677698975571316 0.7610619469026548
0.06771653543307087 0.7610619469026548
0.06766325727773406 0.7610619469026548
0.06761006289308176 0.7610619469026548
0.06755695208169678 0.7610619469026548
0.06750392464678179 0.7610619469026548
0.06745098039215686 0.7610619469026548
0.06739811912225706 0.7610619469026548
0.06734534064212999 0.7610619469026548
0.06729264475743349 0.7610619469026548
0.06724003127443315 0.7610619469026548
0.0671875 0.7610619469026548
0.06713505074160812 0.7610619469026548
0.06708268330733229 0.7610619469026548
0.06703039750584568 0.7610619469026548
0.06697819314641744 0.7610619469026548
0.0669260700389105 0.7610619469026548
0.06687402799377916 0.7610619469026548
0.06682206682206682 0.7610619469026548
0.06677018633540373 0.7610619469026548
0.06671838634600466 0.7610619469026548
0.06666666666666667 0.7610619469026548
0.06661502711076685 0.7610619469026548
0.0673374613003096 0.7699115044247787
0.06728538283062645 0.7699115044247787
0.06800618238021638 0.7787610619469026
0.06795366795366796 0.7787610619469026
0.06790123456790123 0.7787610619469026
0.06784888203546646 0.7787610619469026
0.06779661016949153 0.7787610619469026
0.06774441878367975 0.7787610619469026
0.06769230769230769 0.7787610619469026
0.06764027671022291 0.7787610619469026
0.06758832565284179 0.7787610619469026
0.06753645433614736 0.7787610619469026
0.06748466257668712 0.7787610619469026
0.06743295019157088 0.7787610619469026
0.06738131699846861 0.7787610619469026
0.06732976281560826 0.7787610619469026
0.0672782874617737 0.7787610619469026
0.06722689075630252 0.7787610619469026
0.06717557251908397 0.7787610619469026
0.06712433257055683 0.7787610619469026
0.06707317073170732 0.7787610619469026
0.06702208682406702 0.7787610619469026
0.0669710806697108 0.7787610619469026
0.06692015209125475 0.7787610619469026
0.0668693009118541 0.7787610619469026
0.06681852695520121 0.7787610619469026
0.06676783004552352 0.7787610619469026
0.0667172100075815 0.7787610619469026
0.06666666666666667 0.7787610619469026
0.06661619984859955 0.7787610619469026
0.06656580937972768 0.7787610619469026
0.06651549508692366 0.7787610619469026
0.06646525679758308 0.7787610619469026
0.06641509433962264 0.7787610619469026
0.06636500754147813 0.7787610619469026
0.06631499623210249 0.7787610619469026
0.06626506024096386 0.7787610619469026
0.06621519939804364 0.7787610619469026
0.06616541353383458 0.7787610619469026
0.06611570247933884 0.7787610619469026
0.06606606606606606 0.7787610619469026
0.06601650412603151 0.7787610619469026
0.06596701649175413 0.7787610619469026
0.06591760299625468 0.7787610619469026
0.0658682634730539 0.7787610619469026
0.06581899775617053 0.7787610619469026
0.06576980568011959 0.7787610619469026
0.06572068707991038 0.7787610619469026
0.06567164179104477 0.7787610619469026
0.06562266964951528 0.7787610619469026
0.06557377049180328 0.7787610619469026
0.06552494415487714 0.7787610619469026
0.06547619047619048 0.7787610619469026
0.0654275092936803 0.7787610619469026
0.06537890044576523 0.7787610619469026
0.06533036377134373 0.7787610619469026
0.06528189910979229 0.7787610619469026
0.06523350630096368 0.7787610619469026
0.06518518518518518 0.7787610619469026
0.06513693560325684 0.7787610619469026
0.0650887573964497 0.7787610619469026
0.06504065040650407 0.7787610619469026
0.06499261447562776 0.7787610619469026
0.06494464944649446 0.7787610619469026
0.06489675516224189 0.7787610619469026
0.06484893146647015 0.7787610619469026
0.06480117820324006 0.7787610619469026
0.06475349521707138 0.7787610619469026
0.06470588235294118 0.7787610619469026
0.06465833945628215 0.7787610619469026
0.06534508076358296 0.7876106194690266
0.0652971386647102 0.7876106194690266
0.06524926686217009 0.7876106194690266
0.06593406593406594 0.7964601769911505
0.06588579795021962 0.7964601769911505
0.06656912948061448 0.8053097345132744
0.06652046783625731 0.8053097345132744
0.0664718772826881 0.8053097345132744
0.06642335766423357 0.8053097345132744
0.06637490882567469 0.8053097345132744
0.0663265306122449 0.8053097345132744
0.06627822286962855 0.8053097345132744
0.06622998544395925 0.8053097345132744
0.06618181818181817 0.8053097345132744
0.06613372093023256 0.8053097345132744
0.06608569353667393 0.8053097345132744
0.0660377358490566 0.8053097345132744
0.06598984771573604 0.8053097345132744
0.06594202898550725 0.8053097345132744
0.06589427950760318 0.8053097345132744
0.0658465991316932 0.8053097345132744
0.06579898770788142 0.8053097345132744
0.0657514450867052 0.8053097345132744
0.06570397111913358 0.8053097345132744
0.06565656565656566 0.8053097345132744
0.06560922855082912 0.8053097345132744
0.06556195965417867 0.8053097345132744
0.06551475881929446 0.8053097345132744
0.06546762589928058 0.8053097345132744
0.06542056074766354 0.8053097345132744
0.0653735632183908 0.8053097345132744
0.06532663316582915 0.8053097345132744
0.06527977044476327 0.8053097345132744
0.06523297491039426 0.8053097345132744
0.0651862464183381 0.8053097345132744
0.06513958482462419 0.8053097345132744
0.06509298998569385 0.8053097345132744
0.06504646175839886 0.8053097345132744
0.065 0.8053097345132744
0.0649536045681656 0.8053097345132744
0.06490727532097004 0.8053097345132744
0.06486101211689238 0.8053097345132744
0.06481481481481481 0.8053097345132744
0.06476868327402135 0.8053097345132744
0.06472261735419631 0.8053097345132744
0.06467661691542288 0.8053097345132744
0.06463068181818182 0.8053097345132744
0.06458481192334989 0.8053097345132744
0.06453900709219858 0.8053097345132744
0.06449326718639263 0.8053097345132744
0.06444759206798867 0.8053097345132744
0.06440198159943383 0.8053097345132744
0.06435643564356436 0.8053097345132744
0.06431095406360424 0.8053097345132744
0.06426553672316385 0.8053097345132744
0.06422018348623854 0.8053097345132744
0.06417489421720733 0.8053097345132744
0.06412966878083157 0.8053097345132744
0.06408450704225352 0.8053097345132744
0.06403940886699508 0.8053097345132744
0.0639943741209564 0.8053097345132744
0.06394940267041462 0.8053097345132744
0.06390449438202248 0.8053097345132744
0.06385964912280702 0.8053097345132744
0.0638148667601683 0.8053097345132744
0.06377014716187807 0.8053097345132744
0.06372549019607843 0.8053097345132744
0.06368089573128062 0.8053097345132744
0.06363636363636363 0.8053097345132744
0.06359189378057302 0.8053097345132744
0.06354748603351955 0.8053097345132744
0.06350314026517795 0.8053097345132744
0.06345885634588563 0.8053097345132744
0.06341463414634146 0.8053097345132744
0.06337047353760446 0.8053097345132744
0.06332637439109255 0.8053097345132744
0.06328233657858136 0.8053097345132744
0.06323835997220292 0.8053097345132744
0.06319444444444444 0.8053097345132744
0.06315058986814712 0.8053097345132744
0.06310679611650485 0.8053097345132744
0.06306306306306306 0.8053097345132744
0.06301939058171745 0.8053097345132744
0.0629757785467128 0.8053097345132744
0.06293222683264177 0.8053097345132744
0.06288873531444368 0.8053097345132744
0.06284530386740332 0.8053097345132744
0.06280193236714976 0.8053097345132744
0.06275862068965517 0.8053097345132744
0.06271536871123363 0.8053097345132744
0.06267217630853994 0.8053097345132744
0.06262904335856848 0.8053097345132744
0.06258596973865199 0.8053097345132744
0.06254295532646048 0.8053097345132744
0.0625 0.8053097345132744
0.06245710363761153 0.8053097345132744
0.062414266117969824 0.8053097345132744
0.06237148732008225 0.8053097345132744
0.06232876712328767 0.8053097345132744
0.06228610540725531 0.8053097345132744
0.06224350205198358 0.8053097345132744
0.06220095693779904 0.8053097345132744
0.06215846994535519 0.8053097345132744
0.0621160409556314 0.8053097345132744
0.06207366984993179 0.8053097345132744
0.06203135650988412 0.8053097345132744
0.06198910081743869 0.8053097345132744
0.061946902654867256 0.8053097345132744
0.06190476190476191 0.8053097345132744
0.061862678450033994 0.8053097345132744
0.06182065217391304 0.8053097345132744
0.06177868295994569 0.8053097345132744
0.06173677069199457 0.8053097345132744
0.06169491525423729 0.8053097345132744
0.061653116531165314 0.8053097345132744
0.061611374407582936 0.8053097345132744
0.061569688768606225 0.8053097345132744
0.06152805949966193 0.8053097345132744
0.06148648648648649 0.8053097345132744
0.06144496961512492 0.8053097345132744
0.06140350877192982 0.8053097345132744
0.06136210384356035 0.8053097345132744
0.06132075471698113 0.8053097345132744
0.06127946127946128 0.8053097345132744
0.06123822341857335 0.8053097345132744
0.06119704102219233 0.8053097345132744
0.061155913978494625 0.8053097345132744
0.061114842175957015 0.8053097345132744
0.0610738255033557 0.8053097345132744
0.06103286384976526 0.8053097345132744
0.06099195710455764 0.8053097345132744
0.06095110515740121 0.8053097345132744
0.06091030789825971 0.8053097345132744
0.06086956521739131 0.8053097345132744
0.060828877005347594 0.8053097345132744
0.06078824315297261 0.8053097345132744
0.06074766355140187 0.8053097345132744
0.06070713809206137 0.8053097345132744
0.06066666666666667 0.8053097345132744
0.060626249167221855 0.8053097345132744
0.06058588548601864 0.8053097345132744
0.06054557551563539 0.8053097345132744
0.06050531914893617 0.8053097345132744
0.06046511627906977 0.8053097345132744
0.06042496679946879 0.8053097345132744
0.06038487060384871 0.8053097345132744
0.0603448275862069 0.8053097345132744
0.060304837640821736 0.8053097345132744
0.06026490066225165 0.8053097345132744
0.060225016545334215 0.8053097345132744
0.06018518518518518 0.8053097345132744
0.06014540647719762 0.8053097345132744
0.06010568031704095 0.8053097345132744
0.06006600660066007 0.8053097345132744
0.060026385224274406 0.8053097345132744
0.05998681608437706 0.8053097345132744
0.059947299077733864 0.8053097345132744
0.059907834101382486 0.8053097345132744
0.05986842105263158 0.8053097345132744
0.05982905982905983 0.8053097345132744
0.059789750328515114 0.8053097345132744
0.060407091267235716 0.8141592920353983
0.06036745406824147 0.8141592920353983
0.06032786885245902 0.8141592920353983
0.06028833551769332 0.8141592920353983
0.06024885396201703 0.8141592920353983
0.060209424083769635 0.8141592920353983
0.060170045781556575 0.8141592920353983
0.06013071895424837 0.8141592920353983
0.06009144350097975 0.8141592920353983
0.06005221932114883 0.8141592920353983
0.060013046314416174 0.8141592920353983
0.05997392438070404 0.8141592920353983
0.05993485342019544 0.8141592920353983
0.059895833333333336 0.8141592920353983
0.05985686402081978 0.8141592920353983
0.05981794538361508 0.8141592920353983
0.05977907732293697 0.8141592920353983
0.05974025974025974 0.8141592920353983
0.05970149253731343 0.8141592920353983
0.05966277561608301 0.8141592920353983
0.059624108878807515 0.8141592920353983
0.05958549222797927 0.8141592920353983
0.05954692556634304 0.8141592920353983
0.059508408796895215 0.8141592920353983
0.059469941822882996 0.8141592920353983
0.059431524547803614 0.8141592920353983
0.05939315687540349 0.8141592920353983
0.05935483870967742 0.8141592920353983
0.05931656995486783 0.8141592920353983
0.059278350515463915 0.8141592920353983
0.0592401802962009 0.8141592920353983
0.059202059202059204 0.8141592920353983
0.059163987138263666 0.8141592920353983
0.05912596401028278 0.8141592920353983
0.05908798972382787 0.8141592920353983
0.059050064184852376 0.8141592920353983
0.059012187299550996 0.8141592920353983
0.05897435897435897 0.8141592920353983
0.058936579115951314 0.8141592920353983
0.058898847631242 0.8141592920353983
0.05886116442738324 0.8141592920353983
0.058823529411764705 0.8141592920353983
0.05878594249201278 0.8141592920353983
0.05874840357598978 0.8141592920353983
0.058710912571793235 0.8141592920353983
0.058673469387755105 0.8141592920353983
0.058636073932441045 0.8141592920353983
0.05859872611464968 0.8141592920353983
0.05856142584341184 0.8141592920353983
0.058524173027989825 0.8141592920353983
0.05848696757787667 0.8141592920353983
0.05844980940279543 0.8141592920353983
0.058412698412698416 0.8141592920353983
0.0583756345177665 0.8141592920353983
0.05833861762840837 0.8141592920353983
0.058301647655259824 0.8141592920353983
0.058264724509183026 0.8141592920353983
0.05822784810126582 0.8141592920353983
0.058191018342821 0.8141592920353983
0.05815423514538559 0.8141592920353983
0.05811749842072015 0.8141592920353983
0.05808080808080808 0.8141592920353983
0.05804416403785489 0.8141592920353983
0.058007566204287514 0.8141592920353983
0.057971014492753624 0.8141592920353983
0.05793450881612091 0.8141592920353983
0.0578980490874764 0.8141592920353983
0.05786163522012579 0.8141592920353983
0.05782526712759271 0.8141592920353983
0.05778894472361809 0.8141592920353983
0.05775266792215945 0.8141592920353983
0.05771643663739021 0.8141592920353983
0.05768025078369906 0.8141592920353983
0.05764411027568922 0.8141592920353983
0.057608015028177834 0.8141592920353983
0.057571964956195244 0.8141592920353983
0.05753595997498437 0.8141592920353983
0.0575 0.8141592920353983
0.05746408494690818 0.8141592920353983
0.05742821473158552 0.8141592920353983
0.05739238927011853 0.8141592920353983
0.057356608478802994 0.8141592920353983
0.0573208722741433 0.8141592920353983
0.057285180572851806 0.8141592920353983
0.05724953329184816 0.8141592920353983
0.05721393034825871 0.8141592920353983
0.057178371659415785 0.8141592920353983
0.05714285714285714 0.8141592920353983
0.057107386716325266 0.8141592920353983
0.05707196029776675 0.8141592920353983
0.05703657780533168 0.8141592920353983
0.057001239157372985 0.8141592920353983
0.05696594427244582 0.8141592920353983
0.05693069306930693 0.8141592920353983
0.05689548546691404 0.8141592920353983
0.05686032138442522 0.8141592920353983
0.05682520074119827 0.8141592920353983
0.056790123456790124 0.8141592920353983
0.0567550894509562 0.8141592920353983
0.05672009864364982 0.8141592920353983
0.056685150955021565 0.8141592920353983
0.05665024630541872 0.8141592920353983
0.056615384615384616 0.8141592920353983
0.056580565805658053 0.8141592920353983
0.05654578979717271 0.8141592920353983
0.056511056511056514 0.8141592920353983
0.056476365868631064 0.8141592920353983
0.05644171779141104 0.8141592920353983
0.056407112201103615 0.8141592920353983
0.056372549019607844 0.8141592920353983
0.056338028169014086 0.8141592920353983
0.056303549571603426 0.8141592920353983
0.056269113149847096 0.8141592920353983
0.05623471882640587 0.8141592920353983
0.056200366524129505 0.8141592920353983
0.05616605616605617 0.8141592920353983
0.05613178767541183 0.8141592920353983
0.05609756097560976 0.8141592920353983
0.056063375990249846 0.8141592920353983
0.05602923264311815 0.8141592920353983
0.05599513085818624 0.8141592920353983
0.05596107055961071 0.8141592920353983
0.05592705167173252 0.8141592920353983
0.05589307411907655 0.8141592920353983
0.05585913782635094 0.8141592920353983
0.055825242718446605 0.8141592920353983
0.05579138872043663 0.8141592920353983
0.055757575757575756 0.8141592920353983
0.05572380375529982 0.8141592920353983
0.05569007263922518 0.8141592920353983
0.05565638233514821 0.8141592920353983
0.05562273276904474 0.8141592920353983
0.05558912386706949 0.8141592920353983
0.05555555555555555 0.8141592920353983
0.05552202776101388 0.8141592920353983
0.05609167671893848 0.8230088495575221
0.056660638939119955 0.831858407079646
0.0572289156626506 0.8407079646017699
0.057796508127633955 0.8495575221238938
0.05836341756919374 0.8584070796460177
0.05832832230907998 0.8584070796460177
0.05829326923076923 0.8584070796460177
0.058258258258258255 0.8584070796460177
0.05822328931572629 0.8584070796460177
0.05818836232753449 0.8584070796460177
0.05815347721822542 0.8584070796460177
0.05811863391252247 0.8584070796460177
0.05808383233532934 0.8584070796460177
0.058049072411729505 0.8584070796460177
0.05801435406698564 0.8584070796460177
0.05797967722653915 0.8584070796460177
0.05794504181600956 0.8584070796460177
0.05791044776119403 0.8584070796460177
0.05787589498806683 0.8584070796460177
0.057841383422778773 0.8584070796460177
0.05780691299165673 0.8584070796460177
0.057772483621203095 0.8584070796460177
0.05773809523809524 0.8584070796460177
0.05770374776918501 0.8584070796460177
0.05766944114149822 0.8584070796460177
0.05763517528223411 0.8584070796460177
0.05760095011876484 0.8584070796460177
0.057566765578635014 0.8584070796460177
0.05753262158956109 0.8584070796460177
0.05749851807943094 0.8584070796460177
0.057464454976303314 0.8584070796460177
0.057430432208407343 0.8584070796460177
0.05739644970414201 0.8584070796460177
0.05736250739207569 0.8584070796460177
0.057328605200945626 0.8584070796460177
0.05729474305965741 0.8584070796460177
0.05726092089728453 0.8584070796460177
0.057227138643067846 0.8584070796460177
0.057193396226415096 0.8584070796460177
0.057159693576900414 0.8584070796460177
0.05712603062426384 0.8584070796460177
0.05709240729841083 0.8584070796460177
0.057058823529411766 0.8584070796460177
0.05702527924750147 0.8584070796460177
0.05699177438307873 0.8584070796460177
0.05695830886670581 0.8584070796460177
0.056924882629107984 0.8584070796460177
0.05689149560117302 0.8584070796460177
0.056858147713950764 0.8584070796460177
0.056824838898652606 0.8584070796460177
0.056791569086651054 0.8584070796460177
0.05675833820947923 0.8584070796460177
0.05672514619883041 0.8584070796460177
0.05669199298655757 0.8584070796460177
0.0566588785046729 0.8584070796460177
0.056625802685347344 0.8584070796460177
0.056592765460910154 0.8584070796460177
0.0565597667638484 0.8584070796460177
0.05652680652680653 0.8584070796460177
0.056493884682585906 0.8584070796460177
0.056461001164144355 0.8584070796460177
0.0564281559045957 0.8584070796460177
0.0563953488372093 0.8584070796460177
0.056362579895409645 0.8584070796460177
0.056329849012775844 0.8584070796460177
0.05629715612304121 0.8584070796460177
0.05626450116009281 0.8584070796460177
0.05623188405797101 0.8584070796460177
0.05619930475086906 0.8584070796460177
0.0561667631731326 0.8584070796460177
0.05613425925925926 0.8584070796460177
0.05610179294389821 0.8584070796460177
0.05606936416184971 0.8584070796460177
0.0560369728480647 0.8584070796460177
0.05600461893764434 0.8584070796460177
0.05597230236583958 0.8584070796460177
0.05594002306805075 0.8584070796460177
0.05590778097982709 0.8584070796460177
0.05587557603686636 0.8584070796460177
0.055843408175014396 0.8584070796460177
0.05581127733026467 0.8584070796460177
0.05577918343875791 0.8584070796460177
0.05574712643678161 0.8584070796460177
0.05571510626076967 0.8584070796460177
0.05568312284730195 0.8584070796460177
0.055651176133103844 0.8584070796460177
0.05561926605504587 0.8584070796460177
0.055587392550143264 0.8584070796460177
0.05555555555555555 0.8584070796460177
0.05552375500858615 0.8584070796460177
0.055491990846681924 0.8584070796460177
0.05546026300743282 0.8584070796460177
0.05542857142857143 0.8584070796460177
0.05539691604797259 0.8584070796460177
0.055365296803652965 0.8584070796460177
0.05533371363377068 0.8584070796460177
0.05530216647662486 0.8584070796460177
0.05527065527065527 0.8584070796460177
0.055239179954441914 0.8584070796460177
0.05520774046670461 0.8584070796460177
0.055176336746302616 0.8584070796460177
0.05514496873223423 0.8584070796460177
0.055113636363636365 0.8584070796460177
0.055082339579784215 0.8584070796460177
0.055051078320090804 0.8584070796460177
0.055019852524106634 0.8584070796460177
0.054988662131519275 0.8584070796460177
0.054957507082152975 0.8584070796460177
0.05492638731596829 0.8584070796460177
0.054895302773061684 0.8584070796460177
0.05486425339366516 0.8584070796460177
0.054833239118145846 0.8584070796460177
0.05480225988700565 0.8584070796460177
0.054771315640880856 0.8584070796460177
0.05474040632054176 0.8584070796460177
0.05470953186689227 0.8584070796460177
0.05467869222096956 0.8584070796460177
0.05464788732394366 0.8584070796460177
0.054617117117117114 0.8584070796460177
0.05458638154192459 0.8584070796460177
0.05455568053993251 0.8584070796460177
0.054525014052838675 0.8584070796460177
0.05449438202247191 0.8584070796460177
0.05446378439079169 0.8584070796460177
0.05443322109988777 0.8584070796460177
0.05440269209197981 0.8584070796460177
0.05437219730941704 0.8584070796460177
0.05434173669467787 0.8584070796460177
0.05431131019036954 0.8584070796460177
0.05428091773922775 0.8584070796460177
0.05425055928411633 0.8584070796460177
0.05422023476802683 0.8584070796460177
0.05418994413407821 0.8584070796460177
0.05415968732551647 0.8584070796460177
0.05412946428571429 0.8584070796460177
0.054099274958170664 0.8584070796460177
0.05406911928651059 0.8584070796460177
0.05403899721448468 0.8584070796460177
0.05400890868596882 0.8584070796460177
0.053978853644963826 0.8584070796460177
0.053948832035595105 0.8584070796460177
0.05391884380211229 0.8584070796460177
0.05388888888888889 0.8584070796460177
0.05385896724042199 0.8584070796460177
0.05382907880133185 0.8584070796460177
0.05379922351636162 0.8584070796460177
0.05376940133037694 0.8584070796460177
0.05373961218836565 0.8584070796460177
0.05370985603543743 0.8584070796460177
0.05368013281682346 0.8584070796460177
0.053650442477876106 0.8584070796460177
0.053620784964068545 0.8584070796460177
0.05359116022099448 0.8584070796460177
0.053561568194367755 0.8584070796460177
0.05353200883002208 0.8584070796460177
0.053502482073910645 0.8584070796460177
0.053472987872105845 0.8584070796460177
0.0534435261707989 0.8584070796460177
0.05341409691629956 0.8584070796460177
0.053384700055035775 0.8584070796460177
0.05335533553355336 0.8584070796460177
0.05332600329851567 0.8584070796460177
0.053296703296703295 0.8584070796460177
0.05326743547501373 0.8584070796460177
0.05323819978046103 0.8584070796460177
0.053208996160175534 0.8584070796460177
0.05317982456140351 0.8584070796460177
0.05315068493150685 0.8584070796460177
0.05312157721796276 0.8584070796460177
0.05309250136836344 0.8584070796460177
0.05306345733041575 0.8584070796460177
0.05303444505194095 0.8584070796460177
0.053005464480874315 0.8584070796460177
0.052976515565264885 0.8584070796460177
0.05294759825327511 0.8584070796460177
0.05291871249318058 0.8584070796460177
0.05288985823336968 0.8584070796460177
0.05286103542234333 0.8584070796460177
0.0528322440087146 0.8584070796460177
0.05280348394120849 0.8584070796460177
0.05277475516866159 0.8584070796460177
0.05274605764002175 0.8584070796460177
0.05271739130434783 0.8584070796460177
0.052688756110809344 0.8584070796460177
0.05266015200868621 0.8584070796460177
0.05263157894736842 0.8584070796460177
0.05260303687635575 0.8584070796460177
0.05257452574525745 0.8584070796460177
0.05254604550379198 0.8584070796460177
0.05251759610178668 0.8584070796460177
0.05248917748917749 0.8584070796460177
0.052460789616008655 0.8584070796460177
0.05243243243243243 0.8584070796460177
0.05240410588870881 0.8584070796460177
0.052375809935205186 0.8584070796460177
0.052347544522396115 0.8584070796460177
0.052319309600863 0.8584070796460177
0.0522911051212938 0.8584070796460177
0.052262931034482756 0.8584070796460177
0.052234787291330104 0.8584070796460177
0.052206673842841764 0.8584070796460177
0.0521785906401291 0.8584070796460177
0.0521505376344086 0.8584070796460177
0.05212251477700161 0.8584070796460177
0.05209452201933405 0.8584070796460177
0.05206655931293613 0.8584070796460177
0.05203862660944206 0.8584070796460177
0.05201072386058981 0.8584070796460177
0.051982851018220796 0.8584070796460177
0.05195500803427959 0.8584070796460177
0.05192719486081371 0.8584070796460177
0.051899411449973246 0.8584070796460177
0.051871657754010696 0.8584070796460177
0.0518439337252806 0.8584070796460177
0.05181623931623932 0.8584070796460177
0.05178857447944474 0.8584070796460177
0.05176093916755603 0.8584070796460177
0.05173333333333333 0.8584070796460177
0.051705756929637525 0.8584070796460177
0.051678209909429944 0.8584070796460177
0.0516506922257721 0.8584070796460177
0.05162320383182544 0.8584070796460177
0.05159574468085106 0.8584070796460177
0.051568314726209465 0.8584070796460177
0.05154091392136025 0.8584070796460177
0.05151354221986192 0.8584070796460177
0.05148619957537155 0.8584070796460177
0.051458885941644564 0.8584070796460177
0.05143160127253447 0.8584070796460177
0.05140434552199258 0.8584070796460177
0.0513771186440678 0.8584070796460177
0.0513499205929063 0.8584070796460177
0.051322751322751325 0.8584070796460177
0.05129561078794289 0.8584070796460177
0.051268498942917545 0.8584070796460177
0.051241415742208134 0.8584070796460177
0.051214361140443504 0.8584070796460177
0.05118733509234828 0.8584070796460177
0.051160337552742616 0.8584070796460177
0.05113336847654191 0.8584070796460177
0.051106427818756586 0.8584070796460177
0.05107951553449184 0.8584070796460177
0.05105263157894737 0.8584070796460177
0.05102577590741715 0.8584070796460177
0.05099894847528917 0.8584070796460177
0.05097214923804519 0.8584070796460177
0.050945378151260504 0.8584070796460177
0.050918635170603674 0.8584070796460177
0.05089192025183631 0.8584070796460177
0.0508652333508128 0.8584070796460177
0.05083857442348008 0.8584070796460177
0.05081194342587742 0.8584070796460177
0.050785340314136125 0.8584070796460177
0.05075876504447933 0.8584070796460177
0.05073221757322176 0.8584070796460177
0.05070569785676947 0.8584070796460177
0.05067920585161965 0.8584070796460177
0.05065274151436031 0.8584070796460177
0.050626304801670144 0.8584070796460177
0.0505998956703182 0.8584070796460177
0.05057351407716371 0.8584070796460177
0.05054715997915581 0.8584070796460177
0.050520833333333334 0.8584070796460177
0.05049453409682457 0.8584070796460177
0.050468262226847034 0.8584070796460177
0.050442017680707225 0.8584070796460177
0.05041580041580042 0.8584070796460177
0.05038961038961039 0.8584070796460177
0.05036344755970924 0.8584070796460177
0.05033731188375713 0.8584070796460177
0.050311203319502076 0.8584070796460177
0.05028512182477968 0.8584070796460177
0.050259067357512954 0.8584070796460177
0.050233039875712066 0.8584070796460177
0.05020703933747412 0.8584070796460177
0.05018106570098293 0.8584070796460177
0.05015511892450879 0.8584070796460177
0.050129198966408266 0.8584070796460177
0.05010330578512397 0.8584070796460177
0.05007743933918431 0.8584070796460177
0.0500515995872033 0.8584070796460177
0.05002578648788035 0.8584070796460177
0.05 0.8584070796460177
0.04997424008243174 0.8584070796460177
0.049948506694129764 0.8584070796460177
0.049922799794132784 0.8584070796460177
0.04989711934156379 0.8584070796460177
0.04987146529562982 0.8584070796460177
0.04984583761562179 0.8584070796460177
0.049820236260914225 0.8584070796460177
0.049794661190965095 0.8584070796460177
0.049769112365315546 0.8584070796460177
0.04974358974358974 0.8584070796460177
0.04971809328549462 0.8584070796460177
0.04969262295081967 0.8584070796460177
0.049667178699436765 0.8584070796460177
0.0496417604912999 0.8584070796460177
0.049616368286445015 0.8584070796460177
0.04959100204498978 0.8584070796460177
0.049565661727133364 0.8584070796460177
0.04954034729315628 0.8584070796460177
0.049515058703420115 0.8584070796460177
0.049489795918367344 0.8584070796460177
0.049464558898521166 0.8584070796460177
0.04943934760448522 0.8584070796460177
0.049414161996943456 0.8584070796460177
0.04938900203665988 0.8584070796460177
0.04936386768447837 0.8584070796460177
0.049338758901322485 0.8584070796460177
0.04931367564819522 0.8584070796460177
