7715.0 6154.0
4357.0 413.0
811.0 4220.0
413.0 3753.0
413.0 4714.0
413.0 537.0
3594.0 3477.0
3594.0 830.0
97.0 537.0
15028.0 97.0
7715.0 811.0
7715.0 401.0
830.0 537.0
107.0 537.0
107.0 795.0
401.0 2998.0
3477.0 537.0
3477.0 2998.0
4357.0 5050.0
811.0 795.0
5050.0 537.0
13287.0 6154.0
13287.0 964.0
13287.0 2741.0
13287.0 6145.0
6154.0 3753.0
6154.0 4220.0
6154.0 964.0
6154.0 2741.0
6154.0 6145.0
3594.0 7715.0
7715.0 13287.0
7624.0 7715.0
442.0 537.0
1077.0 537.0
279.0 795.0
4704.0 3021.0
4720.0 3021.0
4720.0 4714.0
3887.0 964.0
3887.0 2741.0
3887.0 6145.0
3887.0 537.0
3934.0 964.0
6628.0 537.0
124.0 4714.0
124.0 3021.0
7264.0 2998.0
1499.0 700.0
1499.0 6472.0
1499.0 3934.0
1499.0 2942.0
1499.0 6389.0
1499.0 944.0
1499.0 4639.0
1499.0 4851.0
1499.0 555.0
1499.0 2002.0
1499.0 5984.0
4214.0 434.0
2117.0 2187.0
2117.0 1614.0
2117.0 1687.0
2117.0 4237.0
2117.0 633.0
2117.0 1574.0
2117.0 130.0
2117.0 279.0
2117.0 1091.0
2117.0 620.0
2117.0 7693.0
2117.0 1101.0
2117.0 524.0
2117.0 5088.0
2117.0 2713.0
2117.0 2411.0
2117.0 1094.0
2117.0 3856.0
2117.0 184.0
2117.0 4618.0
2117.0 604.0
2117.0 985.0
2117.0 434.0
2117.0 1504.0
2117.0 2430.0
2117.0 1612.0
2117.0 107.0
2117.0 3803.0
2117.0 1810.0
2117.0 579.0
317.0 2998.0
2780.0 795.0
2780.0 2998.0
3991.0 795.0
1687.0 537.0
41.0 537.0
2713.0 1579.0
2713.0 4220.0
7877.0 537.0
1210.0 537.0
1101.0 537.0
2457.0 4220.0
485.0 442.0
485.0 464.0
485.0 2692.0
485.0 3934.0
485.0 1206.0
485.0 2547.0
485.0 2971.0
485.0 701.0
485.0 538.0
485.0 1226.0
485.0 546.0
485.0 2869.0
485.0 434.0
606.0 795.0
5984.0 795.0
4357.0 6463.0
4357.0 4214.0
4357.0 2256.0
4357.0 11127.0
4357.0 11717.0
4357.0 4358.0
4357.0 3445.0
4357.0 2017.0
6564.0 537.0
6430.0 537.0
3132.0 4220.0
6389.0 4220.0
885.0 964.0
885.0 537.0
885.0 2741.0
885.0 3753.0
885.0 4220.0
2430.0 964.0
1163.0 537.0
5672.0 795.0
5672.0 964.0
5672.0 2741.0
5672.0 6145.0
5672.0 537.0
8353.0 2998.0
1094.0 795.0
1094.0 537.0
3856.0 2998.0
4621.0 795.0
4628.0 795.0
2470.0 795.0
2470.0 537.0
407.0 795.0
407.0 2998.0
434.0 537.0
1170.0 537.0
1170.0 795.0
4928.0 795.0
4928.0 1579.0
4928.0 537.0
4928.0 4220.0
2971.0 537.0
2971.0 795.0
2971.0 2998.0
2971.0 1579.0
11121.0 964.0
11121.0 2741.0
11121.0 6145.0
11121.0 537.0
5683.0 964.0
5683.0 2741.0
5683.0 6145.0
5683.0 6154.0
5683.0 537.0
5683.0 795.0
555.0 795.0
3023.0 3021.0
3023.0 4714.0
6634.0 537.0
2944.0 3021.0
2017.0 121.0
2017.0 4237.0
2017.0 6634.0
2017.0 41.0
2017.0 105.0
2017.0 604.0
2017.0 206.0
2017.0 985.0
2962.0 795.0
102.0 537.0
412.0 537.0
2602.0 537.0
4816.0 795.0
4816.0 537.0
1244.0 795.0
1244.0 2998.0
1244.0 1579.0
160.0 537.0
7724.0 524.0
7724.0 534.0
7724.0 715.0
7724.0 985.0
10228.0 537.0
710.0 795.0
3753.0 964.0
3753.0 4220.0
3753.0 6154.0
5519.0 537.0
62.0 537.0
1783.0 795.0
1783.0 4220.0
701.0 537.0
701.0 795.0
1179.0 795.0
1179.0 1579.0
1179.0 2998.0
1179.0 537.0
1503.0 2187.0
1503.0 1614.0
1503.0 1077.0
1503.0 1574.0
1503.0 2122.0
1503.0 130.0
1503.0 620.0
1503.0 1101.0
1503.0 4618.0
1503.0 191.0
1503.0 2713.0
1503.0 50.0
1503.0 3057.0
1503.0 4704.0
1503.0 985.0
1503.0 715.0
1503.0 434.0
1503.0 4816.0
1503.0 1810.0
1503.0 2295.0
1503.0 4237.0
1503.0 524.0
1503.0 3526.0
1503.0 3689.0
1503.0 3767.0
1503.0 8261.0
1503.0 11121.0
1503.0 7264.0
1503.0 107.0
1503.0 747.0
1503.0 718.0
1503.0 5716.0
1503.0 3768.0
1503.0 1687.0
1503.0 401.0
1503.0 6359.0
1503.0 534.0
1503.0 2430.0
1503.0 3803.0
1503.0 7693.0
1503.0 1612.0
1503.0 633.0
1503.0 2527.0
1503.0 4736.0
1503.0 196.0
1503.0 3856.0
1503.0 3019.0
1503.0 1091.0
1503.0 1154.0
1503.0 3876.0
6459.0 1579.0
580.0 3021.0
580.0 795.0
580.0 537.0
1574.0 537.0
50.0 3753.0
206.0 537.0
21.0 537.0
2883.0 537.0
475.0 795.0
475.0 537.0
6463.0 165.0
6463.0 6000.0
6463.0 2759.0
6463.0 2738.0
6463.0 1612.0
3129.0 964.0
8267.0 537.0
620.0 3753.0
5088.0 795.0
464.0 795.0
14460.0 537.0
810.0 4220.0
7693.0 795.0
1504.0 537.0
1504.0 795.0
1982.0 537.0
2922.0 795.0
2922.0 537.0
271.0 4714.0
271.0 3021.0
271.0 795.0
1587.0 2741.0
1587.0 537.0
1587.0 2998.0
1587.0 1579.0
2973.0 795.0
2187.0 2998.0
749.0 795.0
546.0 537.0
1553.0 537.0
3818.0 3753.0
811.0 116.0
811.0 2457.0
811.0 2922.0
811.0 14942.0
811.0 2497.0
811.0 4963.0
811.0 8353.0
811.0 494.0
811.0 1094.0
811.0 2766.0
811.0 2918.0
811.0 3132.0
811.0 11164.0
811.0 2677.0
811.0 62.0
811.0 4720.0
811.0 885.0
811.0 9778.0
811.0 3061.0
811.0 278.0
811.0 2776.0
604.0 537.0
6000.0 1579.0
1531.0 537.0
10691.0 795.0
1123.0 3753.0
184.0 537.0
4992.0 795.0
2998.0 4714.0
2998.0 6921.0
2998.0 1579.0
2998.0 2741.0
2998.0 6145.0
213.0 4714.0
213.0 2741.0
213.0 537.0
213.0 2998.0
213.0 1579.0
5533.0 795.0
3019.0 537.0
5620.0 795.0
5620.0 964.0
5620.0 2741.0
5620.0 6145.0
1612.0 2741.0
1612.0 6145.0
1612.0 964.0
413.0 981.0
413.0 11712.0
413.0 2470.0
413.0 2295.0
413.0 14942.0
413.0 7491.0
413.0 806.0
413.0 810.0
413.0 4392.0
413.0 2125.0
413.0 1123.0
413.0 1105.0
413.0 2762.0
413.0 6459.0
413.0 1531.0
413.0 2944.0
413.0 1504.0
413.0 2883.0
2122.0 2998.0
1927.0 537.0
4888.0 2998.0
3594.0 485.0
3594.0 7174.0
3594.0 7724.0
3689.0 795.0
987.0 2998.0
2547.0 795.0
2547.0 537.0
2738.0 795.0
537.0 964.0
537.0 795.0
747.0 537.0
944.0 3753.0
1037.0 795.0
5103.0 2998.0
718.0 3753.0
494.0 4220.0
534.0 537.0
2114.0 537.0
2125.0 3753.0
1091.0 3753.0
2766.0 4220.0
4736.0 2998.0
4994.0 795.0
2759.0 3021.0
2759.0 537.0
1.0 6145.0
1.0 2741.0
1.0 537.0
4220.0 3753.0
4220.0 1579.0
4220.0 964.0
4220.0 6154.0
4639.0 2998.0
1154.0 964.0
1633.0 964.0
8472.0 537.0
2410.0 537.0
7367.0 537.0
3767.0 537.0
7491.0 537.0
3037.0 2998.0
7174.0 922.0
7174.0 6057.0
7552.0 3021.0
1893.0 3021.0
1893.0 4714.0
1614.0 537.0
1614.0 795.0
1614.0 1579.0
6147.0 537.0
629.0 964.0
629.0 2741.0
629.0 6145.0
629.0 795.0
165.0 2998.0
524.0 537.0
1114.0 1553.0
1114.0 1545.0
1114.0 524.0
1114.0 749.0
1114.0 121.0
1114.0 563.0
1114.0 83.0
1114.0 10136.0
4358.0 1163.0
4358.0 1164.0
4358.0 1504.0
4358.0 1170.0
4358.0 2883.0
121.0 964.0
872.0 795.0
4444.0 795.0
4444.0 964.0
4444.0 537.0
2295.0 3753.0
97.0 412.0
97.0 93.0
97.0 1574.0
97.0 105.0
97.0 1101.0
97.0 4888.0
97.0 191.0
97.0 1927.0
97.0 1530.0
97.0 206.0
97.0 985.0
97.0 21.0
97.0 434.0
97.0 8472.0
97.0 5519.0
97.0 160.0
97.0 3818.0
97.0 633.0
97.0 2410.0
97.0 165.0
97.0 987.0
97.0 604.0
97.0 124.0
97.0 524.0
97.0 2971.0
97.0 1244.0
97.0 710.0
97.0 620.0
97.0 5103.0
97.0 3427.0
97.0 10691.0
97.0 401.0
97.0 3477.0
97.0 701.0
97.0 6049.0
97.0 3991.0
97.0 872.0
97.0 1255.0
97.0 563.0
97.0 3023.0
97.0 1982.0
97.0 7552.0
97.0 83.0
97.0 2295.0
97.0 271.0
97.0 7877.0
97.0 715.0
97.0 5533.0
97.0 1210.0
97.0 278.0
97.0 4994.0
97.0 1094.0
97.0 196.0
97.0 1448.0
97.0 1612.0
1448.0 537.0
6057.0 537.0
1790.0 2998.0
7283.0 1499.0
7283.0 1470.0
579.0 537.0
151.0 537.0
7230.0 795.0
7230.0 4714.0
3100.0 537.0
11717.0 2602.0
11717.0 170.0
3427.0 795.0
922.0 537.0
1226.0 1579.0
4851.0 2998.0
4237.0 795.0
2527.0 4220.0
193.0 1579.0
538.0 795.0
105.0 537.0
1810.0 537.0
3526.0 3753.0
8261.0 537.0
6472.0 4220.0
6472.0 537.0
6049.0 537.0
2497.0 537.0
1545.0 537.0
2776.0 1579.0
2776.0 4220.0
2983.0 537.0
2983.0 2998.0
4714.0 3021.0
4714.0 2998.0
4714.0 6145.0
3768.0 4220.0
4392.0 3753.0
1555.0 537.0
715.0 537.0
115.0 537.0
2918.0 3021.0
2918.0 4714.0
2918.0 6145.0
2191.0 3753.0
1472.0 537.0
93.0 537.0
93.0 4220.0
93.0 795.0
93.0 2998.0
2942.0 1579.0
5539.0 537.0
5632.0 537.0
191.0 537.0
191.0 2998.0
985.0 795.0
569.0 4220.0
3585.0 537.0
11164.0 795.0
3445.0 105.0
3445.0 4444.0
2869.0 537.0
278.0 795.0
278.0 964.0
278.0 4220.0
11712.0 795.0
2677.0 1579.0
2677.0 537.0
563.0 795.0
6359.0 537.0
194.0 795.0
3733.0 537.0
7715.0 1503.0
7715.0 3594.0
9778.0 6921.0
1530.0 795.0
1513.0 795.0
633.0 3753.0
10136.0 537.0
2890.0 2998.0
14942.0 795.0
991.0 795.0
991.0 1579.0
981.0 537.0
2692.0 795.0
795.0 6145.0
2002.0 3753.0
1255.0 537.0
3959.0 795.0
3876.0 964.0
196.0 795.0
130.0 537.0
830.0 1790.0
830.0 2191.0
830.0 464.0
830.0 1037.0
830.0 93.0
830.0 3768.0
830.0 569.0
830.0 810.0
830.0 3959.0
830.0 1587.0
830.0 524.0
830.0 2971.0
830.0 3132.0
830.0 701.0
830.0 3733.0
830.0 606.0
830.0 1179.0
830.0 5402.0
830.0 4850.0
830.0 2780.0
830.0 985.0
830.0 213.0
830.0 563.0
830.0 8267.0
830.0 2890.0
830.0 5984.0
830.0 580.0
1105.0 537.0
2256.0 620.0
2256.0 165.0
2256.0 4928.0
2256.0 1783.0
107.0 1614.0
107.0 412.0
107.0 6628.0
107.0 93.0
107.0 2942.0
107.0 5632.0
107.0 105.0
107.0 1530.0
107.0 3433.0
107.0 1105.0
107.0 5539.0
107.0 546.0
107.0 206.0
107.0 3057.0
107.0 4816.0
107.0 1170.0
107.0 569.0
107.0 1553.0
107.0 8472.0
107.0 906.0
107.0 1513.0
107.0 160.0
107.0 407.0
107.0 2984.0
107.0 987.0
107.0 3100.0
107.0 3705.0
107.0 3427.0
107.0 524.0
107.0 985.0
107.0 991.0
107.0 317.0
107.0 5716.0
107.0 7965.0
107.0 5519.0
107.0 4850.0
107.0 10691.0
107.0 5739.0
107.0 401.0
107.0 6430.0
107.0 4992.0
107.0 2780.0
107.0 534.0
107.0 3991.0
107.0 872.0
107.0 1255.0
107.0 1504.0
107.0 2114.0
107.0 1982.0
107.0 7367.0
107.0 4444.0
107.0 83.0
107.0 2295.0
107.0 271.0
107.0 1555.0
107.0 7877.0
107.0 715.0
107.0 1210.0
107.0 4994.0
107.0 2759.0
107.0 194.0
107.0 3733.0
107.0 1893.0
107.0 10228.0
107.0 97.0
107.0 1448.0
107.0 102.0
700.0 537.0
170.0 537.0
170.0 795.0
2523.0 537.0
1470.0 700.0
1470.0 6472.0
1470.0 2002.0
1470.0 3934.0
1470.0 4851.0
1470.0 6389.0
1470.0 3585.0
1470.0 1226.0
1470.0 555.0
1470.0 563.0
1470.0 5984.0
5402.0 795.0
4850.0 2998.0
806.0 6921.0
2762.0 537.0
2762.0 795.0
1206.0 537.0
1206.0 3753.0
1206.0 795.0
3705.0 3021.0
3705.0 795.0
2411.0 537.0
2411.0 2998.0
3061.0 3021.0
3061.0 795.0
7624.0 2117.0
5739.0 795.0
5739.0 537.0
401.0 1614.0
401.0 151.0
401.0 1163.0
401.0 1168.0
401.0 160.0
401.0 442.0
401.0 715.0
401.0 475.0
401.0 1472.0
401.0 3037.0
401.0 1094.0
401.0 1790.0
401.0 115.0
401.0 1587.0
401.0 1105.0
401.0 524.0
401.0 107.0
401.0 6147.0
401.0 985.0
401.0 21.0
401.0 97.0
401.0 1164.0
401.0 1170.0
401.0 2430.0
401.0 102.0
3477.0 2973.0
3477.0 620.0
3477.0 317.0
3477.0 7230.0
3477.0 633.0
3477.0 6634.0
3477.0 6564.0
3477.0 604.0
3477.0 3959.0
3477.0 2962.0
3477.0 1587.0
3477.0 41.0
3477.0 2983.0
3477.0 2430.0
3477.0 1612.0
3477.0 14460.0
3477.0 2890.0
3477.0 213.0
3477.0 579.0
6439.0 537.0
3803.0 537.0
83.0 537.0
4963.0 1579.0
4963.0 4220.0
1168.0 537.0
2984.0 537.0
2984.0 2998.0
1164.0 537.0
811.0 4714.0
811.0 537.0
4357.0 4017.0
4017.0 537.0
5050.0 6145.0
964.0 3753.0
964.0 537.0
964.0 4220.0
964.0 6154.0
2874.0 4714.0
107.0 2874.0
107.0 580.0
3477.0 2971.0
107.0 1927.0
1401.0 3352.0
1401.0 633.0
1401.0 3887.0
1401.0 6564.0
1401.0 6430.0
1401.0 563.0
4357.0 1401.0
508.0 537.0
3352.0 964.0
3352.0 2741.0
3352.0 6145.0
3352.0 537.0
2994.0 795.0
4783.0 537.0
1504.0 4220.0
2776.0 795.0
401.0 2994.0
3477.0 4783.0
7724.0 151.0
97.0 2527.0
107.0 1244.0
107.0 3768.0
107.0 178.0
7283.0 537.0
15028.0 537.0
7724.0 213.0
13312.0 795.0
97.0 376.0
97.0 13312.0
376.0 2998.0
4357.0 7066.0
9937.0 2998.0
4017.0 633.0
4017.0 412.0
4017.0 3071.0
4017.0 516.0
4017.0 1509.0
2744.0 795.0
5050.0 93.0
5050.0 2762.0
5050.0 206.0
5050.0 4816.0
5050.0 1605.0
5050.0 407.0
5050.0 8472.0
5050.0 160.0
5050.0 1193.0
5050.0 475.0
5050.0 1520.0
5050.0 604.0
5050.0 568.0
5050.0 516.0
5050.0 524.0
5050.0 2971.0
5050.0 922.0
5050.0 283.0
5050.0 278.0
5050.0 2776.0
5050.0 1509.0
5050.0 3071.0
5050.0 5738.0
5050.0 700.0
5050.0 2780.0
5050.0 538.0
5050.0 1255.0
5050.0 4444.0
5050.0 41.0
5050.0 107.0
5050.0 5402.0
5050.0 3.0
7066.0 1982.0
7066.0 4444.0
7066.0 633.0
7066.0 1193.0
7066.0 806.0
7066.0 2780.0
7066.0 283.0
7066.0 1553.0
7066.0 407.0
7066.0 4816.0
7066.0 1509.0
7066.0 3071.0
7066.0 524.0
3936.0 795.0
1499.0 3936.0
2117.0 1509.0
1193.0 795.0
1193.0 537.0
1520.0 4220.0
5738.0 537.0
1503.0 413.0
6463.0 9937.0
516.0 795.0
1509.0 964.0
1509.0 2741.0
1509.0 6145.0
1509.0 537.0
1509.0 6154.0
1509.0 2998.0
3071.0 537.0
413.0 2744.0
413.0 2322.0
1605.0 537.0
2999.0 964.0
7174.0 1123.0
7174.0 1094.0
568.0 537.0
97.0 317.0
2322.0 537.0
2322.0 2998.0
107.0 2999.0
107.0 278.0
1470.0 3936.0
401.0 5672.0
401.0 7693.0
401.0 4793.0
401.0 2999.0
3.0 537.0
107.0 2994.0
4357.0 11716.0
4357.0 2011.0
4357.0 2053.0
8729.0 6154.0
13287.0 7548.0
2053.0 412.0
2053.0 4237.0
2053.0 1206.0
2053.0 41.0
12047.0 6154.0
1503.0 7715.0
1503.0 6369.0
6154.0 9234.0
6154.0 8729.0
6154.0 11444.0
6154.0 5306.0
6154.0 12590.0
6154.0 13287.0
6154.0 3902.0
6154.0 6928.0
6154.0 9149.0
6154.0 12047.0
6154.0 9808.0
6154.0 11795.0
11444.0 6154.0
9808.0 6154.0
811.0 7715.0
7548.0 3753.0
2011.0 271.0
2011.0 4237.0
5306.0 6154.0
2741.0 1579.0
2741.0 6921.0
2741.0 6154.0
2741.0 2998.0
6145.0 3021.0
6145.0 795.0
6145.0 2998.0
6145.0 4714.0
6145.0 1579.0
6145.0 6154.0
4358.0 151.0
4358.0 524.0
4358.0 1168.0
4358.0 160.0
7283.0 11716.0
11717.0 1553.0
11717.0 1545.0
15028.0 11716.0
6369.0 795.0
9149.0 6154.0
6928.0 6154.0
9234.0 6154.0
11795.0 6154.0
7715.0 11716.0
7715.0 7624.0
11716.0 7715.0
12590.0 6154.0
107.0 6147.0
3902.0 6154.0
7624.0 11716.0
401.0 7715.0
2169.0 537.0
2169.0 964.0
2169.0 2741.0
2169.0 6145.0
5565.0 964.0
5565.0 2741.0
5565.0 6145.0
5565.0 537.0
1.0 964.0
3477.0 6000.0
3477.0 2759.0
5620.0 537.0
629.0 537.0
2106.0 537.0
3242.0 4220.0
3222.0 537.0
2838.0 537.0
2177.0 2998.0
88.0 795.0
1894.0 537.0
1486.0 964.0
2976.0 795.0
5124.0 795.0
1114.0 1894.0
1114.0 555.0
1114.0 1077.0
1114.0 2122.0
1114.0 2177.0
1114.0 4210.0
1114.0 2046.0
1114.0 4406.0
1114.0 2106.0
1114.0 3222.0
1114.0 1605.0
1114.0 2883.0
1114.0 3242.0
1114.0 633.0
1114.0 1520.0
1114.0 604.0
1114.0 3767.0
1114.0 922.0
1114.0 2976.0
1114.0 1229.0
1114.0 7264.0
1114.0 3598.0
1114.0 620.0
1114.0 5124.0
1114.0 2838.0
1114.0 3.0
1114.0 184.0
1114.0 4851.0
1114.0 372.0
1114.0 885.0
1114.0 1504.0
1114.0 1687.0
1114.0 2713.0
1114.0 1486.0
1114.0 196.0
1114.0 1154.0
1114.0 1448.0
1114.0 1612.0
1114.0 88.0
4210.0 3753.0
4406.0 3021.0
1229.0 795.0
1229.0 4220.0
2046.0 537.0
372.0 537.0
3598.0 537.0
2011.0 206.0
3467.0 795.0
4357.0 11718.0
11718.0 3433.0
11718.0 3467.0
11282.0 4220.0
5050.0 1530.0
5050.0 11282.0
5050.0 3705.0
5050.0 6000.0
4214.0 927.0
927.0 537.0
3477.0 1893.0
485.0 4925.0
4925.0 537.0
1401.0 1982.0
1401.0 4017.0
1401.0 5050.0
7715.0 922.0
2003.0 2998.0
413.0 2003.0
97.0 534.0
104.0 4220.0
4214.0 331.0
6463.0 6191.0
6191.0 4220.0
6191.0 795.0
331.0 2998.0
11127.0 9937.0
485.0 2521.0
2521.0 4220.0
5050.0 412.0
5050.0 4989.0
94.0 97.0
94.0 102.0
103.0 105.0
103.0 97.0
103.0 107.0
103.0 102.0
149.0 151.0
149.0 160.0
149.0 165.0
149.0 83.0
149.0 93.0
149.0 172.0
149.0 194.0
149.0 206.0
149.0 107.0
442.0 464.0
442.0 475.0
442.0 83.0
442.0 93.0
442.0 483.0
442.0 172.0
442.0 499.0
442.0 401.0
442.0 508.0
442.0 86.0
442.0 516.0
442.0 534.0
442.0 538.0
442.0 546.0
442.0 3.0
442.0 555.0
442.0 563.0
442.0 434.0
442.0 568.0
442.0 569.0
442.0 107.0
442.0 572.0
442.0 278.0
442.0 579.0
442.0 580.0
162.0 107.0
743.0 88.0
743.0 810.0
743.0 811.0
743.0 895.0
1256.0 107.0
1293.0 107.0
140.0 633.0
140.0 858.0
140.0 710.0
1076.0 1465.0
1076.0 1077.0
1076.0 127.0
1076.0 1123.0
1076.0 944.0
1076.0 196.0
1076.0 555.0
1076.0 97.0
1076.0 1504.0
1076.0 1154.0
1077.0 1513.0
1077.0 784.0
1077.0 1520.0
1077.0 604.0
1077.0 1154.0
1078.0 1513.0
1078.0 1077.0
1078.0 1520.0
1078.0 271.0
1078.0 1123.0
1078.0 604.0
1078.0 1587.0
1078.0 124.0
1078.0 534.0
1078.0 1504.0
1078.0 1154.0
1078.0 1612.0
1342.0 97.0
1342.0 1193.0
1089.0 1055.0
1089.0 1123.0
1089.0 1077.0
1089.0 271.0
1089.0 1587.0
1089.0 1232.0
1089.0 1154.0
1089.0 1156.0
2249.0 115.0
2249.0 393.0
2249.0 3.0
2249.0 858.0
2249.0 580.0
279.0 1055.0
279.0 885.0
279.0 2687.0
279.0 283.0
279.0 2713.0
279.0 2723.0
279.0 701.0
279.0 604.0
279.0 122.0
279.0 2738.0
279.0 2739.0
279.0 944.0
279.0 2054.0
279.0 407.0
279.0 2764.0
279.0 2766.0
279.0 1156.0
279.0 62.0
279.0 1612.0
2911.0 537.0
2911.0 795.0
2911.0 2998.0
818.0 3021.0
818.0 537.0
3332.0 2002.0
3332.0 1605.0
3332.0 2651.0
2722.0 1193.0
2722.0 2523.0
2722.0 3477.0
2722.0 604.0
2722.0 1101.0
2722.0 922.0
2722.0 534.0
2722.0 563.0
1213.0 749.0
1213.0 938.0
1213.0 633.0
1213.0 130.0
1213.0 944.0
933.0 3608.0
933.0 1633.0
933.0 3664.0
933.0 165.0
933.0 127.0
933.0 604.0
933.0 524.0
933.0 401.0
933.0 435.0
933.0 3.0
4209.0 4210.0
4209.0 2295.0
3649.0 2457.0
3649.0 524.0
3649.0 938.0
3649.0 944.0
3649.0 1123.0
1232.0 537.0
1125.0 1055.0
1125.0 1077.0
1125.0 1154.0
1125.0 1123.0
1125.0 604.0
1125.0 271.0
1125.0 1156.0
1125.0 1612.0
3106.0 407.0
3106.0 2780.0
3106.0 107.0
4595.0 107.0
4595.0 102.0
2092.0 1226.0
880.0 2764.0
880.0 895.0
880.0 4627.0
880.0 546.0
880.0 88.0
880.0 4628.0
4672.0 97.0
4672.0 50.0
4672.0 102.0
4685.0 3477.0
4704.0 165.0
4704.0 2939.0
4704.0 4707.0
4704.0 4710.0
4704.0 2923.0
4704.0 4718.0
4704.0 4720.0
4704.0 4722.0
4704.0 3023.0
4704.0 1188.0
4720.0 4733.0
4720.0 86.0
4720.0 4707.0
4720.0 3031.0
4720.0 4708.0
4720.0 4709.0
4720.0 4710.0
4720.0 4704.0
4720.0 4712.0
4720.0 3023.0
4720.0 1008.0
4720.0 938.0
4720.0 3055.0
4720.0 4723.0
4720.0 2944.0
4720.0 1352.0
4720.0 2923.0
4720.0 490.0
4720.0 4718.0
4720.0 2195.0
4720.0 811.0
4720.0 1893.0
4720.0 3062.0
4720.0 2918.0
4720.0 3856.0
4720.0 2713.0
4720.0 4744.0
4720.0 3039.0
4720.0 4721.0
4720.0 4722.0
4720.0 4747.0
4720.0 1188.0
4720.0 3036.0
4720.0 595.0
1533.0 4769.0
1533.0 715.0
1533.0 1612.0
1533.0 789.0
1533.0 1077.0
1533.0 2698.0
1533.0 1604.0
1533.0 4783.0
1533.0 279.0
1533.0 1101.0
1533.0 86.0
1533.0 4618.0
1533.0 2780.0
1533.0 534.0
1533.0 858.0
1533.0 4444.0
1533.0 1574.0
1533.0 2054.0
1533.0 407.0
1533.0 1531.0
1533.0 2430.0
1533.0 4816.0
1533.0 278.0
1533.0 372.0
1533.0 1244.0
1533.0 579.0
4852.0 795.0
4852.0 2998.0
4852.0 4220.0
4890.0 107.0
4911.0 537.0
3006.0 795.0
460.0 620.0
460.0 1687.0
460.0 633.0
460.0 165.0
460.0 499.0
460.0 604.0
460.0 701.0
460.0 413.0
460.0 2883.0
460.0 1612.0
5010.0 213.0
5034.0 3753.0
64.0 1037.0
64.0 1587.0
64.0 2480.0
64.0 830.0
64.0 4712.0
64.0 5088.0
64.0 1179.0
64.0 213.0
3128.0 830.0
3128.0 2169.0
3128.0 213.0
3128.0 271.0
3128.0 1179.0
3128.0 1587.0
5478.0 964.0
216.0 4988.0
216.0 5519.0
216.0 1513.0
216.0 700.0
216.0 160.0
216.0 2984.0
216.0 3427.0
216.0 4989.0
216.0 483.0
216.0 271.0
216.0 569.0
216.0 1555.0
216.0 3100.0
216.0 105.0
216.0 715.0
216.0 5533.0
216.0 1105.0
216.0 194.0
216.0 534.0
216.0 1893.0
216.0 93.0
216.0 2780.0
216.0 1255.0
216.0 65.0
216.0 5514.0
216.0 5560.0
216.0 2070.0
3123.0 795.0
708.0 717.0
708.0 1783.0
708.0 832.0
708.0 701.0
708.0 6049.0
708.0 2054.0
708.0 278.0
708.0 6057.0
3887.0 1790.0
3887.0 3433.0
3887.0 2762.0
3887.0 985.0
3887.0 6129.0
3887.0 5612.0
3887.0 906.0
3887.0 579.0
3887.0 1977.0
3887.0 170.0
3887.0 1.0
3887.0 278.0
3887.0 1509.0
3887.0 6157.0
3887.0 5862.0
3887.0 1691.0
3887.0 3477.0
3887.0 5683.0
3887.0 4222.0
3887.0 563.0
3887.0 2917.0
3887.0 6191.0
3887.0 715.0
3887.0 393.0
3887.0 2962.0
3887.0 1587.0
3887.0 193.0
3887.0 3733.0
3887.0 1179.0
3887.0 1654.0
3887.0 6057.0
480.0 1785.0
480.0 97.0
480.0 1226.0
6259.0 413.0
5005.0 620.0
5005.0 2972.0
5005.0 165.0
5005.0 604.0
3934.0 2002.0
3934.0 1504.0
3934.0 938.0
3934.0 546.0
6384.0 4220.0
2834.0 1614.0
2834.0 6129.0
2834.0 6430.0
2834.0 1633.0
2834.0 6439.0
2834.0 3477.0
6140.0 537.0
6501.0 830.0
6501.0 121.0
6501.0 3046.0
6501.0 1737.0
6501.0 2698.0
6501.0 4729.0
6501.0 777.0
6501.0 992.0
6501.0 6512.0
6501.0 4888.0
6628.0 6629.0
6628.0 2054.0
124.0 2195.0
124.0 2923.0
124.0 3082.0
124.0 1101.0
124.0 872.0
124.0 4707.0
124.0 2985.0
124.0 3664.0
124.0 2764.0
124.0 3062.0
124.0 595.0
124.0 490.0
124.0 3039.0
124.0 6313.0
124.0 2971.0
124.0 107.0
124.0 710.0
124.0 3427.0
124.0 1352.0
124.0 4992.0
124.0 3023.0
124.0 3055.0
124.0 3818.0
124.0 2940.0
124.0 3031.0
124.0 2944.0
124.0 271.0
124.0 2918.0
2841.0 2002.0
2841.0 1691.0
2841.0 2602.0
2841.0 885.0
6578.0 3753.0
7171.0 6057.0
7180.0 107.0
7180.0 105.0
7180.0 97.0
7180.0 102.0
4119.0 2457.0
4119.0 97.0
4119.0 271.0
4119.0 7182.0
4119.0 2738.0
4119.0 107.0
4119.0 102.0
7187.0 2467.0
7187.0 830.0
7187.0 3585.0
7187.0 885.0
7187.0 278.0
7193.0 5159.0
1677.0 3057.0
1677.0 122.0
1677.0 4911.0
1677.0 4729.0
1677.0 278.0
1677.0 606.0
7264.0 2106.0
7264.0 172.0
7264.0 524.0
1499.0 2912.0
1499.0 1456.0
1499.0 4599.0
1499.0 3692.0
1499.0 7277.0
1499.0 2508.0
1499.0 695.0
1499.0 4764.0
1499.0 24.0
1499.0 7087.0
1499.0 1984.0
1499.0 1864.0
1499.0 2474.0
1499.0 4064.0
1499.0 7280.0
1499.0 662.0
1499.0 6276.0
1499.0 4838.0
1499.0 387.0
1499.0 110.0
1499.0 3133.0
1499.0 7284.0
1499.0 473.0
1499.0 2686.0
1499.0 1996.0
1499.0 7285.0
1499.0 1076.0
1499.0 1339.0
1499.0 2507.0
1499.0 4844.0
1499.0 4835.0
1499.0 1781.0
1499.0 5183.0
1499.0 4839.0
1499.0 3072.0
1499.0 805.0
1499.0 7288.0
1499.0 2213.0
1499.0 1577.0
1499.0 5046.0
1499.0 3696.0
1499.0 7291.0
1499.0 7292.0
1499.0 5296.0
1499.0 7294.0
1499.0 3273.0
1499.0 1102.0
1499.0 7295.0
1499.0 7296.0
1499.0 6668.0
1499.0 1677.0
1499.0 6501.0
1499.0 3483.0
1499.0 292.0
1499.0 4716.0
1499.0 7300.0
1499.0 7303.0
1499.0 388.0
1499.0 1651.0
1499.0 2092.0
1499.0 142.0
1499.0 4614.0
1499.0 864.0
1499.0 7306.0
1499.0 7309.0
1499.0 2867.0
1499.0 1799.0
1499.0 1137.0
1499.0 1628.0
1499.0 4727.0
1499.0 1400.0
1499.0 2634.0
1499.0 4841.0
1499.0 4356.0
1499.0 6210.0
1499.0 2082.0
1499.0 291.0
1499.0 892.0
1499.0 3874.0
1499.0 3968.0
1499.0 6830.0
1499.0 2777.0
1499.0 7315.0
1499.0 3747.0
3216.0 1614.0
3216.0 1633.0
3216.0 3477.0
3216.0 6430.0
3216.0 2762.0
3216.0 1226.0
3216.0 3057.0
3216.0 6129.0
3216.0 885.0
3216.0 6439.0
7364.0 537.0
7501.0 3057.0
7501.0 1206.0
4170.0 4627.0
4170.0 193.0
4170.0 105.0
4170.0 1226.0
4170.0 2046.0
4170.0 97.0
4170.0 107.0
4170.0 102.0
447.0 121.0
447.0 580.0
4214.0 2075.0
4214.0 7600.0
4214.0 4209.0
4214.0 707.0
4214.0 5394.0
4214.0 6640.0
4214.0 4657.0
4214.0 7608.0
4214.0 7610.0
4214.0 4301.0
4214.0 496.0
4214.0 7335.0
4214.0 4357.0
4214.0 5795.0
4214.0 4703.0
4214.0 5561.0
4214.0 7065.0
7623.0 3594.0
2117.0 3199.0
2117.0 3609.0
2117.0 2197.0
2117.0 2664.0
2117.0 3649.0
2117.0 3103.0
2117.0 2915.0
2117.0 1464.0
2117.0 1058.0
2117.0 7653.0
2117.0 5956.0
2117.0 7654.0
2117.0 1308.0
2117.0 5074.0
2117.0 7655.0
2117.0 1145.0
2117.0 2118.0
2117.0 1313.0
2117.0 2233.0
2117.0 7656.0
2117.0 1183.0
2117.0 2472.0
2117.0 2473.0
2117.0 419.0
2117.0 2799.0
2117.0 1120.0
2117.0 1072.0
2117.0 776.0
2117.0 2485.0
2117.0 296.0
2117.0 7662.0
2117.0 1964.0
2117.0 3350.0
2117.0 49.0
2117.0 7663.0
2117.0 2809.0
2117.0 42.0
2117.0 5270.0
2117.0 473.0
2117.0 1333.0
2117.0 7219.0
2117.0 2285.0
2117.0 3935.0
2117.0 251.0
2117.0 7669.0
2117.0 1089.0
2117.0 3616.0
2117.0 4039.0
2117.0 7371.0
2117.0 1867.0
2117.0 80.0
2117.0 1861.0
2117.0 3623.0
2117.0 7676.0
2117.0 1160.0
2117.0 5005.0
2117.0 4091.0
2117.0 4446.0
2117.0 625.0
2117.0 3504.0
2117.0 449.0
2117.0 7028.0
2117.0 1924.0
2117.0 7681.0
2117.0 7682.0
2117.0 1580.0
2117.0 2953.0
2117.0 7685.0
2117.0 7686.0
2117.0 7687.0
2117.0 4785.0
2117.0 4786.0
2117.0 5589.0
2117.0 1481.0
2117.0 297.0
2117.0 7695.0
2117.0 903.0
2117.0 7696.0
2117.0 5592.0
2117.0 3332.0
2117.0 7698.0
2117.0 826.0
2117.0 5814.0
2117.0 1379.0
2117.0 2025.0
2117.0 478.0
2117.0 617.0
2117.0 4433.0
2117.0 2841.0
2117.0 31.0
2117.0 4483.0
2117.0 377.0
2117.0 7703.0
2117.0 7704.0
2117.0 1487.0
2117.0 7705.0
2117.0 845.0
2117.0 2734.0
2117.0 1923.0
2117.0 4801.0
2117.0 2746.0
2117.0 7707.0
2117.0 3419.0
2117.0 3073.0
2117.0 2290.0
2117.0 7708.0
2117.0 1875.0
2117.0 2040.0
2117.0 7709.0
2117.0 7711.0
2117.0 1503.0
2117.0 3317.0
2117.0 894.0
2117.0 501.0
2117.0 1517.0
2117.0 7712.0
2117.0 7713.0
2117.0 1851.0
2117.0 4636.0
2117.0 1944.0
2117.0 7714.0
2117.0 6894.0
2117.0 6880.0
2117.0 4060.0
2117.0 1230.0
2117.0 2594.0
2117.0 3723.0
2117.0 2235.0
2117.0 1791.0
2117.0 4748.0
2117.0 1603.0
2117.0 4810.0
2117.0 7717.0
2117.0 4042.0
2117.0 6100.0
2117.0 7719.0
2117.0 1533.0
2117.0 161.0
2117.0 7724.0
2117.0 3518.0
2117.0 7728.0
2117.0 662.0
2117.0 4096.0
2117.0 12.0
2117.0 2132.0
2117.0 4114.0
2117.0 5990.0
2117.0 5657.0
2117.0 7733.0
2117.0 7734.0
2117.0 2885.0
2117.0 6521.0
2117.0 2909.0
2117.0 7062.0
2117.0 1246.0
2117.0 6323.0
2117.0 293.0
2117.0 396.0
2117.0 3745.0
2481.0 2480.0
2481.0 2762.0
2481.0 2673.0
2481.0 823.0
2481.0 811.0
2481.0 2983.0
2481.0 4222.0
2481.0 1587.0
7318.0 401.0
7318.0 2054.0
780.0 2998.0
317.0 1614.0
317.0 5738.0
317.0 3006.0
317.0 93.0
317.0 2002.0
317.0 483.0
317.0 271.0
317.0 3477.0
317.0 2713.0
317.0 7877.0
317.0 715.0
317.0 3959.0
317.0 1101.0
317.0 1105.0
317.0 6430.0
317.0 922.0
317.0 534.0
317.0 1179.0
317.0 6147.0
317.0 194.0
317.0 206.0
317.0 2991.0
317.0 563.0
317.0 434.0
317.0 2738.0
317.0 107.0
317.0 278.0
317.0 2890.0
317.0 580.0
317.0 524.0
8006.0 537.0
2005.0 3477.0
2005.0 317.0
7087.0 1465.0
7087.0 278.0
2785.0 3021.0
1073.0 4220.0
3147.0 524.0
3147.0 701.0
3147.0 93.0
2780.0 7364.0
2780.0 5873.0
2780.0 8483.0
2780.0 7024.0
2780.0 93.0
2780.0 2942.0
2780.0 7438.0
2780.0 830.0
2780.0 872.0
2780.0 4263.0
2780.0 1530.0
2780.0 8496.0
2780.0 407.0
2780.0 1170.0
2780.0 569.0
2780.0 3062.0
2780.0 1187.0
2780.0 475.0
2780.0 4989.0
2780.0 493.0
2780.0 811.0
2780.0 1206.0
2780.0 3427.0
2780.0 124.0
2780.0 3046.0
2780.0 524.0
2780.0 2970.0
2780.0 2971.0
2780.0 2985.0
2780.0 8520.0
2780.0 2999.0
2780.0 107.0
2780.0 278.0
2780.0 2523.0
2780.0 1654.0
2780.0 1509.0
2780.0 1179.0
2780.0 3123.0
2780.0 6472.0
2780.0 5088.0
2780.0 5862.0
2780.0 464.0
2780.0 1037.0
2780.0 5461.0
2780.0 5716.0
2780.0 7965.0
2780.0 494.0
2780.0 178.0
2780.0 3037.0
2780.0 917.0
2780.0 4992.0
2780.0 4627.0
2780.0 538.0
2780.0 1737.0
2780.0 563.0
2780.0 2673.0
2780.0 1504.0
2780.0 2917.0
2780.0 1687.0
2780.0 4769.0
2780.0 6191.0
2780.0 2940.0
2780.0 83.0
2780.0 1193.0
2780.0 8556.0
2780.0 271.0
2780.0 1094.0
2780.0 1587.0
2780.0 422.0
2780.0 8565.0
2780.0 5948.0
2780.0 213.0
