0.0 0.0
0.0 0.0
0.0 0.0
0.0 0.0
0.2 0.008849557522123894
0.3333333333333333 0.017699115044247787
0.42857142857142855 0.02654867256637168
0.5 0.035398230088495575
0.5555555555555556 0.04424778761061947
0.6 0.05309734513274336
0.5454545454545454 0.05309734513274336
0.5 0.05309734513274336
0.46153846153846156 0.05309734513274336
0.42857142857142855 0.05309734513274336
0.4 0.05309734513274336
0.375 0.05309734513274336
0.35294117647058826 0.05309734513274336
0.3333333333333333 0.05309734513274336
0.3157894736842105 0.05309734513274336
0.3 0.05309734513274336
0.2857142857142857 0.05309734513274336
0.2727272727272727 0.05309734513274336
0.30434782608695654 0.061946902654867256
0.2916666666666667 0.061946902654867256
0.28 0.061946902654867256
0.2692307692307692 0.061946902654867256
0.25925925925925924 0.061946902654867256
0.25 0.061946902654867256
0.2413793103448276 0.061946902654867256
0.23333333333333334 0.061946902654867256
0.22580645161290322 0.061946902654867256
0.21875 0.061946902654867256
0.21212121212121213 0.061946902654867256
0.20588235294117646 0.061946902654867256
0.2 0.061946902654867256
0.19444444444444445 0.061946902654867256
0.1891891891891892 0.061946902654867256
0.18421052631578946 0.061946902654867256
0.1794871794871795 0.061946902654867256
0.175 0.061946902654867256
0.17073170731707318 0.061946902654867256
0.16666666666666666 0.061946902654867256
0.16279069767441862 0.061946902654867256
0.18181818181818182 0.07079646017699115
0.17777777777777778 0.07079646017699115
0.17391304347826086 0.07079646017699115
0.1702127659574468 0.07079646017699115
0.16666666666666666 0.07079646017699115
0.16326530612244897 0.07079646017699115
0.16 0.07079646017699115
0.1568627450980392 0.07079646017699115
0.15384615384615385 0.07079646017699115
0.1509433962264151 0.07079646017699115
0.14814814814814814 0.07079646017699115
0.16363636363636364 0.07964601769911504
0.17857142857142858 0.08849557522123894
0.17543859649122806 0.08849557522123894
0.1724137931034483 0.08849557522123894
0.1694915254237288 0.08849557522123894
0.16666666666666666 0.08849557522123894
0.18032786885245902 0.09734513274336283
0.1935483870967742 0.10619469026548672
0.20634920634920634 0.11504424778761062
0.203125 0.11504424778761062
0.2 0.11504424778761062
0.19696969696969696 0.11504424778761062
0.208955223880597 0.12389380530973451
0.20588235294117646 0.12389380530973451
0.2028985507246377 0.12389380530973451
0.21428571428571427 0.13274336283185842
0.2112676056338028 0.13274336283185842
0.20833333333333334 0.13274336283185842
0.2054794520547945 0.13274336283185842
0.21621621621621623 0.1415929203539823
0.21333333333333335 0.1415929203539823
0.21052631578947367 0.1415929203539823
0.2077922077922078 0.1415929203539823
0.20512820512820512 0.1415929203539823
0.20253164556962025 0.1415929203539823
0.2 0.1415929203539823
0.19753086419753085 0.1415929203539823
0.1951219512195122 0.1415929203539823
0.1927710843373494 0.1415929203539823
0.19047619047619047 0.1415929203539823
0.18823529411764706 0.1415929203539823
0.18604651162790697 0.1415929203539823
0.1839080459770115 0.1415929203539823
0.18181818181818182 0.1415929203539823
0.1797752808988764 0.1415929203539823
0.17777777777777778 0.1415929203539823
0.17582417582417584 0.1415929203539823
0.17391304347826086 0.1415929203539823
0.17204301075268819 0.1415929203539823
0.1702127659574468 0.1415929203539823
0.16842105263157894 0.1415929203539823
0.16666666666666666 0.1415929203539823
0.16494845360824742 0.1415929203539823
0.16326530612244897 0.1415929203539823
0.16161616161616163 0.1415929203539823
0.17 0.1504424778761062
0.16831683168316833 0.1504424778761062
0.17647058823529413 0.1592920353982301
0.17475728155339806 0.1592920353982301
0.17307692307692307 0.1592920353982301
0.18095238095238095 0.168141592920354
0.1792452830188679 0.168141592920354
0.18691588785046728 0.17699115044247787
0.18518518518518517 0.17699115044247787
0.1834862385321101 0.17699115044247787
0.18181818181818182 0.17699115044247787
0.18018018018018017 0.17699115044247787
0.17857142857142858 0.17699115044247787
0.17699115044247787 0.17699115044247787
0.17543859649122806 0.17699115044247787
0.17391304347826086 0.17699115044247787
0.1724137931034483 0.17699115044247787
0.17094017094017094 0.17699115044247787
0.1694915254237288 0.17699115044247787
0.16806722689075632 0.17699115044247787
0.16666666666666666 0.17699115044247787
0.1652892561983471 0.17699115044247787
0.16393442622950818 0.17699115044247787
0.16260162601626016 0.17699115044247787
0.16129032258064516 0.17699115044247787
0.16 0.17699115044247787
0.16666666666666666 0.18584070796460178
0.16535433070866143 0.18584070796460178
0.1640625 0.18584070796460178
0.16279069767441862 0.18584070796460178
0.16153846153846155 0.18584070796460178
0.16030534351145037 0.18584070796460178
0.1590909090909091 0.18584070796460178
0.15789473684210525 0.18584070796460178
0.15671641791044777 0.18584070796460178
0.15555555555555556 0.18584070796460178
0.15441176470588236 0.18584070796460178
0.15328467153284672 0.18584070796460178
0.15217391304347827 0.18584070796460178
0.1510791366906475 0.18584070796460178
0.15 0.18584070796460178
0.14893617021276595 0.18584070796460178
0.14788732394366197 0.18584070796460178
0.14685314685314685 0.18584070796460178
0.14583333333333334 0.18584070796460178
0.14482758620689656 0.18584070796460178
0.14383561643835616 0.18584070796460178
0.14285714285714285 0.18584070796460178
0.14189189189189189 0.18584070796460178
0.14093959731543623 0.18584070796460178
0.14 0.18584070796460178
0.1390728476821192 0.18584070796460178
0.13815789473684212 0.18584070796460178
0.13725490196078433 0.18584070796460178
0.13636363636363635 0.18584070796460178
0.13548387096774195 0.18584070796460178
0.1346153846153846 0.18584070796460178
0.1337579617834395 0.18584070796460178
0.13291139240506328 0.18584070796460178
0.1320754716981132 0.18584070796460178
0.13125 0.18584070796460178
0.13043478260869565 0.18584070796460178
0.12962962962962962 0.18584070796460178
0.12883435582822086 0.18584070796460178
0.12804878048780488 0.18584070796460178
0.12727272727272726 0.18584070796460178
0.12650602409638553 0.18584070796460178
0.12574850299401197 0.18584070796460178
0.125 0.18584070796460178
0.1242603550295858 0.18584070796460178
0.12352941176470589 0.18584070796460178
0.12280701754385964 0.18584070796460178
0.12209302325581395 0.18584070796460178
0.12138728323699421 0.18584070796460178
0.1206896551724138 0.18584070796460178
0.12 0.18584070796460178
0.11931818181818182 0.18584070796460178
0.11864406779661017 0.18584070796460178
0.11797752808988764 0.18584070796460178
0.11731843575418995 0.18584070796460178
0.11666666666666667 0.18584070796460178
0.11602209944751381 0.18584070796460178
0.11538461538461539 0.18584070796460178
0.11475409836065574 0.18584070796460178
0.11413043478260869 0.18584070796460178
0.11351351351351352 0.18584070796460178
0.11290322580645161 0.18584070796460178
0.11229946524064172 0.18584070796460178
0.11170212765957446 0.18584070796460178
0.1111111111111111 0.18584070796460178
0.11052631578947368 0.18584070796460178
0.1099476439790576 0.18584070796460178
0.109375 0.18584070796460178
0.10880829015544041 0.18584070796460178
0.10824742268041238 0.18584070796460178
0.1076923076923077 0.18584070796460178
0.10714285714285714 0.18584070796460178
0.1065989847715736 0.18584070796460178
0.10606060606060606 0.18584070796460178
0.10552763819095477 0.18584070796460178
0.105 0.18584070796460178
0.1044776119402985 0.18584070796460178
0.10396039603960396 0.18584070796460178
0.10344827586206896 0.18584070796460178
0.10294117647058823 0.18584070796460178
0.1024390243902439 0.18584070796460178
0.10194174757281553 0.18584070796460178
0.10144927536231885 0.18584070796460178
0.10096153846153846 0.18584070796460178
0.10047846889952153 0.18584070796460178
0.1 0.18584070796460178
0.0995260663507109 0.18584070796460178
0.09905660377358491 0.18584070796460178
0.09859154929577464 0.18584070796460178
0.09813084112149532 0.18584070796460178
0.09767441860465116 0.18584070796460178
0.09722222222222222 0.18584070796460178
0.0967741935483871 0.18584070796460178
0.10091743119266056 0.19469026548672566
0.1004566210045662 0.19469026548672566
0.1 0.19469026548672566
0.09954751131221719 0.19469026548672566
0.0990990990990991 0.19469026548672566
0.09865470852017937 0.19469026548672566
0.09821428571428571 0.19469026548672566
0.09777777777777778 0.19469026548672566
0.09734513274336283 0.19469026548672566
0.09691629955947137 0.19469026548672566
0.09649122807017543 0.19469026548672566
0.09606986899563319 0.19469026548672566
0.09565217391304348 0.19469026548672566
0.09523809523809523 0.19469026548672566
0.09482758620689655 0.19469026548672566
0.0944206008583691 0.19469026548672566
0.09401709401709402 0.19469026548672566
0.09361702127659574 0.19469026548672566
0.09322033898305085 0.19469026548672566
0.09282700421940929 0.19469026548672566
0.09243697478991597 0.19469026548672566
0.09205020920502092 0.19469026548672566
0.09166666666666666 0.19469026548672566
0.0912863070539419 0.19469026548672566
0.09090909090909091 0.19469026548672566
0.09053497942386832 0.19469026548672566
0.09016393442622951 0.19469026548672566
0.08979591836734693 0.19469026548672566
0.08943089430894309 0.19469026548672566
0.08906882591093117 0.19469026548672566
0.08870967741935484 0.19469026548672566
0.08835341365461848 0.19469026548672566
0.088 0.19469026548672566
0.08764940239043825 0.19469026548672566
0.0873015873015873 0.19469026548672566
0.08695652173913043 0.19469026548672566
0.08661417322834646 0.19469026548672566
0.08627450980392157 0.19469026548672566
0.08984375 0.20353982300884957
0.0933852140077821 0.21238938053097345
0.09689922480620156 0.22123893805309736
0.09652509652509653 0.22123893805309736
0.1 0.23008849557522124
0.10344827586206896 0.23893805309734514
0.10687022900763359 0.24778761061946902
0.10646387832699619 0.24778761061946902
0.10606060606060606 0.24778761061946902
0.10566037735849057 0.24778761061946902
0.10526315789473684 0.24778761061946902
0.10486891385767791 0.24778761061946902
0.1044776119402985 0.24778761061946902
0.10408921933085502 0.24778761061946902
0.1037037037037037 0.24778761061946902
0.1033210332103321 0.24778761061946902
0.10294117647058823 0.24778761061946902
0.10256410256410256 0.24778761061946902
0.10218978102189781 0.24778761061946902
0.10181818181818182 0.24778761061946902
0.10144927536231885 0.24778761061946902
0.10108303249097472 0.24778761061946902
0.10071942446043165 0.24778761061946902
0.1003584229390681 0.24778761061946902
0.1 0.24778761061946902
0.099644128113879 0.24778761061946902
0.09929078014184398 0.24778761061946902
0.0989399293286219 0.24778761061946902
0.09859154929577464 0.24778761061946902
0.09824561403508772 0.24778761061946902
0.0979020979020979 0.24778761061946902
0.0975609756097561 0.24778761061946902
0.09722222222222222 0.24778761061946902
0.09688581314878893 0.24778761061946902
0.09655172413793103 0.24778761061946902
0.09621993127147767 0.24778761061946902
0.0958904109589041 0.24778761061946902
0.09556313993174062 0.24778761061946902
0.09523809523809523 0.24778761061946902
0.09491525423728814 0.24778761061946902
0.0945945945945946 0.24778761061946902
0.09427609427609428 0.24778761061946902
0.09395973154362416 0.24778761061946902
0.09364548494983277 0.24778761061946902
0.09333333333333334 0.24778761061946902
0.09302325581395349 0.24778761061946902
0.09271523178807947 0.24778761061946902
0.0924092409240924 0.24778761061946902
0.09210526315789473 0.24778761061946902
0.09180327868852459 0.24778761061946902
0.0915032679738562 0.24778761061946902
0.09120521172638436 0.24778761061946902
0.09090909090909091 0.24778761061946902
0.09061488673139159 0.24778761061946902
0.09032258064516129 0.24778761061946902
0.09003215434083602 0.24778761061946902
0.08974358974358974 0.24778761061946902
0.08945686900958466 0.24778761061946902
0.08917197452229299 0.24778761061946902
0.08888888888888889 0.24778761061946902
0.08860759493670886 0.24778761061946902
0.08832807570977919 0.24778761061946902
0.0880503144654088 0.24778761061946902
0.0877742946708464 0.24778761061946902
0.0875 0.24778761061946902
0.08722741433021806 0.24778761061946902
0.08695652173913043 0.24778761061946902
0.08668730650154799 0.24778761061946902
0.08641975308641975 0.24778761061946902
0.08615384615384615 0.24778761061946902
0.08588957055214724 0.24778761061946902
0.0856269113149847 0.24778761061946902
0.08536585365853659 0.24778761061946902
0.0851063829787234 0.24778761061946902
0.08484848484848485 0.24778761061946902
0.08459214501510574 0.24778761061946902
0.08433734939759036 0.24778761061946902
0.08408408408408409 0.24778761061946902
0.08383233532934131 0.24778761061946902
0.08358208955223881 0.24778761061946902
0.08333333333333333 0.24778761061946902
0.0830860534124629 0.24778761061946902
0.08284023668639054 0.24778761061946902
0.08259587020648967 0.24778761061946902
0.08235294117647059 0.24778761061946902
0.08211143695014662 0.24778761061946902
0.08187134502923976 0.24778761061946902
0.08163265306122448 0.24778761061946902
0.08139534883720931 0.24778761061946902
0.08115942028985507 0.24778761061946902
0.08092485549132948 0.24778761061946902
0.08069164265129683 0.24778761061946902
0.08045977011494253 0.24778761061946902
0.08022922636103152 0.24778761061946902
0.08 0.24778761061946902
0.07977207977207977 0.24778761061946902
0.07954545454545454 0.24778761061946902
0.07932011331444759 0.24778761061946902
0.07909604519774012 0.24778761061946902
0.07887323943661972 0.24778761061946902
0.07865168539325842 0.24778761061946902
0.0784313725490196 0.24778761061946902
0.0782122905027933 0.24778761061946902
0.07799442896935933 0.24778761061946902
0.07777777777777778 0.24778761061946902
0.07756232686980609 0.24778761061946902
0.07734806629834254 0.24778761061946902
0.07713498622589532 0.24778761061946902
0.07692307692307693 0.24778761061946902
0.07671232876712329 0.24778761061946902
0.07650273224043716 0.24778761061946902
0.07629427792915532 0.24778761061946902
0.07608695652173914 0.24778761061946902
0.07588075880758807 0.24778761061946902
0.07567567567567568 0.24778761061946902
0.07547169811320754 0.24778761061946902
0.07526881720430108 0.24778761061946902
0.07506702412868632 0.24778761061946902
0.0748663101604278 0.24778761061946902
0.07466666666666667 0.24778761061946902
0.07446808510638298 0.24778761061946902
0.07427055702917772 0.24778761061946902
0.07407407407407407 0.24778761061946902
0.07387862796833773 0.24778761061946902
0.07368421052631578 0.24778761061946902
0.07349081364829396 0.24778761061946902
0.07329842931937172 0.24778761061946902
0.0731070496083551 0.24778761061946902
0.07291666666666667 0.24778761061946902
0.07272727272727272 0.24778761061946902
0.07253886010362694 0.24778761061946902
0.07235142118863049 0.24778761061946902
0.07216494845360824 0.24778761061946902
0.07197943444730077 0.24778761061946902
0.07179487179487179 0.24778761061946902
0.07161125319693094 0.24778761061946902
0.07142857142857142 0.24778761061946902
0.07124681933842239 0.24778761061946902
0.07106598984771574 0.24778761061946902
0.07088607594936709 0.24778761061946902
0.0707070707070707 0.24778761061946902
0.07052896725440806 0.24778761061946902
0.07035175879396985 0.24778761061946902
0.07017543859649122 0.24778761061946902
0.07 0.24778761061946902
0.06982543640897755 0.24778761061946902
0.06965174129353234 0.24778761061946902
0.06947890818858561 0.24778761061946902
0.06930693069306931 0.24778761061946902
0.0691358024691358 0.24778761061946902
0.06896551724137931 0.24778761061946902
0.0687960687960688 0.24778761061946902
0.06862745098039216 0.24778761061946902
0.06845965770171149 0.24778761061946902
0.06829268292682927 0.24778761061946902
0.0681265206812652 0.24778761061946902
0.06796116504854369 0.24778761061946902
0.06779661016949153 0.24778761061946902
0.06763285024154589 0.24778761061946902
0.06746987951807229 0.24778761061946902
0.0673076923076923 0.24778761061946902
0.0671462829736211 0.24778761061946902
0.06698564593301436 0.24778761061946902
0.06682577565632458 0.24778761061946902
0.06666666666666667 0.24778761061946902
0.0665083135391924 0.24778761061946902
0.06635071090047394 0.24778761061946902
0.06619385342789598 0.24778761061946902
0.0660377358490566 0.24778761061946902
0.06588235294117648 0.24778761061946902
0.06572769953051644 0.24778761061946902
0.06557377049180328 0.24778761061946902
0.06542056074766354 0.24778761061946902
0.0675990675990676 0.25663716814159293
0.06744186046511629 0.25663716814159293
0.06728538283062645 0.25663716814159293
0.06712962962962964 0.25663716814159293
0.06697459584295612 0.25663716814159293
0.06682027649769585 0.25663716814159293
0.06666666666666667 0.25663716814159293
0.06651376146788991 0.25663716814159293
0.06636155606407322 0.25663716814159293
0.06621004566210045 0.25663716814159293
0.06605922551252848 0.25663716814159293
0.0659090909090909 0.25663716814159293
0.06575963718820861 0.25663716814159293
0.06561085972850679 0.25663716814159293
0.0654627539503386 0.25663716814159293
0.06531531531531531 0.25663716814159293
0.0651685393258427 0.25663716814159293
0.06502242152466367 0.25663716814159293
0.06487695749440715 0.25663716814159293
0.06473214285714286 0.25663716814159293
0.0645879732739421 0.25663716814159293
0.06444444444444444 0.25663716814159293
0.06430155210643015 0.25663716814159293
0.06415929203539823 0.25663716814159293
0.0640176600441501 0.25663716814159293
0.06387665198237885 0.25663716814159293
0.06373626373626373 0.25663716814159293
0.06359649122807018 0.25663716814159293
0.06345733041575492 0.25663716814159293
0.06331877729257641 0.25663716814159293
0.06318082788671024 0.25663716814159293
0.06304347826086956 0.25663716814159293
0.06290672451193059 0.25663716814159293
0.06277056277056277 0.25663716814159293
0.06263498920086392 0.25663716814159293
0.0625 0.25663716814159293
0.06236559139784946 0.25663716814159293
0.06223175965665236 0.25663716814159293
0.06209850107066381 0.25663716814159293
0.06196581196581197 0.25663716814159293
0.06183368869936034 0.25663716814159293
0.06382978723404255 0.26548672566371684
0.06581740976645435 0.2743362831858407
0.06567796610169492 0.2743362831858407
0.06553911205073996 0.2743362831858407
0.06540084388185655 0.2743362831858407
0.06526315789473684 0.2743362831858407
0.06512605042016807 0.2743362831858407
0.0649895178197065 0.2743362831858407
0.06485355648535565 0.2743362831858407
0.06471816283924843 0.2743362831858407
0.06458333333333334 0.2743362831858407
0.06444906444906445 0.2743362831858407
0.06431535269709543 0.2743362831858407
0.06418219461697723 0.2743362831858407
0.0640495867768595 0.2743362831858407
0.06391752577319587 0.2743362831858407
0.06378600823045268 0.2743362831858407
0.06365503080082136 0.2743362831858407
0.06352459016393443 0.2743362831858407
0.06339468302658487 0.2743362831858407
0.06326530612244897 0.2743362831858407
0.06313645621181263 0.2743362831858407
0.06300813008130081 0.2743362831858407
0.06288032454361055 0.2743362831858407
0.06275303643724696 0.2743362831858407
0.06262626262626263 0.2743362831858407
0.0625 0.2743362831858407
0.06237424547283702 0.2743362831858407
0.06224899598393574 0.2743362831858407
0.06212424849699399 0.2743362831858407
0.062 0.2743362831858407
0.06187624750499002 0.2743362831858407
0.061752988047808766 0.2743362831858407
0.061630218687872766 0.2743362831858407
0.061507936507936505 0.2743362831858407
0.061386138613861385 0.2743362831858407
0.06126482213438735 0.2743362831858407
0.0611439842209073 0.2743362831858407
0.0610236220472441 0.2743362831858407
0.060903732809430254 0.2743362831858407
0.060784313725490195 0.2743362831858407
0.060665362035225046 0.2743362831858407
0.060546875 0.2743362831858407
0.06042884990253411 0.2743362831858407
0.06031128404669261 0.2743362831858407
0.06019417475728155 0.2743362831858407
0.060077519379844964 0.2743362831858407
0.059961315280464215 0.2743362831858407
0.059845559845559844 0.2743362831858407
0.05973025048169557 0.2743362831858407
0.05961538461538462 0.2743362831858407
0.05950095969289827 0.2743362831858407
0.05938697318007663 0.2743362831858407
0.05927342256214149 0.2743362831858407
0.05916030534351145 0.2743362831858407
0.05904761904761905 0.2743362831858407
0.058935361216730035 0.2743362831858407
0.058823529411764705 0.2743362831858407
0.058712121212121215 0.2743362831858407
0.05860113421550094 0.2743362831858407
0.05849056603773585 0.2743362831858407
0.0583804143126177 0.2743362831858407
0.05827067669172932 0.2743362831858407
0.058161350844277676 0.2743362831858407
0.05805243445692884 0.2743362831858407
0.05794392523364486 0.2743362831858407
0.05783582089552239 0.2743362831858407
0.05772811918063315 0.2743362831858407
0.05762081784386617 0.2743362831858407
0.0575139146567718 0.2743362831858407
0.05740740740740741 0.2743362831858407
0.05730129390018484 0.2743362831858407
0.05719557195571956 0.2743362831858407
0.0570902394106814 0.2743362831858407
0.05698529411764706 0.2743362831858407
0.05688073394495413 0.2743362831858407
0.056776556776556776 0.2743362831858407
0.056672760511883 0.2743362831858407
0.05656934306569343 0.2743362831858407
0.056466302367941715 0.2743362831858407
0.056363636363636366 0.2743362831858407
0.056261343012704176 0.2743362831858407
0.05615942028985507 0.2743362831858407
0.05605786618444846 0.2743362831858407
0.05595667870036101 0.2743362831858407
0.055855855855855854 0.2743362831858407
0.05575539568345324 0.2743362831858407
0.05565529622980251 0.2743362831858407
0.05555555555555555 0.2743362831858407
0.055456171735241505 0.2743362831858407
0.055357142857142855 0.2743362831858407
0.05525846702317291 0.2743362831858407
0.05516014234875445 0.2743362831858407
0.055062166962699825 0.2743362831858407
0.0549645390070922 0.2743362831858407
0.05486725663716814 0.2743362831858407
0.054770318021201414 0.2743362831858407
0.054673721340388004 0.2743362831858407
0.05457746478873239 0.2743362831858407
0.054481546572934976 0.2743362831858407
0.054385964912280704 0.2743362831858407
0.0542907180385289 0.2743362831858407
0.05419580419580419 0.2743362831858407
0.05410122164048865 0.2743362831858407
0.05400696864111498 0.2743362831858407
0.05565217391304348 0.2831858407079646
0.05555555555555555 0.2831858407079646
0.05545927209705372 0.2831858407079646
0.05536332179930796 0.2831858407079646
0.055267702936096716 0.2831858407079646
0.05517241379310345 0.2831858407079646
0.055077452667814115 0.2831858407079646
0.054982817869415807 0.2831858407079646
0.0548885077186964 0.2831858407079646
0.0547945205479452 0.2831858407079646
0.0547008547008547 0.2831858407079646
0.05460750853242321 0.2831858407079646
0.054514480408858604 0.2831858407079646
0.05442176870748299 0.2831858407079646
0.05432937181663837 0.2831858407079646
0.05423728813559322 0.2831858407079646
0.05414551607445008 0.2831858407079646
0.05405405405405406 0.2831858407079646
0.05396290050590219 0.2831858407079646
0.05387205387205387 0.2831858407079646
0.05378151260504202 0.2831858407079646
0.053691275167785234 0.2831858407079646
0.05360134003350084 0.2831858407079646
0.05351170568561873 0.2831858407079646
0.05342237061769616 0.2831858407079646
0.05333333333333334 0.2831858407079646
0.05324459234608985 0.2831858407079646
0.053156146179401995 0.2831858407079646
0.05306799336650083 0.2831858407079646
0.052980132450331126 0.2831858407079646
0.05289256198347107 0.2831858407079646
0.052805280528052806 0.2831858407079646
0.05271828665568369 0.2831858407079646
0.05263157894736842 0.2831858407079646
0.052545155993431854 0.2831858407079646
0.05245901639344262 0.2831858407079646
0.05237315875613748 0.2831858407079646
0.05228758169934641 0.2831858407079646
0.052202283849918436 0.2831858407079646
0.05211726384364821 0.2831858407079646
0.05203252032520325 0.2831858407079646
0.05194805194805195 0.2831858407079646
0.05186385737439222 0.2831858407079646
0.05177993527508091 0.2831858407079646
0.051696284329563816 0.2831858407079646
0.05161290322580645 0.2831858407079646
0.05152979066022544 0.2831858407079646
0.05144694533762058 0.2831858407079646
0.051364365971107544 0.2831858407079646
0.05128205128205128 0.2831858407079646
0.0512 0.2831858407079646
0.051118210862619806 0.2831858407079646
0.051036682615629984 0.2831858407079646
0.050955414012738856 0.2831858407079646
0.05087440381558029 0.2831858407079646
0.050793650793650794 0.2831858407079646
0.05071315372424723 0.2831858407079646
0.05063291139240506 0.2831858407079646
0.05055292259083728 0.2831858407079646
0.050473186119873815 0.2831858407079646
0.050393700787401574 0.2831858407079646
0.050314465408805034 0.2831858407079646
0.05023547880690738 0.2831858407079646
0.050156739811912224 0.2831858407079646
0.050078247261345854 0.2831858407079646
0.05 0.2831858407079646
0.0499219968798752 0.2831858407079646
0.04984423676012461 0.2831858407079646
0.049766718506998445 0.2831858407079646
0.049689440993788817 0.2831858407079646
0.04961240310077519 0.2831858407079646
0.04953560371517028 0.2831858407079646
0.04945904173106646 0.2831858407079646
0.04938271604938271 0.2831858407079646
0.04930662557781202 0.2831858407079646
0.04923076923076923 0.2831858407079646
0.04915514592933948 0.2831858407079646
0.049079754601226995 0.2831858407079646
0.04900459418070444 0.2831858407079646
0.04892966360856269 0.2831858407079646
0.04885496183206107 0.2831858407079646
0.04878048780487805 0.2831858407079646
0.0487062404870624 0.2831858407079646
0.0486322188449848 0.2831858407079646
0.048558421851289835 0.2831858407079646
0.048484848484848485 0.2831858407079646
0.048411497730711045 0.2831858407079646
0.04833836858006042 0.2831858407079646
0.048265460030165915 0.2831858407079646
0.04819277108433735 0.2831858407079646
0.0481203007518797 0.2831858407079646
0.04804804804804805 0.2831858407079646
0.047976011994003 0.2831858407079646
0.04790419161676647 0.2831858407079646
0.04783258594917788 0.2831858407079646
0.04776119402985075 0.2831858407079646
0.04769001490312966 0.2831858407079646
0.047619047619047616 0.2831858407079646
0.0475482912332838 0.2831858407079646
0.04747774480712166 0.2831858407079646
0.047407407407407405 0.2831858407079646
0.047337278106508875 0.2831858407079646
0.047267355982274745 0.2831858407079646
0.0471976401179941 0.2831858407079646
0.047128129602356406 0.2831858407079646
0.047058823529411764 0.2831858407079646
0.04698972099853157 0.2831858407079646
0.0469208211143695 0.2831858407079646
0.04685212298682284 0.2831858407079646
0.04678362573099415 0.2831858407079646
0.04671532846715328 0.2831858407079646
0.04664723032069971 0.2831858407079646
0.046579330422125184 0.2831858407079646
0.046511627906976744 0.2831858407079646
0.04644412191582003 0.2831858407079646
0.0463768115942029 0.2831858407079646
0.04775687409551375 0.2920353982300885
0.0476878612716763 0.2920353982300885
0.047619047619047616 0.2920353982300885
0.04755043227665706 0.2920353982300885
0.04748201438848921 0.2920353982300885
0.04741379310344827 0.2920353982300885
0.047345767575322814 0.2920353982300885
0.04727793696275072 0.2920353982300885
0.04721030042918455 0.2920353982300885
0.047142857142857146 0.2920353982300885
0.047075606276747506 0.2920353982300885
0.04700854700854701 0.2920353982300885
0.04694167852062589 0.2920353982300885
0.046875 0.2920353982300885
0.04680851063829787 0.2920353982300885
0.046742209631728045 0.2920353982300885
0.04667609618104668 0.2920353982300885
0.046610169491525424 0.2920353982300885
0.0465444287729196 0.2920353982300885
0.04647887323943662 0.2920353982300885
0.046413502109704644 0.2920353982300885
0.046348314606741575 0.2920353982300885
0.04628330995792426 0.2920353982300885
0.046218487394957986 0.2920353982300885
0.046153846153846156 0.2920353982300885
0.046089385474860335 0.2920353982300885
0.04602510460251046 0.2920353982300885
0.04596100278551532 0.2920353982300885
0.0458970792767733 0.2920353982300885
0.04583333333333333 0.2920353982300885
0.04576976421636616 0.2920353982300885
0.045706371191135735 0.2920353982300885
0.04564315352697095 0.2920353982300885
0.04558011049723757 0.2920353982300885
0.04551724137931035 0.2920353982300885
0.045454545454545456 0.2920353982300885
0.0453920220082531 0.2920353982300885
0.04532967032967033 0.2920353982300885
0.04526748971193416 0.2920353982300885
0.045205479452054796 0.2920353982300885
0.04514363885088919 0.2920353982300885
0.045081967213114756 0.2920353982300885
0.045020463847203276 0.2920353982300885
0.04495912806539509 0.2920353982300885
0.044897959183673466 0.2920353982300885
0.04483695652173913 0.2920353982300885
0.04477611940298507 0.2920353982300885
0.044715447154471545 0.2920353982300885
0.044654939106901215 0.2920353982300885
0.0445945945945946 0.2920353982300885
0.044534412955465584 0.2920353982300885
0.0444743935309973 0.2920353982300885
0.04441453566621804 0.2920353982300885
0.04435483870967742 0.2920353982300885
0.04429530201342282 0.2920353982300885
0.04423592493297587 0.2920353982300885
0.04417670682730924 0.2920353982300885
0.04411764705882353 0.2920353982300885
0.044058744993324434 0.2920353982300885
0.044 0.2920353982300885
0.043941411451398134 0.2920353982300885
0.043882978723404256 0.2920353982300885
0.043824701195219126 0.2920353982300885
0.04376657824933687 0.2920353982300885
0.04370860927152318 0.2920353982300885
0.04365079365079365 0.2920353982300885
0.043593130779392336 0.2920353982300885
0.04353562005277045 0.2920353982300885
0.043478260869565216 0.2920353982300885
0.04342105263157895 0.2920353982300885
0.04336399474375821 0.2920353982300885
0.04330708661417323 0.2920353982300885
0.04325032765399738 0.2920353982300885
0.04319371727748691 0.2920353982300885
0.043137254901960784 0.2920353982300885
0.04308093994778068 0.2920353982300885
0.04302477183833116 0.2920353982300885
0.04296875 0.2920353982300885
0.04291287386215865 0.2920353982300885
0.04285714285714286 0.2920353982300885
0.042801556420233464 0.2920353982300885
0.042746113989637305 0.2920353982300885
0.042690815006468305 0.2920353982300885
0.04263565891472868 0.2920353982300885
0.04258064516129032 0.2920353982300885
0.04252577319587629 0.2920353982300885
0.04247104247104247 0.2920353982300885
0.042416452442159386 0.2920353982300885
0.04236200256739409 0.2920353982300885
0.04230769230769231 0.2920353982300885
0.04225352112676056 0.2920353982300885
0.04219948849104859 0.2920353982300885
0.0421455938697318 0.2920353982300885
0.042091836734693876 0.2920353982300885
0.04203821656050955 0.2920353982300885
0.04198473282442748 0.2920353982300885
0.043202033036848796 0.3008849557522124
0.044416243654822336 0.30973451327433627
0.044359949302915085 0.30973451327433627
0.04430379746835443 0.30973451327433627
0.04424778761061947 0.30973451327433627
0.04419191919191919 0.30973451327433627
0.044136191677175286 0.30973451327433627
0.04408060453400504 0.30973451327433627
0.0440251572327044 0.30973451327433627
0.04396984924623116 0.30973451327433627
0.043914680050188205 0.30973451327433627
0.043859649122807015 0.30973451327433627
0.04380475594493116 0.30973451327433627
0.04375 0.30973451327433627
0.04369538077403246 0.30973451327433627
0.043640897755610975 0.30973451327433627
0.043586550435865505 0.30973451327433627
0.043532338308457715 0.30973451327433627
0.043478260869565216 0.30973451327433627
0.043424317617866005 0.30973451327433627
0.04337050805452292 0.30973451327433627
0.043316831683168314 0.30973451327433627
0.04326328800988875 0.30973451327433627
0.043209876543209874 0.30973451327433627
0.04315659679408138 0.30973451327433627
0.04310344827586207 0.30973451327433627
0.04305043050430504 0.30973451327433627
0.042997542997543 0.30973451327433627
0.04294478527607362 0.30973451327433627
0.0428921568627451 0.30973451327433627
0.042839657282741736 0.30973451327433627
0.042787286063569685 0.30973451327433627
0.042735042735042736 0.30973451327433627
0.042682926829268296 0.30973451327433627
0.04263093788063337 0.30973451327433627
0.04257907542579075 0.30973451327433627
0.0425273390036452 0.30973451327433627
0.04247572815533981 0.30973451327433627
0.04242424242424243 0.30973451327433627
0.0423728813559322 0.30973451327433627
0.04232164449818621 0.30973451327433627
0.042270531400966184 0.30973451327433627
0.04221954161640531 0.30973451327433627
0.04216867469879518 0.30973451327433627
0.0421179302045728 0.30973451327433627
0.042067307692307696 0.30973451327433627
0.04201680672268908 0.30973451327433627
0.04196642685851319 0.30973451327433627
0.041916167664670656 0.30973451327433627
0.041866028708133975 0.30973451327433627
0.04181600955794504 0.30973451327433627
0.041766109785202864 0.30973451327433627
0.041716328963051254 0.30973451327433627
0.041666666666666664 0.30973451327433627
0.041617122473246136 0.30973451327433627
0.04156769596199525 0.30973451327433627
0.04151838671411625 0.30973451327433627
0.041469194312796206 0.30973451327433627
0.04142011834319527 0.30973451327433627
0.041371158392434985 0.30973451327433627
0.04132231404958678 0.30973451327433627
0.041273584905660375 0.30973451327433627
0.04122497055359246 0.30973451327433627
0.041176470588235294 0.30973451327433627
0.041128084606345476 0.30973451327433627
0.04107981220657277 0.30973451327433627
0.041031652989449004 0.30973451327433627
0.040983606557377046 0.30973451327433627
0.04093567251461988 0.30973451327433627
0.04088785046728972 0.30973451327433627
0.040840140023337225 0.30973451327433627
0.04079254079254079 0.30973451327433627
0.04074505238649592 0.30973451327433627
0.040697674418604654 0.30973451327433627
0.04065040650406504 0.30973451327433627
0.04060324825986079 0.30973451327433627
0.04055619930475087 0.30973451327433627
0.04050925925925926 0.30973451327433627
0.04046242774566474 0.30973451327433627
0.04041570438799076 0.30973451327433627
0.040369088811995385 0.30973451327433627
0.04032258064516129 0.30973451327433627
0.04027617951668585 0.30973451327433627
0.040229885057471264 0.30973451327433627
0.040183696900114814 0.30973451327433627
0.040137614678899085 0.30973451327433627
0.04009163802978236 0.30973451327433627
0.04004576659038902 0.30973451327433627
0.04 0.30973451327433627
0.03995433789954338 0.30973451327433627
0.039908779931584946 0.30973451327433627
0.03986332574031891 0.30973451327433627
0.03981797497155859 0.30973451327433627
0.03977272727272727 0.30973451327433627
0.039727582292849034 0.30973451327433627
0.03968253968253968 0.30973451327433627
0.039637599093997736 0.30973451327433627
0.03959276018099547 0.30973451327433627
0.03954802259887006 0.30973451327433627
0.039503386004514675 0.30973451327433627
0.03945885005636979 0.30973451327433627
0.039414414414414414 0.30973451327433627
0.03937007874015748 0.30973451327433627
0.03932584269662921 0.30973451327433627
0.03928170594837262 0.30973451327433627
0.03923766816143498 0.30973451327433627
0.03919372900335946 0.30973451327433627
0.039149888143176735 0.30973451327433627
0.03910614525139665 0.30973451327433627
0.04017857142857143 0.3185840707964602
0.04013377926421405 0.3185840707964602
0.0400890868596882 0.3185840707964602
0.04004449388209121 0.3185840707964602
0.04 0.3185840707964602
0.03995560488346282 0.3185840707964602
0.03991130820399113 0.3185840707964602
0.03986710963455149 0.3185840707964602
0.03982300884955752 0.3185840707964602
0.039779005524861875 0.3185840707964602
0.039735099337748346 0.3185840707964602
0.03969128996692393 0.3185840707964602
0.039647577092511016 0.3185840707964602
0.039603960396039604 0.3185840707964602
0.03956043956043956 0.3185840707964602
0.04061470911086718 0.3274336283185841
0.04057017543859649 0.3274336283185841
0.0416210295728368 0.336283185840708
0.04157549234135667 0.336283185840708
0.041530054644808745 0.336283185840708
0.04148471615720524 0.336283185840708
0.04143947655398037 0.336283185840708
0.04139433551198257 0.336283185840708
0.041349292709466814 0.336283185840708
0.041304347826086954 0.336283185840708
0.04125950054288816 0.336283185840708
0.04121475054229935 0.336283185840708
0.041170097508125676 0.336283185840708
0.04112554112554113 0.336283185840708
0.04108108108108108 0.336283185840708
0.04103671706263499 0.336283185840708
0.040992448759439054 0.336283185840708
0.040948275862068964 0.336283185840708
0.04090419806243272 0.336283185840708
0.04086021505376344 0.336283185840708
0.04081632653061224 0.336283185840708
0.0407725321888412 0.336283185840708
0.04072883172561629 0.336283185840708
0.04068522483940043 0.336283185840708
0.040641711229946524 0.336283185840708
0.0405982905982906 0.336283185840708
0.04055496264674493 0.336283185840708
0.04051172707889126 0.336283185840708
0.04046858359957402 0.336283185840708
0.04042553191489362 0.336283185840708
0.040382571732199786 0.336283185840708
0.040339702760084924 0.336283185840708
0.04029692470837752 0.336283185840708
0.04025423728813559 0.336283185840708
0.04021164021164021 0.336283185840708
0.040169133192389 0.336283185840708
0.04012671594508976 0.336283185840708
0.04008438818565401 0.336283185840708
0.040042149631190724 0.336283185840708
0.04 0.336283185840708
0.03995793901156677 0.336283185840708
0.03991596638655462 0.336283185840708
0.03987408184679958 0.336283185840708
0.039832285115303984 0.336283185840708
0.039790575916230364 0.336283185840708
0.0397489539748954 0.336283185840708
0.03970741901776385 0.336283185840708
0.03966597077244259 0.336283185840708
0.03962460896767466 0.336283185840708
0.03958333333333333 0.336283185840708
0.03954214360041623 0.336283185840708
0.0395010395010395 0.336283185840708
0.03946002076843198 0.336283185840708
0.03941908713692946 0.336283185840708
0.039378238341968914 0.336283185840708
0.039337474120082816 0.336283185840708
0.03929679420889348 0.336283185840708
0.03925619834710744 0.336283185840708
0.0392156862745098 0.336283185840708
0.03917525773195876 0.336283185840708
0.03913491246138002 0.336283185840708
0.03909465020576132 0.336283185840708
0.03905447070914697 0.336283185840708
0.039014373716632446 0.336283185840708
0.038974358974358976 0.336283185840708
0.0389344262295082 0.336283185840708
0.038894575230296824 0.336283185840708
0.03885480572597137 0.336283185840708
0.03881511746680286 0.336283185840708
0.03877551020408163 0.336283185840708
0.03873598369011213 0.336283185840708
0.038696537678207736 0.336283185840708
0.038657171922685654 0.336283185840708
0.03861788617886179 0.336283185840708
0.03857868020304569 0.336283185840708
0.038539553752535496 0.336283185840708
0.03850050658561297 0.336283185840708
0.038461538461538464 0.336283185840708
0.03842264914054601 0.336283185840708
0.03838383838383838 0.336283185840708
0.03834510595358224 0.336283185840708
0.038306451612903226 0.336283185840708
0.038267875125881166 0.336283185840708
0.03822937625754527 0.336283185840708
0.03819095477386935 0.336283185840708
0.03815261044176707 0.336283185840708
0.03811434302908726 0.336283185840708
0.03807615230460922 0.336283185840708
0.03803803803803804 0.336283185840708
0.038 0.336283185840708
0.03796203796203796 0.336283185840708
0.03792415169660679 0.336283185840708
0.03788634097706879 0.336283185840708
0.037848605577689244 0.336283185840708
0.03781094527363184 0.336283185840708
0.03777335984095427 0.336283185840708
0.03773584905660377 0.336283185840708
0.037698412698412696 0.336283185840708
0.03766105054509415 0.336283185840708
0.03762376237623762 0.336283185840708
0.03857566765578635 0.34513274336283184
0.038537549407114624 0.34513274336283184
0.0384995064165844 0.34513274336283184
0.038461538461538464 0.34513274336283184
0.03842364532019704 0.34513274336283184
0.038385826771653545 0.34513274336283184
0.038348082595870206 0.34513274336283184
0.03831041257367387 0.34513274336283184
0.038272816486751716 0.34513274336283184
0.03823529411764706 0.34513274336283184
0.03819784524975514 0.34513274336283184
0.03816046966731898 0.34513274336283184
0.03812316715542522 0.34513274336283184
0.0380859375 0.34513274336283184
0.03804878048780488 0.34513274336283184
0.038011695906432746 0.34513274336283184
0.0379746835443038 0.34513274336283184
0.037937743190661476 0.34513274336283184
0.037900874635568516 0.34513274336283184
0.037864077669902914 0.34513274336283184
0.037827352085354024 0.34513274336283184
0.0377906976744186 0.34513274336283184
0.0377541142303969 0.34513274336283184
0.037717601547388784 0.34513274336283184
0.03768115942028986 0.34513274336283184
0.037644787644787646 0.34513274336283184
0.037608486017357765 0.34513274336283184
0.03757225433526012 0.34513274336283184
0.03753609239653513 0.34513274336283184
0.0375 0.34513274336283184
0.037463976945244955 0.34513274336283184
0.03742802303262956 0.34513274336283184
0.037392138063279005 0.34513274336283184
0.03735632183908046 0.34513274336283184
0.03732057416267943 0.34513274336283184
0.0372848948374761 0.34513274336283184
0.03724928366762178 0.34513274336283184
0.03721374045801527 0.34513274336283184
0.037178265014299335 0.34513274336283184
0.037142857142857144 0.34513274336283184
0.037107516650808754 0.34513274336283184
0.0370722433460076 0.34513274336283184
0.037037037037037035 0.34513274336283184
0.03700189753320683 0.34513274336283184
0.03696682464454976 0.34513274336283184
0.036931818181818184 0.34513274336283184
0.036896877956480605 0.34513274336283184
0.036862003780718335 0.34513274336283184
0.036827195467422094 0.34513274336283184
0.03679245283018868 0.34513274336283184
0.036757775683317624 0.34513274336283184
0.03672316384180791 0.34513274336283184
0.036688617121354655 0.34513274336283184
0.03665413533834586 0.34513274336283184
0.036619718309859155 0.34513274336283184
0.036585365853658534 0.34513274336283184
0.03655107778819119 0.34513274336283184
0.03651685393258427 0.34513274336283184
0.03648269410664172 0.34513274336283184
0.03644859813084112 0.34513274336283184
0.036414565826330535 0.34513274336283184
0.036380597014925374 0.34513274336283184
0.036346691519105315 0.34513274336283184
0.036312849162011177 0.34513274336283184
0.03627906976744186 0.34513274336283184
0.0362453531598513 0.34513274336283184
0.036211699164345405 0.34513274336283184
0.036178107606679034 0.34513274336283184
0.03614457831325301 0.34513274336283184
0.03611111111111111 0.34513274336283184
0.036077705827937095 0.34513274336283184
0.036044362292051754 0.34513274336283184
0.036011080332409975 0.34513274336283184
0.035977859778597784 0.34513274336283184
0.035944700460829496 0.34513274336283184
0.03591160220994475 0.34513274336283184
0.035878564857405704 0.34513274336283184
0.035845588235294115 0.34513274336283184
0.03581267217630854 0.34513274336283184
0.03577981651376147 0.34513274336283184
0.035747021081576534 0.34513274336283184
0.03571428571428571 0.34513274336283184
0.035681610247026534 0.34513274336283184
0.0356489945155393 0.34513274336283184
0.03561643835616438 0.34513274336283184
0.035583941605839414 0.34513274336283184
0.03555150410209663 0.34513274336283184
0.03551912568306011 0.34513274336283184
0.03548680618744313 0.34513274336283184
0.035454545454545454 0.34513274336283184
0.035422343324250684 0.34513274336283184
0.03539019963702359 0.34513274336283184
0.03535811423390753 0.34513274336283184
0.035326086956521736 0.34513274336283184
0.03529411764705882 0.34513274336283184
0.0352622061482821 0.34513274336283184
0.03523035230352303 0.34513274336283184
0.0351985559566787 0.34513274336283184
0.0351668169522092 0.34513274336283184
0.03513513513513514 0.34513274336283184
0.0351035103510351 0.34513274336283184
0.03507194244604316 0.34513274336283184
0.03504043126684636 0.34513274336283184
0.03500897666068223 0.34513274336283184
0.03497757847533632 0.34513274336283184
0.03494623655913978 0.34513274336283184
0.03491495076096687 0.34513274336283184
0.03488372093023256 0.34513274336283184
0.03485254691689008 0.34513274336283184
0.03482142857142857 0.34513274336283184
0.03479036574487065 0.34513274336283184
0.034759358288770054 0.34513274336283184
0.034728406055209264 0.34513274336283184
0.03469750889679715 0.34513274336283184
0.034666666666666665 0.34513274336283184
0.03463587921847247 0.34513274336283184
0.03460514640638864 0.34513274336283184
0.034574468085106384 0.34513274336283184
0.03454384410983171 0.34513274336283184
0.034513274336283185 0.34513274336283184
0.034482758620689655 0.34513274336283184
0.03445229681978799 0.34513274336283184
0.03442188879082083 0.34513274336283184
0.03439153439153439 0.34513274336283184
0.03436123348017621 0.34513274336283184
0.03433098591549296 0.34513274336283184
0.03430079155672823 0.34513274336283184
0.03427065026362039 0.34513274336283184
0.03424056189640035 0.34513274336283184
0.034210526315789476 0.34513274336283184
0.03418054338299737 0.34513274336283184
0.03415061295971979 0.34513274336283184
0.03412073490813648 0.34513274336283184
0.03409090909090909 0.34513274336283184
0.03406113537117904 0.34513274336283184
0.034031413612565446 0.34513274336283184
0.03400174367916303 0.34513274336283184
0.03397212543554007 0.34513274336283184
0.033942558746736295 0.34513274336283184
0.03391304347826087 0.34513274336283184
0.03388357949609035 0.34513274336283184
0.033854166666666664 0.34513274336283184
0.033824804856895055 0.34513274336283184
0.033795493934142114 0.34513274336283184
0.033766233766233764 0.34513274336283184
0.03373702422145329 0.34513274336283184
0.033707865168539325 0.34513274336283184
0.03367875647668394 0.34513274336283184
0.03364969801553063 0.34513274336283184
0.03362068965517241 0.34513274336283184
0.03359173126614987 0.34513274336283184
0.03356282271944923 0.34513274336283184
0.03353396388650043 0.34513274336283184
0.03350515463917526 0.34513274336283184
0.03347639484978541 0.34513274336283184
0.03344768439108062 0.34513274336283184
0.033419023136246784 0.34513274336283184
0.03339041095890411 0.34513274336283184
0.033361847733105215 0.34513274336283184
0.03333333333333333 0.34513274336283184
0.033304867634500426 0.34513274336283184
0.033276450511945395 0.34513274336283184
0.03324808184143223 0.34513274336283184
0.03321976149914821 0.34513274336283184
0.033191489361702124 0.34513274336283184
0.03316326530612245 0.34513274336283184
0.03313508920985556 0.34513274336283184
0.03310696095076401 0.34513274336283184
0.03307888040712468 0.34513274336283184
0.03305084745762712 0.34513274336283184
0.03302286198137172 0.34513274336283184
0.03299492385786802 0.34513274336283184
0.03296703296703297 0.34513274336283184
0.032939189189189186 0.34513274336283184
0.03291139240506329 0.34513274336283184
0.03288364249578415 0.34513274336283184
0.03285593934288121 0.34513274336283184
0.03282828282828283 0.34513274336283184
0.03280067283431455 0.34513274336283184
0.03277310924369748 0.34513274336283184
0.0327455919395466 0.34513274336283184
0.03271812080536913 0.34513274336283184
0.03269069572506287 0.34513274336283184
0.032663316582914576 0.34513274336283184
0.032635983263598324 0.34513274336283184
0.03260869565217391 0.34513274336283184
0.03258145363408521 0.34513274336283184
0.0325542570951586 0.34513274336283184
0.03252710592160134 0.34513274336283184
0.0325 0.34513274336283184
0.0324729392173189 0.34513274336283184
0.0324459234608985 0.34513274336283184
0.032418952618453865 0.34513274336283184
0.03239202657807309 0.34513274336283184
0.03236514522821577 0.34513274336283184
0.03233830845771144 0.34513274336283184
0.03231151615575808 0.34513274336283184
0.03228476821192053 0.34513274336283184
0.03225806451612903 0.34513274336283184
0.032231404958677684 0.34513274336283184
0.03220478943022296 0.34513274336283184
0.03217821782178218 0.34513274336283184
0.03215169002473207 0.34513274336283184
0.03212520593080725 0.34513274336283184
0.03209876543209877 0.34513274336283184
0.032072368421052634 0.34513274336283184
0.03204601479046836 0.34513274336283184
0.03201970443349754 0.34513274336283184
0.03199343724364233 0.34513274336283184
0.031967213114754096 0.34513274336283184
0.03194103194103194 0.34513274336283184
0.031914893617021274 0.34513274336283184
0.03188879803761243 0.34513274336283184
0.031862745098039214 0.34513274336283184
0.03183673469387755 0.34513274336283184
0.03181076672104405 0.34513274336283184
0.03178484107579462 0.34513274336283184
0.03175895765472313 0.34513274336283184
0.03173311635475997 0.34513274336283184
0.03170731707317073 0.34513274336283184
0.03168155970755483 0.34513274336283184
0.03165584415584415 0.34513274336283184
0.031630170316301706 0.34513274336283184
0.031604538087520256 0.34513274336283184
0.031578947368421054 0.34513274336283184
0.03155339805825243 0.34513274336283184
0.03152789005658852 0.34513274336283184
0.03150242326332795 0.34513274336283184
0.031476997578692496 0.34513274336283184
0.031451612903225803 0.34513274336283184
0.031426269137792104 0.34513274336283184
0.03140096618357488 0.34513274336283184
0.031375703942075624 0.34513274336283184
0.03135048231511254 0.34513274336283184
0.03132530120481928 0.34513274336283184
0.03130016051364366 0.34513274336283184
0.03127506014434643 0.34513274336283184
0.03125 0.34513274336283184
0.03122497998398719 0.34513274336283184
0.0312 0.34513274336283184
0.03117505995203837 0.34513274336283184
0.031150159744408944 0.34513274336283184
0.03112529928172386 0.34513274336283184
0.03110047846889952 0.34513274336283184
0.031075697211155377 0.34513274336283184
0.03105095541401274 0.34513274336283184
0.031026252983293555 0.34513274336283184
0.031001589825119236 0.34513274336283184
0.030976965845909452 0.34513274336283184
0.030952380952380953 0.34513274336283184
0.030927835051546393 0.34513274336283184
0.030903328050713153 0.34513274336283184
0.030878859857482184 0.34513274336283184
0.030854430379746837 0.34513274336283184
0.0308300395256917 0.34513274336283184
0.030805687203791468 0.34513274336283184
0.030781373322809787 0.34513274336283184
0.030757097791798107 0.34513274336283184
0.030732860520094562 0.34513274336283184
0.030708661417322834 0.34513274336283184
0.03068450039339103 0.34513274336283184
0.030660377358490566 0.34513274336283184
0.030636292223095052 0.34513274336283184
0.030612244897959183 0.34513274336283184
0.03058823529411765 0.34513274336283184
0.030564263322884012 0.34513274336283184
0.030540328895849646 0.34513274336283184
0.03051643192488263 0.34513274336283184
0.03049257232212666 0.34513274336283184
0.03046875 0.34513274336283184
0.03044496487119438 0.34513274336283184
0.030421216848673948 0.34513274336283184
0.030397505845674203 0.34513274336283184
0.030373831775700934 0.34513274336283184
0.030350194552529183 0.34513274336283184
0.030326594090202177 0.34513274336283184
0.030303030303030304 0.34513274336283184
0.030279503105590064 0.34513274336283184
0.030256012412723042 0.34513274336283184
0.030232558139534883 0.34513274336283184
0.030209140201394268 0.34513274336283184
0.03018575851393189 0.34513274336283184
0.030162412993039442 0.34513274336283184
0.030139103554868624 0.34513274336283184
0.030115830115830116 0.34513274336283184
0.03009259259259259 0.34513274336283184
0.030069390902081727 0.34513274336283184
0.030046224961479198 0.34513274336283184
0.03002309468822171 0.34513274336283184
0.03 0.34513274336283184
0.02997694081475788 0.34513274336283184
0.029953917050691243 0.34513274336283184
0.029930928626247123 0.34513274336283184
0.0299079754601227 0.34513274336283184
0.029885057471264367 0.34513274336283184
0.02986217457886677 0.34513274336283184
0.029839326702371844 0.34513274336283184
0.02981651376146789 0.34513274336283184
0.029793735676088617 0.34513274336283184
0.029770992366412213 0.34513274336283184
0.029748283752860413 0.34513274336283184
0.02972560975609756 0.34513274336283184
0.0297029702970297 0.34513274336283184
0.02968036529680365 0.34513274336283184
0.029657794676806085 0.34513274336283184
0.029635258358662615 0.34513274336283184
0.029612756264236904 0.34513274336283184
0.02959028831562974 0.34513274336283184
0.029567854435178165 0.34513274336283184
0.029545454545454545 0.34513274336283184
0.029523088569265707 0.34513274336283184
0.029500756429652043 0.34513274336283184
0.02947845804988662 0.34513274336283184
0.02945619335347432 0.34513274336283184
0.02943396226415094 0.34513274336283184
0.029411764705882353 0.34513274336283184
0.0293896006028636 0.34513274336283184
0.029367469879518073 0.34513274336283184
0.029345372460496615 0.34513274336283184
0.029323308270676692 0.34513274336283184
0.029301277235161533 0.34513274336283184
0.02927927927927928 0.34513274336283184
0.029257314328582147 0.34513274336283184
0.02923538230884558 0.34513274336283184
0.029213483146067417 0.34513274336283184
0.029191616766467067 0.34513274336283184
0.02916978309648467 0.34513274336283184
0.02914798206278027 0.34513274336283184
0.02912621359223301 0.34513274336283184
0.029104477611940297 0.34513274336283184
0.029082774049217 0.34513274336283184
0.029061102831594635 0.34513274336283184
0.029039463886820552 0.34513274336283184
0.029017857142857144 0.34513274336283184
0.02899628252788104 0.34513274336283184
0.02897473997028232 0.34513274336283184
0.028953229398663696 0.34513274336283184
0.028931750741839762 0.34513274336283184
0.028910303928836176 0.34513274336283184
0.028888888888888888 0.34513274336283184
0.028867505551443375 0.34513274336283184
0.028846153846153848 0.34513274336283184
0.028824833702882482 0.34513274336283184
0.02880354505169867 0.34513274336283184
0.028782287822878228 0.34513274336283184
0.028761061946902654 0.34513274336283184
0.028739867354458364 0.34513274336283184
0.028718703976435934 0.34513274336283184
0.02869757174392936 0.34513274336283184
0.028676470588235293 0.34513274336283184
0.028655400440852314 0.34513274336283184
0.028634361233480177 0.34513274336283184
0.028613352898019074 0.34513274336283184
0.028592375366568914 0.34513274336283184
0.02857142857142857 0.34513274336283184
0.02855051244509517 0.34513274336283184
0.02852962692026335 0.34513274336283184
0.02850877192982456 0.34513274336283184
0.028487947406866325 0.34513274336283184
0.02846715328467153 0.34513274336283184
0.028446389496717725 0.34513274336283184
0.028425655976676383 0.34513274336283184
0.028404952658412235 0.34513274336283184
0.028384279475982533 0.34513274336283184
0.028363636363636365 0.34513274336283184
0.028343023255813952 0.34513274336283184
0.02832244008714597 0.34513274336283184
0.02830188679245283 0.34513274336283184
0.028281363306744016 0.34513274336283184
0.02826086956521739 0.34513274336283184
0.028240405503258507 0.34513274336283184
0.028219971056439943 0.34513274336283184
0.028199566160520606 0.34513274336283184
0.028179190751445087 0.34513274336283184
0.02815884476534296 0.34513274336283184
0.02813852813852814 0.34513274336283184
0.028118240807498196 0.34513274336283184
0.028097982708933718 0.34513274336283184
0.028077753779697623 0.34513274336283184
0.02805755395683453 0.34513274336283184
0.028037383177570093 0.34513274336283184
0.028017241379310345 0.34513274336283184
0.02799712849964106 0.34513274336283184
0.027977044476327116 0.34513274336283184
0.02795698924731183 0.34513274336283184
0.027936962750716332 0.34513274336283184
0.02791696492483894 0.34513274336283184
0.027896995708154508 0.34513274336283184
0.027877055039313797 0.34513274336283184
0.027857142857142858 0.34513274336283184
0.027837259100642397 0.34513274336283184
0.02781740370898716 0.34513274336283184
0.027797576621525304 0.34513274336283184
0.027777777777777776 0.34513274336283184
0.027758007117437724 0.34513274336283184
0.027738264580369845 0.34513274336283184
0.02771855010660981 0.34513274336283184
0.027698863636363636 0.34513274336283184
0.027679205110007096 0.34513274336283184
0.027659574468085105 0.34513274336283184
0.027639971651311126 0.34513274336283184
0.02762039660056657 0.34513274336283184
0.027600849256900213 0.34513274336283184
0.027581329561527583 0.34513274336283184
0.02756183745583039 0.34513274336283184
0.02754237288135593 0.34513274336283184
0.027522935779816515 0.34513274336283184
0.027503526093088856 0.34513274336283184
0.02748414376321353 0.34513274336283184
0.027464788732394368 0.34513274336283184
0.02744546094299789 0.34513274336283184
0.027426160337552744 0.34513274336283184
0.027406886858749122 0.34513274336283184
0.027387640449438203 0.34513274336283184
0.02736842105263158 0.34513274336283184
0.0273492286115007 0.34513274336283184
0.027330063069376315 0.34513274336283184
0.0273109243697479 0.34513274336283184
0.02729181245626312 0.34513274336283184
0.02727272727272727 0.34513274336283184
0.027253668763102725 0.34513274336283184
0.02723463687150838 0.34513274336283184
0.02721563154221912 0.34513274336283184
0.027196652719665274 0.34513274336283184
0.027177700348432057 0.34513274336283184
0.027158774373259052 0.34513274336283184
0.027139874739039668 0.34513274336283184
0.027121001390820583 0.34513274336283184
0.027102154273801252 0.34513274336283184
0.027083333333333334 0.34513274336283184
0.027064538514920196 0.34513274336283184
0.027045769764216365 0.34513274336283184
0.02702702702702703 0.34513274336283184
0.027008310249307478 0.34513274336283184
0.02698961937716263 0.34513274336283184
0.026970954356846474 0.34513274336283184
0.026952315134761574 0.34513274336283184
0.026933701657458564 0.34513274336283184
0.026915113871635612 0.34513274336283184
0.02689655172413793 0.34513274336283184
0.026878015161957272 0.34513274336283184
0.026859504132231406 0.34513274336283184
0.026841018582243633 0.34513274336283184
0.026822558459422285 0.34513274336283184
0.026804123711340205 0.34513274336283184
0.026785714285714284 0.34513274336283184
0.026767330130404943 0.34513274336283184
0.026748971193415638 0.34513274336283184
0.026730637422892393 0.34513274336283184
0.02671232876712329 0.34513274336283184
0.026694045174537988 0.34513274336283184
0.02667578659370725 0.34513274336283184
0.026657552973342446 0.34513274336283184
0.02663934426229508 0.34513274336283184
0.026621160409556314 0.34513274336283184
0.02660300136425648 0.34513274336283184
0.026584867075664622 0.34513274336283184
0.02656675749318801 0.34513274336283184
0.02654867256637168 0.34513274336283184
0.026530612244897958 0.34513274336283184
0.026512576478585997 0.34513274336283184
0.026494565217391304 0.34513274336283184
0.026476578411405296 0.34513274336283184
0.026458616010854818 0.34513274336283184
0.026440677966101694 0.34513274336283184
0.026422764227642278 0.34513274336283184
0.026404874746106973 0.34513274336283184
0.02638700947225981 0.34513274336283184
0.02636916835699797 0.34513274336283184
0.026351351351351353 0.34513274336283184
0.02633355840648211 0.34513274336283184
0.02631578947368421 0.34513274336283184
0.026298044504383007 0.34513274336283184
0.02628032345013477 0.34513274336283184
0.026262626262626262 0.34513274336283184
0.026244952893674293 0.34513274336283184
0.026227303295225286 0.34513274336283184
0.02620967741935484 0.34513274336283184
0.026192075218267292 0.34513274336283184
0.026174496644295303 0.34513274336283184
0.026156941649899398 0.34513274336283184
0.02613941018766756 0.34513274336283184
0.026121902210314803 0.34513274336283184
0.02610441767068273 0.34513274336283184
0.02608695652173913 0.34513274336283184
0.02606951871657754 0.34513274336283184
0.026052104208416832 0.34513274336283184
0.0260347129506008 0.34513274336283184
0.02601734489659773 0.34513274336283184
0.026 0.34513274336283184
0.02598267821452365 0.34513274336283184
0.02596537949400799 0.34513274336283184
0.02594810379241517 0.34513274336283184
0.025930851063829786 0.34513274336283184
0.025913621262458473 0.34513274336283184
0.025896414342629483 0.34513274336283184
0.025879230258792303 0.34513274336283184
0.02586206896551724 0.34513274336283184
0.02584493041749503 0.34513274336283184
0.025827814569536423 0.34513274336283184
0.025810721376571807 0.34513274336283184
0.025793650793650792 0.34513274336283184
0.025776602775941838 0.34513274336283184
0.025759577278731835 0.34513274336283184
0.02574257425742574 0.34513274336283184
0.025725593667546173 0.34513274336283184
0.025708635464733027 0.34513274336283184
0.025691699604743084 0.34513274336283184
0.025674786043449638 0.34513274336283184
0.025657894736842105 0.34513274336283184
0.02564102564102564 0.34513274336283184
0.025624178712220762 0.34513274336283184
0.025607353906762966 0.34513274336283184
0.025590551181102362 0.34513274336283184
0.025573770491803278 0.34513274336283184
0.025557011795543906 0.34513274336283184
0.025540275049115914 0.34513274336283184
0.025523560209424083 0.34513274336283184
0.025506867233485938 0.34513274336283184
0.025490196078431372 0.34513274336283184
0.025473546701502287 0.34513274336283184
0.025456919060052218 0.34513274336283184
0.025440313111545987 0.34513274336283184
0.025423728813559324 0.34513274336283184
0.025407166123778503 0.34513274336283184
0.025390625 0.34513274336283184
0.025374105400130124 0.34513274336283184
0.02600780234070221 0.35398230088495575
0.02599090318388564 0.35398230088495575
0.025974025974025976 0.35398230088495575
0.025957170668397145 0.35398230088495575
0.02594033722438392 0.35398230088495575
0.026571613739468567 0.36283185840707965
0.02655440414507772 0.36283185840707965
0.026537216828478965 0.36283185840707965
0.02652005174644243 0.36283185840707965
0.026502908855850032 0.36283185840707965
0.02648578811369509 0.36283185840707965
0.02646868947708199 0.36283185840707965
0.026451612903225806 0.36283185840707965
0.026434558349451968 0.36283185840707965
0.026417525773195876 0.36283185840707965
0.026400515132002575 0.36283185840707965
0.026383526383526385 0.36283185840707965
0.026366559485530548 0.36283185840707965
0.02634961439588689 0.36283185840707965
0.026332691072575465 0.36283185840707965
0.02631578947368421 0.36283185840707965
0.026298909557408594 0.36283185840707965
0.026282051282051282 0.36283185840707965
0.02626521460602178 0.36283185840707965
0.026248399487836107 0.36283185840707965
0.026231605886116442 0.36283185840707965
0.026214833759590793 0.36283185840707965
0.02619808306709265 0.36283185840707965
0.026181353767560665 0.36283185840707965
0.02616464582003829 0.36283185840707965
0.02614795918367347 0.36283185840707965
0.026131293817718292 0.36283185840707965
0.026114649681528664 0.36283185840707965
0.026098026734563972 0.36283185840707965
0.02608142493638677 0.36283185840707965
0.026064844246662427 0.36283185840707965
0.026683608640406607 0.37168141592920356
0.02666666666666667 0.37168141592920356
0.0266497461928934 0.37168141592920356
0.02663284717818643 0.37168141592920356
0.026615969581749048 0.37168141592920356
0.026599113362887904 0.37168141592920356
0.026582278481012658 0.37168141592920356
0.026565464895635674 0.37168141592920356
0.02654867256637168 0.37168141592920356
0.026531901452937462 0.37168141592920356
0.026515151515151516 0.37168141592920356
0.026498422712933754 0.37168141592920356
0.02648171500630517 0.37168141592920356
0.026465028355387523 0.37168141592920356
0.02644836272040302 0.37168141592920356
0.02643171806167401 0.37168141592920356
0.026415094339622643 0.37168141592920356
0.026398491514770583 0.37168141592920356
0.026381909547738693 0.37168141592920356
