1.0 0.008849557522123894
0.5 0.008849557522123894
0.6666666666666666 0.017699115044247787
0.75 0.02654867256637168
0.8 0.035398230088495575
0.8333333333333334 0.04424778761061947
0.7142857142857143 0.04424778761061947
0.75 0.05309734513274336
0.6666666666666666 0.05309734513274336
0.6 0.05309734513274336
0.6363636363636364 0.061946902654867256
0.6666666666666666 0.07079646017699115
0.6153846153846154 0.07079646017699115
0.6428571428571429 0.07964601769911504
0.6666666666666666 0.08849557522123894
0.625 0.08849557522123894
0.5882352941176471 0.08849557522123894
0.5555555555555556 0.08849557522123894
0.5263157894736842 0.08849557522123894
0.5 0.08849557522123894
0.47619047619047616 0.08849557522123894
0.45454545454545453 0.08849557522123894
0.43478260869565216 0.08849557522123894
0.4166666666666667 0.08849557522123894
0.4 0.08849557522123894
0.38461538461538464 0.08849557522123894
0.37037037037037035 0.08849557522123894
0.39285714285714285 0.09734513274336283
0.41379310344827586 0.10619469026548672
0.4 0.10619469026548672
0.3870967741935484 0.10619469026548672
0.375 0.10619469026548672
0.3939393939393939 0.11504424778761062
0.4117647058823529 0.12389380530973451
0.42857142857142855 0.13274336283185842
0.4444444444444444 0.1415929203539823
0.4594594594594595 0.1504424778761062
0.47368421052631576 0.1592920353982301
0.48717948717948717 0.168141592920354
0.5 0.17699115044247787
0.5121951219512195 0.18584070796460178
0.5 0.18584070796460178
0.4883720930232558 0.18584070796460178
0.4772727272727273 0.18584070796460178
0.4666666666666667 0.18584070796460178
0.45652173913043476 0.18584070796460178
0.44680851063829785 0.18584070796460178
0.4375 0.18584070796460178
0.42857142857142855 0.18584070796460178
0.44 0.19469026548672566
0.43137254901960786 0.19469026548672566
0.4230769230769231 0.19469026548672566
0.41509433962264153 0.19469026548672566
0.4074074074074074 0.19469026548672566
0.4 0.19469026548672566
0.39285714285714285 0.19469026548672566
0.38596491228070173 0.19469026548672566
0.3793103448275862 0.19469026548672566
0.3728813559322034 0.19469026548672566
0.36666666666666664 0.19469026548672566
0.36065573770491804 0.19469026548672566
0.3548387096774194 0.19469026548672566
0.3492063492063492 0.19469026548672566
0.34375 0.19469026548672566
0.3384615384615385 0.19469026548672566
0.3333333333333333 0.19469026548672566
0.3283582089552239 0.19469026548672566
0.3235294117647059 0.19469026548672566
0.3188405797101449 0.19469026548672566
0.3142857142857143 0.19469026548672566
0.30985915492957744 0.19469026548672566
0.3055555555555556 0.19469026548672566
0.3013698630136986 0.19469026548672566
0.2972972972972973 0.19469026548672566
0.30666666666666664 0.20353982300884957
0.3026315789473684 0.20353982300884957
0.3116883116883117 0.21238938053097345
0.3076923076923077 0.21238938053097345
0.3037974683544304 0.21238938053097345
0.3 0.21238938053097345
0.2962962962962963 0.21238938053097345
0.2926829268292683 0.21238938053097345
0.2891566265060241 0.21238938053097345
0.2857142857142857 0.21238938053097345
0.2823529411764706 0.21238938053097345
0.27906976744186046 0.21238938053097345
0.27586206896551724 0.21238938053097345
0.2727272727272727 0.21238938053097345
0.2808988764044944 0.22123893805309736
0.2777777777777778 0.22123893805309736
0.27472527472527475 0.22123893805309736
0.2717391304347826 0.22123893805309736
0.26881720430107525 0.22123893805309736
0.26595744680851063 0.22123893805309736
0.2631578947368421 0.22123893805309736
0.2604166666666667 0.22123893805309736
0.25773195876288657 0.22123893805309736
0.25510204081632654 0.22123893805309736
0.25252525252525254 0.22123893805309736
0.25 0.22123893805309736
0.24752475247524752 0.22123893805309736
0.24509803921568626 0.22123893805309736
0.24271844660194175 0.22123893805309736
0.2403846153846154 0.22123893805309736
0.23809523809523808 0.22123893805309736
0.2358490566037736 0.22123893805309736
0.2336448598130841 0.22123893805309736
0.23148148148148148 0.22123893805309736
0.22935779816513763 0.22123893805309736
0.22727272727272727 0.22123893805309736
0.22522522522522523 0.22123893805309736
0.22321428571428573 0.22123893805309736
0.22123893805309736 0.22123893805309736
0.21929824561403508 0.22123893805309736
0.21739130434782608 0.22123893805309736
0.21551724137931033 0.22123893805309736
0.21367521367521367 0.22123893805309736
0.211864406779661 0.22123893805309736
0.21008403361344538 0.22123893805309736
0.20833333333333334 0.22123893805309736
0.2066115702479339 0.22123893805309736
0.20491803278688525 0.22123893805309736
0.2032520325203252 0.22123893805309736
0.20161290322580644 0.22123893805309736
0.2 0.22123893805309736
0.1984126984126984 0.22123893805309736
0.1968503937007874 0.22123893805309736
0.1953125 0.22123893805309736
0.1937984496124031 0.22123893805309736
0.19230769230769232 0.22123893805309736
0.19083969465648856 0.22123893805309736
0.1893939393939394 0.22123893805309736
0.18796992481203006 0.22123893805309736
0.1865671641791045 0.22123893805309736
0.18518518518518517 0.22123893805309736
0.18382352941176472 0.22123893805309736
0.18248175182481752 0.22123893805309736
0.18115942028985507 0.22123893805309736
0.17985611510791366 0.22123893805309736
0.17857142857142858 0.22123893805309736
0.1773049645390071 0.22123893805309736
0.176056338028169 0.22123893805309736
0.17482517482517482 0.22123893805309736
0.1736111111111111 0.22123893805309736
0.1724137931034483 0.22123893805309736
0.17123287671232876 0.22123893805309736
0.17006802721088435 0.22123893805309736
0.16891891891891891 0.22123893805309736
0.16778523489932887 0.22123893805309736
0.16666666666666666 0.22123893805309736
0.16556291390728478 0.22123893805309736
0.16447368421052633 0.22123893805309736
0.16339869281045752 0.22123893805309736
0.16233766233766234 0.22123893805309736
0.16129032258064516 0.22123893805309736
0.16025641025641027 0.22123893805309736
0.1592356687898089 0.22123893805309736
0.15822784810126583 0.22123893805309736
0.15723270440251572 0.22123893805309736
0.15625 0.22123893805309736
0.15527950310559005 0.22123893805309736
0.15432098765432098 0.22123893805309736
0.15337423312883436 0.22123893805309736
0.1524390243902439 0.22123893805309736
0.15151515151515152 0.22123893805309736
0.15060240963855423 0.22123893805309736
0.1497005988023952 0.22123893805309736
0.1488095238095238 0.22123893805309736
0.14792899408284024 0.22123893805309736
0.14705882352941177 0.22123893805309736
0.14619883040935672 0.22123893805309736
0.14534883720930233 0.22123893805309736
0.14450867052023122 0.22123893805309736
0.14367816091954022 0.22123893805309736
0.14285714285714285 0.22123893805309736
0.14204545454545456 0.22123893805309736
0.14124293785310735 0.22123893805309736
0.1404494382022472 0.22123893805309736
0.13966480446927373 0.22123893805309736
0.1388888888888889 0.22123893805309736
0.13812154696132597 0.22123893805309736
0.13736263736263737 0.22123893805309736
0.1366120218579235 0.22123893805309736
0.1358695652173913 0.22123893805309736
0.13513513513513514 0.22123893805309736
0.13440860215053763 0.22123893805309736
0.13368983957219252 0.22123893805309736
0.13297872340425532 0.22123893805309736
0.13227513227513227 0.22123893805309736
0.13157894736842105 0.22123893805309736
0.13089005235602094 0.22123893805309736
0.13020833333333334 0.22123893805309736
0.12953367875647667 0.22123893805309736
0.12886597938144329 0.22123893805309736
0.1282051282051282 0.22123893805309736
0.12755102040816327 0.22123893805309736
0.12690355329949238 0.22123893805309736
0.12626262626262627 0.22123893805309736
0.12562814070351758 0.22123893805309736
0.125 0.22123893805309736
0.12437810945273632 0.22123893805309736
0.12376237623762376 0.22123893805309736
0.12315270935960591 0.22123893805309736
0.12254901960784313 0.22123893805309736
0.12195121951219512 0.22123893805309736
0.12135922330097088 0.22123893805309736
0.12077294685990338 0.22123893805309736
0.1201923076923077 0.22123893805309736
0.12440191387559808 0.23008849557522124
0.12380952380952381 0.23008849557522124
0.12796208530805686 0.23893805309734514
0.1320754716981132 0.24778761061946902
0.13145539906103287 0.24778761061946902
0.13551401869158877 0.25663716814159293
0.13488372093023257 0.25663716814159293
0.13425925925925927 0.25663716814159293
0.1336405529953917 0.25663716814159293
0.13302752293577982 0.25663716814159293
0.1324200913242009 0.25663716814159293
0.1318181818181818 0.25663716814159293
0.13122171945701358 0.25663716814159293
0.13063063063063063 0.25663716814159293
0.13004484304932734 0.25663716814159293
0.12946428571428573 0.25663716814159293
0.1288888888888889 0.25663716814159293
0.12831858407079647 0.25663716814159293
0.1277533039647577 0.25663716814159293
0.12719298245614036 0.25663716814159293
0.12663755458515283 0.25663716814159293
0.12608695652173912 0.25663716814159293
0.12554112554112554 0.25663716814159293
0.125 0.25663716814159293
0.12446351931330472 0.25663716814159293
0.12393162393162394 0.25663716814159293
0.12340425531914893 0.25663716814159293
0.1228813559322034 0.25663716814159293
0.12236286919831224 0.25663716814159293
0.12184873949579832 0.25663716814159293
0.12133891213389121 0.25663716814159293
0.12083333333333333 0.25663716814159293
0.12033195020746888 0.25663716814159293
0.11983471074380166 0.25663716814159293
0.11934156378600823 0.25663716814159293
0.11885245901639344 0.25663716814159293
0.11836734693877551 0.25663716814159293
0.11788617886178862 0.25663716814159293
0.11740890688259109 0.25663716814159293
0.11693548387096774 0.25663716814159293
0.11646586345381527 0.25663716814159293
0.116 0.25663716814159293
0.11553784860557768 0.25663716814159293
0.11507936507936507 0.25663716814159293
0.11462450592885376 0.25663716814159293
0.1141732283464567 0.25663716814159293
0.11372549019607843 0.25663716814159293
0.11328125 0.25663716814159293
0.11284046692607004 0.25663716814159293
0.1124031007751938 0.25663716814159293
0.11196911196911197 0.25663716814159293
0.11153846153846154 0.25663716814159293
0.1111111111111111 0.25663716814159293
0.11068702290076336 0.25663716814159293
0.11026615969581749 0.25663716814159293
0.10984848484848485 0.25663716814159293
0.10943396226415095 0.25663716814159293
0.10902255639097744 0.25663716814159293
0.10861423220973783 0.25663716814159293
0.10820895522388059 0.25663716814159293
0.10780669144981413 0.25663716814159293
0.1111111111111111 0.26548672566371684
0.11439114391143912 0.2743362831858407
0.11764705882352941 0.2831858407079646
0.11721611721611722 0.2831858407079646
0.11678832116788321 0.2831858407079646
0.12 0.2920353982300885
0.11956521739130435 0.2920353982300885
0.12274368231046931 0.3008849557522124
0.1223021582733813 0.3008849557522124
0.12186379928315412 0.3008849557522124
0.125 0.30973451327433627
0.12455516014234876 0.30973451327433627
0.12411347517730496 0.30973451327433627
0.12367491166077739 0.30973451327433627
0.12323943661971831 0.30973451327433627
0.12280701754385964 0.30973451327433627
0.12237762237762238 0.30973451327433627
0.12195121951219512 0.30973451327433627
0.12152777777777778 0.30973451327433627
0.12110726643598616 0.30973451327433627
0.1206896551724138 0.30973451327433627
0.12027491408934708 0.30973451327433627
0.11986301369863013 0.30973451327433627
0.11945392491467577 0.30973451327433627
0.11904761904761904 0.30973451327433627
0.11864406779661017 0.30973451327433627
0.11824324324324324 0.30973451327433627
0.11784511784511785 0.30973451327433627
0.1174496644295302 0.30973451327433627
0.11705685618729098 0.30973451327433627
0.11666666666666667 0.30973451327433627
0.11627906976744186 0.30973451327433627
0.11589403973509933 0.30973451327433627
0.11551155115511551 0.30973451327433627
0.11513157894736842 0.30973451327433627
0.11475409836065574 0.30973451327433627
0.11437908496732026 0.30973451327433627
0.11400651465798045 0.30973451327433627
0.11363636363636363 0.30973451327433627
0.11326860841423948 0.30973451327433627
0.11290322580645161 0.30973451327433627
0.11254019292604502 0.30973451327433627
0.11217948717948718 0.30973451327433627
0.11182108626198083 0.30973451327433627
0.11146496815286625 0.30973451327433627
0.1111111111111111 0.30973451327433627
0.11075949367088607 0.30973451327433627
0.11041009463722397 0.30973451327433627
0.11006289308176101 0.30973451327433627
0.109717868338558 0.30973451327433627
0.109375 0.30973451327433627
0.10903426791277258 0.30973451327433627
0.10869565217391304 0.30973451327433627
0.10835913312693499 0.30973451327433627
0.10802469135802469 0.30973451327433627
0.1076923076923077 0.30973451327433627
0.10736196319018405 0.30973451327433627
0.10703363914373089 0.30973451327433627
0.10670731707317073 0.30973451327433627
0.10638297872340426 0.30973451327433627
0.10606060606060606 0.30973451327433627
0.10574018126888217 0.30973451327433627
0.10542168674698796 0.30973451327433627
0.10510510510510511 0.30973451327433627
0.10479041916167664 0.30973451327433627
0.1044776119402985 0.30973451327433627
0.10416666666666667 0.30973451327433627
0.10385756676557864 0.30973451327433627
0.10355029585798817 0.30973451327433627
0.10324483775811209 0.30973451327433627
0.10294117647058823 0.30973451327433627
0.10263929618768329 0.30973451327433627
0.1023391812865497 0.30973451327433627
0.10204081632653061 0.30973451327433627
0.10174418604651163 0.30973451327433627
0.10144927536231885 0.30973451327433627
0.10115606936416185 0.30973451327433627
0.10086455331412104 0.30973451327433627
0.10057471264367816 0.30973451327433627
0.10028653295128939 0.30973451327433627
0.1 0.30973451327433627
0.09971509971509972 0.30973451327433627
0.09943181818181818 0.30973451327433627
0.09915014164305949 0.30973451327433627
0.09887005649717515 0.30973451327433627
0.09859154929577464 0.30973451327433627
0.09831460674157304 0.30973451327433627
0.09803921568627451 0.30973451327433627
0.09776536312849161 0.30973451327433627
0.09749303621169916 0.30973451327433627
0.09722222222222222 0.30973451327433627
0.09695290858725762 0.30973451327433627
0.09668508287292818 0.30973451327433627
0.09641873278236915 0.30973451327433627
0.09615384615384616 0.30973451327433627
0.0958904109589041 0.30973451327433627
0.09562841530054644 0.30973451327433627
0.09536784741144415 0.30973451327433627
0.09510869565217392 0.30973451327433627
0.0948509485094851 0.30973451327433627
0.0945945945945946 0.30973451327433627
0.09433962264150944 0.30973451327433627
0.09408602150537634 0.30973451327433627
0.0938337801608579 0.30973451327433627
0.09358288770053476 0.30973451327433627
0.09333333333333334 0.30973451327433627
0.09308510638297872 0.30973451327433627
0.09283819628647215 0.30973451327433627
0.09259259259259259 0.30973451327433627
0.09234828496042216 0.30973451327433627
0.09210526315789473 0.30973451327433627
0.09186351706036745 0.30973451327433627
0.09162303664921466 0.30973451327433627
0.09138381201044386 0.30973451327433627
0.09114583333333333 0.30973451327433627
0.09090909090909091 0.30973451327433627
0.09067357512953368 0.30973451327433627
0.09043927648578812 0.30973451327433627
0.09020618556701031 0.30973451327433627
0.08997429305912596 0.30973451327433627
0.08974358974358974 0.30973451327433627
0.08951406649616368 0.30973451327433627
0.08928571428571429 0.30973451327433627
0.089058524173028 0.30973451327433627
0.08883248730964467 0.30973451327433627
0.08860759493670886 0.30973451327433627
0.08838383838383838 0.30973451327433627
0.08816120906801007 0.30973451327433627
0.08793969849246232 0.30973451327433627
0.08771929824561403 0.30973451327433627
0.0875 0.30973451327433627
0.08728179551122195 0.30973451327433627
0.08706467661691543 0.30973451327433627
0.08684863523573201 0.30973451327433627
0.08663366336633663 0.30973451327433627
0.08641975308641975 0.30973451327433627
0.08620689655172414 0.30973451327433627
0.085995085995086 0.30973451327433627
0.0857843137254902 0.30973451327433627
0.08557457212713937 0.30973451327433627
0.08536585365853659 0.30973451327433627
0.0851581508515815 0.30973451327433627
0.08495145631067962 0.30973451327433627
0.0847457627118644 0.30973451327433627
0.08454106280193237 0.30973451327433627
0.08433734939759036 0.30973451327433627
0.08413461538461539 0.30973451327433627
0.08393285371702638 0.30973451327433627
0.08373205741626795 0.30973451327433627
0.08353221957040573 0.30973451327433627
0.08333333333333333 0.30973451327433627
0.0831353919239905 0.30973451327433627
0.08293838862559241 0.30973451327433627
0.08274231678486997 0.30973451327433627
0.08254716981132075 0.30973451327433627
0.08235294117647059 0.30973451327433627
0.08215962441314555 0.30973451327433627
0.08196721311475409 0.30973451327433627
0.08177570093457943 0.30973451327433627
0.08158508158508158 0.30973451327433627
0.08139534883720931 0.30973451327433627
0.08120649651972157 0.30973451327433627
0.08101851851851852 0.30973451327433627
0.08083140877598152 0.30973451327433627
0.08064516129032258 0.30973451327433627
0.08045977011494253 0.30973451327433627
0.08027522935779817 0.30973451327433627
0.08009153318077804 0.30973451327433627
0.07990867579908675 0.30973451327433627
0.07972665148063782 0.30973451327433627
0.07954545454545454 0.30973451327433627
0.07936507936507936 0.30973451327433627
0.07918552036199095 0.30973451327433627
0.07900677200902935 0.30973451327433627
0.07882882882882883 0.30973451327433627
0.07865168539325842 0.30973451327433627
0.07847533632286996 0.30973451327433627
0.07829977628635347 0.30973451327433627
0.078125 0.30973451327433627
0.0779510022271715 0.30973451327433627
0.07777777777777778 0.30973451327433627
0.07760532150776053 0.30973451327433627
0.07743362831858407 0.30973451327433627
0.0772626931567329 0.30973451327433627
0.07709251101321586 0.30973451327433627
0.07692307692307693 0.30973451327433627
0.07675438596491228 0.30973451327433627
0.07658643326039387 0.30973451327433627
0.07641921397379912 0.30973451327433627
0.07625272331154684 0.30973451327433627
0.07608695652173914 0.30973451327433627
0.07592190889370933 0.30973451327433627
0.07575757575757576 0.30973451327433627
0.0755939524838013 0.30973451327433627
0.07543103448275862 0.30973451327433627
0.07526881720430108 0.30973451327433627
0.07510729613733906 0.30973451327433627
0.07494646680942184 0.30973451327433627
0.07478632478632478 0.30973451327433627
0.07462686567164178 0.30973451327433627
0.07446808510638298 0.30973451327433627
0.07430997876857749 0.30973451327433627
0.07415254237288135 0.30973451327433627
0.07399577167019028 0.30973451327433627
0.07383966244725738 0.30973451327433627
0.07368421052631578 0.30973451327433627
0.07352941176470588 0.30973451327433627
0.07337526205450734 0.30973451327433627
0.07322175732217573 0.30973451327433627
0.07306889352818371 0.30973451327433627
0.07291666666666667 0.30973451327433627
0.07276507276507277 0.30973451327433627
0.07261410788381743 0.30973451327433627
0.07246376811594203 0.30973451327433627
0.07231404958677685 0.30973451327433627
0.07216494845360824 0.30973451327433627
0.0720164609053498 0.30973451327433627
0.07186858316221766 0.30973451327433627
0.07172131147540983 0.30973451327433627
0.07157464212678936 0.30973451327433627
0.07142857142857142 0.30973451327433627
0.07128309572301425 0.30973451327433627
0.07113821138211382 0.30973451327433627
0.07099391480730223 0.30973451327433627
0.0708502024291498 0.30973451327433627
0.0707070707070707 0.30973451327433627
0.07056451612903226 0.30973451327433627
0.07042253521126761 0.30973451327433627
0.07028112449799197 0.30973451327433627
0.07014028056112225 0.30973451327433627
0.07 0.30973451327433627
0.06986027944111776 0.30973451327433627
0.0697211155378486 0.30973451327433627
0.06958250497017893 0.30973451327433627
0.06944444444444445 0.30973451327433627
0.06930693069306931 0.30973451327433627
0.0691699604743083 0.30973451327433627
0.06903353057199212 0.30973451327433627
0.0688976377952756 0.30973451327433627
0.068762278978389 0.30973451327433627
0.06862745098039216 0.30973451327433627
0.0684931506849315 0.30973451327433627
0.068359375 0.30973451327433627
0.0682261208576998 0.30973451327433627
0.06809338521400778 0.30973451327433627
0.06796116504854369 0.30973451327433627
0.06782945736434108 0.30973451327433627
0.06769825918762089 0.30973451327433627
0.06756756756756757 0.30973451327433627
0.0674373795761079 0.30973451327433627
0.0673076923076923 0.30973451327433627
0.0671785028790787 0.30973451327433627
0.06704980842911877 0.30973451327433627
0.06692160611854685 0.30973451327433627
0.06679389312977099 0.30973451327433627
0.06666666666666667 0.30973451327433627
0.06653992395437262 0.30973451327433627
0.06641366223908918 0.30973451327433627
0.06628787878787878 0.30973451327433627
0.0661625708884688 0.30973451327433627
0.0660377358490566 0.30973451327433627
0.06591337099811675 0.30973451327433627
0.06578947368421052 0.30973451327433627
0.06566604127579738 0.30973451327433627
0.06554307116104868 0.30973451327433627
0.06542056074766354 0.30973451327433627
0.06529850746268656 0.30973451327433627
0.06517690875232775 0.30973451327433627
0.06505576208178439 0.30973451327433627
0.06493506493506493 0.30973451327433627
0.06481481481481481 0.30973451327433627
0.06469500924214418 0.30973451327433627
0.06457564575645756 0.30973451327433627
0.06445672191528545 0.30973451327433627
0.06433823529411764 0.30973451327433627
0.06422018348623854 0.30973451327433627
0.0641025641025641 0.30973451327433627
0.06398537477148081 0.30973451327433627
0.06386861313868614 0.30973451327433627
0.06375227686703097 0.30973451327433627
0.06363636363636363 0.30973451327433627
0.06352087114337568 0.30973451327433627
0.06340579710144928 0.30973451327433627
0.06329113924050633 0.30973451327433627
0.0631768953068592 0.30973451327433627
0.06306306306306306 0.30973451327433627
0.06294964028776978 0.30973451327433627
0.06283662477558348 0.30973451327433627
0.06272401433691756 0.30973451327433627
0.06440071556350627 0.3185840707964602
0.06607142857142857 0.3274336283185841
0.0677361853832442 0.336283185840708
0.06761565836298933 0.336283185840708
0.0674955595026643 0.336283185840708
0.0673758865248227 0.336283185840708
0.06725663716814159 0.336283185840708
0.06713780918727916 0.336283185840708
0.06701940035273368 0.336283185840708
0.06690140845070422 0.336283185840708
0.06678383128295255 0.336283185840708
0.06666666666666667 0.336283185840708
0.06654991243432574 0.336283185840708
0.06643356643356643 0.336283185840708
0.06631762652705062 0.336283185840708
0.06620209059233449 0.336283185840708
0.06608695652173913 0.336283185840708
0.06597222222222222 0.336283185840708
0.0658578856152513 0.336283185840708
0.0657439446366782 0.336283185840708
0.06563039723661486 0.336283185840708
0.06551724137931035 0.336283185840708
0.06540447504302926 0.336283185840708
0.06529209621993128 0.336283185840708
0.06518010291595197 0.336283185840708
0.06506849315068493 0.336283185840708
0.06495726495726496 0.336283185840708
0.06484641638225255 0.336283185840708
0.06473594548551959 0.336283185840708
0.06462585034013606 0.336283185840708
0.06451612903225806 0.336283185840708
0.06440677966101695 0.336283185840708
0.06429780033840947 0.336283185840708
0.06418918918918919 0.336283185840708
0.06408094435075885 0.336283185840708
0.06397306397306397 0.336283185840708
0.06386554621848739 0.336283185840708
0.06375838926174497 0.336283185840708
0.06365159128978225 0.336283185840708
0.06354515050167224 0.336283185840708
0.06343906510851419 0.336283185840708
0.06333333333333334 0.336283185840708
0.0632279534109817 0.336283185840708
0.06312292358803986 0.336283185840708
0.06301824212271974 0.336283185840708
0.06291390728476821 0.336283185840708
0.0628099173553719 0.336283185840708
0.0627062706270627 0.336283185840708
0.06260296540362438 0.336283185840708
0.0625 0.336283185840708
0.06239737274220033 0.336283185840708
0.06229508196721312 0.336283185840708
0.062193126022913256 0.336283185840708
0.06209150326797386 0.336283185840708
0.06199021207177814 0.336283185840708
0.06188925081433225 0.336283185840708
0.061788617886178863 0.336283185840708
0.06168831168831169 0.336283185840708
0.06158833063209076 0.336283185840708
0.061488673139158574 0.336283185840708
0.061389337641357025 0.336283185840708
0.06129032258064516 0.336283185840708
0.061191626409017714 0.336283185840708
0.06109324758842444 0.336283185840708
0.060995184590690206 0.336283185840708
0.060897435897435896 0.336283185840708
0.0608 0.336283185840708
0.06070287539936102 0.336283185840708
0.06060606060606061 0.336283185840708
0.06050955414012739 0.336283185840708
0.06041335453100159 0.336283185840708
0.06031746031746032 0.336283185840708
0.060221870047543584 0.336283185840708
0.060126582278481014 0.336283185840708
0.06003159557661927 0.336283185840708
0.05993690851735016 0.336283185840708
0.05984251968503937 0.336283185840708
0.059748427672955975 0.336283185840708
0.059654631083202514 0.336283185840708
0.05956112852664577 0.336283185840708
0.0594679186228482 0.336283185840708
0.059375 0.336283185840708
0.059282371294851796 0.336283185840708
0.059190031152647975 0.336283185840708
0.05909797822706065 0.336283185840708
0.059006211180124224 0.336283185840708
0.05891472868217054 0.336283185840708
0.058823529411764705 0.336283185840708
0.05873261205564142 0.336283185840708
0.05864197530864197 0.336283185840708
0.05855161787365177 0.336283185840708
0.05846153846153846 0.336283185840708
0.05837173579109063 0.336283185840708
0.05828220858895705 0.336283185840708
0.05819295558958652 0.336283185840708
0.0581039755351682 0.336283185840708
0.05801526717557252 0.336283185840708
0.057926829268292686 0.336283185840708
0.0578386605783866 0.336283185840708
0.057750759878419454 0.336283185840708
0.057663125948406675 0.336283185840708
0.05757575757575758 0.336283185840708
0.057488653555219364 0.336283185840708
0.05740181268882175 0.336283185840708
0.05731523378582202 0.336283185840708
0.0572289156626506 0.336283185840708
0.05714285714285714 0.336283185840708
0.057057057057057055 0.336283185840708
0.05697151424287856 0.336283185840708
0.05688622754491018 0.336283185840708
0.05680119581464873 0.336283185840708
0.056716417910447764 0.336283185840708
0.05663189269746647 0.336283185840708
0.05654761904761905 0.336283185840708
0.05646359583952452 0.336283185840708
0.05637982195845697 0.336283185840708
0.056296296296296296 0.336283185840708
0.05621301775147929 0.336283185840708
0.056129985228951254 0.336283185840708
0.05604719764011799 0.336283185840708
0.055964653902798235 0.336283185840708
0.05588235294117647 0.336283185840708
0.055800293685756244 0.336283185840708
0.05571847507331378 0.336283185840708
0.055636896046852125 0.336283185840708
0.05555555555555555 0.336283185840708
0.05547445255474453 0.336283185840708
0.05539358600583091 0.336283185840708
0.055312954876273655 0.336283185840708
0.055232558139534885 0.336283185840708
0.055152394775036286 0.336283185840708
0.05507246376811594 0.336283185840708
0.05499276410998553 0.336283185840708
0.05491329479768786 0.336283185840708
0.05483405483405483 0.336283185840708
0.05475504322766571 0.336283185840708
0.05467625899280575 0.336283185840708
0.05459770114942529 0.336283185840708
0.054519368723098996 0.336283185840708
0.054441260744985676 0.336283185840708
0.05436337625178827 0.336283185840708
0.054285714285714284 0.336283185840708
0.05420827389443652 0.336283185840708
0.05413105413105413 0.336283185840708
0.05405405405405406 0.336283185840708
0.05397727272727273 0.336283185840708
0.05390070921985816 0.336283185840708
0.053824362606232294 0.336283185840708
0.05374823196605375 0.336283185840708
0.05367231638418079 0.336283185840708
0.0535966149506347 0.336283185840708
0.05352112676056338 0.336283185840708
0.053445850914205346 0.336283185840708
0.05337078651685393 0.336283185840708
0.05329593267882188 0.336283185840708
0.05322128851540616 0.336283185840708
0.05314685314685315 0.336283185840708
0.05307262569832402 0.336283185840708
0.05299860529986053 0.336283185840708
0.052924791086350974 0.336283185840708
0.05285118219749652 0.336283185840708
0.05277777777777778 0.336283185840708
0.052704576976421634 0.336283185840708
0.05263157894736842 0.336283185840708
0.05255878284923928 0.336283185840708
0.052486187845303865 0.336283185840708
0.05241379310344828 0.336283185840708
0.05234159779614325 0.336283185840708
0.052269601100412656 0.336283185840708
0.0521978021978022 0.336283185840708
0.05212620027434842 0.336283185840708
0.052054794520547946 0.336283185840708
0.05198358413132695 0.336283185840708
0.05191256830601093 0.336283185840708
0.05184174624829468 0.336283185840708
0.051771117166212535 0.336283185840708
0.05170068027210884 0.336283185840708
0.051630434782608696 0.336283185840708
0.051560379918588875 0.336283185840708
0.051490514905149054 0.336283185840708
0.05142083897158322 0.336283185840708
0.051351351351351354 0.336283185840708
0.05128205128205128 0.336283185840708
0.05121293800539083 0.336283185840708
0.05114401076716016 0.336283185840708
0.051075268817204304 0.336283185840708
0.05100671140939597 0.336283185840708
0.05093833780160858 0.336283185840708
0.050870147255689425 0.336283185840708
0.05080213903743316 0.336283185840708
0.050734312416555405 0.336283185840708
0.050666666666666665 0.336283185840708
0.05059920106524634 0.336283185840708
0.05053191489361702 0.336283185840708
0.05046480743691899 0.336283185840708
0.050397877984084884 0.336283185840708
0.05033112582781457 0.336283185840708
0.05026455026455026 0.336283185840708
0.05019815059445178 0.336283185840708
0.05013192612137203 0.336283185840708
0.05006587615283267 0.336283185840708
0.05 0.336283185840708
0.04993429697766097 0.336283185840708
0.049868766404199474 0.336283185840708
0.04980340760157274 0.336283185840708
0.049738219895287955 0.336283185840708
0.04967320261437908 0.336283185840708
0.04960835509138381 0.336283185840708
0.04954367666232073 0.336283185840708
0.049479166666666664 0.336283185840708
0.0494148244473342 0.336283185840708
0.04935064935064935 0.336283185840708
0.04928664072632944 0.336283185840708
0.04922279792746114 0.336283185840708
0.04915912031047866 0.336283185840708
0.04909560723514212 0.336283185840708
0.04903225806451613 0.336283185840708
0.04896907216494845 0.336283185840708
0.0489060489060489 0.336283185840708
0.04884318766066838 0.336283185840708
0.04878048780487805 0.336283185840708
0.04871794871794872 0.336283185840708
0.04865556978233035 0.336283185840708
0.04859335038363171 0.336283185840708
0.04853128991060025 0.336283185840708
0.04846938775510204 0.336283185840708
0.048407643312101914 0.336283185840708
0.04834605597964377 0.336283185840708
0.048284625158831 0.336283185840708
0.048223350253807105 0.336283185840708
0.048162230671736375 0.336283185840708
0.04810126582278481 0.336283185840708
0.04804045512010114 0.336283185840708
0.047979797979797977 0.336283185840708
0.04791929382093316 0.336283185840708
0.04785894206549118 0.336283185840708
0.04779874213836478 0.336283185840708
0.04773869346733668 0.336283185840708
0.04767879548306148 0.336283185840708
0.047619047619047616 0.336283185840708
0.04755944931163955 0.336283185840708
0.0475 0.336283185840708
0.04744069912609238 0.336283185840708
0.04738154613466334 0.336283185840708
0.047322540473225407 0.336283185840708
0.0472636815920398 0.336283185840708
0.04720496894409938 0.336283185840708
0.04714640198511166 0.336283185840708
0.04708798017348203 0.336283185840708
0.04702970297029703 0.336283185840708
0.04697156983930779 0.336283185840708
0.04691358024691358 0.336283185840708
0.0468557336621455 0.336283185840708
0.046798029556650245 0.336283185840708
0.046740467404674045 0.336283185840708
0.04668304668304668 0.336283185840708
0.046625766871165646 0.336283185840708
0.04656862745098039 0.336283185840708
0.046511627906976744 0.336283185840708
0.04645476772616137 0.336283185840708
0.0463980463980464 0.336283185840708
0.046341463414634146 0.336283185840708
0.04628501827040195 0.336283185840708
0.046228710462287104 0.336283185840708
0.046172539489671933 0.336283185840708
0.04611650485436893 0.336283185840708
0.04606060606060606 0.336283185840708
0.04600484261501211 0.336283185840708
0.045949214026602174 0.336283185840708
0.04589371980676329 0.336283185840708
0.045838359469240045 0.336283185840708
0.04578313253012048 0.336283185840708
0.0457280385078219 0.336283185840708
0.04567307692307692 0.336283185840708
0.04561824729891957 0.336283185840708
0.045563549160671464 0.336283185840708
0.045508982035928146 0.336283185840708
0.045454545454545456 0.336283185840708
0.04540023894862605 0.336283185840708
0.045346062052505964 0.336283185840708
0.04529201430274136 0.336283185840708
0.04523809523809524 0.336283185840708
0.04518430439952437 0.336283185840708
0.04513064133016627 0.336283185840708
0.045077105575326216 0.336283185840708
0.045023696682464455 0.336283185840708
0.04497041420118343 0.336283185840708
0.04491725768321513 0.336283185840708
0.0448642266824085 0.336283185840708
0.04481132075471698 0.336283185840708
0.0447585394581861 0.336283185840708
0.04470588235294118 0.336283185840708
0.04465334900117509 0.336283185840708
0.04460093896713615 0.336283185840708
0.044548651817116064 0.336283185840708
0.04449648711943794 0.336283185840708
0.044444444444444446 0.336283185840708
0.04439252336448598 0.336283185840708
0.044340723453908985 0.336283185840708
0.04428904428904429 0.336283185840708
0.04423748544819558 0.336283185840708
0.044186046511627906 0.336283185840708
0.04413472706155633 0.336283185840708
0.04408352668213457 0.336283185840708
0.0440324449594438 0.336283185840708
0.04398148148148148 0.336283185840708
0.04393063583815029 0.336283185840708
0.04387990762124711 0.336283185840708
0.04382929642445214 0.336283185840708
0.04377880184331797 0.336283185840708
0.04372842347525892 0.336283185840708
0.04367816091954023 0.336283185840708
0.04362801377726751 0.336283185840708
0.04357798165137615 0.336283185840708
0.043528064146620846 0.336283185840708
0.043478260869565216 0.336283185840708
0.04342857142857143 0.336283185840708
0.04337899543378995 0.336283185840708
0.043329532497149374 0.336283185840708
0.04328018223234624 0.336283185840708
0.04323094425483504 0.336283185840708
0.04318181818181818 0.336283185840708
0.043132803632236094 0.336283185840708
0.04308390022675737 0.336283185840708
0.04303510758776897 0.336283185840708
0.042986425339366516 0.336283185840708
0.04293785310734463 0.336283185840708
0.04288939051918736 0.336283185840708
0.04284103720405862 0.336283185840708
0.04279279279279279 0.336283185840708
0.04274465691788527 0.336283185840708
0.04269662921348315 0.336283185840708
0.04264870931537598 0.336283185840708
0.042600896860986545 0.336283185840708
0.0425531914893617 0.336283185840708
0.042505592841163314 0.336283185840708
0.042458100558659215 0.336283185840708
0.04241071428571429 0.336283185840708
0.042363433667781496 0.336283185840708
0.042316258351893093 0.336283185840708
0.042269187986651836 0.336283185840708
0.042222222222222223 0.336283185840708
0.042175360710321866 0.336283185840708
0.04212860310421286 0.336283185840708
0.042081949058693245 0.336283185840708
0.0420353982300885 0.336283185840708
0.041988950276243095 0.336283185840708
0.04194260485651214 0.336283185840708
0.04189636163175303 0.336283185840708
0.04185022026431718 0.336283185840708
0.041804180418041806 0.336283185840708
0.041758241758241756 0.336283185840708
0.04171240395170143 0.336283185840708
0.041666666666666664 0.336283185840708
0.0416210295728368 0.336283185840708
0.04157549234135667 0.336283185840708
0.041530054644808745 0.336283185840708
0.04148471615720524 0.336283185840708
0.04143947655398037 0.336283185840708
0.04139433551198257 0.336283185840708
0.041349292709466814 0.336283185840708
0.041304347826086954 0.336283185840708
0.04125950054288816 0.336283185840708
0.04121475054229935 0.336283185840708
0.041170097508125676 0.336283185840708
0.04112554112554113 0.336283185840708
0.04108108108108108 0.336283185840708
0.04103671706263499 0.336283185840708
0.040992448759439054 0.336283185840708
0.040948275862068964 0.336283185840708
0.04090419806243272 0.336283185840708
0.04086021505376344 0.336283185840708
0.04081632653061224 0.336283185840708
0.0407725321888412 0.336283185840708
0.04072883172561629 0.336283185840708
0.04068522483940043 0.336283185840708
0.040641711229946524 0.336283185840708
0.0405982905982906 0.336283185840708
0.04055496264674493 0.336283185840708
0.04051172707889126 0.336283185840708
0.04046858359957402 0.336283185840708
0.04042553191489362 0.336283185840708
0.040382571732199786 0.336283185840708
0.040339702760084924 0.336283185840708
0.04029692470837752 0.336283185840708
0.04025423728813559 0.336283185840708
0.04021164021164021 0.336283185840708
0.040169133192389 0.336283185840708
0.04012671594508976 0.336283185840708
0.04008438818565401 0.336283185840708
0.040042149631190724 0.336283185840708
0.04 0.336283185840708
0.03995793901156677 0.336283185840708
0.03991596638655462 0.336283185840708
0.03987408184679958 0.336283185840708
0.039832285115303984 0.336283185840708
0.039790575916230364 0.336283185840708
0.0397489539748954 0.336283185840708
0.03970741901776385 0.336283185840708
0.03966597077244259 0.336283185840708
0.03962460896767466 0.336283185840708
0.03958333333333333 0.336283185840708
0.03954214360041623 0.336283185840708
0.0395010395010395 0.336283185840708
0.03946002076843198 0.336283185840708
0.03941908713692946 0.336283185840708
0.039378238341968914 0.336283185840708
0.039337474120082816 0.336283185840708
0.03929679420889348 0.336283185840708
0.03925619834710744 0.336283185840708
0.0392156862745098 0.336283185840708
0.03917525773195876 0.336283185840708
0.03913491246138002 0.336283185840708
0.03909465020576132 0.336283185840708
0.03905447070914697 0.336283185840708
0.039014373716632446 0.336283185840708
0.038974358974358976 0.336283185840708
0.0389344262295082 0.336283185840708
0.038894575230296824 0.336283185840708
0.03885480572597137 0.336283185840708
0.03881511746680286 0.336283185840708
0.03877551020408163 0.336283185840708
0.03873598369011213 0.336283185840708
0.038696537678207736 0.336283185840708
0.038657171922685654 0.336283185840708
0.03861788617886179 0.336283185840708
0.03857868020304569 0.336283185840708
0.038539553752535496 0.336283185840708
0.03850050658561297 0.336283185840708
0.038461538461538464 0.336283185840708
0.03842264914054601 0.336283185840708
0.03838383838383838 0.336283185840708
0.03834510595358224 0.336283185840708
0.038306451612903226 0.336283185840708
0.038267875125881166 0.336283185840708
0.03822937625754527 0.336283185840708
0.03819095477386935 0.336283185840708
0.03815261044176707 0.336283185840708
0.03811434302908726 0.336283185840708
0.03807615230460922 0.336283185840708
0.03803803803803804 0.336283185840708
0.038 0.336283185840708
0.03796203796203796 0.336283185840708
0.03792415169660679 0.336283185840708
0.03788634097706879 0.336283185840708
0.037848605577689244 0.336283185840708
0.03781094527363184 0.336283185840708
0.03777335984095427 0.336283185840708
0.03773584905660377 0.336283185840708
0.037698412698412696 0.336283185840708
0.03766105054509415 0.336283185840708
0.03762376237623762 0.336283185840708
0.03758654797230465 0.336283185840708
0.037549407114624504 0.336283185840708
0.03751233958538993 0.336283185840708
0.03747534516765286 0.336283185840708
0.0374384236453202 0.336283185840708
0.03740157480314961 0.336283185840708
0.03736479842674533 0.336283185840708
0.03732809430255403 0.336283185840708
0.03729146221786065 0.336283185840708
0.03725490196078431 0.336283185840708
0.03721841332027424 0.336283185840708
0.03718199608610567 0.336283185840708
0.03714565004887586 0.336283185840708
0.037109375 0.336283185840708
0.037073170731707315 0.336283185840708
0.037037037037037035 0.336283185840708
0.03700097370983447 0.336283185840708
0.03696498054474708 0.336283185840708
0.0369290573372206 0.336283185840708
0.036893203883495145 0.336283185840708
0.03685741998060136 0.336283185840708
0.03682170542635659 0.336283185840708
0.036786060019361085 0.336283185840708
0.0367504835589942 0.336283185840708
0.03671497584541063 0.336283185840708
0.03667953667953668 0.336283185840708
0.03664416586306654 0.336283185840708
0.036608863198458574 0.336283185840708
0.03657362848893166 0.336283185840708
0.03653846153846154 0.336283185840708
0.03650336215177714 0.336283185840708
0.036468330134357005 0.336283185840708
0.0364333652924257 0.336283185840708
0.03639846743295019 0.336283185840708
0.03636363636363636 0.336283185840708
0.036328871892925434 0.336283185840708
0.03629417382999045 0.336283185840708
0.03625954198473282 0.336283185840708
0.03622497616777884 0.336283185840708
0.03619047619047619 0.336283185840708
0.03615604186489058 0.336283185840708
0.03612167300380228 0.336283185840708
0.03608736942070275 0.336283185840708
0.036053130929791274 0.336283185840708
0.03601895734597156 0.336283185840708
0.03598484848484849 0.336283185840708
0.03595080416272469 0.336283185840708
0.035916824196597356 0.336283185840708
0.03588290840415486 0.336283185840708
0.035849056603773584 0.336283185840708
0.03581526861451461 0.336283185840708
0.035781544256120526 0.336283185840708
0.03574788334901223 0.336283185840708
0.03571428571428571 0.336283185840708
0.03568075117370892 0.336283185840708
0.03564727954971857 0.336283185840708
0.03561387066541706 0.336283185840708
0.035580524344569285 0.336283185840708
0.03554724041159962 0.336283185840708
0.03551401869158879 0.336283185840708
0.035480859010270774 0.336283185840708
0.03544776119402985 0.336283185840708
0.035414725069897485 0.336283185840708
0.035381750465549346 0.336283185840708
0.035348837209302326 0.336283185840708
0.03531598513011153 0.336283185840708
0.035283194057567316 0.336283185840708
0.03525046382189239 0.336283185840708
0.03521779425393883 0.336283185840708
0.03518518518518519 0.336283185840708
0.03515263644773358 0.336283185840708
0.03512014787430684 0.336283185840708
0.03508771929824561 0.336283185840708
0.03505535055350553 0.336283185840708
0.035023041474654376 0.336283185840708
0.034990791896869246 0.336283185840708
0.034958601655933765 0.336283185840708
0.034926470588235295 0.336283185840708
0.03489439853076217 0.336283185840708
0.03486238532110092 0.336283185840708
0.034830430797433545 0.336283185840708
0.0347985347985348 0.336283185840708
0.03476669716376944 0.336283185840708
0.03473491773308958 0.336283185840708
0.034703196347031964 0.336283185840708
0.03467153284671533 0.336283185840708
0.03463992707383774 0.336283185840708
0.03460837887067395 0.336283185840708
0.034576888080072796 0.336283185840708
0.034545454545454546 0.336283185840708
0.03451407811080836 0.336283185840708
0.034482758620689655 0.336283185840708
0.03445149592021759 0.336283185840708
0.034420289855072464 0.336283185840708
0.034389140271493215 0.336283185840708
0.034358047016274866 0.336283185840708
0.03432700993676603 0.336283185840708
0.03429602888086643 0.336283185840708
0.034265103697024346 0.336283185840708
0.03423423423423423 0.336283185840708
0.034203420342034205 0.336283185840708
0.0341726618705036 0.336283185840708
0.034141958670260555 0.336283185840708
0.03411131059245961 0.336283185840708
0.034080717488789235 0.336283185840708
0.034050179211469536 0.336283185840708
0.03401969561324977 0.336283185840708
0.03398926654740608 0.336283185840708
0.03395889186773905 0.336283185840708
0.033928571428571426 0.336283185840708
0.03389830508474576 0.336283185840708
0.0338680926916221 0.336283185840708
0.03383793410507569 0.336283185840708
0.033807829181494664 0.336283185840708
0.033777777777777775 0.336283185840708
0.03374777975133215 0.336283185840708
0.03371783496007098 0.336283185840708
0.03368794326241135 0.336283185840708
0.03365810451727192 0.336283185840708
0.033628318584070796 0.336283185840708
0.03359858532272325 0.336283185840708
0.03356890459363958 0.336283185840708
0.03353927625772286 0.336283185840708
0.03350970017636684 0.336283185840708
0.033480176211453744 0.336283185840708
0.03345070422535211 0.336283185840708
0.03342128408091469 0.336283185840708
0.033391915641476276 0.336283185840708
0.033362598770851626 0.336283185840708
0.03333333333333333 0.336283185840708
0.033304119193689745 0.336283185840708
0.03327495621716287 0.336283185840708
0.033245844269466314 0.336283185840708
0.033216783216783216 0.336283185840708
0.03318777292576419 0.336283185840708
0.03315881326352531 0.336283185840708
0.03312990409764603 0.336283185840708
0.033101045296167246 0.336283185840708
0.03307223672758921 0.336283185840708
0.03304347826086956 0.336283185840708
0.03301476976542137 0.336283185840708
0.03298611111111111 0.336283185840708
0.03295750216825672 0.336283185840708
0.03292894280762565 0.336283185840708
0.0329004329004329 0.336283185840708
0.0328719723183391 0.336283185840708
0.032843560933448576 0.336283185840708
0.03281519861830743 0.336283185840708
0.03278688524590164 0.336283185840708
0.032758620689655175 0.336283185840708
0.03273040482342808 0.336283185840708
0.03270223752151463 0.336283185840708
0.03267411865864144 0.336283185840708
0.03264604810996564 0.336283185840708
0.03261802575107296 0.336283185840708
0.032590051457975985 0.336283185840708
0.032562125107112254 0.336283185840708
0.032534246575342464 0.336283185840708
0.032506415739948676 0.336283185840708
0.03247863247863248 0.336283185840708
0.032450896669513236 0.336283185840708
0.032423208191126277 0.336283185840708
0.03239556692242114 0.336283185840708
0.03236797274275979 0.336283185840708
0.03234042553191489 0.336283185840708
0.03231292517006803 0.336283185840708
0.03228547153780799 0.336283185840708
0.03225806451612903 0.336283185840708
0.032230703986429174 0.336283185840708
0.03220338983050847 0.336283185840708
0.03217612193056731 0.336283185840708
0.032148900169204735 0.336283185840708
0.032121724429416736 0.336283185840708
0.03209459459459459 0.336283185840708
0.032067510548523206 0.336283185840708
0.03204047217537943 0.336283185840708
0.03201347935973041 0.336283185840708
0.03198653198653199 0.336283185840708
0.031959629941127 0.336283185840708
0.031932773109243695 0.336283185840708
0.03190596137699412 0.336283185840708
0.031879194630872486 0.336283185840708
0.03185247275775356 0.336283185840708
0.031825795644891124 0.336283185840708
0.031799163179916316 0.336283185840708
0.03177257525083612 0.336283185840708
0.031746031746031744 0.336283185840708
0.03171953255425709 0.336283185840708
0.0316930775646372 0.336283185840708
0.03166666666666667 0.336283185840708
0.03164029975020816 0.336283185840708
0.03161397670549085 0.336283185840708
0.03158769742310889 0.336283185840708
0.03156146179401993 0.336283185840708
0.03153526970954357 0.336283185840708
0.03150912106135987 0.336283185840708
0.03148301574150787 0.336283185840708
0.03145695364238411 0.336283185840708
0.03143093465674111 0.336283185840708
0.03140495867768595 0.336283185840708
0.03137902559867878 0.336283185840708
0.03135313531353135 0.336283185840708
0.031327287716405604 0.336283185840708
0.03130148270181219 0.336283185840708
0.031275720164609055 0.336283185840708
0.03125 0.336283185840708
0.031224322103533278 0.336283185840708
0.031198686371100164 0.336283185840708
0.031173092698933553 0.336283185840708
0.03114754098360656 0.336283185840708
0.031122031122031123 0.336283185840708
0.031096563011456628 0.336283185840708
0.03107113654946852 0.336283185840708
0.03104575163398693 0.336283185840708
0.031020408163265307 0.336283185840708
0.03099510603588907 0.336283185840708
0.030969845150774247 0.336283185840708
0.030944625407166124 0.336283185840708
0.030919446704637917 0.336283185840708
0.030894308943089432 0.336283185840708
0.030869212022745736 0.336283185840708
0.030844155844155844 0.336283185840708
0.030819140308191405 0.336283185840708
0.03079416531604538 0.336283185840708
0.03076923076923077 0.336283185840708
0.030744336569579287 0.336283185840708
0.030719482619240096 0.336283185840708
0.030694668820678513 0.336283185840708
0.03066989507667474 0.336283185840708
0.03064516129032258 0.336283185840708
0.030620467365028204 0.336283185840708
0.030595813204508857 0.336283185840708
0.030571198712791632 0.336283185840708
0.03054662379421222 0.336283185840708
0.030522088353413655 0.336283185840708
0.030497592295345103 0.336283185840708
0.030473135525260625 0.336283185840708
0.030448717948717948 0.336283185840708
0.03042433947157726 0.336283185840708
0.0304 0.336283185840708
0.030375699440447643 0.336283185840708
0.03035143769968051 0.336283185840708
0.030327214684756583 0.336283185840708
0.030303030303030304 0.336283185840708
0.030278884462151396 0.336283185840708
0.030254777070063694 0.336283185840708
0.030230708035003977 0.336283185840708
0.030206677265500796 0.336283185840708
0.030182684670373314 0.336283185840708
0.03015873015873016 0.336283185840708
0.03013481363996828 0.336283185840708
0.030110935023771792 0.336283185840708
0.030087094220110848 0.336283185840708
0.030063291139240507 0.336283185840708
0.030039525691699605 0.336283185840708
0.030015797788309637 0.336283185840708
0.02999210734017364 0.336283185840708
0.02996845425867508 0.336283185840708
0.029944838455476755 0.336283185840708
0.029921259842519685 0.336283185840708
0.02989771833202203 0.336283185840708
0.029874213836477988 0.336283185840708
0.029850746268656716 0.336283185840708
0.029827315541601257 0.336283185840708
0.02980392156862745 0.336283185840708
0.029780564263322883 0.336283185840708
0.02975724353954581 0.336283185840708
0.0297339593114241 0.336283185840708
0.029710711493354185 0.336283185840708
0.0296875 0.336283185840708
0.02966432474629196 0.336283185840708
0.029641185647425898 0.336283185840708
0.029618082618862042 0.336283185840708
0.029595015576323987 0.336283185840708
0.029571984435797664 0.336283185840708
0.029548989113530325 0.336283185840708
0.029526029526029528 0.336283185840708
0.029503105590062112 0.336283185840708
0.02948021722265322 0.336283185840708
0.02945736434108527 0.336283185840708
0.02943454686289698 0.336283185840708
0.029411764705882353 0.336283185840708
0.029389017788089715 0.336283185840708
0.02936630602782071 0.336283185840708
0.029343629343629343 0.336283185840708
0.029320987654320986 0.336283185840708
0.029298380878951428 0.336283185840708
0.029275808936825885 0.336283185840708
0.029253271747498075 0.336283185840708
0.02923076923076923 0.336283185840708
0.029208301306687164 0.336283185840708
0.029185867895545316 0.336283185840708
0.02916346891788181 0.336283185840708
0.029141104294478526 0.336283185840708
0.029118773946360154 0.336283185840708
0.02909647779479326 0.336283185840708
0.029074215761285386 0.336283185840708
0.0290519877675841 0.336283185840708
0.029029793735676088 0.336283185840708
0.02900763358778626 0.336283185840708
0.028985507246376812 0.336283185840708
0.028963414634146343 0.336283185840708
0.028941355674028942 0.336283185840708
0.0289193302891933 0.336283185840708
0.028897338403041824 0.336283185840708
0.028875379939209727 0.336283185840708
0.02885345482156416 0.336283185840708
0.028831562974203338 0.336283185840708
0.02880970432145565 0.336283185840708
0.02878787878787879 0.336283185840708
0.028766086298258896 0.336283185840708
0.028744326777609682 0.336283185840708
0.02872260015117158 0.336283185840708
0.028700906344410877 0.336283185840708
0.028679245283018868 0.336283185840708
0.02865761689291101 0.336283185840708
0.028636021100226075 0.336283185840708
0.0286144578313253 0.336283185840708
0.028592927012791574 0.336283185840708
0.02857142857142857 0.336283185840708
0.028549962434259956 0.336283185840708
0.028528528528528527 0.336283185840708
0.028507126781695424 0.336283185840708
0.02848575712143928 0.336283185840708
0.02846441947565543 0.336283185840708
0.02844311377245509 0.336283185840708
0.028421839940164548 0.336283185840708
0.028400597907324365 0.336283185840708
0.028379387602688575 0.336283185840708
0.028358208955223882 0.336283185840708
0.028337061894108874 0.336283185840708
0.028315946348733235 0.336283185840708
0.028294862248696945 0.336283185840708
0.028273809523809524 0.336283185840708
0.02825278810408922 0.336283185840708
0.02823179791976226 0.336283185840708
0.028210838901262063 0.336283185840708
0.028189910979228485 0.336283185840708
0.028169014084507043 0.336283185840708
0.028148148148148148 0.336283185840708
0.028127313101406367 0.336283185840708
0.028106508875739646 0.336283185840708
0.028085735402808575 0.336283185840708
0.028064992614475627 0.336283185840708
0.028044280442804426 0.336283185840708
0.028023598820058997 0.336283185840708
0.02800294767870302 0.336283185840708
0.027982326951399118 0.336283185840708
0.027961736571008096 0.336283185840708
0.027941176470588237 0.336283185840708
0.027920646583394562 0.336283185840708
0.027900146842878122 0.336283185840708
0.027879677182685254 0.336283185840708
0.02785923753665689 0.336283185840708
0.02783882783882784 0.336283185840708
0.027818448023426062 0.336283185840708
0.027798098024871983 0.336283185840708
0.027777777777777776 0.336283185840708
0.027757487216946677 0.336283185840708
0.027737226277372264 0.336283185840708
0.027716994894237783 0.336283185840708
0.027696793002915453 0.336283185840708
0.027676620538965767 0.336283185840708
0.027656477438136828 0.336283185840708
0.027636363636363636 0.336283185840708
0.027616279069767442 0.336283185840708
0.027596223674655047 0.336283185840708
0.027576197387518143 0.336283185840708
0.02755620014503263 0.336283185840708
0.02753623188405797 0.336283185840708
0.027516292541636494 0.336283185840708
0.027496382054992764 0.336283185840708
0.0274765003615329 0.336283185840708
0.02745664739884393 0.336283185840708
0.027436823104693142 0.336283185840708
0.027417027417027416 0.336283185840708
0.0273972602739726 0.336283185840708
0.027377521613832854 0.336283185840708
0.027357811375089993 0.336283185840708
0.027338129496402876 0.336283185840708
0.027318475916606758 0.336283185840708
0.027298850574712645 0.336283185840708
0.027279253409906678 0.336283185840708
0.027259684361549498 0.336283185840708
0.02724014336917563 0.336283185840708
0.027220630372492838 0.336283185840708
0.02720114531138153 0.336283185840708
0.027181688125894134 0.336283185840708
0.027162258756254467 0.336283185840708
0.027142857142857142 0.336283185840708
0.027123483226266953 0.336283185840708
0.02710413694721826 0.336283185840708
0.0270848182466144 0.336283185840708
0.027065527065527065 0.336283185840708
0.02704626334519573 0.336283185840708
0.02702702702702703 0.336283185840708
0.02700781805259417 0.336283185840708
0.026988636363636364 0.336283185840708
0.0269694819020582 0.336283185840708
0.02695035460992908 0.336283185840708
0.026931254429482635 0.336283185840708
0.026912181303116147 0.336283185840708
0.02689313517338995 0.336283185840708
0.026874115983026876 0.336283185840708
0.02685512367491166 0.336283185840708
0.026836158192090395 0.336283185840708
0.026817219477769938 0.336283185840708
0.02679830747531735 0.336283185840708
0.026779422128259338 0.336283185840708
0.02676056338028169 0.336283185840708
0.02674173117522871 0.336283185840708
0.026722925457102673 0.336283185840708
0.026704146170063246 0.336283185840708
0.026685393258426966 0.336283185840708
0.02666666666666667 0.336283185840708
0.02664796633941094 0.336283185840708
0.026629292221443588 0.336283185840708
0.02661064425770308 0.336283185840708
0.026592022393282014 0.336283185840708
0.026573426573426574 0.336283185840708
0.026554856743535988 0.336283185840708
0.02653631284916201 0.336283185840708
0.026517794836008374 0.336283185840708
0.026499302649930265 0.336283185840708
0.0264808362369338 0.336283185840708
0.026462395543175487 0.336283185840708
0.026443980514961725 0.336283185840708
0.02642559109874826 0.336283185840708
0.02640722724113968 0.336283185840708
0.02638888888888889 0.336283185840708
0.0263705759888966 0.336283185840708
0.026352288488210817 0.336283185840708
0.026334026334026334 0.336283185840708
0.02631578947368421 0.336283185840708
0.02629757785467128 0.336283185840708
0.02627939142461964 0.336283185840708
0.02626123013130615 0.336283185840708
0.026243093922651933 0.336283185840708
0.026224982746721876 0.336283185840708
0.02620689655172414 0.336283185840708
0.026188835286009647 0.336283185840708
0.026170798898071626 0.336283185840708
0.02615278733654508 0.336283185840708
0.026134800550206328 0.336283185840708
0.02611683848797251 0.336283185840708
0.0260989010989011 0.336283185840708
0.02608098833218943 0.336283185840708
0.02606310013717421 0.336283185840708
0.02604523646333105 0.336283185840708
0.026027397260273973 0.336283185840708
0.026009582477754964 0.336283185840708
0.025991792065663474 0.336283185840708
0.025974025974025976 0.336283185840708
0.025956284153005466 0.336283185840708
0.025938566552901023 0.336283185840708
0.02592087312414734 0.336283185840708
0.025903203817314247 0.336283185840708
0.025885558583106268 0.336283185840708
0.025867937372362152 0.336283185840708
0.02585034013605442 0.336283185840708
0.02583276682528892 0.336283185840708
0.025815217391304348 0.336283185840708
0.025797691785471828 0.336283185840708
0.025780189959294438 0.336283185840708
0.02576271186440678 0.336283185840708
0.025745257452574527 0.336283185840708
0.025727826675693975 0.336283185840708
0.02571041948579161 0.336283185840708
0.025693035835023664 0.336283185840708
0.025675675675675677 0.336283185840708
0.025658338960162053 0.336283185840708
0.02564102564102564 0.336283185840708
0.02562373567093729 0.336283185840708
0.025606469002695417 0.336283185840708
0.02558922558922559 0.336283185840708
0.02557200538358008 0.336283185840708
0.025554808338937456 0.336283185840708
0.025537634408602152 0.336283185840708
0.02552048354600403 0.336283185840708
0.025503355704697986 0.336283185840708
0.025486250838363516 0.336283185840708
0.02546916890080429 0.336283185840708
0.025452109845947757 0.336283185840708
0.025435073627844713 0.336283185840708
0.025418060200668897 0.336283185840708
0.02540106951871658 0.336283185840708
0.025384101536406144 0.336283185840708
0.025367156208277702 0.336283185840708
0.025350233488992662 0.336283185840708
0.025333333333333333 0.336283185840708
0.02531645569620253 0.336283185840708
0.02529960053262317 0.336283185840708
0.025282767797737856 0.336283185840708
0.02526595744680851 0.336283185840708
0.02524916943521595 0.336283185840708
0.025232403718459494 0.336283185840708
0.025215660252156602 0.336283185840708
0.025198938992042442 0.336283185840708
0.025182239893969515 0.336283185840708
0.025165562913907286 0.336283185840708
0.02514890800794176 0.336283185840708
0.02513227513227513 0.336283185840708
0.02511566424322538 0.336283185840708
0.02509907529722589 0.336283185840708
0.025082508250825083 0.336283185840708
0.025065963060686015 0.336283185840708
0.025049439683586024 0.336283185840708
0.025032938076416336 0.336283185840708
0.025016458196181698 0.336283185840708
0.025 0.336283185840708
0.024983563445101907 0.336283185840708
0.024967148488830485 0.336283185840708
0.02495075508864084 0.336283185840708
0.024934383202099737 0.336283185840708
0.024918032786885248 0.336283185840708
0.02490170380078637 0.336283185840708
0.024885396201702686 0.336283185840708
0.024869109947643978 0.336283185840708
0.02485284499672989 0.336283185840708
0.02483660130718954 0.336283185840708
0.024820378837361202 0.336283185840708
0.024804177545691905 0.336283185840708
0.024787997390737115 0.336283185840708
0.024771838331160364 0.336283185840708
0.024755700325732898 0.336283185840708
0.024739583333333332 0.336283185840708
0.0247234873129473 0.336283185840708
0.0247074122236671 0.336283185840708
0.024691358024691357 0.336283185840708
0.024675324675324677 0.336283185840708
0.02465931213497729 0.336283185840708
0.02464332036316472 0.336283185840708
0.02462734931950745 0.336283185840708
0.02461139896373057 0.336283185840708
0.02459546925566343 0.336283185840708
0.02457956015523933 0.336283185840708
0.02456367162249515 0.336283185840708
0.02454780361757106 0.336283185840708
0.024531956100710135 0.336283185840708
0.024516129032258065 0.336283185840708
0.024500322372662798 0.336283185840708
0.024484536082474227 0.336283185840708
0.02446877012234385 0.336283185840708
0.02445302445302445 0.336283185840708
0.024437299035369776 0.336283185840708
0.02442159383033419 0.336283185840708
0.024405908798972382 0.336283185840708
0.024390243902439025 0.336283185840708
0.024374599101988453 0.336283185840708
0.02435897435897436 0.336283185840708
0.024343369634849454 0.336283185840708
0.024327784891165175 0.336283185840708
0.02431222008957134 0.336283185840708
0.024296675191815855 0.336283185840708
0.02428115015974441 0.336283185840708
0.024265644955300127 0.336283185840708
0.024250159540523293 0.336283185840708
0.02423469387755102 0.336283185840708
0.024219247928616953 0.336283185840708
0.024203821656050957 0.336283185840708
0.0241884150222788 0.336283185840708
0.024173027989821884 0.336283185840708
0.024157660521296885 0.336283185840708
0.0241423125794155 0.336283185840708
0.02412698412698413 0.336283185840708
0.024111675126903553 0.336283185840708
0.024096385542168676 0.336283185840708
0.024081115335868188 0.336283185840708
0.024065864471184292 0.336283185840708
0.024050632911392405 0.336283185840708
0.02403542061986085 0.336283185840708
0.02402022756005057 0.336283185840708
0.024005053695514846 0.336283185840708
0.023989898989898988 0.336283185840708
0.023974763406940065 0.336283185840708
0.02395964691046658 0.336283185840708
0.023944549464398234 0.336283185840708
0.02392947103274559 0.336283185840708
0.02391441157960982 0.336283185840708
0.02389937106918239 0.336283185840708
0.023884349465744813 0.336283185840708
0.02386934673366834 0.336283185840708
