1.0 0.0045871559633027525
1.0 0.009174311926605505
1.0 0.013761467889908258
1.0 0.01834862385321101
1.0 0.022935779816513763
0.8333333333333334 0.022935779816513763
0.7142857142857143 0.022935779816513763
0.625 0.022935779816513763
0.6666666666666666 0.027522935779816515
0.7 0.03211009174311927
0.6363636363636364 0.03211009174311927
0.6666666666666666 0.03669724770642202
0.6923076923076923 0.04128440366972477
0.6428571428571429 0.04128440366972477
0.6 0.04128440366972477
0.5625 0.04128440366972477
0.5882352941176471 0.045871559633027525
0.6111111111111112 0.05045871559633028
0.631578947368421 0.05504587155963303
0.65 0.05963302752293578
0.6190476190476191 0.05963302752293578
0.5909090909090909 0.05963302752293578
0.5652173913043478 0.05963302752293578
0.5416666666666666 0.05963302752293578
0.52 0.05963302752293578
0.5 0.05963302752293578
0.48148148148148145 0.05963302752293578
0.4642857142857143 0.05963302752293578
0.4482758620689655 0.05963302752293578
0.43333333333333335 0.05963302752293578
0.41935483870967744 0.05963302752293578
0.40625 0.05963302752293578
0.3939393939393939 0.05963302752293578
0.38235294117647056 0.05963302752293578
0.4 0.06422018348623854
0.4166666666666667 0.06880733944954129
0.43243243243243246 0.07339449541284404
0.4473684210526316 0.0779816513761468
0.46153846153846156 0.08256880733944955
0.475 0.0871559633027523
0.4634146341463415 0.0871559633027523
0.4523809523809524 0.0871559633027523
0.4418604651162791 0.0871559633027523
0.4318181818181818 0.0871559633027523
0.4222222222222222 0.0871559633027523
0.41304347826086957 0.0871559633027523
0.40425531914893614 0.0871559633027523
0.3958333333333333 0.0871559633027523
0.3877551020408163 0.0871559633027523
0.38 0.0871559633027523
0.37254901960784315 0.0871559633027523
0.36538461538461536 0.0871559633027523
0.3584905660377358 0.0871559633027523
0.35185185185185186 0.0871559633027523
0.34545454545454546 0.0871559633027523
0.3392857142857143 0.0871559633027523
0.3333333333333333 0.0871559633027523
0.3275862068965517 0.0871559633027523
0.3220338983050847 0.0871559633027523
0.31666666666666665 0.0871559633027523
0.3114754098360656 0.0871559633027523
0.3225806451612903 0.09174311926605505
0.31746031746031744 0.09174311926605505
0.3125 0.09174311926605505
0.3230769230769231 0.0963302752293578
0.3333333333333333 0.10091743119266056
0.34328358208955223 0.10550458715596331
0.35294117647058826 0.11009174311926606
0.36231884057971014 0.11467889908256881
0.37142857142857144 0.11926605504587157
0.38028169014084506 0.12385321100917432
0.375 0.12385321100917432
0.3698630136986301 0.12385321100917432
0.36486486486486486 0.12385321100917432
0.36 0.12385321100917432
0.35526315789473684 0.12385321100917432
0.35064935064935066 0.12385321100917432
0.34615384615384615 0.12385321100917432
0.34177215189873417 0.12385321100917432
