0.0 0.0
0.0 0.0
0.0 0.0
0.25 0.006756756756756757
0.2 0.006756756756756757
0.16666666666666666 0.006756756756756757
0.14285714285714285 0.006756756756756757
0.125 0.006756756756756757
0.1111111111111111 0.006756756756756757
0.2 0.013513513513513514
0.18181818181818182 0.013513513513513514
0.25 0.02027027027027027
0.23076923076923078 0.02027027027027027
0.21428571428571427 0.02027027027027027
0.2 0.02027027027027027
0.25 0.02702702702702703
0.23529411764705882 0.02702702702702703
0.2222222222222222 0.02702702702702703
0.21052631578947367 0.02702702702702703
0.2 0.02702702702702703
0.19047619047619047 0.02702702702702703
0.18181818181818182 0.02702702702702703
0.21739130434782608 0.033783783783783786
0.20833333333333334 0.033783783783783786
0.24 0.04054054054054054
0.23076923076923078 0.04054054054054054
0.2222222222222222 0.04054054054054054
0.21428571428571427 0.04054054054054054
0.20689655172413793 0.04054054054054054
0.2 0.04054054054054054
0.1935483870967742 0.04054054054054054
0.1875 0.04054054054054054
0.18181818181818182 0.04054054054054054
0.17647058823529413 0.04054054054054054
0.17142857142857143 0.04054054054054054
0.16666666666666666 0.04054054054054054
0.16216216216216217 0.04054054054054054
0.15789473684210525 0.04054054054054054
0.15384615384615385 0.04054054054054054
0.15 0.04054054054054054
0.14634146341463414 0.04054054054054054
0.14285714285714285 0.04054054054054054
0.13953488372093023 0.04054054054054054
0.13636363636363635 0.04054054054054054
0.13333333333333333 0.04054054054054054
0.13043478260869565 0.04054054054054054
0.1276595744680851 0.04054054054054054
0.125 0.04054054054054054
0.12244897959183673 0.04054054054054054
0.12 0.04054054054054054
0.11764705882352941 0.04054054054054054
0.11538461538461539 0.04054054054054054
0.11320754716981132 0.04054054054054054
0.1111111111111111 0.04054054054054054
0.10909090909090909 0.04054054054054054
0.10714285714285714 0.04054054054054054
0.10526315789473684 0.04054054054054054
0.10344827586206896 0.04054054054054054
0.1016949152542373 0.04054054054054054
0.1 0.04054054054054054
0.09836065573770492 0.04054054054054054
0.0967741935483871 0.04054054054054054
0.09523809523809523 0.04054054054054054
0.09375 0.04054054054054054
0.09230769230769231 0.04054054054054054
0.09090909090909091 0.04054054054054054
0.08955223880597014 0.04054054054054054
0.08823529411764706 0.04054054054054054
0.08695652173913043 0.04054054054054054
0.08571428571428572 0.04054054054054054
0.08450704225352113 0.04054054054054054
0.08333333333333333 0.04054054054054054
0.0821917808219178 0.04054054054054054
0.08108108108108109 0.04054054054054054
0.08 0.04054054054054054
0.07894736842105263 0.04054054054054054
0.07792207792207792 0.04054054054054054
0.07692307692307693 0.04054054054054054
0.0759493670886076 0.04054054054054054
0.075 0.04054054054054054
0.07407407407407407 0.04054054054054054
0.07317073170731707 0.04054054054054054
0.07228915662650602 0.04054054054054054
0.07142857142857142 0.04054054054054054
0.07058823529411765 0.04054054054054054
0.06976744186046512 0.04054054054054054
0.06896551724137931 0.04054054054054054
0.06818181818181818 0.04054054054054054
0.06741573033707865 0.04054054054054054
0.06666666666666667 0.04054054054054054
0.06593406593406594 0.04054054054054054
0.06521739130434782 0.04054054054054054
0.06451612903225806 0.04054054054054054
0.06382978723404255 0.04054054054054054
0.06315789473684211 0.04054054054054054
0.0625 0.04054054054054054
0.061855670103092786 0.04054054054054054
0.061224489795918366 0.04054054054054054
0.0707070707070707 0.0472972972972973
0.07 0.0472972972972973
0.06930693069306931 0.0472972972972973
0.06862745098039216 0.0472972972972973
0.06796116504854369 0.0472972972972973
0.0673076923076923 0.0472972972972973
0.06666666666666667 0.0472972972972973
0.0660377358490566 0.0472972972972973
0.06542056074766354 0.0472972972972973
0.06481481481481481 0.0472972972972973
0.06422018348623854 0.0472972972972973
0.06363636363636363 0.0472972972972973
0.06306306306306306 0.0472972972972973
0.0625 0.0472972972972973
0.061946902654867256 0.0472972972972973
0.06140350877192982 0.0472972972972973
0.06086956521739131 0.0472972972972973
0.0603448275862069 0.0472972972972973
0.05982905982905983 0.0472972972972973
0.059322033898305086 0.0472972972972973
0.058823529411764705 0.0472972972972973
0.058333333333333334 0.0472972972972973
0.05785123966942149 0.0472972972972973
0.05737704918032787 0.0472972972972973
0.056910569105691054 0.0472972972972973
0.056451612903225805 0.0472972972972973
0.056 0.0472972972972973
0.05555555555555555 0.0472972972972973
0.05511811023622047 0.0472972972972973
0.0546875 0.0472972972972973
0.05426356589147287 0.0472972972972973
0.05384615384615385 0.0472972972972973
0.05343511450381679 0.0472972972972973
0.05303030303030303 0.0472972972972973
0.05263157894736842 0.0472972972972973
0.05223880597014925 0.0472972972972973
0.05185185185185185 0.0472972972972973
0.051470588235294115 0.0472972972972973
0.051094890510948905 0.0472972972972973
0.050724637681159424 0.0472972972972973
0.050359712230215826 0.0472972972972973
0.05 0.0472972972972973
0.04964539007092199 0.0472972972972973
0.04929577464788732 0.0472972972972973
0.04895104895104895 0.0472972972972973
0.04861111111111111 0.0472972972972973
0.04827586206896552 0.0472972972972973
0.04794520547945205 0.0472972972972973
0.047619047619047616 0.0472972972972973
0.0472972972972973 0.0472972972972973
0.04697986577181208 0.0472972972972973
0.04666666666666667 0.0472972972972973
0.046357615894039736 0.0472972972972973
0.046052631578947366 0.0472972972972973
0.0457516339869281 0.0472972972972973
0.045454545454545456 0.0472972972972973
0.04516129032258064 0.0472972972972973
0.04487179487179487 0.0472972972972973
0.044585987261146494 0.0472972972972973
0.04430379746835443 0.0472972972972973
0.0440251572327044 0.0472972972972973
0.04375 0.0472972972972973
0.043478260869565216 0.0472972972972973
0.043209876543209874 0.0472972972972973
0.04294478527607362 0.0472972972972973
0.042682926829268296 0.0472972972972973
0.04242424242424243 0.0472972972972973
0.04216867469879518 0.0472972972972973
0.041916167664670656 0.0472972972972973
0.041666666666666664 0.0472972972972973
0.04142011834319527 0.0472972972972973
0.041176470588235294 0.0472972972972973
0.04093567251461988 0.0472972972972973
0.040697674418604654 0.0472972972972973
0.04046242774566474 0.0472972972972973
0.040229885057471264 0.0472972972972973
0.04 0.0472972972972973
0.03977272727272727 0.0472972972972973
0.03954802259887006 0.0472972972972973
0.03932584269662921 0.0472972972972973
0.03910614525139665 0.0472972972972973
0.03888888888888889 0.0472972972972973
0.03867403314917127 0.0472972972972973
0.038461538461538464 0.0472972972972973
0.03825136612021858 0.0472972972972973
0.03804347826086957 0.0472972972972973
0.03783783783783784 0.0472972972972973
0.03763440860215054 0.0472972972972973
0.0374331550802139 0.0472972972972973
0.03723404255319149 0.0472972972972973
0.037037037037037035 0.0472972972972973
0.03684210526315789 0.0472972972972973
0.03664921465968586 0.0472972972972973
0.036458333333333336 0.0472972972972973
0.03626943005181347 0.0472972972972973
0.03608247422680412 0.0472972972972973
0.035897435897435895 0.0472972972972973
0.03571428571428571 0.0472972972972973
0.03553299492385787 0.0472972972972973
0.03535353535353535 0.0472972972972973
0.035175879396984924 0.0472972972972973
0.035 0.0472972972972973
0.03482587064676617 0.0472972972972973
0.034653465346534656 0.0472972972972973
0.034482758620689655 0.0472972972972973
0.03431372549019608 0.0472972972972973
0.03414634146341464 0.0472972972972973
0.03398058252427184 0.0472972972972973
0.033816425120772944 0.0472972972972973
0.03365384615384615 0.0472972972972973
0.03349282296650718 0.0472972972972973
0.03333333333333333 0.0472972972972973
0.03317535545023697 0.0472972972972973
0.0330188679245283 0.0472972972972973
0.03286384976525822 0.0472972972972973
0.03271028037383177 0.0472972972972973
0.03255813953488372 0.0472972972972973
0.032407407407407406 0.0472972972972973
0.03225806451612903 0.0472972972972973
0.03211009174311927 0.0472972972972973
0.0319634703196347 0.0472972972972973
0.031818181818181815 0.0472972972972973
0.03167420814479638 0.0472972972972973
0.03153153153153153 0.0472972972972973
0.03139013452914798 0.0472972972972973
0.03125 0.0472972972972973
0.03111111111111111 0.0472972972972973
0.030973451327433628 0.0472972972972973
0.030837004405286344 0.0472972972972973
0.03070175438596491 0.0472972972972973
0.03056768558951965 0.0472972972972973
0.030434782608695653 0.0472972972972973
0.030303030303030304 0.0472972972972973
0.03017241379310345 0.0472972972972973
0.030042918454935622 0.0472972972972973
0.029914529914529916 0.0472972972972973
0.029787234042553193 0.0472972972972973
0.029661016949152543 0.0472972972972973
0.029535864978902954 0.0472972972972973
0.029411764705882353 0.0472972972972973
0.029288702928870293 0.0472972972972973
0.029166666666666667 0.0472972972972973
0.029045643153526972 0.0472972972972973
0.028925619834710745 0.0472972972972973
0.02880658436213992 0.0472972972972973
0.028688524590163935 0.0472972972972973
0.02857142857142857 0.0472972972972973
0.028455284552845527 0.0472972972972973
0.02834008097165992 0.0472972972972973
0.028225806451612902 0.0472972972972973
0.028112449799196786 0.0472972972972973
0.032 0.05405405405405406
0.035856573705179286 0.060810810810810814
0.03968253968253968 0.06756756756756757
0.043478260869565216 0.07432432432432433
0.047244094488188976 0.08108108108108109
0.050980392156862744 0.08783783783783784
0.0546875 0.0945945945945946
0.054474708171206226 0.0945945945945946
0.05426356589147287 0.0945945945945946
0.05405405405405406 0.0945945945945946
0.05384615384615385 0.0945945945945946
0.05363984674329502 0.0945945945945946
0.05343511450381679 0.0945945945945946
0.053231939163498096 0.0945945945945946
0.05303030303030303 0.0945945945945946
0.052830188679245285 0.0945945945945946
0.05263157894736842 0.0945945945945946
0.052434456928838954 0.0945945945945946
0.05223880597014925 0.0945945945945946
0.05204460966542751 0.0945945945945946
0.05185185185185185 0.0945945945945946
0.05166051660516605 0.0945945945945946
0.051470588235294115 0.0945945945945946
0.05128205128205128 0.0945945945945946
0.051094890510948905 0.0945945945945946
0.05090909090909091 0.0945945945945946
0.050724637681159424 0.0945945945945946
0.05054151624548736 0.0945945945945946
0.050359712230215826 0.0945945945945946
0.05017921146953405 0.0945945945945946
0.05 0.0945945945945946
0.0498220640569395 0.0945945945945946
0.04964539007092199 0.0945945945945946
0.04946996466431095 0.0945945945945946
0.04929577464788732 0.0945945945945946
0.04912280701754386 0.0945945945945946
0.04895104895104895 0.0945945945945946
0.04878048780487805 0.0945945945945946
0.04861111111111111 0.0945945945945946
0.04844290657439446 0.0945945945945946
0.04827586206896552 0.0945945945945946
0.048109965635738834 0.0945945945945946
0.04794520547945205 0.0945945945945946
0.04778156996587031 0.0945945945945946
0.047619047619047616 0.0945945945945946
0.04745762711864407 0.0945945945945946
0.0472972972972973 0.0945945945945946
0.04713804713804714 0.0945945945945946
0.04697986577181208 0.0945945945945946
0.046822742474916385 0.0945945945945946
0.04666666666666667 0.0945945945945946
0.046511627906976744 0.0945945945945946
0.046357615894039736 0.0945945945945946
0.04950495049504951 0.10135135135135136
0.049342105263157895 0.10135135135135136
0.04918032786885246 0.10135135135135136
0.05228758169934641 0.10810810810810811
0.05211726384364821 0.10810810810810811
0.05194805194805195 0.10810810810810811
0.05501618122977346 0.11486486486486487
0.054838709677419356 0.11486486486486487
0.05466237942122187 0.11486486486486487
0.05448717948717949 0.11486486486486487
0.054313099041533544 0.11486486486486487
0.054140127388535034 0.11486486486486487
0.05714285714285714 0.12162162162162163
0.056962025316455694 0.12162162162162163
0.056782334384858045 0.12162162162162163
0.059748427672955975 0.12837837837837837
0.05956112852664577 0.12837837837837837
0.0625 0.13513513513513514
0.06230529595015576 0.13513513513513514
0.062111801242236024 0.13513513513513514
0.06501547987616099 0.14189189189189189
0.06481481481481481 0.14189189189189189
0.06461538461538462 0.14189189189189189
0.06441717791411043 0.14189189189189189
0.0672782874617737 0.14864864864864866
0.06707317073170732 0.14864864864864866
0.0668693009118541 0.14864864864864866
0.06666666666666667 0.14864864864864866
0.06646525679758308 0.14864864864864866
0.06626506024096386 0.14864864864864866
0.06606606606606606 0.14864864864864866
0.0658682634730539 0.14864864864864866
0.06567164179104477 0.14864864864864866
0.06547619047619048 0.14864864864864866
0.06528189910979229 0.14864864864864866
0.0650887573964497 0.14864864864864866
0.06489675516224189 0.14864864864864866
0.06470588235294118 0.14864864864864866
0.06451612903225806 0.14864864864864866
0.06432748538011696 0.14864864864864866
0.0641399416909621 0.14864864864864866
0.06395348837209303 0.14864864864864866
0.06376811594202898 0.14864864864864866
0.06358381502890173 0.14864864864864866
0.06340057636887608 0.14864864864864866
0.06321839080459771 0.14864864864864866
0.06303724928366762 0.14864864864864866
0.06285714285714286 0.14864864864864866
0.06267806267806268 0.14864864864864866
0.0625 0.14864864864864866
0.06232294617563739 0.14864864864864866
0.062146892655367235 0.14864864864864866
0.061971830985915494 0.14864864864864866
0.06460674157303371 0.1554054054054054
0.06722689075630252 0.16216216216216217
0.0670391061452514 0.16216216216216217
0.06685236768802229 0.16216216216216217
0.06666666666666667 0.16216216216216217
0.0664819944598338 0.16216216216216217
0.06629834254143646 0.16216216216216217
0.06611570247933884 0.16216216216216217
0.06593406593406594 0.16216216216216217
0.06575342465753424 0.16216216216216217
0.06557377049180328 0.16216216216216217
0.0653950953678474 0.16216216216216217
0.06521739130434782 0.16216216216216217
0.06504065040650407 0.16216216216216217
0.06486486486486487 0.16216216216216217
0.0673854447439353 0.16891891891891891
0.06989247311827956 0.17567567567567569
0.06970509383378017 0.17567567567567569
0.06951871657754011 0.17567567567567569
0.072 0.18243243243243243
0.07446808510638298 0.1891891891891892
0.07427055702917772 0.1891891891891892
0.07407407407407407 0.1891891891891892
0.07387862796833773 0.1891891891891892
0.07368421052631578 0.1891891891891892
0.07349081364829396 0.1891891891891892
0.07329842931937172 0.1891891891891892
0.0731070496083551 0.1891891891891892
0.07291666666666667 0.1891891891891892
0.07272727272727272 0.1891891891891892
0.07253886010362694 0.1891891891891892
0.07235142118863049 0.1891891891891892
0.07474226804123711 0.19594594594594594
0.07455012853470437 0.19594594594594594
0.07692307692307693 0.20270270270270271
0.07672634271099744 0.20270270270270271
0.07653061224489796 0.20270270270270271
0.07888040712468193 0.20945945945945946
0.07868020304568528 0.20945945945945946
0.07848101265822785 0.20945945945945946
0.07828282828282829 0.20945945945945946
0.08060453400503778 0.21621621621621623
0.08040201005025126 0.21621621621621623
0.08020050125313283 0.21621621621621623
0.08 0.21621621621621623
0.0798004987531172 0.21621621621621623
0.07960199004975124 0.21621621621621623
0.0794044665012407 0.21621621621621623
0.07920792079207921 0.21621621621621623
0.07901234567901234 0.21621621621621623
0.07881773399014778 0.21621621621621623
0.07862407862407862 0.21621621621621623
0.0784313725490196 0.21621621621621623
0.07823960880195599 0.21621621621621623
0.07804878048780488 0.21621621621621623
0.07785888077858881 0.21621621621621623
0.07766990291262135 0.21621621621621623
0.0774818401937046 0.21621621621621623
0.07729468599033816 0.21621621621621623
0.07710843373493977 0.21621621621621623
0.07692307692307693 0.21621621621621623
0.07673860911270983 0.21621621621621623
0.07655502392344497 0.21621621621621623
0.07637231503579953 0.21621621621621623
0.0761904761904762 0.21621621621621623
0.07600950118764846 0.21621621621621623
0.07582938388625593 0.21621621621621623
0.07801418439716312 0.22297297297297297
0.08018867924528301 0.22972972972972974
0.08 0.22972972972972974
0.07981220657276995 0.22972972972972974
0.07962529274004684 0.22972972972972974
0.0794392523364486 0.22972972972972974
0.07925407925407925 0.22972972972972974
0.07906976744186046 0.22972972972972974
0.07888631090487239 0.22972972972972974
0.0787037037037037 0.22972972972972974
0.07852193995381063 0.22972972972972974
0.07834101382488479 0.22972972972972974
0.07816091954022988 0.22972972972972974
0.0779816513761468 0.22972972972972974
0.07780320366132723 0.22972972972972974
0.0776255707762557 0.22972972972972974
0.0774487471526196 0.22972972972972974
0.07727272727272727 0.22972972972972974
0.07709750566893424 0.22972972972972974
0.07692307692307693 0.22972972972972974
0.07674943566591422 0.22972972972972974
0.07657657657657657 0.22972972972972974
0.07640449438202247 0.22972972972972974
0.07623318385650224 0.22972972972972974
0.07606263982102908 0.22972972972972974
0.07589285714285714 0.22972972972972974
0.0757238307349666 0.22972972972972974
0.07555555555555556 0.22972972972972974
0.07538802660753881 0.22972972972972974
0.0752212389380531 0.22972972972972974
0.07505518763796909 0.22972972972972974
0.07488986784140969 0.22972972972972974
0.07472527472527472 0.22972972972972974
0.07456140350877193 0.22972972972972974
0.07439824945295405 0.22972972972972974
0.07423580786026202 0.22972972972972974
0.07407407407407407 0.22972972972972974
0.07391304347826087 0.22972972972972974
0.0737527114967462 0.22972972972972974
0.0735930735930736 0.22972972972972974
0.0734341252699784 0.22972972972972974
0.07327586206896551 0.22972972972972974
0.07311827956989247 0.22972972972972974
0.07296137339055794 0.22972972972972974
0.0728051391862955 0.22972972972972974
0.07264957264957266 0.22972972972972974
0.07249466950959488 0.22972972972972974
0.07234042553191489 0.22972972972972974
0.07430997876857749 0.23648648648648649
0.07627118644067797 0.24324324324324326
0.07610993657505286 0.24324324324324326
0.0759493670886076 0.24324324324324326
0.07789473684210527 0.25
0.07773109243697479 0.25
0.07756813417190776 0.25
0.07740585774058577 0.25
0.07724425887265135 0.25
0.07708333333333334 0.25
0.07692307692307693 0.25
0.07676348547717843 0.25
0.07660455486542443 0.25
0.07851239669421488 0.25675675675675674
0.08041237113402062 0.2635135135135135
0.08024691358024691 0.2635135135135135
0.08008213552361396 0.2635135135135135
0.07991803278688525 0.2635135135135135
0.07975460122699386 0.2635135135135135
0.07959183673469387 0.2635135135135135
0.0814663951120163 0.2702702702702703
0.08130081300813008 0.2702702702702703
0.08113590263691683 0.2702702702702703
0.08097165991902834 0.2702702702702703
0.08282828282828283 0.27702702702702703
0.08266129032258064 0.27702702702702703
0.08249496981891348 0.27702702702702703
0.08433734939759036 0.28378378378378377
0.0841683366733467 0.28378378378378377
0.084 0.28378378378378377
0.08383233532934131 0.28378378378378377
0.08366533864541832 0.28378378378378377
0.08349900596421471 0.28378378378378377
0.08333333333333333 0.28378378378378377
0.08316831683168317 0.28378378378378377
0.08300395256916997 0.28378378378378377
0.08284023668639054 0.28378378378378377
0.08267716535433071 0.28378378378378377
0.0825147347740668 0.28378378378378377
0.08235294117647059 0.28378378378378377
0.0821917808219178 0.28378378378378377
0.08203125 0.28378378378378377
0.08187134502923976 0.28378378378378377
0.08171206225680934 0.28378378378378377
0.08155339805825243 0.28378378378378377
0.08139534883720931 0.28378378378378377
0.08123791102514506 0.28378378378378377
0.08108108108108109 0.28378378378378377
0.08092485549132948 0.28378378378378377
0.08076923076923077 0.28378378378378377
0.08061420345489444 0.28378378378378377
0.08045977011494253 0.28378378378378377
0.08030592734225621 0.28378378378378377
0.08015267175572519 0.28378378378378377
0.08 0.28378378378378377
0.07984790874524715 0.28378378378378377
0.07969639468690702 0.28378378378378377
0.07954545454545454 0.28378378378378377
0.07939508506616257 0.28378378378378377
0.07924528301886792 0.28378378378378377
0.07909604519774012 0.28378378378378377
0.07894736842105263 0.28378378378378377
0.07879924953095685 0.28378378378378377
0.07865168539325842 0.28378378378378377
0.07850467289719626 0.28378378378378377
0.07835820895522388 0.28378378378378377
0.0782122905027933 0.28378378378378377
0.07806691449814127 0.28378378378378377
0.07792207792207792 0.28378378378378377
0.07777777777777778 0.28378378378378377
0.07763401109057301 0.28378378378378377
0.07749077490774908 0.28378378378378377
0.07734806629834254 0.28378378378378377
0.07720588235294118 0.28378378378378377
0.07706422018348624 0.28378378378378377
0.07692307692307693 0.28378378378378377
0.07678244972577697 0.28378378378378377
0.07664233576642336 0.28378378378378377
0.07650273224043716 0.28378378378378377
0.07636363636363637 0.28378378378378377
0.07622504537205081 0.28378378378378377
0.07608695652173914 0.28378378378378377
0.0759493670886076 0.28378378378378377
0.07581227436823104 0.28378378378378377
0.07567567567567568 0.28378378378378377
0.07553956834532374 0.28378378378378377
0.07540394973070018 0.28378378378378377
0.07526881720430108 0.28378378378378377
0.07513416815742398 0.28378378378378377
0.075 0.28378378378378377
0.0748663101604278 0.28378378378378377
0.07473309608540925 0.28378378378378377
0.07460035523978685 0.28378378378378377
0.07446808510638298 0.28378378378378377
0.0743362831858407 0.28378378378378377
0.07420494699646643 0.28378378378378377
0.07407407407407407 0.28378378378378377
0.07394366197183098 0.28378378378378377
0.07381370826010544 0.28378378378378377
0.07368421052631578 0.28378378378378377
0.07530647985989491 0.2905405405405405
0.07692307692307693 0.2972972972972973
0.07678883071553229 0.2972972972972973
0.07665505226480836 0.2972972972972973
0.07652173913043478 0.2972972972972973
0.0763888888888889 0.2972972972972973
0.07625649913344887 0.2972972972972973
0.07612456747404844 0.2972972972972973
0.07599309153713299 0.2972972972972973
0.07586206896551724 0.2972972972972973
0.0757314974182444 0.2972972972972973
0.07560137457044673 0.2972972972972973
0.07547169811320754 0.2972972972972973
0.07534246575342465 0.2972972972972973
0.07521367521367521 0.2972972972972973
0.07508532423208192 0.2972972972972973
0.07495741056218058 0.2972972972972973
0.07482993197278912 0.2972972972972973
0.07470288624787776 0.2972972972972973
0.07457627118644068 0.2972972972972973
0.07445008460236886 0.2972972972972973
0.07432432432432433 0.2972972972972973
0.07419898819561552 0.2972972972972973
0.07407407407407407 0.2972972972972973
0.07394957983193277 0.2972972972972973
0.0738255033557047 0.2972972972972973
0.07370184254606366 0.2972972972972973
0.07357859531772576 0.2972972972972973
0.07345575959933222 0.2972972972972973
0.07333333333333333 0.2972972972972973
0.07321131447587355 0.2972972972972973
0.07308970099667775 0.2972972972972973
0.07296849087893864 0.2972972972972973
0.0728476821192053 0.2972972972972973
0.07272727272727272 0.2972972972972973
0.07260726072607261 0.2972972972972973
0.07248764415156507 0.2972972972972973
0.07236842105263158 0.2972972972972973
0.0722495894909688 0.2972972972972973
0.07213114754098361 0.2972972972972973
0.07201309328968904 0.2972972972972973
0.0718954248366013 0.2972972972972973
0.07177814029363784 0.2972972972972973
0.07166123778501629 0.2972972972972973
0.07154471544715447 0.2972972972972973
0.07142857142857142 0.2972972972972973
0.0713128038897893 0.2972972972972973
0.07119741100323625 0.2972972972972973
0.07108239095315025 0.2972972972972973
0.07096774193548387 0.2972972972972973
0.07085346215780998 0.2972972972972973
0.0707395498392283 0.2972972972972973
0.07062600321027288 0.2972972972972973
0.07051282051282051 0.2972972972972973
0.0704 0.2972972972972973
0.07028753993610223 0.2972972972972973
0.07017543859649122 0.2972972972972973
0.07006369426751592 0.2972972972972973
0.06995230524642289 0.2972972972972973
0.06984126984126984 0.2972972972972973
0.06973058637083994 0.2972972972972973
0.06962025316455696 0.2972972972972973
0.06951026856240126 0.2972972972972973
0.0694006309148265 0.2972972972972973
0.06929133858267716 0.2972972972972973
0.06918238993710692 0.2972972972972973
0.06907378335949764 0.2972972972972973
0.06896551724137931 0.2972972972972973
0.06885758998435054 0.2972972972972973
0.06875 0.2972972972972973
0.0686427457098284 0.2972972972972973
0.06853582554517133 0.2972972972972973
0.06842923794712286 0.2972972972972973
0.06832298136645963 0.2972972972972973
0.06821705426356589 0.2972972972972973
0.06811145510835913 0.2972972972972973
0.06800618238021638 0.2972972972972973
0.06790123456790123 0.2972972972972973
0.06779661016949153 0.2972972972972973
0.06769230769230769 0.2972972972972973
0.06758832565284179 0.2972972972972973
0.06748466257668712 0.2972972972972973
0.06738131699846861 0.2972972972972973
0.0672782874617737 0.2972972972972973
0.06717557251908397 0.2972972972972973
0.06707317073170732 0.2972972972972973
0.0669710806697108 0.2972972972972973
0.0668693009118541 0.2972972972972973
0.06676783004552352 0.2972972972972973
0.06666666666666667 0.2972972972972973
0.06656580937972768 0.2972972972972973
0.06646525679758308 0.2972972972972973
0.06636500754147813 0.2972972972972973
0.06626506024096386 0.2972972972972973
0.06616541353383458 0.2972972972972973
0.06606606606606606 0.2972972972972973
0.06596701649175413 0.2972972972972973
0.0658682634730539 0.2972972972972973
0.06576980568011959 0.2972972972972973
0.06567164179104477 0.2972972972972973
0.06557377049180328 0.2972972972972973
0.06547619047619048 0.2972972972972973
0.06537890044576523 0.2972972972972973
0.06528189910979229 0.2972972972972973
0.06518518518518518 0.2972972972972973
0.0650887573964497 0.2972972972972973
0.06499261447562776 0.2972972972972973
0.06489675516224189 0.2972972972972973
0.06480117820324006 0.2972972972972973
0.06470588235294118 0.2972972972972973
0.06461086637298091 0.2972972972972973
0.06451612903225806 0.2972972972972973
0.06442166910688141 0.2972972972972973
0.06432748538011696 0.2972972972972973
0.06423357664233577 0.2972972972972973
0.0641399416909621 0.2972972972972973
0.06404657933042213 0.2972972972972973
0.06395348837209303 0.2972972972972973
0.06386066763425254 0.2972972972972973
0.06376811594202898 0.2972972972972973
0.06367583212735166 0.2972972972972973
0.06358381502890173 0.2972972972972973
0.06349206349206349 0.2972972972972973
0.06340057636887608 0.2972972972972973
0.06330935251798561 0.2972972972972973
0.06321839080459771 0.2972972972972973
0.06312769010043041 0.2972972972972973
0.06303724928366762 0.2972972972972973
0.06294706723891273 0.2972972972972973
0.06428571428571428 0.30405405405405406
0.06419400855920114 0.30405405405405406
0.0641025641025641 0.30405405405405406
0.06543385490753911 0.3108108108108108
0.06676136363636363 0.31756756756756754
0.06666666666666667 0.31756756756756754
0.0679886685552408 0.32432432432432434
0.06789250353606789 0.32432432432432434
0.06779661016949153 0.32432432432432434
0.06770098730606489 0.32432432432432434
0.0676056338028169 0.32432432432432434
0.06751054852320675 0.32432432432432434
0.06882022471910113 0.3310810810810811
0.06872370266479663 0.3310810810810811
0.06862745098039216 0.3310810810810811
0.06853146853146853 0.3310810810810811
0.06843575418994413 0.3310810810810811
0.06834030683403068 0.3310810810810811
0.06824512534818941 0.3310810810810811
0.06954102920723226 0.33783783783783783
0.06944444444444445 0.33783783783783783
0.06934812760055478 0.33783783783783783
0.07063711911357341 0.34459459459459457
0.07053941908713693 0.34459459459459457
0.07044198895027624 0.34459459459459457
0.0703448275862069 0.34459459459459457
0.07162534435261708 0.35135135135135137
0.07152682255845942 0.35135135135135137
0.07142857142857142 0.35135135135135137
0.07133058984910837 0.35135135135135137
0.07123287671232877 0.35135135135135137
0.07113543091655267 0.35135135135135137
0.07103825136612021 0.35135135135135137
0.07094133697135062 0.35135135135135137
0.07084468664850137 0.35135135135135137
0.0707482993197279 0.35135135135135137
0.07065217391304347 0.35135135135135137
0.07055630936227951 0.35135135135135137
0.07046070460704607 0.35135135135135137
0.07036535859269283 0.35135135135135137
0.07027027027027027 0.35135135135135137
0.07017543859649122 0.35135135135135137
0.07008086253369272 0.35135135135135137
0.06998654104979811 0.35135135135135137
0.06989247311827956 0.35135135135135137
0.0697986577181208 0.35135135135135137
0.06970509383378017 0.35135135135135137
0.06961178045515395 0.35135135135135137
0.06951871657754011 0.35135135135135137
0.06942590120160214 0.35135135135135137
0.06933333333333333 0.35135135135135137
0.0692410119840213 0.35135135135135137
0.06914893617021277 0.35135135135135137
0.06905710491367861 0.35135135135135137
0.06896551724137931 0.35135135135135137
0.06887417218543046 0.35135135135135137
0.06878306878306878 0.35135135135135137
0.06869220607661823 0.35135135135135137
0.06860158311345646 0.35135135135135137
0.06851119894598155 0.35135135135135137
0.06842105263157895 0.35135135135135137
0.0683311432325887 0.35135135135135137
0.06824146981627296 0.35135135135135137
0.06815203145478375 0.35135135135135137
0.06806282722513089 0.35135135135135137
0.06797385620915032 0.35135135135135137
0.06788511749347259 0.35135135135135137
0.06779661016949153 0.35135135135135137
0.06770833333333333 0.35135135135135137
0.06762028608582575 0.35135135135135137
0.06753246753246753 0.35135135135135137
0.06744487678339818 0.35135135135135137
0.06735751295336788 0.35135135135135137
0.06727037516170763 0.35135135135135137
0.06718346253229975 0.35135135135135137
0.06709677419354838 0.35135135135135137
0.06701030927835051 0.35135135135135137
0.06692406692406692 0.35135135135135137
0.06683804627249357 0.35135135135135137
0.06675224646983312 0.35135135135135137
0.06666666666666667 0.35135135135135137
0.06658130601792574 0.35135135135135137
0.06649616368286446 0.35135135135135137
0.06641123882503193 0.35135135135135137
0.0663265306122449 0.35135135135135137
0.06624203821656051 0.35135135135135137
0.06615776081424936 0.35135135135135137
0.06607369758576874 0.35135135135135137
0.06598984771573604 0.35135135135135137
0.06590621039290241 0.35135135135135137
0.06582278481012659 0.35135135135135137
0.06573957016434892 0.35135135135135137
0.06565656565656566 0.35135135135135137
0.06557377049180328 0.35135135135135137
0.0654911838790932 0.35135135135135137
0.06540880503144654 0.35135135135135137
0.06658291457286432 0.3581081081081081
0.06649937264742785 0.3581081081081081
0.06641604010025062 0.3581081081081081
0.06758448060075094 0.36486486486486486
0.06875 0.3716216216216216
0.0686641697877653 0.3716216216216216
0.06982543640897755 0.3783783783783784
0.06973848069738481 0.3783783783783784
0.06965174129353234 0.3783783783783784
0.06956521739130435 0.3783783783783784
0.06947890818858561 0.3783783783783784
0.06939281288723669 0.3783783783783784
0.06930693069306931 0.3783783783783784
0.069221260815822 0.3783783783783784
0.0691358024691358 0.3783783783783784
0.0690505548705302 0.3783783783783784
0.06896551724137931 0.3783783783783784
0.06888068880688807 0.3783783783783784
0.0687960687960688 0.3783783783783784
0.0687116564417178 0.3783783783783784
0.06985294117647059 0.38513513513513514
0.07099143206854346 0.3918918918918919
0.07090464547677261 0.3918918918918919
0.07081807081807082 0.3918918918918919
0.07073170731707316 0.3918918918918919
0.07064555420219244 0.3918918918918919
0.07177615571776155 0.39864864864864863
0.07168894289185905 0.39864864864864863
0.07160194174757281 0.39864864864864863
0.07151515151515152 0.39864864864864863
0.07142857142857142 0.39864864864864863
0.07134220072551391 0.39864864864864863
0.07125603864734299 0.39864864864864863
0.07117008443908324 0.39864864864864863
0.07108433734939759 0.39864864864864863
0.07099879663056559 0.39864864864864863
0.07091346153846154 0.39864864864864863
0.07082833133253301 0.39864864864864863
0.07074340527577938 0.39864864864864863
0.07065868263473053 0.39864864864864863
0.07057416267942583 0.39864864864864863
0.07048984468339307 0.39864864864864863
0.07040572792362769 0.39864864864864863
0.07032181168057211 0.39864864864864863
0.07023809523809524 0.39864864864864863
0.07015457788347206 0.39864864864864863
0.07007125890736342 0.39864864864864863
0.06998813760379596 0.39864864864864863
0.06990521327014218 0.39864864864864863
0.06982248520710059 0.39864864864864863
0.06973995271867613 0.39864864864864863
0.06965761511216056 0.39864864864864863
0.0695754716981132 0.39864864864864863
0.06949352179034157 0.39864864864864863
0.06941176470588235 0.39864864864864863
0.06933019976498238 0.39864864864864863
0.06924882629107981 0.39864864864864863
0.06916764361078546 0.39864864864864863
0.06908665105386416 0.39864864864864863
0.06900584795321638 0.39864864864864863
0.0689252336448598 0.39864864864864863
0.06884480746791131 0.39864864864864863
0.06876456876456877 0.39864864864864863
0.06868451688009314 0.39864864864864863
0.0686046511627907 0.39864864864864863
0.06852497096399536 0.39864864864864863
0.06844547563805105 0.39864864864864863
0.06836616454229433 0.39864864864864863
0.06828703703703703 0.39864864864864863
0.06820809248554913 0.39864864864864863
0.06812933025404157 0.39864864864864863
0.06805074971164937 0.39864864864864863
0.06797235023041474 0.39864864864864863
0.06789413118527042 0.39864864864864863
0.067816091954023 0.39864864864864863
0.0677382319173364 0.39864864864864863
0.0676605504587156 0.39864864864864863
0.06758304696449026 0.39864864864864863
0.06750572082379863 0.39864864864864863
0.06742857142857143 0.39864864864864863
0.06735159817351598 0.39864864864864863
0.06727480045610035 0.39864864864864863
0.06719817767653759 0.39864864864864863
0.06825938566552901 0.40540540540540543
0.06818181818181818 0.40540540540540543
0.0681044267877412 0.40540540540540543
0.0691609977324263 0.41216216216216217
0.06908267270668177 0.41216216216216217
0.06900452488687783 0.41216216216216217
0.07005649717514124 0.4189189189189189
0.06997742663656885 0.4189189189189189
0.06989853438556934 0.4189189189189189
0.06981981981981981 0.4189189189189189
0.06974128233970754 0.4189189189189189
0.0696629213483146 0.4189189189189189
0.06958473625140292 0.4189189189189189
0.06950672645739911 0.4189189189189189
0.06942889137737962 0.4189189189189189
0.06935123042505593 0.4189189189189189
0.07039106145251396 0.42567567567567566
0.0703125 0.42567567567567566
0.07023411371237458 0.42567567567567566
0.07015590200445435 0.42567567567567566
0.07119021134593993 0.43243243243243246
0.07111111111111111 0.43243243243243246
0.07214206437291898 0.4391891891891892
0.07206208425720621 0.4391891891891892
0.07198228128460686 0.4391891891891892
0.07300884955752213 0.44594594594594594
0.07292817679558011 0.44594594594594594
0.0728476821192053 0.44594594594594594
0.07276736493936053 0.44594594594594594
0.07378854625550661 0.4527027027027027
0.0737073707370737 0.4527027027027027
0.07362637362637363 0.4527027027027027
0.07354555433589462 0.4527027027027027
0.07346491228070176 0.4527027027027027
0.07338444687842278 0.4527027027027027
0.07330415754923414 0.4527027027027027
0.073224043715847 0.4527027027027027
0.07314410480349345 0.4527027027027027
0.07306434023991276 0.4527027027027027
0.07298474945533769 0.4527027027027027
0.07290533188248095 0.4527027027027027
0.07282608695652174 0.4527027027027027
0.0727470141150923 0.4527027027027027
0.07266811279826464 0.4527027027027027
0.07258938244853738 0.4527027027027027
0.07251082251082251 0.4527027027027027
0.07243243243243243 0.4527027027027027
0.07235421166306695 0.4527027027027027
0.07227615965480043 0.4527027027027027
0.07219827586206896 0.4527027027027027
0.0721205597416577 0.4527027027027027
0.07204301075268817 0.4527027027027027
0.0719656283566058 0.4527027027027027
0.07188841201716738 0.4527027027027027
0.07181136120042872 0.4527027027027027
0.07173447537473233 0.4527027027027027
0.07165775401069518 0.4527027027027027
0.07158119658119658 0.4527027027027027
0.07150480256136606 0.4527027027027027
0.07142857142857142 0.4527027027027027
0.07135250266240682 0.4527027027027027
0.07127659574468086 0.4527027027027027
0.07120085015940489 0.4527027027027027
0.07112526539278131 0.4527027027027027
0.07104984093319194 0.4527027027027027
0.07097457627118645 0.4527027027027027
0.07089947089947089 0.4527027027027027
0.0708245243128964 0.4527027027027027
0.07074973600844774 0.4527027027027027
0.07067510548523206 0.4527027027027027
0.07060063224446786 0.4527027027027027
0.07052631578947369 0.4527027027027027
0.07045215562565721 0.4527027027027027
0.0703781512605042 0.4527027027027027
0.07030430220356768 0.4527027027027027
0.07023060796645703 0.4527027027027027
0.07015706806282722 0.4527027027027027
0.0700836820083682 0.4527027027027027
0.07001044932079414 0.4527027027027027
0.06993736951983298 0.4527027027027027
0.06986444212721585 0.4527027027027027
0.06979166666666667 0.4527027027027027
0.06971904266389178 0.4527027027027027
0.06964656964656965 0.4527027027027027
0.0695742471443406 0.4527027027027027
0.06950207468879668 0.4527027027027027
0.0694300518134715 0.4527027027027027
0.06935817805383022 0.4527027027027027
0.06928645294725956 0.4527027027027027
0.06921487603305786 0.4527027027027027
0.06914344685242518 0.4527027027027027
0.06907216494845361 0.4527027027027027
0.0690010298661174 0.4527027027027027
0.06893004115226338 0.4527027027027027
0.06885919835560124 0.4527027027027027
0.06878850102669405 0.4527027027027027
0.06871794871794872 0.4527027027027027
0.06864754098360656 0.4527027027027027
0.06857727737973388 0.4527027027027027
0.06850715746421268 0.4527027027027027
0.06843718079673136 0.4527027027027027
0.06836734693877551 0.4527027027027027
0.06829765545361875 0.4527027027027027
0.06822810590631365 0.4527027027027027
0.0681586978636826 0.4527027027027027
0.06808943089430894 0.4527027027027027
0.06802030456852792 0.4527027027027027
0.06795131845841786 0.4527027027027027
0.06788247213779129 0.4527027027027027
0.06781376518218624 0.4527027027027027
0.06774519716885744 0.4527027027027027
0.06767676767676768 0.4527027027027027
0.06760847628657922 0.4527027027027027
0.06854838709677419 0.4594594594594595
0.06948640483383686 0.46621621621621623
0.06941649899396378 0.46621621621621623
0.06934673366834171 0.46621621621621623
0.06927710843373494 0.46621621621621623
0.06920762286860582 0.46621621621621623
0.06913827655310621 0.46621621621621623
0.06906906906906907 0.46621621621621623
0.069 0.46621621621621623
0.06893106893106893 0.46621621621621623
0.0688622754491018 0.46621621621621623
0.06879361914257229 0.46621621621621623
0.06872509960159362 0.46621621621621623
0.06865671641791045 0.46621621621621623
0.06858846918489066 0.46621621621621623
0.06852035749751738 0.46621621621621623
0.06944444444444445 0.47297297297297297
0.07036669970267592 0.4797297297297297
0.0702970297029703 0.4797297297297297
0.0702274975272008 0.4797297297297297
0.07015810276679842 0.4797297297297297
0.0700888450148075 0.4797297297297297
0.07001972386587771 0.4797297297297297
0.06995073891625615 0.4797297297297297
0.06988188976377953 0.4797297297297297
0.06981317600786627 0.4797297297297297
0.06974459724950884 0.4797297297297297
0.06967615309126594 0.4797297297297297
0.0696078431372549 0.4797297297297297
0.06953966699314397 0.4797297297297297
0.06947162426614481 0.4797297297297297
0.06940371456500488 0.4797297297297297
0.0693359375 0.4797297297297297
0.06926829268292684 0.4797297297297297
0.06920077972709551 0.4797297297297297
0.0691333982473223 0.4797297297297297
0.06906614785992218 0.4797297297297297
0.06899902818270165 0.4797297297297297
0.06893203883495146 0.4797297297297297
0.06886517943743937 0.4797297297297297
0.0687984496124031 0.4797297297297297
0.06873184898354308 0.4797297297297297
0.06866537717601548 0.4797297297297297
0.06859903381642513 0.4797297297297297
0.06853281853281853 0.4797297297297297
0.06846673095467695 0.4797297297297297
0.06840077071290944 0.4797297297297297
0.068334937439846 0.4797297297297297
0.06826923076923076 0.4797297297297297
0.06820365033621517 0.4797297297297297
0.06813819577735125 0.4797297297297297
0.06807286673058485 0.4797297297297297
0.06800766283524905 0.4797297297297297
0.06794258373205742 0.4797297297297297
0.06787762906309751 0.4797297297297297
0.06781279847182425 0.4797297297297297
0.06774809160305344 0.4797297297297297
0.06768350810295519 0.4797297297297297
0.06761904761904762 0.4797297297297297
0.0675547098001903 0.4797297297297297
0.06749049429657794 0.4797297297297297
0.06742640075973409 0.4797297297297297
0.06736242884250475 0.4797297297297297
0.06824644549763033 0.4864864864864865
0.06818181818181818 0.4864864864864865
0.06811731315042574 0.4864864864864865
0.06899810964083176 0.49324324324324326
0.06893295561850803 0.49324324324324326
0.06886792452830189 0.49324324324324326
0.06974552309142319 0.5
0.0696798493408663 0.5
0.06961429915333961 0.5
0.06954887218045112 0.5
0.06948356807511737 0.5
0.06941838649155722 0.5
0.06935332708528585 0.5
0.0702247191011236 0.5067567567567568
0.07015902712815715 0.5067567567567568
0.07102803738317758 0.5135135135135135
0.07096171802054155 0.5135135135135135
0.0708955223880597 0.5135135135135135
0.07082945013979497 0.5135135135135135
0.07076350093109869 0.5135135135135135
0.07069767441860465 0.5135135135135135
0.07063197026022305 0.5135135135135135
0.07149489322191271 0.5202702702702703
0.07142857142857142 0.5202702702702703
0.07136237256719184 0.5202702702702703
0.07222222222222222 0.527027027027027
0.07215541165587419 0.527027027027027
0.07208872458410351 0.527027027027027
0.07202216066481995 0.527027027027027
0.07195571955719557 0.527027027027027
0.0728110599078341 0.5337837837837838
0.072744014732965 0.5337837837837838
0.07267709291628335 0.5337837837837838
0.07261029411764706 0.5337837837837838
0.07254361799816346 0.5337837837837838
0.07247706422018349 0.5337837837837838
0.07241063244729606 0.5337837837837838
0.07234432234432235 0.5337837837837838
0.07227813357731015 0.5337837837837838
0.07221206581352833 0.5337837837837838
0.07214611872146119 0.5337837837837838
0.07208029197080291 0.5337837837837838
0.07201458523245215 0.5337837837837838
0.07194899817850638 0.5337837837837838
0.0718835304822566 0.5337837837837838
0.07181818181818182 0.5337837837837838
0.07175295186194369 0.5337837837837838
0.07168784029038112 0.5337837837837838
0.07162284678150499 0.5337837837837838
0.07155797101449275 0.5337837837837838
0.07149321266968325 0.5337837837837838
0.07142857142857142 0.5337837837837838
0.07136404697380307 0.5337837837837838
0.07129963898916968 0.5337837837837838
0.07123534715960325 0.5337837837837838
0.07117117117117117 0.5337837837837838
0.0711071107110711 0.5337837837837838
0.0710431654676259 0.5337837837837838
0.07097933513027853 0.5337837837837838
0.07091561938958707 0.5337837837837838
0.07085201793721974 0.5337837837837838
0.07078853046594982 0.5337837837837838
0.07072515666965085 0.5337837837837838
0.0706618962432916 0.5337837837837838
0.07059874888293119 0.5337837837837838
0.07053571428571428 0.5337837837837838
0.0704727921498662 0.5337837837837838
0.07040998217468805 0.5337837837837838
0.07034728406055209 0.5337837837837838
0.07028469750889679 0.5337837837837838
0.07022222222222223 0.5337837837837838
0.07015985790408526 0.5337837837837838
0.07009760425909495 0.5337837837837838
0.0700354609929078 0.5337837837837838
0.06997342781222321 0.5337837837837838
0.06991150442477877 0.5337837837837838
0.06984969053934571 0.5337837837837838
0.06978798586572438 0.5337837837837838
0.06972639011473963 0.5337837837837838
0.06966490299823633 0.5337837837837838
0.06960352422907488 0.5337837837837838
0.06954225352112677 0.5337837837837838
0.06948109058927 0.5337837837837838
0.06942003514938488 0.5337837837837838
0.06935908691834942 0.5337837837837838
0.06929824561403508 0.5337837837837838
0.06923751095530237 0.5337837837837838
0.0691768826619965 0.5337837837837838
0.06911636045494313 0.5337837837837838
0.06905594405594405 0.5337837837837838
0.06899563318777292 0.5337837837837838
0.06893542757417102 0.5337837837837838
0.06887532693984307 0.5337837837837838
0.06881533101045297 0.5337837837837838
0.06875543951261967 0.5337837837837838
0.06869565217391305 0.5337837837837838
0.0686359687228497 0.5337837837837838
0.0685763888888889 0.5337837837837838
0.06851691240242845 0.5337837837837838
0.0684575389948007 0.5337837837837838
0.0683982683982684 0.5337837837837838
0.06833910034602077 0.5337837837837838
0.0682800345721694 0.5337837837837838
0.06822107081174439 0.5337837837837838
0.06816220880069025 0.5337837837837838
0.06810344827586207 0.5337837837837838
0.06804478897502153 0.5337837837837838
0.06798623063683305 0.5337837837837838
0.06792777300085985 0.5337837837837838
0.06786941580756013 0.5337837837837838
0.06781115879828326 0.5337837837837838
0.06775300171526587 0.5337837837837838
0.0676949443016281 0.5337837837837838
0.06763698630136987 0.5337837837837838
0.06757912745936698 0.5337837837837838
0.06752136752136752 0.5337837837837838
0.06746370623398805 0.5337837837837838
0.0674061433447099 0.5337837837837838
0.06734867860187553 0.5337837837837838
0.06729131175468483 0.5337837837837838
0.06723404255319149 0.5337837837837838
0.06717687074829932 0.5337837837837838
0.06711979609175871 0.5337837837837838
0.06706281833616298 0.5337837837837838
0.06700593723494487 0.5337837837837838
0.06694915254237288 0.5337837837837838
0.06689246401354784 0.5337837837837838
0.06683587140439932 0.5337837837837838
0.06677937447168217 0.5337837837837838
0.06672297297297297 0.5337837837837838
0.06666666666666667 0.5337837837837838
0.06661045531197302 0.5337837837837838
0.06655433866891322 0.5337837837837838
0.0664983164983165 0.5337837837837838
0.06644238856181665 0.5337837837837838
0.06638655462184874 0.5337837837837838
0.06633081444164568 0.5337837837837838
0.0662751677852349 0.5337837837837838
0.06621961441743504 0.5337837837837838
0.0661641541038526 0.5337837837837838
0.06610878661087866 0.5337837837837838
0.06605351170568562 0.5337837837837838
0.06599832915622389 0.5337837837837838
0.0659432387312187 0.5337837837837838
0.0658882402001668 0.5337837837837838
0.06583333333333333 0.5337837837837838
0.06577851790174855 0.5337837837837838
0.06572379367720466 0.5337837837837838
0.0656691604322527 0.5337837837837838
0.06561461794019934 0.5337837837837838
0.06556016597510374 0.5337837837837838
0.06550580431177445 0.5337837837837838
0.06628003314001657 0.5405405405405406
0.06622516556291391 0.5405405405405406
0.06617038875103391 0.5405405405405406
0.06611570247933884 0.5405405405405406
0.06606110652353427 0.5405405405405406
0.066006600660066 0.5405405405405406
0.06595218466611706 0.5405405405405406
0.06589785831960461 0.5405405405405406
0.06584362139917696 0.5405405405405406
0.06578947368421052 0.5405405405405406
0.0657354149548069 0.5405405405405406
0.06568144499178982 0.5405405405405406
0.06562756357670221 0.5405405405405406
0.06557377049180328 0.5405405405405406
0.06552006552006552 0.5405405405405406
0.06546644844517185 0.5405405405405406
0.06541291905151267 0.5405405405405406
0.06535947712418301 0.5405405405405406
0.0653061224489796 0.5405405405405406
0.06525285481239804 0.5405405405405406
0.06519967400162999 0.5405405405405406
0.06514657980456026 0.5405405405405406
0.06509357200976404 0.5405405405405406
0.06504065040650407 0.5405405405405406
0.06498781478472786 0.5405405405405406
0.06493506493506493 0.5405405405405406
0.064882400648824 0.5405405405405406
0.06482982171799027 0.5405405405405406
0.06477732793522267 0.5405405405405406
0.06472491909385113 0.5405405405405406
0.0646725949878739 0.5405405405405406
0.06462035541195477 0.5405405405405406
0.0645682001614205 0.5405405405405406
0.06451612903225806 0.5405405405405406
0.064464141821112 0.5405405405405406
0.0644122383252818 0.5405405405405406
0.06436041834271923 0.5405405405405406
0.06430868167202572 0.5405405405405406
0.0642570281124498 0.5405405405405406
0.06420545746388442 0.5405405405405406
0.06415396952686447 0.5405405405405406
0.0641025641025641 0.5405405405405406
0.06405124099279423 0.5405405405405406
0.064 0.5405405405405406
0.0639488409272582 0.5405405405405406
0.06389776357827476 0.5405405405405406
0.06384676775738228 0.5405405405405406
0.06379585326953748 0.5405405405405406
0.06374501992031872 0.5405405405405406
0.06369426751592357 0.5405405405405406
0.06443914081145585 0.5472972972972973
0.06518282988871224 0.5540540540540541
0.06513105639396347 0.5540540540540541
0.06507936507936508 0.5540540540540541
0.06502775574940524 0.5540540540540541
0.06497622820919176 0.5540540540540541
0.06492478226444973 0.5540540540540541
0.06487341772151899 0.5540540540540541
0.06482213438735178 0.5540540540540541
0.06477093206951026 0.5540540540540541
0.06471981057616416 0.5540540540540541
0.06466876971608833 0.5540540540540541
0.06461780929866036 0.5540540540540541
0.06456692913385827 0.5540540540540541
0.06451612903225806 0.5540540540540541
0.06446540880503145 0.5540540540540541
0.06441476826394343 0.5540540540540541
0.06436420722135008 0.5540540540540541
0.06431372549019608 0.5540540540540541
0.06426332288401254 0.5540540540540541
0.06421299921691465 0.5540540540540541
0.06416275430359937 0.5540540540540541
0.06411258795934324 0.5540540540540541
0.0640625 0.5540540540540541
0.06401249024199844 0.5540540540540541
0.06396255850234009 0.5540540540540541
0.06391270459859703 0.5540540540540541
0.06386292834890965 0.5540540540540541
0.06381322957198443 0.5540540540540541
0.06376360808709176 0.5540540540540541
0.06371406371406371 0.5540540540540541
0.06366459627329192 0.5540540540540541
0.06361520558572537 0.5540540540540541
0.06356589147286822 0.5540540540540541
0.06351665375677769 0.5540540540540541
0.06346749226006192 0.5540540540540541
0.0634184068058778 0.5540540540540541
0.0633693972179289 0.5540540540540541
0.06332046332046332 0.5540540540540541
0.06327160493827161 0.5540540540540541
0.06322282189668466 0.5540540540540541
0.06317411402157165 0.5540540540540541
0.06312548113933796 0.5540540540540541
0.06307692307692307 0.5540540540540541
0.06302843966179862 0.5540540540540541
0.0629800307219662 0.5540540540540541
0.06293169608595549 0.5540540540540541
0.06288343558282208 0.5540540540540541
0.06283524904214559 0.5540540540540541
0.06278713629402756 0.5540540540540541
0.06273909716908951 0.5540540540540541
0.06269113149847094 0.5540540540540541
0.06264323911382735 0.5540540540540541
0.06259541984732825 0.5540540540540541
0.06254767353165523 0.5540540540540541
0.0625 0.5540540540540541
0.062452399086062454 0.5540540540540541
0.0624048706240487 0.5540540540540541
0.0623574144486692 0.5540540540540541
0.06231003039513678 0.5540540540540541
0.06226271829916477 0.5540540540540541
0.0622154779969651 0.5540540540540541
0.0621683093252464 0.5540540540540541
0.06212121212121212 0.5540540540540541
0.06207418622255867 0.5540540540540541
0.06278366111951589 0.5608108108108109
0.06273620559334846 0.5608108108108109
0.06268882175226587 0.5608108108108109
0.06264150943396227 0.5608108108108109
0.06259426847662142 0.5608108108108109
0.06254709871891484 0.5608108108108109
0.0625 0.5608108108108109
0.062452972159518436 0.5608108108108109
0.062406015037593986 0.5608108108108109
0.06235912847483095 0.5608108108108109
0.06306306306306306 0.5675675675675675
0.06301575393848462 0.5675675675675675
0.06296851574212893 0.5675675675675675
0.06292134831460675 0.5675675675675675
0.06287425149700598 0.5675675675675675
0.06282722513089005 0.5675675675675675
0.06278026905829596 0.5675675675675675
0.06273338312173264 0.5675675675675675
0.0626865671641791 0.5675675675675675
0.06263982102908278 0.5675675675675675
0.06259314456035768 0.5675675675675675
0.06254653760238273 0.5675675675675675
0.0625 0.5675675675675675
0.06245353159851301 0.5675675675675675
0.06240713224368499 0.5675675675675675
0.062360801781737196 0.5675675675675675
0.06231454005934718 0.5675675675675675
0.06226834692364715 0.5675675675675675
0.06222222222222222 0.5675675675675675
0.06217616580310881 0.5675675675675675
0.0621301775147929 0.5675675675675675
0.06208425720620843 0.5675675675675675
0.0620384047267356 0.5675675675675675
0.06199261992619926 0.5675675675675675
0.061946902654867256 0.5675675675675675
0.06263817243920412 0.5743243243243243
0.0625920471281296 0.5743243243243243
0.06254598969830757 0.5743243243243243
0.0625 0.5743243243243243
0.06318883174136664 0.581081081081081
0.0631424375917768 0.581081081081081
0.06309611151870873 0.581081081081081
0.06304985337243402 0.581081081081081
0.063003663003663 0.581081081081081
0.0629575402635432 0.581081081081081
0.06291148500365765 0.581081081081081
0.06286549707602339 0.581081081081081
0.06281957633308985 0.581081081081081
0.06277372262773723 0.581081081081081
0.06272793581327499 0.581081081081081
0.06341107871720117 0.5878378378378378
0.06336489439184267 0.5878378378378378
0.06331877729257641 0.5878378378378378
0.06327272727272727 0.5878378378378378
0.06322674418604651 0.5878378378378378
0.06318082788671024 0.5878378378378378
0.06313497822931785 0.5878378378378378
0.0630891950688905 0.5878378378378378
0.06376811594202898 0.5945945945945946
0.06372194062273714 0.5945945945945946
0.06439942112879884 0.6013513513513513
0.064352856109906 0.6013513513513513
0.06430635838150289 0.6013513513513513
0.06425992779783393 0.6013513513513513
0.06421356421356421 0.6013513513513513
0.06416726748377793 0.6013513513513513
0.06412103746397695 0.6013513513513513
0.06407487401007919 0.6013513513513513
0.06402877697841726 0.6013513513513513
0.06398274622573688 0.6013513513513513
0.0639367816091954 0.6013513513513513
0.06389088298636038 0.6013513513513513
0.06384505021520803 0.6013513513513513
0.06379928315412187 0.6013513513513513
0.06375358166189111 0.6013513513513513
0.06370794559770938 0.6013513513513513
0.06366237482117311 0.6013513513513513
0.0636168691922802 0.6013513513513513
0.06357142857142857 0.6013513513513513
0.0635260528194147 0.6013513513513513
0.06348074179743224 0.6013513513513513
0.06343549536707056 0.6013513513513513
0.0633903133903134 0.6013513513513513
0.06334519572953737 0.6013513513513513
0.06330014224751067 0.6013513513513513
0.06325515280739161 0.6013513513513513
0.06321022727272728 0.6013513513513513
0.0631653655074521 0.6013513513513513
0.06312056737588652 0.6013513513513513
0.06307583274273565 0.6013513513513513
0.06303116147308782 0.6013513513513513
0.0629865534324133 0.6013513513513513
0.06294200848656294 0.6013513513513513
0.06289752650176679 0.6013513513513513
0.06285310734463277 0.6013513513513513
0.06280875088214538 0.6013513513513513
0.06276445698166432 0.6013513513513513
0.06272022551092318 0.6013513513513513
0.06267605633802817 0.6013513513513513
0.06263194933145672 0.6013513513513513
0.06258790436005626 0.6013513513513513
0.06254392129304287 0.6013513513513513
0.0625 0.6013513513513513
0.062456140350877196 0.6013513513513513
0.06241234221598878 0.6013513513513513
0.06236860546601261 0.6013513513513513
0.062324929971988796 0.6013513513513513
0.0622813156053184 0.6013513513513513
0.062237762237762236 0.6013513513513513
0.06219426974143955 0.6013513513513513
0.06215083798882681 0.6013513513513513
0.062107466852756456 0.6013513513513513
0.06206415620641562 0.6013513513513513
0.06202090592334495 0.6013513513513513
0.06197771587743733 0.6013513513513513
0.061934585942936674 0.6013513513513513
0.061891515994436715 0.6013513513513513
0.06184850590687978 0.6013513513513513
0.06180555555555556 0.6013513513513513
0.06176266481609993 0.6013513513513513
0.06171983356449376 0.6013513513513513
0.061677061677061676 0.6013513513513513
0.061634349030470915 0.6013513513513513
0.061591695501730104 0.6013513513513513
0.06224066390041494 0.6081081081081081
0.06219765031098825 0.6081081081081081
0.062154696132596686 0.6081081081081081
0.062111801242236024 0.6081081081081081
0.06206896551724138 0.6081081081081081
0.06202618883528601 0.6081081081081081
0.06198347107438017 0.6081081081081081
0.06194081211286993 0.6081081081081081
0.061898211829436035 0.6081081081081081
0.061855670103092786 0.6081081081081081
0.061813186813186816 0.6081081081081081
0.06177076183939602 0.6081081081081081
0.06172839506172839 0.6081081081081081
0.061686086360520906 0.6081081081081081
0.06164383561643835 0.6081081081081081
0.061601642710472276 0.6081081081081081
0.06155950752393981 0.6081081081081081
0.06151742993848257 0.6081081081081081
0.06147540983606557 0.6081081081081081
0.06143344709897611 0.6081081081081081
0.061391541609822645 0.6081081081081081
0.06134969325153374 0.6081081081081081
0.06130790190735695 0.6081081081081081
0.06126616746085772 0.6081081081081081
0.061224489795918366 0.6081081081081081
0.061182868796736914 0.6081081081081081
0.06114130434782609 0.6081081081081081
0.06109979633401222 0.6081081081081081
0.06105834464043419 0.6081081081081081
0.061016949152542375 0.6081081081081081
0.06097560975609756 0.6081081081081081
0.06093432633716994 0.6081081081081081
0.06089309878213803 0.6081081081081081
0.060851926977687626 0.6081081081081081
0.060810810810810814 0.6081081081081081
0.06076975016880486 0.6081081081081081
0.06072874493927125 0.6081081081081081
0.060687795010114634 0.6081081081081081
0.06064690026954178 0.6081081081081081
0.06060606060606061 0.6081081081081081
0.06056527590847914 0.6081081081081081
0.0605245460659045 0.6081081081081081
0.06048387096774194 0.6081081081081081
0.06044325050369376 0.6081081081081081
0.06040268456375839 0.6081081081081081
0.060362173038229376 0.6081081081081081
0.06032171581769437 0.6081081081081081
0.06028131279303416 0.6081081081081081
0.060240963855421686 0.6081081081081081
0.06020066889632107 0.6081081081081081
0.06016042780748663 0.6081081081081081
0.06012024048096192 0.6081081081081081
0.06008010680907877 0.6081081081081081
0.06004002668445631 0.6081081081081081
0.06 0.6081081081081081
0.05996002664890073 0.6081081081081081
0.05992010652463382 0.6081081081081081
0.059880239520958084 0.6081081081081081
0.0598404255319149 0.6081081081081081
0.059800664451827246 0.6081081081081081
0.05976095617529881 0.6081081081081081
0.059721300597213006 0.6081081081081081
0.05968169761273209 0.6081081081081081
0.05964214711729622 0.6081081081081081
0.059602649006622516 0.6081081081081081
0.05956320317670417 0.6081081081081081
0.05952380952380952 0.6081081081081081
0.059484467944481166 0.6081081081081081
0.059445178335535004 0.6081081081081081
0.0594059405940594 0.6081081081081081
0.059366754617414245 0.6081081081081081
0.05932762030323006 0.6081081081081081
0.05928853754940711 0.6081081081081081
0.05924950625411455 0.6081081081081081
0.05921052631578947 0.6081081081081081
0.05917159763313609 0.6081081081081081
0.05913272010512484 0.6081081081081081
0.05909389363099146 0.6081081081081081
0.05905511811023622 0.6081081081081081
0.05901639344262295 0.6081081081081081
0.05897771952817824 0.6081081081081081
0.05893909626719057 0.6081081081081081
0.058900523560209424 0.6081081081081081
0.058862001308044476 0.6081081081081081
0.058823529411764705 0.6081081081081081
0.05878510777269758 0.6081081081081081
0.0587467362924282 0.6081081081081081
0.05870841487279843 0.6081081081081081
0.05867014341590613 0.6081081081081081
0.05863192182410423 0.6081081081081081
0.05859375 0.6081081081081081
0.05855562784645413 0.6081081081081081
0.05851755526657997 0.6081081081081081
0.05847953216374269 0.6081081081081081
0.05844155844155844 0.6081081081081081
0.058403634003893576 0.6081081081081081
0.058365758754863814 0.6081081081081081
0.05832793259883344 0.6081081081081081
0.05829015544041451 0.6081081081081081
0.05825242718446602 0.6081081081081081
0.05821474773609314 0.6081081081081081
0.058177117000646414 0.6081081081081081
0.05813953488372093 0.6081081081081081
0.058102001291155586 0.6081081081081081
0.05806451612903226 0.6081081081081081
0.058027079303675046 0.6081081081081081
0.05798969072164949 0.6081081081081081
0.05795235028976175 0.6081081081081081
0.05791505791505792 0.6081081081081081
0.05787781350482315 0.6081081081081081
0.05784061696658098 0.6081081081081081
0.057803468208092484 0.6081081081081081
0.057766367137355584 0.6081081081081081
0.05772931366260423 0.6081081081081081
0.057692307692307696 0.6081081081081081
0.057655349135169766 0.6081081081081081
0.05761843790012804 0.6081081081081081
0.05758157389635317 0.6081081081081081
0.05754475703324808 0.6081081081081081
0.05750798722044728 0.6081081081081081
0.05747126436781609 0.6081081081081081
0.0574345883854499 0.6081081081081081
0.05739795918367347 0.6081081081081081
0.05736137667304015 0.6081081081081081
0.05732484076433121 0.6081081081081081
0.05728835136855506 0.6081081081081081
0.05725190839694656 0.6081081081081081
0.05721551176096631 0.6081081081081081
0.05717916137229987 0.6081081081081081
0.05714285714285714 0.6081081081081081
0.057741116751269035 0.6148648648648649
0.05833861762840837 0.6216216216216216
0.058301647655259824 0.6216216216216216
0.058264724509183026 0.6216216216216216
0.05822784810126582 0.6216216216216216
0.058191018342821 0.6216216216216216
0.05815423514538559 0.6216216216216216
0.05811749842072015 0.6216216216216216
0.05808080808080808 0.6216216216216216
0.05804416403785489 0.6216216216216216
0.058007566204287514 0.6216216216216216
0.057971014492753624 0.6216216216216216
0.05793450881612091 0.6216216216216216
0.0578980490874764 0.6216216216216216
0.05786163522012579 0.6216216216216216
0.05782526712759271 0.6216216216216216
0.05778894472361809 0.6216216216216216
0.05775266792215945 0.6216216216216216
0.05771643663739021 0.6216216216216216
0.05768025078369906 0.6216216216216216
0.05764411027568922 0.6216216216216216
0.057608015028177834 0.6216216216216216
0.057571964956195244 0.6216216216216216
0.05753595997498437 0.6216216216216216
0.0575 0.6216216216216216
0.05746408494690818 0.6216216216216216
0.05742821473158552 0.6216216216216216
0.05739238927011853 0.6216216216216216
0.057356608478802994 0.6216216216216216
0.0573208722741433 0.6216216216216216
0.057285180572851806 0.6216216216216216
0.05724953329184816 0.6216216216216216
0.05721393034825871 0.6216216216216216
0.057178371659415785 0.6216216216216216
0.05714285714285714 0.6216216216216216
0.057107386716325266 0.6216216216216216
0.05707196029776675 0.6216216216216216
0.05703657780533168 0.6216216216216216
0.057001239157372985 0.6216216216216216
0.05696594427244582 0.6216216216216216
0.05693069306930693 0.6216216216216216
0.05689548546691404 0.6216216216216216
0.05686032138442522 0.6216216216216216
0.05682520074119827 0.6216216216216216
0.056790123456790124 0.6216216216216216
0.0567550894509562 0.6216216216216216
0.05672009864364982 0.6216216216216216
0.056685150955021565 0.6216216216216216
0.05665024630541872 0.6216216216216216
0.056615384615384616 0.6216216216216216
0.056580565805658053 0.6216216216216216
0.05654578979717271 0.6216216216216216
0.056511056511056514 0.6216216216216216
0.056476365868631064 0.6216216216216216
0.05644171779141104 0.6216216216216216
0.056407112201103615 0.6216216216216216
0.056372549019607844 0.6216216216216216
0.056338028169014086 0.6216216216216216
0.056303549571603426 0.6216216216216216
0.056269113149847096 0.6216216216216216
0.05623471882640587 0.6216216216216216
0.056200366524129505 0.6216216216216216
0.05616605616605617 0.6216216216216216
0.05613178767541183 0.6216216216216216
0.05609756097560976 0.6216216216216216
0.056063375990249846 0.6216216216216216
0.05602923264311815 0.6216216216216216
0.05599513085818624 0.6216216216216216
0.05596107055961071 0.6216216216216216
0.05592705167173252 0.6216216216216216
0.05589307411907655 0.6216216216216216
0.05585913782635094 0.6216216216216216
0.055825242718446605 0.6216216216216216
0.05579138872043663 0.6216216216216216
0.055757575757575756 0.6216216216216216
0.05572380375529982 0.6216216216216216
0.05569007263922518 0.6216216216216216
0.05565638233514821 0.6216216216216216
0.05562273276904474 0.6216216216216216
0.05558912386706949 0.6216216216216216
0.05555555555555555 0.6216216216216216
0.05552202776101388 0.6216216216216216
0.05548854041013269 0.6216216216216216
0.055455093429776975 0.6216216216216216
0.05542168674698795 0.6216216216216216
