1.0 0.001984126984126984
1.0 0.003968253968253968
0.6666666666666666 0.003968253968253968
0.5 0.003968253968253968
0.4 0.003968253968253968
0.5 0.005952380952380952
0.42857142857142855 0.005952380952380952
0.5 0.007936507936507936
0.5555555555555556 0.00992063492063492
0.6 0.011904761904761904
0.5454545454545454 0.011904761904761904
0.5 0.011904761904761904
0.5384615384615384 0.013888888888888888
0.5714285714285714 0.015873015873015872
0.6 0.017857142857142856
0.625 0.01984126984126984
0.6470588235294118 0.021825396825396824
0.6666666666666666 0.023809523809523808
0.6842105263157895 0.025793650793650792
0.7 0.027777777777777776
0.7142857142857143 0.02976190476190476
0.7272727272727273 0.031746031746031744
0.7391304347826086 0.03373015873015873
0.75 0.03571428571428571
0.76 0.037698412698412696
0.7307692307692307 0.037698412698412696
0.7037037037037037 0.037698412698412696
0.6785714285714286 0.037698412698412696
0.6551724137931034 0.037698412698412696
0.6333333333333333 0.037698412698412696
0.6129032258064516 0.037698412698412696
0.59375 0.037698412698412696
0.6060606060606061 0.03968253968253968
0.6176470588235294 0.041666666666666664
0.6285714285714286 0.04365079365079365
0.6388888888888888 0.04563492063492063
0.6486486486486487 0.047619047619047616
0.631578947368421 0.047619047619047616
0.6153846153846154 0.047619047619047616
0.6 0.047619047619047616
0.6097560975609756 0.0496031746031746
0.5952380952380952 0.0496031746031746
0.5813953488372093 0.0496031746031746
0.5681818181818182 0.0496031746031746
0.5777777777777777 0.051587301587301584
0.5652173913043478 0.051587301587301584
0.5531914893617021 0.051587301587301584
0.5416666666666666 0.051587301587301584
0.5306122448979592 0.051587301587301584
0.52 0.051587301587301584
0.5098039215686274 0.051587301587301584
0.5 0.051587301587301584
0.49056603773584906 0.051587301587301584
0.48148148148148145 0.051587301587301584
0.4727272727272727 0.051587301587301584
0.48214285714285715 0.05357142857142857
0.49122807017543857 0.05555555555555555
0.4827586206896552 0.05555555555555555
0.4745762711864407 0.05555555555555555
0.4666666666666667 0.05555555555555555
0.47540983606557374 0.057539682539682536
0.4838709677419355 0.05952380952380952
0.47619047619047616 0.05952380952380952
0.46875 0.05952380952380952
0.46153846153846156 0.05952380952380952
0.45454545454545453 0.05952380952380952
0.44776119402985076 0.05952380952380952
0.4411764705882353 0.05952380952380952
0.43478260869565216 0.05952380952380952
0.42857142857142855 0.05952380952380952
0.4225352112676056 0.05952380952380952
0.4166666666666667 0.05952380952380952
0.410958904109589 0.05952380952380952
0.40540540540540543 0.05952380952380952
0.4 0.05952380952380952
0.39473684210526316 0.05952380952380952
0.4025974025974026 0.061507936507936505
0.41025641025641024 0.06349206349206349
0.4177215189873418 0.06547619047619048
0.425 0.06746031746031746
0.43209876543209874 0.06944444444444445
0.4268292682926829 0.06944444444444445
0.42168674698795183 0.06944444444444445
0.4166666666666667 0.06944444444444445
0.4117647058823529 0.06944444444444445
0.4069767441860465 0.06944444444444445
0.41379310344827586 0.07142857142857142
0.4090909090909091 0.07142857142857142
0.4044943820224719 0.07142857142857142
0.4 0.07142857142857142
0.3956043956043956 0.07142857142857142
0.391304347826087 0.07142857142857142
0.3870967741935484 0.07142857142857142
0.3829787234042553 0.07142857142857142
0.37894736842105264 0.07142857142857142
0.375 0.07142857142857142
0.3711340206185567 0.07142857142857142
0.3673469387755102 0.07142857142857142
0.36363636363636365 0.07142857142857142
0.36 0.07142857142857142
0.3564356435643564 0.07142857142857142
0.35294117647058826 0.07142857142857142
0.34951456310679613 0.07142857142857142
0.34615384615384615 0.07142857142857142
0.34285714285714286 0.07142857142857142
0.33962264150943394 0.07142857142857142
0.3364485981308411 0.07142857142857142
0.3333333333333333 0.07142857142857142
0.3302752293577982 0.07142857142857142
0.32727272727272727 0.07142857142857142
0.32432432432432434 0.07142857142857142
0.32142857142857145 0.07142857142857142
0.3185840707964602 0.07142857142857142
0.3157894736842105 0.07142857142857142
0.3130434782608696 0.07142857142857142
0.3103448275862069 0.07142857142857142
0.3076923076923077 0.07142857142857142
0.3050847457627119 0.07142857142857142
0.3025210084033613 0.07142857142857142
0.3 0.07142857142857142
0.2975206611570248 0.07142857142857142
0.29508196721311475 0.07142857142857142
0.2926829268292683 0.07142857142857142
0.2903225806451613 0.07142857142857142
0.288 0.07142857142857142
0.2857142857142857 0.07142857142857142
0.28346456692913385 0.07142857142857142
0.28125 0.07142857142857142
0.27906976744186046 0.07142857142857142
0.27692307692307694 0.07142857142857142
0.2748091603053435 0.07142857142857142
0.2727272727272727 0.07142857142857142
0.2706766917293233 0.07142857142857142
0.26865671641791045 0.07142857142857142
0.26666666666666666 0.07142857142857142
0.2647058823529412 0.07142857142857142
0.26277372262773724 0.07142857142857142
0.2608695652173913 0.07142857142857142
0.2589928057553957 0.07142857142857142
0.2571428571428571 0.07142857142857142
0.2553191489361702 0.07142857142857142
0.2535211267605634 0.07142857142857142
0.2517482517482518 0.07142857142857142
