1.0 0.004739336492890996
1.0 0.009478672985781991
0.6666666666666666 0.009478672985781991
0.5 0.009478672985781991
0.4 0.009478672985781991
0.5 0.014218009478672985
0.5714285714285714 0.018957345971563982
0.5 0.018957345971563982
0.4444444444444444 0.018957345971563982
0.4 0.018957345971563982
0.45454545454545453 0.023696682464454975
0.5 0.02843601895734597
0.46153846153846156 0.02843601895734597
0.42857142857142855 0.02843601895734597
0.4666666666666667 0.03317535545023697
0.5 0.037914691943127965
0.5294117647058824 0.04265402843601896
0.5555555555555556 0.04739336492890995
0.5263157894736842 0.04739336492890995
0.5 0.04739336492890995
0.5238095238095238 0.052132701421800945
0.5 0.052132701421800945
0.4782608695652174 0.052132701421800945
0.4583333333333333 0.052132701421800945
0.44 0.052132701421800945
0.4230769230769231 0.052132701421800945
0.4074074074074074 0.052132701421800945
0.39285714285714285 0.052132701421800945
0.3793103448275862 0.052132701421800945
0.36666666666666664 0.052132701421800945
0.3548387096774194 0.052132701421800945
0.34375 0.052132701421800945
0.3333333333333333 0.052132701421800945
0.3235294117647059 0.052132701421800945
0.3142857142857143 0.052132701421800945
0.3055555555555556 0.052132701421800945
0.2972972972972973 0.052132701421800945
0.2894736842105263 0.052132701421800945
0.28205128205128205 0.052132701421800945
0.3 0.05687203791469194
0.3170731707317073 0.061611374407582936
0.30952380952380953 0.061611374407582936
0.3023255813953488 0.061611374407582936
0.3181818181818182 0.06635071090047394
0.3111111111111111 0.06635071090047394
0.30434782608695654 0.06635071090047394
0.2978723404255319 0.06635071090047394
0.2916666666666667 0.06635071090047394
0.2857142857142857 0.06635071090047394
0.3 0.07109004739336493
0.29411764705882354 0.07109004739336493
0.3076923076923077 0.07582938388625593
0.3018867924528302 0.07582938388625593
0.2962962962962963 0.07582938388625593
0.2909090909090909 0.07582938388625593
0.2857142857142857 0.07582938388625593
0.2807017543859649 0.07582938388625593
0.27586206896551724 0.07582938388625593
0.2711864406779661 0.07582938388625593
0.26666666666666666 0.07582938388625593
0.26229508196721313 0.07582938388625593
0.27419354838709675 0.08056872037914692
0.2698412698412698 0.08056872037914692
0.265625 0.08056872037914692
0.26153846153846155 0.08056872037914692
0.25757575757575757 0.08056872037914692
0.2537313432835821 0.08056872037914692
0.2647058823529412 0.08530805687203792
0.2608695652173913 0.08530805687203792
0.2571428571428571 0.08530805687203792
0.2535211267605634 0.08530805687203792
0.2638888888888889 0.09004739336492891
0.2602739726027397 0.09004739336492891
0.25675675675675674 0.09004739336492891
0.25333333333333335 0.09004739336492891
0.25 0.09004739336492891
0.2597402597402597 0.0947867298578199
0.2564102564102564 0.0947867298578199
0.25316455696202533 0.0947867298578199
0.25 0.0947867298578199
0.24691358024691357 0.0947867298578199
0.24390243902439024 0.0947867298578199
0.24096385542168675 0.0947867298578199
0.23809523809523808 0.0947867298578199
0.23529411764705882 0.0947867298578199
0.2441860465116279 0.0995260663507109
0.25287356321839083 0.10426540284360189
0.25 0.10426540284360189
0.24719101123595505 0.10426540284360189
0.24444444444444444 0.10426540284360189
0.24175824175824176 0.10426540284360189
0.2391304347826087 0.10426540284360189
0.23655913978494625 0.10426540284360189
0.23404255319148937 0.10426540284360189
0.23157894736842105 0.10426540284360189
0.22916666666666666 0.10426540284360189
0.2268041237113402 0.10426540284360189
0.23469387755102042 0.10900473933649289
0.23232323232323232 0.10900473933649289
0.24 0.11374407582938388
0.2376237623762376 0.11374407582938388
0.24509803921568626 0.11848341232227488
0.24271844660194175 0.11848341232227488
0.2403846153846154 0.11848341232227488
0.24761904761904763 0.12322274881516587
0.24528301886792453 0.12322274881516587
0.24299065420560748 0.12322274881516587
0.24074074074074073 0.12322274881516587
0.23853211009174313 0.12322274881516587
0.24545454545454545 0.12796208530805686
0.24324324324324326 0.12796208530805686
0.24107142857142858 0.12796208530805686
0.23893805309734514 0.12796208530805686
0.23684210526315788 0.12796208530805686
0.23478260869565218 0.12796208530805686
0.23275862068965517 0.12796208530805686
0.23076923076923078 0.12796208530805686
0.2288135593220339 0.12796208530805686
0.226890756302521 0.12796208530805686
0.225 0.12796208530805686
0.2231404958677686 0.12796208530805686
0.22131147540983606 0.12796208530805686
0.21951219512195122 0.12796208530805686
0.21774193548387097 0.12796208530805686
0.216 0.12796208530805686
0.21428571428571427 0.12796208530805686
0.2125984251968504 0.12796208530805686
0.2109375 0.12796208530805686
0.21705426356589147 0.13270142180094788
0.2153846153846154 0.13270142180094788
0.21374045801526717 0.13270142180094788
0.21212121212121213 0.13270142180094788
0.21804511278195488 0.13744075829383887
0.21641791044776118 0.13744075829383887
0.21481481481481482 0.13744075829383887
0.21323529411764705 0.13744075829383887
0.2116788321167883 0.13744075829383887
0.21014492753623187 0.13744075829383887
0.20863309352517986 0.13744075829383887
0.20714285714285716 0.13744075829383887
0.20567375886524822 0.13744075829383887
0.20422535211267606 0.13744075829383887
0.20279720279720279 0.13744075829383887
0.20833333333333334 0.14218009478672985
0.20689655172413793 0.14218009478672985
0.2054794520547945 0.14218009478672985
0.20408163265306123 0.14218009478672985
0.20270270270270271 0.14218009478672985
0.20134228187919462 0.14218009478672985
0.2 0.14218009478672985
0.1986754966887417 0.14218009478672985
0.19736842105263158 0.14218009478672985
0.19607843137254902 0.14218009478672985
0.19480519480519481 0.14218009478672985
0.1935483870967742 0.14218009478672985
0.19230769230769232 0.14218009478672985
0.1910828025477707 0.14218009478672985
0.189873417721519 0.14218009478672985
0.18867924528301888 0.14218009478672985
0.1875 0.14218009478672985
0.18633540372670807 0.14218009478672985
0.18518518518518517 0.14218009478672985
0.18404907975460122 0.14218009478672985
0.18292682926829268 0.14218009478672985
0.18181818181818182 0.14218009478672985
0.18072289156626506 0.14218009478672985
0.17964071856287425 0.14218009478672985
0.17857142857142858 0.14218009478672985
0.17751479289940827 0.14218009478672985
0.18235294117647058 0.14691943127962084
0.1871345029239766 0.15165876777251186
0.18604651162790697 0.15165876777251186
0.18497109826589594 0.15165876777251186
0.1839080459770115 0.15165876777251186
0.18857142857142858 0.15639810426540285
0.19318181818181818 0.16113744075829384
0.192090395480226 0.16113744075829384
0.19101123595505617 0.16113744075829384
0.18994413407821228 0.16113744075829384
0.18888888888888888 0.16113744075829384
0.19337016574585636 0.16587677725118483
0.1978021978021978 0.17061611374407584
0.20218579234972678 0.17535545023696683
0.20652173913043478 0.18009478672985782
0.21081081081081082 0.1848341232227488
0.20967741935483872 0.1848341232227488
0.20855614973262032 0.1848341232227488
0.2074468085106383 0.1848341232227488
0.20634920634920634 0.1848341232227488
0.21052631578947367 0.1895734597156398
0.21465968586387435 0.1943127962085308
0.21875 0.1990521327014218
0.21761658031088082 0.1990521327014218
0.22164948453608246 0.2037914691943128
0.2205128205128205 0.2037914691943128
0.2193877551020408 0.2037914691943128
0.2182741116751269 0.2037914691943128
0.21717171717171718 0.2037914691943128
0.21608040201005024 0.2037914691943128
0.215 0.2037914691943128
0.21393034825870647 0.2037914691943128
0.21287128712871287 0.2037914691943128
0.21182266009852216 0.2037914691943128
0.2107843137254902 0.2037914691943128
0.2097560975609756 0.2037914691943128
0.2087378640776699 0.2037914691943128
0.20772946859903382 0.2037914691943128
0.20673076923076922 0.2037914691943128
0.20574162679425836 0.2037914691943128
0.20476190476190476 0.2037914691943128
0.2037914691943128 0.2037914691943128
0.2028301886792453 0.2037914691943128
0.20187793427230047 0.2037914691943128
0.20093457943925233 0.2037914691943128
0.2 0.2037914691943128
0.19907407407407407 0.2037914691943128
0.19815668202764977 0.2037914691943128
0.19724770642201836 0.2037914691943128
0.1963470319634703 0.2037914691943128
0.19545454545454546 0.2037914691943128
0.19457013574660634 0.2037914691943128
0.19369369369369369 0.2037914691943128
0.19282511210762332 0.2037914691943128
0.19196428571428573 0.2037914691943128
0.19111111111111112 0.2037914691943128
0.1902654867256637 0.2037914691943128
0.1894273127753304 0.2037914691943128
0.18859649122807018 0.2037914691943128
0.18777292576419213 0.2037914691943128
0.18695652173913044 0.2037914691943128
0.18614718614718614 0.2037914691943128
0.1853448275862069 0.2037914691943128
0.18454935622317598 0.2037914691943128
0.18376068376068377 0.2037914691943128
0.1829787234042553 0.2037914691943128
0.18220338983050846 0.2037914691943128
0.18143459915611815 0.2037914691943128
0.18067226890756302 0.2037914691943128
0.1799163179916318 0.2037914691943128
0.17916666666666667 0.2037914691943128
0.17842323651452283 0.2037914691943128
0.17768595041322313 0.2037914691943128
0.17695473251028807 0.2037914691943128
0.1762295081967213 0.2037914691943128
0.17551020408163265 0.2037914691943128
0.17479674796747968 0.2037914691943128
0.17408906882591094 0.2037914691943128
0.17338709677419356 0.2037914691943128
0.17269076305220885 0.2037914691943128
0.172 0.2037914691943128
0.17131474103585656 0.2037914691943128
0.17063492063492064 0.2037914691943128
0.16996047430830039 0.2037914691943128
0.16929133858267717 0.2037914691943128
0.16862745098039217 0.2037914691943128
0.16796875 0.2037914691943128
0.16731517509727625 0.2037914691943128
0.16666666666666666 0.2037914691943128
0.16602316602316602 0.2037914691943128
0.16538461538461538 0.2037914691943128
0.16475095785440613 0.2037914691943128
0.16412213740458015 0.2037914691943128
0.1634980988593156 0.2037914691943128
0.16287878787878787 0.2037914691943128
0.16226415094339622 0.2037914691943128
0.16165413533834586 0.2037914691943128
0.16104868913857678 0.2037914691943128
0.16044776119402984 0.2037914691943128
0.15985130111524162 0.2037914691943128
0.15925925925925927 0.2037914691943128
0.15867158671586715 0.2037914691943128
0.15808823529411764 0.2037914691943128
0.1575091575091575 0.2037914691943128
0.15693430656934307 0.2037914691943128
0.15636363636363637 0.2037914691943128
0.15942028985507245 0.20853080568720378
0.1588447653429603 0.20853080568720378
0.1618705035971223 0.2132701421800948
0.16129032258064516 0.2132701421800948
0.16071428571428573 0.2132701421800948
0.16370106761565836 0.21800947867298578
0.16312056737588654 0.21800947867298578
0.16607773851590105 0.22274881516587677
0.16901408450704225 0.22748815165876776
0.16842105263157894 0.22748815165876776
0.16783216783216784 0.22748815165876776
0.1672473867595819 0.22748815165876776
0.16666666666666666 0.22748815165876776
0.16608996539792387 0.22748815165876776
0.16551724137931034 0.22748815165876776
0.16494845360824742 0.22748815165876776
0.1643835616438356 0.22748815165876776
0.16382252559726962 0.22748815165876776
0.16326530612244897 0.22748815165876776
0.16271186440677965 0.22748815165876776
0.16216216216216217 0.22748815165876776
0.16161616161616163 0.22748815165876776
0.1610738255033557 0.22748815165876776
0.1605351170568562 0.22748815165876776
0.16 0.22748815165876776
0.15946843853820597 0.22748815165876776
0.15894039735099338 0.22748815165876776
0.15841584158415842 0.22748815165876776
0.15789473684210525 0.22748815165876776
0.15737704918032788 0.22748815165876776
0.1568627450980392 0.22748815165876776
0.1563517915309446 0.22748815165876776
0.15584415584415584 0.22748815165876776
0.1553398058252427 0.22748815165876776
0.15483870967741936 0.22748815165876776
0.15434083601286175 0.22748815165876776
0.15384615384615385 0.22748815165876776
0.15335463258785942 0.22748815165876776
0.15286624203821655 0.22748815165876776
0.1523809523809524 0.22748815165876776
0.1518987341772152 0.22748815165876776
0.15141955835962145 0.22748815165876776
0.1509433962264151 0.22748815165876776
0.15047021943573669 0.22748815165876776
0.15 0.22748815165876776
0.14953271028037382 0.22748815165876776
0.14906832298136646 0.22748815165876776
0.14860681114551083 0.22748815165876776
0.14814814814814814 0.22748815165876776
0.1476923076923077 0.22748815165876776
0.147239263803681 0.22748815165876776
0.14678899082568808 0.22748815165876776
0.14634146341463414 0.22748815165876776
0.1458966565349544 0.22748815165876776
0.14545454545454545 0.22748815165876776
0.14501510574018128 0.22748815165876776
0.14457831325301204 0.22748815165876776
0.14414414414414414 0.22748815165876776
0.1437125748502994 0.22748815165876776
0.14328358208955225 0.22748815165876776
0.14285714285714285 0.22748815165876776
0.142433234421365 0.22748815165876776
0.14201183431952663 0.22748815165876776
0.1415929203539823 0.22748815165876776
0.1411764705882353 0.22748815165876776
0.14076246334310852 0.22748815165876776
0.14035087719298245 0.22748815165876776
0.13994169096209913 0.22748815165876776
0.13953488372093023 0.22748815165876776
0.1391304347826087 0.22748815165876776
0.13872832369942195 0.22748815165876776
0.138328530259366 0.22748815165876776
0.13793103448275862 0.22748815165876776
0.13753581661891118 0.22748815165876776
0.13714285714285715 0.22748815165876776
0.13675213675213677 0.22748815165876776
0.13636363636363635 0.22748815165876776
0.1359773371104816 0.22748815165876776
0.13559322033898305 0.22748815165876776
0.1352112676056338 0.22748815165876776
0.1348314606741573 0.22748815165876776
0.13445378151260504 0.22748815165876776
0.1340782122905028 0.22748815165876776
0.13370473537604458 0.22748815165876776
0.13333333333333333 0.22748815165876776
0.1329639889196676 0.22748815165876776
0.13259668508287292 0.22748815165876776
0.1322314049586777 0.22748815165876776
0.13186813186813187 0.22748815165876776
0.13150684931506848 0.22748815165876776
0.13114754098360656 0.22748815165876776
0.1307901907356948 0.22748815165876776
0.13043478260869565 0.22748815165876776
0.13008130081300814 0.22748815165876776
0.12972972972972974 0.22748815165876776
0.1293800539083558 0.22748815165876776
0.12903225806451613 0.22748815165876776
0.128686327077748 0.22748815165876776
0.12834224598930483 0.22748815165876776
0.128 0.22748815165876776
0.1276595744680851 0.22748815165876776
0.1273209549071618 0.22748815165876776
0.12698412698412698 0.22748815165876776
0.1266490765171504 0.22748815165876776
0.12631578947368421 0.22748815165876776
0.12598425196850394 0.22748815165876776
0.12827225130890052 0.23222748815165878
0.13054830287206268 0.23696682464454977
0.13020833333333334 0.23696682464454977
0.12987012987012986 0.23696682464454977
0.12953367875647667 0.23696682464454977
0.13178294573643412 0.24170616113744076
0.13402061855670103 0.24644549763033174
0.13624678663239073 0.25118483412322273
0.1358974358974359 0.25118483412322273
0.13810741687979539 0.2559241706161137
0.1377551020408163 0.2559241706161137
0.13740458015267176 0.2559241706161137
0.13705583756345177 0.2559241706161137
0.13670886075949368 0.2559241706161137
0.13636363636363635 0.2559241706161137
0.13602015113350127 0.2559241706161137
0.135678391959799 0.2559241706161137
0.13533834586466165 0.2559241706161137
0.135 0.2559241706161137
0.13466334164588528 0.2559241706161137
0.13432835820895522 0.2559241706161137
0.13399503722084366 0.2559241706161137
0.13366336633663367 0.2559241706161137
0.13333333333333333 0.2559241706161137
0.1330049261083744 0.2559241706161137
0.13267813267813267 0.2559241706161137
0.1323529411764706 0.2559241706161137
0.13202933985330073 0.2559241706161137
0.13170731707317074 0.2559241706161137
0.13138686131386862 0.2559241706161137
0.13106796116504854 0.2559241706161137
0.13075060532687652 0.2559241706161137
0.13043478260869565 0.2559241706161137
0.13012048192771083 0.2559241706161137
0.12980769230769232 0.2559241706161137
0.12949640287769784 0.2559241706161137
0.1291866028708134 0.2559241706161137
0.1288782816229117 0.2559241706161137
0.12857142857142856 0.2559241706161137
0.12826603325415678 0.2559241706161137
0.12796208530805686 0.2559241706161137
0.1276595744680851 0.2559241706161137
0.12735849056603774 0.2559241706161137
0.12705882352941175 0.2559241706161137
0.1267605633802817 0.2559241706161137
0.12646370023419204 0.2559241706161137
0.1261682242990654 0.2559241706161137
0.1258741258741259 0.2559241706161137
0.12558139534883722 0.2559241706161137
0.12529002320185614 0.2559241706161137
0.125 0.2559241706161137
0.12471131639722864 0.2559241706161137
0.12442396313364056 0.2559241706161137
0.12413793103448276 0.2559241706161137
0.12385321100917432 0.2559241706161137
0.12356979405034325 0.2559241706161137
0.1232876712328767 0.2559241706161137
0.12300683371298406 0.2559241706161137
0.12272727272727273 0.2559241706161137
0.12244897959183673 0.2559241706161137
0.12217194570135746 0.2559241706161137
0.12189616252821671 0.2559241706161137
0.12162162162162163 0.2559241706161137
0.12134831460674157 0.2559241706161137
0.1210762331838565 0.2559241706161137
0.12080536912751678 0.2559241706161137
0.12053571428571429 0.2559241706161137
0.12026726057906459 0.2559241706161137
0.12 0.2559241706161137
0.1197339246119734 0.2559241706161137
0.11946902654867257 0.2559241706161137
0.11920529801324503 0.2559241706161137
0.11894273127753303 0.2559241706161137
0.11868131868131868 0.2559241706161137
0.11842105263157894 0.2559241706161137
0.11816192560175055 0.2559241706161137
0.11790393013100436 0.2559241706161137
0.11764705882352941 0.2559241706161137
0.11739130434782609 0.2559241706161137
0.11713665943600868 0.2559241706161137
0.11688311688311688 0.2559241706161137
0.11663066954643629 0.2559241706161137
0.11637931034482758 0.2559241706161137
0.11612903225806452 0.2559241706161137
0.11587982832618025 0.2559241706161137
0.11563169164882227 0.2559241706161137
0.11538461538461539 0.2559241706161137
0.11513859275053305 0.2559241706161137
0.1148936170212766 0.2559241706161137
0.11464968152866242 0.2559241706161137
0.11440677966101695 0.2559241706161137
0.11416490486257928 0.2559241706161137
0.11392405063291139 0.2559241706161137
0.11368421052631579 0.2559241706161137
0.1134453781512605 0.2559241706161137
0.11320754716981132 0.2559241706161137
0.11297071129707113 0.2559241706161137
0.1127348643006263 0.2559241706161137
0.1125 0.2559241706161137
0.11226611226611227 0.2559241706161137
0.11203319502074689 0.2559241706161137
0.11180124223602485 0.2559241706161137
0.1115702479338843 0.2559241706161137
0.11134020618556702 0.2559241706161137
0.1111111111111111 0.2559241706161137
0.11088295687885011 0.2559241706161137
0.11065573770491803 0.2559241706161137
0.11042944785276074 0.2559241706161137
0.11020408163265306 0.2559241706161137
0.109979633401222 0.2559241706161137
0.10975609756097561 0.2559241706161137
0.10953346855983773 0.2559241706161137
0.10931174089068826 0.2559241706161137
0.10909090909090909 0.2559241706161137
0.10887096774193548 0.2559241706161137
0.10865191146881288 0.2559241706161137
0.10843373493975904 0.2559241706161137
0.10821643286573146 0.2559241706161137
0.108 0.2559241706161137
0.10778443113772455 0.2559241706161137
0.10756972111553785 0.2559241706161137
0.1073558648111332 0.2559241706161137
0.10714285714285714 0.2559241706161137
0.10693069306930693 0.2559241706161137
0.1067193675889328 0.2559241706161137
0.10650887573964497 0.2559241706161137
0.1062992125984252 0.2559241706161137
0.10609037328094302 0.2559241706161137
0.10588235294117647 0.2559241706161137
0.10567514677103718 0.2559241706161137
0.10546875 0.2559241706161137
0.10526315789473684 0.2559241706161137
0.10505836575875487 0.2559241706161137
0.10485436893203884 0.2559241706161137
0.10465116279069768 0.2559241706161137
0.10444874274661509 0.2559241706161137
0.10424710424710425 0.2559241706161137
0.10404624277456648 0.2559241706161137
0.10384615384615385 0.2559241706161137
0.1036468330134357 0.2559241706161137
0.10344827586206896 0.2559241706161137
0.10325047801147227 0.2559241706161137
0.10305343511450382 0.2559241706161137
0.10285714285714286 0.2559241706161137
0.10266159695817491 0.2559241706161137
0.10246679316888045 0.2559241706161137
0.10227272727272728 0.2559241706161137
0.10207939508506617 0.2559241706161137
0.1018867924528302 0.2559241706161137
0.1016949152542373 0.2559241706161137
0.10150375939849623 0.2559241706161137
0.10318949343339587 0.26066350710900477
0.10299625468164794 0.26066350710900477
0.102803738317757 0.26066350710900477
0.10261194029850747 0.26066350710900477
0.10242085661080075 0.26066350710900477
0.10223048327137546 0.26066350710900477
0.10204081632653061 0.26066350710900477
0.10185185185185185 0.26066350710900477
0.10166358595194085 0.26066350710900477
0.1014760147601476 0.26066350710900477
0.10128913443830571 0.26066350710900477
0.10110294117647059 0.26066350710900477
0.10091743119266056 0.26066350710900477
0.10073260073260074 0.26066350710900477
0.10054844606946983 0.26066350710900477
0.10036496350364964 0.26066350710900477
0.10018214936247723 0.26066350710900477
0.1 0.26066350710900477
0.0998185117967332 0.26066350710900477
0.09963768115942029 0.26066350710900477
0.09945750452079566 0.26066350710900477
0.09927797833935018 0.26066350710900477
0.0990990990990991 0.26066350710900477
0.09892086330935251 0.26066350710900477
0.09874326750448834 0.26066350710900477
0.0985663082437276 0.26066350710900477
0.09838998211091235 0.26066350710900477
0.09821428571428571 0.26066350710900477
0.09803921568627451 0.26066350710900477
0.09786476868327403 0.26066350710900477
0.09769094138543517 0.26066350710900477
0.0975177304964539 0.26066350710900477
0.09734513274336283 0.26066350710900477
0.09717314487632508 0.26066350710900477
0.09700176366843033 0.26066350710900477
0.09683098591549295 0.26066350710900477
0.09666080843585237 0.26066350710900477
0.09649122807017543 0.26066350710900477
0.09632224168126094 0.26066350710900477
0.09615384615384616 0.26066350710900477
0.09598603839441536 0.26066350710900477
0.09581881533101046 0.26066350710900477
0.09565217391304348 0.26066350710900477
0.0954861111111111 0.26066350710900477
0.09532062391681109 0.26066350710900477
0.09515570934256055 0.26066350710900477
0.09499136442141623 0.26066350710900477
0.09482758620689655 0.26066350710900477
0.09466437177280551 0.26066350710900477
0.09450171821305842 0.26066350710900477
0.09433962264150944 0.26066350710900477
0.09417808219178082 0.26066350710900477
0.09401709401709402 0.26066350710900477
0.09385665529010238 0.26066350710900477
0.09369676320272573 0.26066350710900477
0.0935374149659864 0.26066350710900477
0.0933786078098472 0.26066350710900477
0.09322033898305085 0.26066350710900477
0.09306260575296109 0.26066350710900477
0.0929054054054054 0.26066350710900477
0.09274873524451939 0.26066350710900477
0.09259259259259259 0.26066350710900477
0.09411764705882353 0.26540284360189575
0.09395973154362416 0.26540284360189575
0.09380234505862646 0.26540284360189575
0.09364548494983277 0.26540284360189575
0.09348914858096828 0.26540284360189575
0.09333333333333334 0.26540284360189575
0.09317803660565724 0.26540284360189575
0.09302325581395349 0.26540284360189575
0.09286898839137644 0.26540284360189575
0.09271523178807947 0.26540284360189575
0.09256198347107437 0.26540284360189575
0.0924092409240924 0.26540284360189575
0.09225700164744646 0.26540284360189575
0.09210526315789473 0.26540284360189575
0.09195402298850575 0.26540284360189575
0.09180327868852459 0.26540284360189575
0.09165302782324058 0.26540284360189575
0.0915032679738562 0.26540284360189575
0.09135399673735727 0.26540284360189575
0.09120521172638436 0.26540284360189575
0.0910569105691057 0.26540284360189575
0.09090909090909091 0.26540284360189575
0.09076175040518639 0.26540284360189575
0.09061488673139159 0.26540284360189575
0.09046849757673667 0.26540284360189575
0.09032258064516129 0.26540284360189575
0.09017713365539452 0.26540284360189575
0.09003215434083602 0.26540284360189575
0.0898876404494382 0.26540284360189575
0.08974358974358974 0.26540284360189575
0.0896 0.26540284360189575
0.08945686900958466 0.26540284360189575
0.08931419457735247 0.26540284360189575
0.08917197452229299 0.26540284360189575
0.0890302066772655 0.26540284360189575
0.08888888888888889 0.26540284360189575
0.08874801901743265 0.26540284360189575
0.08860759493670886 0.26540284360189575
0.08846761453396525 0.26540284360189575
0.08832807570977919 0.26540284360189575
0.08818897637795275 0.26540284360189575
0.0880503144654088 0.26540284360189575
0.08791208791208792 0.26540284360189575
0.0877742946708464 0.26540284360189575
0.08763693270735524 0.26540284360189575
0.0875 0.26540284360189575
0.0873634945397816 0.26540284360189575
0.08722741433021806 0.26540284360189575
0.08709175738724728 0.26540284360189575
0.08695652173913043 0.26540284360189575
0.08682170542635659 0.26540284360189575
0.08668730650154799 0.26540284360189575
0.0865533230293663 0.26540284360189575
0.08641975308641975 0.26540284360189575
0.08628659476117104 0.26540284360189575
0.08615384615384615 0.26540284360189575
0.08602150537634409 0.26540284360189575
0.08588957055214724 0.26540284360189575
0.08575803981623277 0.26540284360189575
0.0856269113149847 0.26540284360189575
0.08549618320610687 0.26540284360189575
0.08536585365853659 0.26540284360189575
0.0852359208523592 0.26540284360189575
0.0851063829787234 0.26540284360189575
0.08497723823975721 0.26540284360189575
0.08484848484848485 0.26540284360189575
0.08472012102874432 0.26540284360189575
0.08459214501510574 0.26540284360189575
0.08446455505279035 0.26540284360189575
0.08433734939759036 0.26540284360189575
0.08421052631578947 0.26540284360189575
0.08408408408408409 0.26540284360189575
0.08395802098950525 0.26540284360189575
0.08383233532934131 0.26540284360189575
0.08370702541106129 0.26540284360189575
0.08358208955223881 0.26540284360189575
0.08345752608047691 0.26540284360189575
0.08333333333333333 0.26540284360189575
0.08320950965824665 0.26540284360189575
0.0830860534124629 0.26540284360189575
0.08296296296296296 0.26540284360189575
0.08284023668639054 0.26540284360189575
0.0827178729689808 0.26540284360189575
0.08259587020648967 0.26540284360189575
0.08247422680412371 0.26540284360189575
0.08235294117647059 0.26540284360189575
0.08223201174743025 0.26540284360189575
0.08211143695014662 0.26540284360189575
0.08199121522693997 0.26540284360189575
0.08187134502923976 0.26540284360189575
0.08175182481751825 0.26540284360189575
0.08163265306122448 0.26540284360189575
0.08151382823871907 0.26540284360189575
0.08139534883720931 0.26540284360189575
0.08127721335268505 0.26540284360189575
0.08115942028985507 0.26540284360189575
0.08104196816208394 0.26540284360189575
0.08092485549132948 0.26540284360189575
0.08080808080808081 0.26540284360189575
0.08069164265129683 0.26540284360189575
0.08057553956834532 0.26540284360189575
0.08045977011494253 0.26540284360189575
0.08034433285509325 0.26540284360189575
0.08022922636103152 0.26540284360189575
0.08011444921316166 0.26540284360189575
0.08 0.26540284360189575
0.07988587731811697 0.26540284360189575
0.07977207977207977 0.26540284360189575
0.07965860597439545 0.26540284360189575
0.07954545454545454 0.26540284360189575
0.07943262411347518 0.26540284360189575
0.07932011331444759 0.26540284360189575
0.07920792079207921 0.26540284360189575
0.07909604519774012 0.26540284360189575
0.07898448519040903 0.26540284360189575
0.07887323943661972 0.26540284360189575
0.07876230661040788 0.26540284360189575
0.07865168539325842 0.26540284360189575
0.0785413744740533 0.26540284360189575
0.0784313725490196 0.26540284360189575
0.07832167832167833 0.26540284360189575
0.0782122905027933 0.26540284360189575
0.07810320781032078 0.26540284360189575
0.07799442896935933 0.26540284360189575
0.07788595271210014 0.26540284360189575
0.07777777777777778 0.26540284360189575
0.07766990291262135 0.26540284360189575
0.07756232686980609 0.26540284360189575
0.07745504840940526 0.26540284360189575
0.07734806629834254 0.26540284360189575
0.07724137931034483 0.26540284360189575
0.07713498622589532 0.26540284360189575
0.07702888583218707 0.26540284360189575
0.07692307692307693 0.26540284360189575
0.07818930041152264 0.27014218009478674
0.07808219178082192 0.27014218009478674
0.07797537619699042 0.27014218009478674
0.0778688524590164 0.27014218009478674
0.07776261937244201 0.27014218009478674
0.0776566757493188 0.27014218009478674
0.07755102040816327 0.27014218009478674
0.07744565217391304 0.27014218009478674
0.0773405698778833 0.27014218009478674
0.07723577235772358 0.27014218009478674
0.07713125845737483 0.27014218009478674
0.07702702702702703 0.27014218009478674
0.07692307692307693 0.27014218009478674
0.07681940700808626 0.27014218009478674
0.07671601615074024 0.27014218009478674
0.07661290322580645 0.27014218009478674
0.07651006711409396 0.27014218009478674
0.07640750670241286 0.27014218009478674
0.07630522088353414 0.27014218009478674
0.07620320855614973 0.27014218009478674
0.07610146862483311 0.27014218009478674
0.076 0.27014218009478674
0.0758988015978695 0.27014218009478674
0.07579787234042554 0.27014218009478674
0.07569721115537849 0.27014218009478674
0.07559681697612732 0.27014218009478674
0.07549668874172186 0.27014218009478674
0.07539682539682539 0.27014218009478674
0.07529722589167767 0.27014218009478674
0.07519788918205805 0.27014218009478674
0.07509881422924901 0.27014218009478674
0.075 0.27014218009478674
0.07490144546649145 0.27014218009478674
0.07480314960629922 0.27014218009478674
0.07470511140235911 0.27014218009478674
0.07460732984293193 0.27014218009478674
0.07450980392156863 0.27014218009478674
0.07441253263707572 0.27014218009478674
0.07431551499348109 0.27014218009478674
0.07421875 0.27014218009478674
0.0741222366710013 0.27014218009478674
0.07402597402597402 0.27014218009478674
0.07392996108949416 0.27014218009478674
0.07383419689119171 0.27014218009478674
0.07373868046571798 0.27014218009478674
0.07364341085271318 0.27014218009478674
0.07354838709677419 0.27014218009478674
0.07345360824742268 0.27014218009478674
0.07335907335907337 0.27014218009478674
0.07326478149100257 0.27014218009478674
0.07317073170731707 0.27014218009478674
0.07307692307692308 0.27014218009478674
0.07298335467349552 0.27014218009478674
0.07289002557544758 0.27014218009478674
0.07279693486590039 0.27014218009478674
0.07270408163265306 0.27014218009478674
0.07261146496815286 0.27014218009478674
0.07251908396946564 0.27014218009478674
0.0724269377382465 0.27014218009478674
0.07233502538071065 0.27014218009478674
0.07224334600760456 0.27014218009478674
0.07215189873417721 0.27014218009478674
0.07206068268015171 0.27014218009478674
0.07196969696969698 0.27014218009478674
0.07187894073139975 0.27014218009478674
0.07178841309823678 0.27014218009478674
0.07169811320754717 0.27014218009478674
0.07160804020100503 0.27014218009478674
0.07151819322459223 0.27014218009478674
0.07142857142857142 0.27014218009478674
0.07133917396745933 0.27014218009478674
0.07125 0.27014218009478674
0.07116104868913857 0.27014218009478674
0.07107231920199501 0.27014218009478674
0.07098381070983811 0.27014218009478674
0.0708955223880597 0.27014218009478674
0.07080745341614907 0.27014218009478674
0.0707196029776675 0.27014218009478674
0.07063197026022305 0.27014218009478674
0.07054455445544554 0.27014218009478674
0.07045735475896168 0.27014218009478674
0.07037037037037037 0.27014218009478674
0.07028360049321825 0.27014218009478674
0.07019704433497537 0.27014218009478674
0.07011070110701106 0.27014218009478674
0.07002457002457002 0.27014218009478674
0.06993865030674846 0.27014218009478674
0.06985294117647059 0.27014218009478674
0.06976744186046512 0.27014218009478674
0.06968215158924206 0.27014218009478674
0.0695970695970696 0.27014218009478674
0.06951219512195123 0.27014218009478674
0.06942752740560293 0.27014218009478674
0.06934306569343066 0.27014218009478674
0.0692588092345079 0.27014218009478674
0.0691747572815534 0.27014218009478674
0.06909090909090909 0.27014218009478674
0.06900726392251816 0.27014218009478674
0.06892382103990327 0.27014218009478674
0.06884057971014493 0.27014218009478674
0.06875753920386007 0.27014218009478674
0.06867469879518072 0.27014218009478674
0.06859205776173286 0.27014218009478674
0.06850961538461539 0.27014218009478674
0.06842737094837935 0.27014218009478674
0.0683453237410072 0.27014218009478674
0.06826347305389222 0.27014218009478674
0.06818181818181818 0.27014218009478674
0.06810035842293907 0.27014218009478674
0.06801909307875895 0.27014218009478674
0.06793802145411204 0.27014218009478674
0.06785714285714285 0.27014218009478674
0.06777645659928656 0.27014218009478674
0.06769596199524941 0.27014218009478674
0.06761565836298933 0.27014218009478674
0.06753554502369669 0.27014218009478674
0.06745562130177515 0.27014218009478674
0.0673758865248227 0.27014218009478674
0.06729634002361275 0.27014218009478674
0.06721698113207547 0.27014218009478674
0.06713780918727916 0.27014218009478674
0.06705882352941177 0.27014218009478674
0.06698002350176263 0.27014218009478674
0.06690140845070422 0.27014218009478674
0.0668229777256741 0.27014218009478674
0.06674473067915691 0.27014218009478674
0.06666666666666667 0.27014218009478674
0.06658878504672897 0.27014218009478674
0.06651108518086347 0.27014218009478674
0.06643356643356643 0.27014218009478674
0.06635622817229336 0.27014218009478674
0.06627906976744186 0.27014218009478674
0.06620209059233449 0.27014218009478674
0.06612529002320186 0.27014218009478674
0.0660486674391657 0.27014218009478674
0.06597222222222222 0.27014218009478674
0.06589595375722543 0.27014218009478674
0.06581986143187067 0.27014218009478674
0.0657439446366782 0.27014218009478674
0.06566820276497695 0.27014218009478674
0.06559263521288838 0.27014218009478674
0.06551724137931035 0.27014218009478674
0.06544202066590127 0.27014218009478674
0.06536697247706422 0.27014218009478674
0.06529209621993128 0.27014218009478674
0.06521739130434782 0.27014218009478674
0.06514285714285714 0.27014218009478674
0.06506849315068493 0.27014218009478674
0.06499429874572406 0.27014218009478674
0.06492027334851937 0.27014218009478674
0.06484641638225255 0.27014218009478674
0.06477272727272727 0.27014218009478674
0.06469920544835414 0.27014218009478674
0.06462585034013606 0.27014218009478674
0.06455266138165346 0.27014218009478674
0.06447963800904978 0.27014218009478674
0.06440677966101695 0.27014218009478674
0.06433408577878104 0.27014218009478674
0.06426155580608793 0.27014218009478674
0.06418918918918919 0.27014218009478674
0.06411698537682789 0.27014218009478674
0.06404494382022471 0.27014218009478674
0.06397306397306397 0.27014218009478674
0.06390134529147982 0.27014218009478674
0.06382978723404255 0.27014218009478674
0.06375838926174497 0.27014218009478674
0.06368715083798883 0.27014218009478674
0.06361607142857142 0.27014218009478674
0.06354515050167224 0.27014218009478674
0.06347438752783964 0.27014218009478674
0.06340378197997776 0.27014218009478674
0.06333333333333334 0.27014218009478674
0.06326304106548279 0.27014218009478674
0.06319290465631928 0.27014218009478674
0.06312292358803986 0.27014218009478674
0.06305309734513274 0.27014218009478674
0.06298342541436464 0.27014218009478674
0.06291390728476821 0.27014218009478674
0.06284454244762955 0.27014218009478674
0.06277533039647577 0.27014218009478674
0.0627062706270627 0.27014218009478674
0.06263736263736264 0.27014218009478674
0.06256860592755215 0.27014218009478674
0.0625 0.27014218009478674
0.0624315443592552 0.27014218009478674
0.06236323851203501 0.27014218009478674
0.06229508196721312 0.27014218009478674
0.06222707423580786 0.27014218009478674
0.062159214830970554 0.27014218009478674
0.06209150326797386 0.27014218009478674
0.062023939064200215 0.27014218009478674
0.06195652173913044 0.27014218009478674
0.06188925081433225 0.27014218009478674
0.06182212581344902 0.27014218009478674
0.06175514626218852 0.27014218009478674
0.06168831168831169 0.27014218009478674
0.061621621621621624 0.27014218009478674
0.061555075593952485 0.27014218009478674
0.061488673139158574 0.27014218009478674
0.061422413793103446 0.27014218009478674
0.061356297093649086 0.27014218009478674
0.06129032258064516 0.27014218009478674
0.061224489795918366 0.27014218009478674
0.0611587982832618 0.27014218009478674
0.06109324758842444 0.27014218009478674
0.061027837259100645 0.27014218009478674
0.06096256684491978 0.27014218009478674
0.060897435897435896 0.27014218009478674
0.060832443970117396 0.27014218009478674
0.060767590618336885 0.27014218009478674
0.06070287539936102 0.27014218009478674
0.06063829787234042 0.27014218009478674
0.06057385759829968 0.27014218009478674
0.06050955414012739 0.27014218009478674
0.060445387062566275 0.27014218009478674
0.06038135593220339 0.27014218009478674
0.06031746031746032 0.27014218009478674
0.06025369978858351 0.27014218009478674
0.06019007391763464 0.27014218009478674
0.060126582278481014 0.27014218009478674
0.06006322444678609 0.27014218009478674
0.06 0.27014218009478674
0.05993690851735016 0.27014218009478674
0.059873949579831935 0.27014218009478674
0.05981112277019937 0.27014218009478674
0.059748427672955975 0.27014218009478674
0.05968586387434555 0.27014218009478674
0.0596234309623431 0.27014218009478674
0.05956112852664577 0.27014218009478674
0.059498956158663886 0.27014218009478674
0.05943691345151199 0.27014218009478674
0.059375 0.27014218009478674
0.05931321540062435 0.27014218009478674
0.059251559251559255 0.27014218009478674
0.059190031152647975 0.27014218009478674
0.05912863070539419 0.27014218009478674
0.05906735751295337 0.27014218009478674
0.059006211180124224 0.27014218009478674
0.05894519131334023 0.27014218009478674
0.058884297520661155 0.27014218009478674
0.058823529411764705 0.27014218009478674
0.058762886597938144 0.27014218009478674
0.05870236869207003 0.27014218009478674
0.05864197530864197 0.27014218009478674
0.05858170606372045 0.27014218009478674
0.058521560574948665 0.27014218009478674
0.05846153846153846 0.27014218009478674
0.0584016393442623 0.27014218009478674
0.05834186284544524 0.27014218009478674
0.05828220858895705 0.27014218009478674
0.05822267620020429 0.27014218009478674
0.058163265306122446 0.27014218009478674
0.0581039755351682 0.27014218009478674
0.05804480651731161 0.27014218009478674
0.05798575788402848 0.27014218009478674
0.057926829268292686 0.27014218009478674
0.05786802030456853 0.27014218009478674
0.057809330628803245 0.27014218009478674
0.057750759878419454 0.27014218009478674
0.057692307692307696 0.27014218009478674
0.057633973710819006 0.27014218009478674
0.05757575757575758 0.27014218009478674
0.05751765893037336 0.27014218009478674
0.057459677419354836 0.27014218009478674
0.05740181268882175 0.27014218009478674
0.05734406438631791 0.27014218009478674
0.05728643216080402 0.27014218009478674
0.0572289156626506 0.27014218009478674
0.05717151454363089 0.27014218009478674
0.05711422845691383 0.27014218009478674
0.057057057057057055 0.27014218009478674
0.057 0.27014218009478674
0.056943056943056944 0.27014218009478674
0.05688622754491018 0.27014218009478674
0.05682951146560319 0.27014218009478674
0.05677290836653386 0.27014218009478674
0.056716417910447764 0.27014218009478674
0.05666003976143141 0.27014218009478674
0.05660377358490566 0.27014218009478674
0.05654761904761905 0.27014218009478674
0.05649157581764123 0.27014218009478674
0.05742574257425743 0.27488151658767773
0.058358061325420374 0.2796208530805687
0.05928853754940711 0.2843601895734597
0.059230009871668314 0.2843601895734597
0.0601577909270217 0.2890995260663507
0.060098522167487685 0.2890995260663507
0.060039370078740155 0.2890995260663507
0.0599803343166175 0.2890995260663507
0.05992141453831041 0.2890995260663507
0.05986261040235525 0.2890995260663507
0.059803921568627454 0.2890995260663507
0.059745347698334964 0.2890995260663507
0.05968688845401174 0.2890995260663507
0.059628543499511244 0.2890995260663507
0.0595703125 0.2890995260663507
0.05951219512195122 0.2890995260663507
0.0594541910331384 0.2890995260663507
0.05939629990262902 0.2890995260663507
0.05933852140077821 0.2890995260663507
0.05928085519922255 0.2890995260663507
0.06019417475728155 0.2938388625592417
0.06013579049466537 0.2938388625592417
0.060077519379844964 0.2938388625592417
0.060019361084220714 0.2938388625592417
0.059961315280464215 0.2938388625592417
0.06086956521739131 0.2985781990521327
0.060810810810810814 0.2985781990521327
0.06075216972034716 0.2985781990521327
0.06069364161849711 0.2985781990521327
0.061597690086621755 0.3033175355450237
0.0625 0.3080568720379147
0.06243996157540826 0.3080568720379147
0.06333973128598848 0.3127962085308057
0.06327900287631831 0.3127962085308057
0.06417624521072797 0.3175355450236967
0.06411483253588517 0.3175355450236967
0.06405353728489484 0.3175355450236967
0.06399235912129896 0.3175355450236967
0.06393129770992366 0.3175355450236967
0.06387035271687322 0.3175355450236967
0.06380952380952382 0.3175355450236967
0.06374881065651761 0.3175355450236967
0.06463878326996197 0.3222748815165877
0.06457739791073125 0.3222748815165877
0.06451612903225806 0.3222748815165877
0.06445497630331753 0.3222748815165877
0.06439393939393939 0.3222748815165877
0.06433301797540208 0.3222748815165877
0.06427221172022685 0.3222748815165877
0.06421152030217187 0.3222748815165877
0.06415094339622641 0.3222748815165877
0.0640904806786051 0.3222748815165877
0.064030131826742 0.3222748815165877
0.06396989651928504 0.3222748815165877
0.06390977443609022 0.3222748815165877
0.06384976525821597 0.3222748815165877
0.06378986866791744 0.3222748815165877
0.06373008434864105 0.3222748815165877
0.06367041198501873 0.3222748815165877
0.06361085126286249 0.3222748815165877
0.06355140186915888 0.3222748815165877
0.06349206349206349 0.3222748815165877
0.06343283582089553 0.3222748815165877
0.06337371854613234 0.3222748815165877
0.0633147113594041 0.3222748815165877
0.06325581395348837 0.3222748815165877
0.06319702602230483 0.3222748815165877
0.06313834726090993 0.3222748815165877
0.06307977736549165 0.3222748815165877
0.06302131603336422 0.3222748815165877
0.06296296296296296 0.3222748815165877
0.06290471785383904 0.3222748815165877
0.06284658040665435 0.3222748815165877
0.06278855032317636 0.3222748815165877
0.06273062730627306 0.3222748815165877
0.06267281105990784 0.3222748815165877
0.06261510128913444 0.3222748815165877
0.062557497700092 0.3222748815165877
0.0625 0.3222748815165877
0.06244260789715335 0.3222748815165877
0.062385321100917435 0.3222748815165877
0.06232813932172319 0.3222748815165877
0.06227106227106227 0.3222748815165877
0.06221408966148216 0.3222748815165877
0.062157221206581355 0.3222748815165877
0.062100456621004566 0.3222748815165877
0.06204379562043796 0.3222748815165877
0.06198723792160438 0.3222748815165877
0.061930783242258654 0.3222748815165877
0.06187443130118289 0.3222748815165877
0.06181818181818182 0.3222748815165877
0.061762034514078114 0.3222748815165877
0.06170598911070781 0.3222748815165877
0.061650045330915684 0.3222748815165877
0.06159420289855073 0.3222748815165877
0.06153846153846154 0.3222748815165877
0.06148282097649186 0.3222748815165877
0.06142728093947606 0.3222748815165877
0.061371841155234655 0.3222748815165877
0.061316501352569885 0.3222748815165877
0.06126126126126126 0.3222748815165877
0.0612061206120612 0.3222748815165877
0.06115107913669065 0.3222748815165877
0.061096136567834684 0.3222748815165877
0.06104129263913824 0.3222748815165877
0.06098654708520179 0.3222748815165877
0.06093189964157706 0.3222748815165877
0.06087735004476276 0.3222748815165877
0.06082289803220036 0.3222748815165877
0.06076854334226988 0.3222748815165877
0.060714285714285714 0.3222748815165877
0.060660124888492414 0.3222748815165877
0.06060606060606061 0.3222748815165877
0.060552092609082814 0.3222748815165877
0.060498220640569395 0.3222748815165877
0.060444444444444446 0.3222748815165877
0.06039076376554174 0.3222748815165877
0.061224489795918366 0.32701421800947866
0.061170212765957445 0.32701421800947866
0.06111603188662533 0.32701421800947866
0.061061946902654866 0.32701421800947866
0.0610079575596817 0.32701421800947866
0.060954063604240286 0.32701421800947866
0.06090026478375993 0.32701421800947866
0.06084656084656084 0.32701421800947866
0.06079295154185022 0.32701421800947866
0.06073943661971831 0.32701421800947866
0.06068601583113457 0.32701421800947866
0.06063268892794376 0.32701421800947866
0.061457418788410885 0.33175355450236965
0.06140350877192982 0.33175355450236965
0.06134969325153374 0.33175355450236965
0.06129597197898424 0.33175355450236965
0.06124234470691164 0.33175355450236965
0.06118881118881119 0.33175355450236965
0.0611353711790393 0.33175355450236965
0.06108202443280977 0.33175355450236965
0.06102877070619006 0.33175355450236965
0.06097560975609756 0.33175355450236965
0.060922541340295906 0.33175355450236965
0.06086956521739131 0.33175355450236965
0.060816681146828845 0.33175355450236965
0.06076388888888889 0.33175355450236965
0.060711188204683436 0.33175355450236965
0.060658578856152515 0.33175355450236965
0.06060606060606061 0.33175355450236965
0.06055363321799308 0.33175355450236965
0.06050129645635264 0.33175355450236965
0.06044905008635579 0.33175355450236965
0.060396893874029335 0.33175355450236965
0.0603448275862069 0.33175355450236965
0.06029285099052541 0.33175355450236965
0.060240963855421686 0.33175355450236965
0.06018916595012898 0.33175355450236965
0.06013745704467354 0.33175355450236965
0.060085836909871244 0.33175355450236965
0.060034305317324184 0.33175355450236965
0.05998286203941731 0.33175355450236965
0.059931506849315065 0.33175355450236965
0.059880239520958084 0.33175355450236965
0.05982905982905983 0.33175355450236965
0.059777967549103334 0.33175355450236965
0.059726962457337884 0.33175355450236965
0.059676044330775786 0.33175355450236965
0.059625212947189095 0.33175355450236965
0.059574468085106386 0.33175355450236965
0.05952380952380952 0.33175355450236965
0.059473237043330504 0.33175355450236965
0.059422750424448216 0.33175355450236965
0.05937234944868533 0.33175355450236965
0.059322033898305086 0.33175355450236965
0.05927180355630821 0.33175355450236965
0.05922165820642978 0.33175355450236965
0.05917159763313609 0.33175355450236965
0.05912162162162162 0.33175355450236965
0.05907172995780591 0.33175355450236965
0.05902192242833052 0.33175355450236965
0.05897219882055602 0.33175355450236965
0.058922558922558925 0.33175355450236965
0.05887300252312868 0.33175355450236965
0.058823529411764705 0.33175355450236965
0.05877413937867338 0.33175355450236965
0.0587248322147651 0.33175355450236965
0.0586756077116513 0.33175355450236965
0.05862646566164154 0.33175355450236965
0.058577405857740586 0.33175355450236965
0.05852842809364549 0.33175355450236965
0.05847953216374269 0.33175355450236965
0.05843071786310518 0.33175355450236965
0.058381984987489574 0.33175355450236965
0.058333333333333334 0.33175355450236965
0.058284762697751874 0.33175355450236965
0.05823627287853577 0.33175355450236965
0.058187863674147966 0.33175355450236965
0.05813953488372093 0.33175355450236965
0.058091286307053944 0.33175355450236965
0.05804311774461028 0.33175355450236965
0.0579950289975145 0.33175355450236965
0.057947019867549666 0.33175355450236965
0.05789909015715467 0.33175355450236965
0.05785123966942149 0.33175355450236965
0.057803468208092484 0.33175355450236965
0.057755775577557754 0.33175355450236965
0.057708161582852434 0.33175355450236965
0.057660626029654036 0.33175355450236965
0.05761316872427984 0.33175355450236965
0.05756578947368421 0.33175355450236965
0.05751848808545604 0.33175355450236965
0.05747126436781609 0.33175355450236965
0.05742411812961444 0.33175355450236965
0.05737704918032787 0.33175355450236965
0.05733005733005733 0.33175355450236965
0.057283142389525366 0.33175355450236965
0.05723630417007359 0.33175355450236965
0.05718954248366013 0.33175355450236965
0.05714285714285714 0.33175355450236965
0.057096247960848286 0.33175355450236965
0.05704971475142624 0.33175355450236965
0.057003257328990226 0.33175355450236965
0.05695687550854353 0.33175355450236965
0.056910569105691054 0.33175355450236965
0.05686433793663688 0.33175355450236965
0.056818181818181816 0.33175355450236965
0.05677210056772101 0.33175355450236965
0.05672609400324149 0.33175355450236965
0.05668016194331984 0.33175355450236965
0.05663430420711974 0.33175355450236965
0.056588520614389654 0.33175355450236965
0.05654281098546042 0.33175355450236965
0.05649717514124294 0.33175355450236965
0.056451612903225805 0.33175355450236965
0.05640612409347301 0.33175355450236965
0.05636070853462158 0.33175355450236965
0.05631536604987932 0.33175355450236965
0.05627009646302251 0.33175355450236965
0.05622489959839357 0.33175355450236965
0.056179775280898875 0.33175355450236965
0.056134723336006415 0.33175355450236965
0.05608974358974359 0.33175355450236965
0.05604483586869496 0.33175355450236965
0.056 0.33175355450236965
0.055955235811350916 0.33175355450236965
0.05591054313099041 0.33175355450236965
0.055865921787709494 0.33175355450236965
0.05582137161084529 0.33175355450236965
0.055776892430278883 0.33175355450236965
0.05573248407643312 0.33175355450236965
0.05568814638027048 0.33175355450236965
0.05564387917329094 0.33175355450236965
0.05559968228752978 0.33175355450236965
0.05555555555555555 0.33175355450236965
0.05551149881046788 0.33175355450236965
0.0554675118858954 0.33175355450236965
0.055423594615993665 0.33175355450236965
0.055379746835443035 0.33175355450236965
0.05533596837944664 0.33175355450236965
0.05529225908372828 0.33175355450236965
0.055248618784530384 0.33175355450236965
0.055205047318611984 0.33175355450236965
0.055161544523246654 0.33175355450236965
0.05511811023622047 0.33175355450236965
0.05507474429583006 0.33175355450236965
0.055031446540880505 0.33175355450236965
0.05498821681068342 0.33175355450236965
0.054945054945054944 0.33175355450236965
0.054901960784313725 0.33175355450236965
0.054858934169279 0.33175355450236965
0.0548159749412686 0.33175355450236965
0.054773082942097026 0.33175355450236965
0.054730258014073496 0.33175355450236965
0.0546875 0.33175355450236965
0.0546448087431694 0.33175355450236965
0.054602184087363496 0.33175355450236965
0.05533904910366329 0.33649289099526064
0.05529595015576324 0.33649289099526064
0.05603112840466926 0.3412322274881517
0.05598755832037325 0.3412322274881517
0.055944055944055944 0.3412322274881517
0.055900621118012424 0.3412322274881517
0.055857253685027156 0.3412322274881517
0.05581395348837209 0.3412322274881517
0.056545313710302095 0.3459715639810427
0.0565015479876161 0.3459715639810427
0.05645784996133024 0.3459715639810427
0.05641421947449768 0.3459715639810427
0.05637065637065637 0.3459715639810427
0.05632716049382716 0.3459715639810427
0.05628373168851195 0.3459715639810427
0.05624036979969183 0.3459715639810427
0.056197074672825253 0.3459715639810427
0.05615384615384615 0.3459715639810427
0.056110684089162186 0.3459715639810427
0.05606758832565284 0.3459715639810427
0.056024558710667687 0.3459715639810427
0.05598159509202454 0.3459715639810427
0.055938697318007664 0.3459715639810427
0.055895865237366005 0.3459715639810427
0.0558530986993114 0.3459715639810427
0.05581039755351682 0.3459715639810427
0.05576776165011459 0.3459715639810427
0.055725190839694655 0.3459715639810427
0.05568268497330282 0.3459715639810427
0.055640243902439025 0.3459715639810427
0.055597867479055596 0.3459715639810427
0.05555555555555555 0.3459715639810427
0.05551330798479087 0.3459715639810427
0.05547112462006079 0.3459715639810427
0.0554290053151101 0.3459715639810427
0.05538694992412747 0.3459715639810427
0.05534495830174375 0.3459715639810427
0.055303030303030305 0.3459715639810427
0.05526116578349735 0.3459715639810427
0.05521936459909228 0.3459715639810427
0.05517762660619804 0.3459715639810427
0.05513595166163142 0.3459715639810427
0.05509433962264151 0.3459715639810427
0.05505279034690799 0.3459715639810427
0.055011303692539565 0.3459715639810427
0.054969879518072286 0.3459715639810427
0.05492851768246802 0.3459715639810427
0.05488721804511278 0.3459715639810427
0.054845980465815174 0.3459715639810427
0.054804804804804805 0.3459715639810427
0.05476369092273068 0.3459715639810427
0.05472263868065967 0.3459715639810427
0.05468164794007491 0.3459715639810427
0.05464071856287425 0.3459715639810427
0.054599850411368736 0.3459715639810427
0.05455904334828102 0.3459715639810427
0.05451829723674384 0.3459715639810427
0.05447761194029851 0.3459715639810427
0.054436987322893364 0.3459715639810427
0.05439642324888227 0.3459715639810427
0.054355919583023084 0.3459715639810427
0.05431547619047619 0.3459715639810427
0.05427509293680297 0.3459715639810427
0.05423476968796434 0.3459715639810427
0.054194506310319225 0.3459715639810427
0.05415430267062315 0.3459715639810427
0.054114158636026685 0.3459715639810427
0.05407407407407407 0.3459715639810427
0.0540340488527017 0.3459715639810427
0.053994082840236685 0.3459715639810427
0.05395417590539542 0.3459715639810427
0.05391432791728213 0.3459715639810427
