0.0 0.0
0.0 0.0
0.3333333333333333 0.0007604562737642585
0.25 0.0007604562737642585
0.2 0.0007604562737642585
0.16666666666666666 0.0007604562737642585
0.2857142857142857 0.001520912547528517
0.25 0.001520912547528517
0.2222222222222222 0.001520912547528517
0.3 0.0022813688212927757
0.2727272727272727 0.0022813688212927757
0.25 0.0022813688212927757
0.23076923076923078 0.0022813688212927757
0.21428571428571427 0.0022813688212927757
0.2 0.0022813688212927757
0.1875 0.0022813688212927757
0.17647058823529413 0.0022813688212927757
0.16666666666666666 0.0022813688212927757
0.15789473684210525 0.0022813688212927757
0.2 0.003041825095057034
0.19047619047619047 0.003041825095057034
0.18181818181818182 0.003041825095057034
0.17391304347826086 0.003041825095057034
0.16666666666666666 0.003041825095057034
0.2 0.0038022813688212928
0.23076923076923078 0.0045627376425855515
0.2222222222222222 0.0045627376425855515
0.21428571428571427 0.0045627376425855515
0.20689655172413793 0.0045627376425855515
0.23333333333333334 0.00532319391634981
0.22580645161290322 0.00532319391634981
0.21875 0.00532319391634981
0.21212121212121213 0.00532319391634981
0.20588235294117646 0.00532319391634981
0.2 0.00532319391634981
0.19444444444444445 0.00532319391634981
0.21621621621621623 0.006083650190114068
0.23684210526315788 0.006844106463878327
0.2564102564102564 0.0076045627376425855
0.275 0.008365019011406844
0.2926829268292683 0.009125475285171103
0.30952380952380953 0.00988593155893536
0.32558139534883723 0.01064638783269962
0.3409090909090909 0.011406844106463879
0.35555555555555557 0.012167300380228136
0.3695652173913043 0.012927756653992395
0.3829787234042553 0.013688212927756654
0.3958333333333333 0.014448669201520912
0.40816326530612246 0.015209125475285171
0.42 0.01596958174904943
0.43137254901960786 0.016730038022813688
0.4423076923076923 0.01749049429657795
0.4528301886792453 0.018250950570342206
0.4444444444444444 0.018250950570342206
0.43636363636363634 0.018250950570342206
0.42857142857142855 0.018250950570342206
0.42105263157894735 0.018250950570342206
0.41379310344827586 0.018250950570342206
0.4067796610169492 0.018250950570342206
0.4166666666666667 0.019011406844106463
0.4098360655737705 0.019011406844106463
0.4032258064516129 0.019011406844106463
0.3968253968253968 0.019011406844106463
0.390625 0.019011406844106463
0.38461538461538464 0.019011406844106463
0.3939393939393939 0.01977186311787072
0.40298507462686567 0.02053231939163498
0.39705882352941174 0.02053231939163498
0.391304347826087 0.02053231939163498
0.38571428571428573 0.02053231939163498
0.38028169014084506 0.02053231939163498
0.375 0.02053231939163498
0.3698630136986301 0.02053231939163498
0.36486486486486486 0.02053231939163498
0.36 0.02053231939163498
0.3684210526315789 0.02129277566539924
0.36363636363636365 0.02129277566539924
0.358974358974359 0.02129277566539924
0.35443037974683544 0.02129277566539924
0.3625 0.022053231939163497
0.35802469135802467 0.022053231939163497
0.35365853658536583 0.022053231939163497
0.3493975903614458 0.022053231939163497
0.34523809523809523 0.022053231939163497
0.35294117647058826 0.022813688212927757
0.3488372093023256 0.022813688212927757
0.3448275862068966 0.022813688212927757
0.3409090909090909 0.022813688212927757
0.33707865168539325 0.022813688212927757
0.3333333333333333 0.022813688212927757
0.32967032967032966 0.022813688212927757
0.32608695652173914 0.022813688212927757
0.3225806451612903 0.022813688212927757
0.3191489361702128 0.022813688212927757
0.3157894736842105 0.022813688212927757
0.3229166666666667 0.023574144486692015
0.31958762886597936 0.023574144486692015
0.3163265306122449 0.023574144486692015
0.31313131313131315 0.023574144486692015
0.31 0.023574144486692015
0.3069306930693069 0.023574144486692015
0.30392156862745096 0.023574144486692015
0.30097087378640774 0.023574144486692015
0.2980769230769231 0.023574144486692015
0.29523809523809524 0.023574144486692015
0.29245283018867924 0.023574144486692015
0.2897196261682243 0.023574144486692015
0.28703703703703703 0.023574144486692015
0.28440366972477066 0.023574144486692015
0.2818181818181818 0.023574144486692015
0.27927927927927926 0.023574144486692015
0.2767857142857143 0.023574144486692015
0.2743362831858407 0.023574144486692015
0.2719298245614035 0.023574144486692015
0.26956521739130435 0.023574144486692015
0.2672413793103448 0.023574144486692015
0.27350427350427353 0.024334600760456272
0.2711864406779661 0.024334600760456272
0.2689075630252101 0.024334600760456272
0.26666666666666666 0.024334600760456272
0.2644628099173554 0.024334600760456272
0.26229508196721313 0.024334600760456272
0.2601626016260163 0.024334600760456272
0.25806451612903225 0.024334600760456272
0.256 0.024334600760456272
0.25396825396825395 0.024334600760456272
0.25196850393700787 0.024334600760456272
0.25 0.024334600760456272
0.24806201550387597 0.024334600760456272
0.25384615384615383 0.025095057034220533
0.25190839694656486 0.025095057034220533
0.25 0.025095057034220533
0.24812030075187969 0.025095057034220533
0.2462686567164179 0.025095057034220533
0.24444444444444444 0.025095057034220533
0.2426470588235294 0.025095057034220533
0.24087591240875914 0.025095057034220533
0.2391304347826087 0.025095057034220533
0.23741007194244604 0.025095057034220533
0.2357142857142857 0.025095057034220533
0.23404255319148937 0.025095057034220533
0.2323943661971831 0.025095057034220533
0.23076923076923078 0.025095057034220533
0.22916666666666666 0.025095057034220533
0.22758620689655173 0.025095057034220533
0.22602739726027396 0.025095057034220533
0.22448979591836735 0.025095057034220533
0.22972972972972974 0.02585551330798479
0.22818791946308725 0.02585551330798479
0.22666666666666666 0.02585551330798479
0.2251655629139073 0.02585551330798479
0.2236842105263158 0.02585551330798479
0.2222222222222222 0.02585551330798479
0.22077922077922077 0.02585551330798479
0.21935483870967742 0.02585551330798479
0.21794871794871795 0.02585551330798479
0.21656050955414013 0.02585551330798479
0.21518987341772153 0.02585551330798479
0.2138364779874214 0.02585551330798479
0.2125 0.02585551330798479
0.2111801242236025 0.02585551330798479
0.20987654320987653 0.02585551330798479
0.2085889570552147 0.02585551330798479
0.2073170731707317 0.02585551330798479
0.20606060606060606 0.02585551330798479
0.20481927710843373 0.02585551330798479
0.20359281437125748 0.02585551330798479
0.20238095238095238 0.02585551330798479
0.20118343195266272 0.02585551330798479
0.2 0.02585551330798479
0.19883040935672514 0.02585551330798479
0.19767441860465115 0.02585551330798479
0.19653179190751446 0.02585551330798479
0.19540229885057472 0.02585551330798479
0.19428571428571428 0.02585551330798479
0.19318181818181818 0.02585551330798479
0.192090395480226 0.02585551330798479
0.19101123595505617 0.02585551330798479
0.18994413407821228 0.02585551330798479
0.18888888888888888 0.02585551330798479
0.1878453038674033 0.02585551330798479
0.18681318681318682 0.02585551330798479
0.18579234972677597 0.02585551330798479
0.18478260869565216 0.02585551330798479
0.1837837837837838 0.02585551330798479
0.1827956989247312 0.02585551330798479
0.18181818181818182 0.02585551330798479
0.18085106382978725 0.02585551330798479
0.17989417989417988 0.02585551330798479
0.17894736842105263 0.02585551330798479
0.18324607329842932 0.026615969581749048
0.18229166666666666 0.026615969581749048
0.18134715025906736 0.026615969581749048
0.18041237113402062 0.026615969581749048
0.1794871794871795 0.026615969581749048
0.17857142857142858 0.026615969581749048
0.17766497461928935 0.026615969581749048
0.17676767676767677 0.026615969581749048
0.17587939698492464 0.026615969581749048
0.175 0.026615969581749048
0.17412935323383086 0.026615969581749048
0.17326732673267325 0.026615969581749048
0.1724137931034483 0.026615969581749048
0.1715686274509804 0.026615969581749048
0.17073170731707318 0.026615969581749048
0.16990291262135923 0.026615969581749048
0.16908212560386474 0.026615969581749048
0.16826923076923078 0.026615969581749048
0.1674641148325359 0.026615969581749048
0.16666666666666666 0.026615969581749048
0.16587677725118483 0.026615969581749048
0.1650943396226415 0.026615969581749048
0.1643192488262911 0.026615969581749048
0.16355140186915887 0.026615969581749048
0.16744186046511628 0.02737642585551331
0.16666666666666666 0.02737642585551331
0.16589861751152074 0.02737642585551331
0.1651376146788991 0.02737642585551331
0.1643835616438356 0.02737642585551331
0.16363636363636364 0.02737642585551331
0.16289592760180996 0.02737642585551331
0.16216216216216217 0.02737642585551331
0.16143497757847533 0.02737642585551331
0.16071428571428573 0.02737642585551331
0.16 0.02737642585551331
0.1592920353982301 0.02737642585551331
0.15859030837004406 0.02737642585551331
0.15789473684210525 0.02737642585551331
0.1572052401746725 0.02737642585551331
0.1608695652173913 0.028136882129277566
0.16017316017316016 0.028136882129277566
0.15948275862068967 0.028136882129277566
0.15879828326180256 0.028136882129277566
0.1581196581196581 0.028136882129277566
0.1574468085106383 0.028136882129277566
0.15677966101694915 0.028136882129277566
0.15611814345991562 0.028136882129277566
0.15546218487394958 0.028136882129277566
0.15481171548117154 0.028136882129277566
0.15416666666666667 0.028136882129277566
0.15352697095435686 0.028136882129277566
0.15289256198347106 0.028136882129277566
0.1522633744855967 0.028136882129277566
0.15163934426229508 0.028136882129277566
0.1510204081632653 0.028136882129277566
0.15040650406504066 0.028136882129277566
0.14979757085020243 0.028136882129277566
0.14919354838709678 0.028136882129277566
0.14859437751004015 0.028136882129277566
0.148 0.028136882129277566
0.14741035856573706 0.028136882129277566
0.14682539682539683 0.028136882129277566
0.14624505928853754 0.028136882129277566
0.14566929133858267 0.028136882129277566
0.1450980392156863 0.028136882129277566
0.14453125 0.028136882129277566
0.14396887159533073 0.028136882129277566
0.1434108527131783 0.028136882129277566
0.14285714285714285 0.028136882129277566
0.1423076923076923 0.028136882129277566
0.1417624521072797 0.028136882129277566
0.14122137404580154 0.028136882129277566
0.14068441064638784 0.028136882129277566
0.14015151515151514 0.028136882129277566
0.13962264150943396 0.028136882129277566
0.13909774436090225 0.028136882129277566
0.13857677902621723 0.028136882129277566
0.13805970149253732 0.028136882129277566
0.1412639405204461 0.028897338403041824
0.14074074074074075 0.028897338403041824
0.14022140221402213 0.028897338403041824
0.13970588235294118 0.028897338403041824
0.1391941391941392 0.028897338403041824
0.1386861313868613 0.028897338403041824
0.13818181818181818 0.028897338403041824
0.13768115942028986 0.028897338403041824
0.1371841155234657 0.028897338403041824
0.1366906474820144 0.028897338403041824
0.13620071684587814 0.028897338403041824
0.1357142857142857 0.028897338403041824
0.13523131672597866 0.028897338403041824
0.1347517730496454 0.028897338403041824
0.13427561837455831 0.028897338403041824
0.13380281690140844 0.028897338403041824
0.13333333333333333 0.028897338403041824
0.13286713286713286 0.028897338403041824
0.13240418118466898 0.028897338403041824
0.13194444444444445 0.028897338403041824
0.1314878892733564 0.028897338403041824
0.1310344827586207 0.028897338403041824
0.13058419243986255 0.028897338403041824
0.13013698630136986 0.028897338403041824
0.1296928327645051 0.028897338403041824
0.1292517006802721 0.028897338403041824
0.1288135593220339 0.028897338403041824
0.12837837837837837 0.028897338403041824
0.12794612794612795 0.028897338403041824
0.12751677852348994 0.028897338403041824
0.12709030100334448 0.028897338403041824
0.12666666666666668 0.028897338403041824
0.12624584717607973 0.028897338403041824
0.12582781456953643 0.028897338403041824
0.1254125412541254 0.028897338403041824
0.125 0.028897338403041824
0.12786885245901639 0.029657794676806085
0.12745098039215685 0.029657794676806085
0.1270358306188925 0.029657794676806085
0.1266233766233766 0.029657794676806085
0.1262135922330097 0.029657794676806085
0.12580645161290321 0.029657794676806085
0.12540192926045016 0.029657794676806085
0.125 0.029657794676806085
0.12460063897763578 0.029657794676806085
0.12420382165605096 0.029657794676806085
0.12380952380952381 0.029657794676806085
0.12341772151898735 0.029657794676806085
0.12302839116719243 0.029657794676806085
0.12264150943396226 0.029657794676806085
0.12225705329153605 0.029657794676806085
0.121875 0.029657794676806085
0.12149532710280374 0.029657794676806085
0.12111801242236025 0.029657794676806085
0.12074303405572756 0.029657794676806085
0.12037037037037036 0.029657794676806085
0.12 0.029657794676806085
0.1196319018404908 0.029657794676806085
0.11926605504587157 0.029657794676806085
0.11890243902439024 0.029657794676806085
0.11854103343465046 0.029657794676806085
0.11818181818181818 0.029657794676806085
0.11782477341389729 0.029657794676806085
0.11746987951807229 0.029657794676806085
0.11711711711711711 0.029657794676806085
0.11676646706586827 0.029657794676806085
0.11641791044776119 0.029657794676806085
0.11607142857142858 0.029657794676806085
0.11572700296735905 0.029657794676806085
0.11538461538461539 0.029657794676806085
