1.0 0.0045871559633027525
1.0 0.009174311926605505
1.0 0.013761467889908258
1.0 0.01834862385321101
1.0 0.022935779816513763
0.8333333333333334 0.022935779816513763
0.8571428571428571 0.027522935779816515
0.75 0.027522935779816515
0.6666666666666666 0.027522935779816515
0.6 0.027522935779816515
0.6363636363636364 0.03211009174311927
0.5833333333333334 0.03211009174311927
0.6153846153846154 0.03669724770642202
0.6428571428571429 0.04128440366972477
0.6 0.04128440366972477
0.625 0.045871559633027525
0.5882352941176471 0.045871559633027525
0.6111111111111112 0.05045871559633028
0.5789473684210527 0.05045871559633028
0.55 0.05045871559633028
0.5714285714285714 0.05504587155963303
0.5454545454545454 0.05504587155963303
0.5217391304347826 0.05504587155963303
0.5 0.05504587155963303
0.52 0.05963302752293578
0.5384615384615384 0.06422018348623854
0.5555555555555556 0.06880733944954129
0.5714285714285714 0.07339449541284404
0.5862068965517241 0.0779816513761468
0.5666666666666667 0.0779816513761468
0.5483870967741935 0.0779816513761468
0.53125 0.0779816513761468
0.5151515151515151 0.0779816513761468
0.5 0.0779816513761468
0.4857142857142857 0.0779816513761468
0.5 0.08256880733944955
0.4864864864864865 0.08256880733944955
0.47368421052631576 0.08256880733944955
0.46153846153846156 0.08256880733944955
0.45 0.08256880733944955
0.43902439024390244 0.08256880733944955
0.42857142857142855 0.08256880733944955
0.4418604651162791 0.0871559633027523
0.45454545454545453 0.09174311926605505
0.4666666666666667 0.0963302752293578
0.4782608695652174 0.10091743119266056
0.48936170212765956 0.10550458715596331
0.5 0.11009174311926606
0.4897959183673469 0.11009174311926606
0.5 0.11467889908256881
0.5098039215686274 0.11926605504587157
0.5192307692307693 0.12385321100917432
0.5283018867924528 0.12844036697247707
0.5370370370370371 0.13302752293577982
0.5454545454545454 0.13761467889908258
0.5357142857142857 0.13761467889908258
0.5263157894736842 0.13761467889908258
0.5172413793103449 0.13761467889908258
0.5084745762711864 0.13761467889908258
0.5 0.13761467889908258
0.5081967213114754 0.14220183486238533
0.5161290322580645 0.14678899082568808
0.5079365079365079 0.14678899082568808
0.515625 0.15137614678899083
0.5076923076923077 0.15137614678899083
0.5 0.15137614678899083
0.4925373134328358 0.15137614678899083
0.4852941176470588 0.15137614678899083
0.4927536231884058 0.1559633027522936
0.5 0.16055045871559634
0.5070422535211268 0.1651376146788991
0.5138888888888888 0.16972477064220184
0.5205479452054794 0.1743119266055046
0.527027027027027 0.17889908256880735
0.5333333333333333 0.1834862385321101
0.5394736842105263 0.18807339449541285
0.5324675324675324 0.18807339449541285
0.5256410256410257 0.18807339449541285
0.5189873417721519 0.18807339449541285
0.5125 0.18807339449541285
0.5061728395061729 0.18807339449541285
0.5 0.18807339449541285
0.4939759036144578 0.18807339449541285
0.4880952380952381 0.18807339449541285
0.4823529411764706 0.18807339449541285
0.47674418604651164 0.18807339449541285
0.47126436781609193 0.18807339449541285
0.4659090909090909 0.18807339449541285
0.4606741573033708 0.18807339449541285
