1.0 0.004739336492890996
1.0 0.009478672985781991
1.0 0.014218009478672985
1.0 0.018957345971563982
0.8 0.018957345971563982
0.6666666666666666 0.018957345971563982
0.5714285714285714 0.018957345971563982
0.5 0.018957345971563982
0.5555555555555556 0.023696682464454975
0.6 0.02843601895734597
0.6363636363636364 0.03317535545023697
0.6666666666666666 0.037914691943127965
0.6923076923076923 0.04265402843601896
0.7142857142857143 0.04739336492890995
0.6666666666666666 0.04739336492890995
0.625 0.04739336492890995
0.5882352941176471 0.04739336492890995
0.5555555555555556 0.04739336492890995
0.5263157894736842 0.04739336492890995
0.5 0.04739336492890995
0.47619047619047616 0.04739336492890995
0.45454545454545453 0.04739336492890995
0.43478260869565216 0.04739336492890995
0.4583333333333333 0.052132701421800945
0.48 0.05687203791469194
0.46153846153846156 0.05687203791469194
0.4444444444444444 0.05687203791469194
0.42857142857142855 0.05687203791469194
0.4482758620689655 0.061611374407582936
0.43333333333333335 0.061611374407582936
0.45161290322580644 0.06635071090047394
0.4375 0.06635071090047394
0.42424242424242425 0.06635071090047394
0.4411764705882353 0.07109004739336493
0.45714285714285713 0.07582938388625593
0.4444444444444444 0.07582938388625593
0.4594594594594595 0.08056872037914692
0.4473684210526316 0.08056872037914692
0.46153846153846156 0.08530805687203792
0.45 0.08530805687203792
0.43902439024390244 0.08530805687203792
0.42857142857142855 0.08530805687203792
0.4186046511627907 0.08530805687203792
0.4318181818181818 0.09004739336492891
0.4444444444444444 0.0947867298578199
0.45652173913043476 0.0995260663507109
0.44680851063829785 0.0995260663507109
0.4583333333333333 0.10426540284360189
0.4489795918367347 0.10426540284360189
0.44 0.10426540284360189
0.43137254901960786 0.10426540284360189
0.4230769230769231 0.10426540284360189
0.41509433962264153 0.10426540284360189
0.4074074074074074 0.10426540284360189
0.4 0.10426540284360189
0.39285714285714285 0.10426540284360189
0.38596491228070173 0.10426540284360189
0.3793103448275862 0.10426540284360189
0.3728813559322034 0.10426540284360189
0.38333333333333336 0.10900473933649289
0.3770491803278688 0.10900473933649289
0.3709677419354839 0.10900473933649289
0.38095238095238093 0.11374407582938388
0.390625 0.11848341232227488
0.4 0.12322274881516587
0.4090909090909091 0.12796208530805686
0.417910447761194 0.13270142180094788
0.4117647058823529 0.13270142180094788
0.4057971014492754 0.13270142180094788
0.4142857142857143 0.13744075829383887
0.4225352112676056 0.14218009478672985
0.4166666666666667 0.14218009478672985
0.410958904109589 0.14218009478672985
0.4189189189189189 0.14691943127962084
0.41333333333333333 0.14691943127962084
0.40789473684210525 0.14691943127962084
0.4025974025974026 0.14691943127962084
0.3974358974358974 0.14691943127962084
0.3924050632911392 0.14691943127962084
0.3875 0.14691943127962084
0.38271604938271603 0.14691943127962084
0.3780487804878049 0.14691943127962084
0.37349397590361444 0.14691943127962084
0.36904761904761907 0.14691943127962084
0.36470588235294116 0.14691943127962084
0.36046511627906974 0.14691943127962084
0.3563218390804598 0.14691943127962084
0.3522727272727273 0.14691943127962084
0.3595505617977528 0.15165876777251186
0.35555555555555557 0.15165876777251186
0.3516483516483517 0.15165876777251186
0.34782608695652173 0.15165876777251186
0.34408602150537637 0.15165876777251186
0.3404255319148936 0.15165876777251186
0.3368421052631579 0.15165876777251186
0.3333333333333333 0.15165876777251186
0.32989690721649484 0.15165876777251186
0.32653061224489793 0.15165876777251186
0.3333333333333333 0.15639810426540285
0.33 0.15639810426540285
0.32673267326732675 0.15639810426540285
0.3333333333333333 0.16113744075829384
0.3300970873786408 0.16113744075829384
0.3269230769230769 0.16113744075829384
0.3333333333333333 0.16587677725118483
0.33962264150943394 0.17061611374407584
0.3364485981308411 0.17061611374407584
0.3333333333333333 0.17061611374407584
0.3302752293577982 0.17061611374407584
0.32727272727272727 0.17061611374407584
0.3333333333333333 0.17535545023696683
0.3392857142857143 0.18009478672985782
0.34513274336283184 0.1848341232227488
0.34210526315789475 0.1848341232227488
0.34782608695652173 0.1895734597156398
0.3448275862068966 0.1895734597156398
0.3418803418803419 0.1895734597156398
0.3389830508474576 0.1895734597156398
0.33613445378151263 0.1895734597156398
0.3333333333333333 0.1895734597156398
0.3305785123966942 0.1895734597156398
0.32786885245901637 0.1895734597156398
0.3252032520325203 0.1895734597156398
0.3225806451612903 0.1895734597156398
0.32 0.1895734597156398
0.31746031746031744 0.1895734597156398
0.31496062992125984 0.1895734597156398
0.3203125 0.1943127962085308
0.3178294573643411 0.1943127962085308
0.3153846153846154 0.1943127962085308
0.31297709923664124 0.1943127962085308
0.3181818181818182 0.1990521327014218
0.3157894736842105 0.1990521327014218
0.31343283582089554 0.1990521327014218
0.3111111111111111 0.1990521327014218
0.3088235294117647 0.1990521327014218
0.31386861313868614 0.2037914691943128
0.3115942028985507 0.2037914691943128
0.31654676258992803 0.20853080568720378
0.3142857142857143 0.20853080568720378
0.3191489361702128 0.2132701421800948
0.31690140845070425 0.2132701421800948
0.3146853146853147 0.2132701421800948
0.3194444444444444 0.21800947867298578
0.31724137931034485 0.21800947867298578
0.3150684931506849 0.21800947867298578
0.3129251700680272 0.21800947867298578
0.3108108108108108 0.21800947867298578
0.31543624161073824 0.22274881516587677
0.31333333333333335 0.22274881516587677
0.31125827814569534 0.22274881516587677
0.3092105263157895 0.22274881516587677
0.30718954248366015 0.22274881516587677
0.3051948051948052 0.22274881516587677
0.3032258064516129 0.22274881516587677
0.30128205128205127 0.22274881516587677
0.3057324840764331 0.22748815165876776
0.3037974683544304 0.22748815165876776
0.3018867924528302 0.22748815165876776
0.3 0.22748815165876776
0.2981366459627329 0.22748815165876776
0.2962962962962963 0.22748815165876776
0.294478527607362 0.22748815165876776
0.2926829268292683 0.22748815165876776
0.296969696969697 0.23222748815165878
0.29518072289156627 0.23222748815165878
0.2934131736526946 0.23222748815165878
0.2916666666666667 0.23222748815165878
0.28994082840236685 0.23222748815165878
0.28823529411764703 0.23222748815165878
0.29239766081871343 0.23696682464454977
0.29651162790697677 0.24170616113744076
0.2947976878612717 0.24170616113744076
0.29310344827586204 0.24170616113744076
0.2914285714285714 0.24170616113744076
0.2897727272727273 0.24170616113744076
0.288135593220339 0.24170616113744076
0.28651685393258425 0.24170616113744076
0.2849162011173184 0.24170616113744076
0.2833333333333333 0.24170616113744076
0.287292817679558 0.24644549763033174
0.29120879120879123 0.25118483412322273
0.29508196721311475 0.2559241706161137
0.29347826086956524 0.2559241706161137
0.2972972972972973 0.26066350710900477
0.2956989247311828 0.26066350710900477
0.29411764705882354 0.26066350710900477
0.2925531914893617 0.26066350710900477
0.291005291005291 0.26066350710900477
0.2894736842105263 0.26066350710900477
0.2879581151832461 0.26066350710900477
0.2864583333333333 0.26066350710900477
0.2849740932642487 0.26066350710900477
0.28350515463917525 0.26066350710900477
0.28205128205128205 0.26066350710900477
0.28061224489795916 0.26066350710900477
0.27918781725888325 0.26066350710900477
0.2777777777777778 0.26066350710900477
0.27638190954773867 0.26066350710900477
0.275 0.26066350710900477
0.2736318407960199 0.26066350710900477
0.2722772277227723 0.26066350710900477
0.270935960591133 0.26066350710900477
0.2696078431372549 0.26066350710900477
0.2682926829268293 0.26066350710900477
0.2669902912621359 0.26066350710900477
0.26570048309178745 0.26066350710900477
0.2644230769230769 0.26066350710900477
0.2631578947368421 0.26066350710900477
0.26666666666666666 0.26540284360189575
0.27014218009478674 0.27014218009478674
0.2688679245283019 0.27014218009478674
0.2676056338028169 0.27014218009478674
0.27102803738317754 0.27488151658767773
0.26976744186046514 0.27488151658767773
0.26851851851851855 0.27488151658767773
0.2672811059907834 0.27488151658767773
0.2706422018348624 0.2796208530805687
0.2694063926940639 0.2796208530805687
0.2681818181818182 0.2796208530805687
0.2669683257918552 0.2796208530805687
0.26576576576576577 0.2796208530805687
0.2645739910313901 0.2796208530805687
0.26339285714285715 0.2796208530805687
0.26222222222222225 0.2796208530805687
0.2610619469026549 0.2796208530805687
0.2599118942731278 0.2796208530805687
0.25877192982456143 0.2796208530805687
0.2576419213973799 0.2796208530805687
0.2565217391304348 0.2796208530805687
0.2554112554112554 0.2796208530805687
0.2543103448275862 0.2796208530805687
0.2532188841201717 0.2796208530805687
0.25213675213675213 0.2796208530805687
0.251063829787234 0.2796208530805687
0.25 0.2796208530805687
0.2489451476793249 0.2796208530805687
0.24789915966386555 0.2796208530805687
0.24686192468619247 0.2796208530805687
0.24583333333333332 0.2796208530805687
0.24481327800829875 0.2796208530805687
0.24380165289256198 0.2796208530805687
0.24279835390946503 0.2796208530805687
0.24180327868852458 0.2796208530805687
0.24081632653061225 0.2796208530805687
0.23983739837398374 0.2796208530805687
0.2388663967611336 0.2796208530805687
0.23790322580645162 0.2796208530805687
0.23694779116465864 0.2796208530805687
0.236 0.2796208530805687
0.2350597609561753 0.2796208530805687
0.23412698412698413 0.2796208530805687
0.233201581027668 0.2796208530805687
0.23228346456692914 0.2796208530805687
0.23137254901960785 0.2796208530805687
0.23046875 0.2796208530805687
0.22957198443579765 0.2796208530805687
0.22868217054263565 0.2796208530805687
0.2277992277992278 0.2796208530805687
0.22692307692307692 0.2796208530805687
0.2260536398467433 0.2796208530805687
0.22519083969465647 0.2796208530805687
0.22433460076045628 0.2796208530805687
0.22348484848484848 0.2796208530805687
0.22264150943396227 0.2796208530805687
0.22180451127819548 0.2796208530805687
0.2209737827715356 0.2796208530805687
0.22014925373134328 0.2796208530805687
0.21933085501858737 0.2796208530805687
0.21851851851851853 0.2796208530805687
0.2177121771217712 0.2796208530805687
0.21691176470588236 0.2796208530805687
0.21611721611721613 0.2796208530805687
0.21532846715328466 0.2796208530805687
0.21454545454545454 0.2796208530805687
0.213768115942029 0.2796208530805687
0.21299638989169675 0.2796208530805687
0.21223021582733814 0.2796208530805687
0.2114695340501792 0.2796208530805687
0.21071428571428572 0.2796208530805687
0.2099644128113879 0.2796208530805687
0.20921985815602837 0.2796208530805687
0.20848056537102475 0.2796208530805687
0.20774647887323944 0.2796208530805687
0.20701754385964913 0.2796208530805687
0.2062937062937063 0.2796208530805687
0.20557491289198607 0.2796208530805687
0.2048611111111111 0.2796208530805687
0.2041522491349481 0.2796208530805687
0.20344827586206896 0.2796208530805687
0.2027491408934708 0.2796208530805687
0.20205479452054795 0.2796208530805687
0.20136518771331058 0.2796208530805687
0.20068027210884354 0.2796208530805687
0.2 0.2796208530805687
0.19932432432432431 0.2796208530805687
0.19865319865319866 0.2796208530805687
0.19798657718120805 0.2796208530805687
0.19732441471571907 0.2796208530805687
0.19666666666666666 0.2796208530805687
0.19601328903654486 0.2796208530805687
0.19536423841059603 0.2796208530805687
0.19471947194719472 0.2796208530805687
0.19407894736842105 0.2796208530805687
0.19344262295081968 0.2796208530805687
0.19281045751633988 0.2796208530805687
0.19218241042345277 0.2796208530805687
0.19155844155844157 0.2796208530805687
0.19093851132686085 0.2796208530805687
0.19032258064516128 0.2796208530805687
0.18971061093247588 0.2796208530805687
0.1891025641025641 0.2796208530805687
0.18849840255591055 0.2796208530805687
0.18789808917197454 0.2796208530805687
0.1873015873015873 0.2796208530805687
0.18670886075949367 0.2796208530805687
0.1861198738170347 0.2796208530805687
0.18553459119496854 0.2796208530805687
0.18495297805642633 0.2796208530805687
0.184375 0.2796208530805687
0.1838006230529595 0.2796208530805687
0.18322981366459629 0.2796208530805687
0.1826625386996904 0.2796208530805687
0.18209876543209877 0.2796208530805687
0.18153846153846154 0.2796208530805687
0.18098159509202455 0.2796208530805687
0.18042813455657492 0.2796208530805687
0.1798780487804878 0.2796208530805687
0.17933130699088146 0.2796208530805687
0.1787878787878788 0.2796208530805687
0.1782477341389728 0.2796208530805687
0.17771084337349397 0.2796208530805687
0.17717717717717718 0.2796208530805687
0.17664670658682635 0.2796208530805687
0.1761194029850746 0.2796208530805687
0.17559523809523808 0.2796208530805687
0.17507418397626112 0.2796208530805687
0.17455621301775148 0.2796208530805687
0.17404129793510326 0.2796208530805687
0.17352941176470588 0.2796208530805687
0.17302052785923755 0.2796208530805687
0.17251461988304093 0.2796208530805687
0.17201166180758018 0.2796208530805687
0.17151162790697674 0.2796208530805687
0.17101449275362318 0.2796208530805687
0.17052023121387283 0.2796208530805687
0.17002881844380405 0.2796208530805687
0.16954022988505746 0.2796208530805687
0.16905444126074498 0.2796208530805687
0.16857142857142857 0.2796208530805687
0.16809116809116809 0.2796208530805687
0.16761363636363635 0.2796208530805687
0.1671388101983003 0.2796208530805687
0.16666666666666666 0.2796208530805687
0.16619718309859155 0.2796208530805687
0.16573033707865167 0.2796208530805687
0.16526610644257703 0.2796208530805687
0.164804469273743 0.2796208530805687
0.16434540389972144 0.2796208530805687
0.1638888888888889 0.2796208530805687
0.1634349030470914 0.2796208530805687
0.16298342541436464 0.2796208530805687
0.162534435261708 0.2796208530805687
0.1620879120879121 0.2796208530805687
0.16164383561643836 0.2796208530805687
0.16120218579234974 0.2796208530805687
0.16076294277929154 0.2796208530805687
0.16032608695652173 0.2796208530805687
0.15989159891598917 0.2796208530805687
0.15945945945945947 0.2796208530805687
0.15902964959568733 0.2796208530805687
0.1586021505376344 0.2796208530805687
0.1581769436997319 0.2796208530805687
0.15775401069518716 0.2796208530805687
0.15733333333333333 0.2796208530805687
0.15691489361702127 0.2796208530805687
0.15649867374005305 0.2796208530805687
0.15608465608465608 0.2796208530805687
0.15567282321899736 0.2796208530805687
0.15526315789473685 0.2796208530805687
0.15485564304461943 0.2796208530805687
0.1544502617801047 0.2796208530805687
0.15404699738903394 0.2796208530805687
0.15364583333333334 0.2796208530805687
0.15324675324675324 0.2796208530805687
0.15284974093264247 0.2796208530805687
0.1524547803617571 0.2796208530805687
0.15206185567010308 0.2796208530805687
0.15167095115681234 0.2796208530805687
0.15128205128205127 0.2796208530805687
0.15089514066496162 0.2796208530805687
0.15051020408163265 0.2796208530805687
0.15012722646310434 0.2796208530805687
0.14974619289340102 0.2796208530805687
0.14936708860759493 0.2796208530805687
0.14898989898989898 0.2796208530805687
0.1486146095717884 0.2796208530805687
0.14824120603015076 0.2796208530805687
0.14786967418546365 0.2796208530805687
0.1475 0.2796208530805687
0.14713216957605985 0.2796208530805687
0.14676616915422885 0.2796208530805687
0.14640198511166252 0.2796208530805687
0.14603960396039603 0.2796208530805687
0.145679012345679 0.2796208530805687
0.14532019704433496 0.2796208530805687
0.14496314496314497 0.2796208530805687
0.14460784313725492 0.2796208530805687
0.14425427872860636 0.2796208530805687
0.14390243902439023 0.2796208530805687
0.1435523114355231 0.2796208530805687
0.14320388349514562 0.2796208530805687
0.14285714285714285 0.2796208530805687
0.14251207729468598 0.2796208530805687
0.14216867469879518 0.2796208530805687
0.14182692307692307 0.2796208530805687
0.14148681055155876 0.2796208530805687
0.14114832535885166 0.2796208530805687
0.14081145584725538 0.2796208530805687
0.14047619047619048 0.2796208530805687
0.14014251781472684 0.2796208530805687
0.13981042654028436 0.2796208530805687
0.13947990543735225 0.2796208530805687
0.1391509433962264 0.2796208530805687
0.1388235294117647 0.2796208530805687
0.13849765258215962 0.2796208530805687
0.13817330210772832 0.2796208530805687
0.1378504672897196 0.2796208530805687
0.13752913752913754 0.2796208530805687
0.1372093023255814 0.2796208530805687
0.1368909512761021 0.2796208530805687
0.13657407407407407 0.2796208530805687
0.13625866050808313 0.2796208530805687
0.1359447004608295 0.2796208530805687
0.135632183908046 0.2796208530805687
0.1353211009174312 0.2796208530805687
0.13501144164759726 0.2796208530805687
0.13470319634703196 0.2796208530805687
0.13439635535307518 0.2796208530805687
0.1340909090909091 0.2796208530805687
0.13378684807256236 0.2796208530805687
0.1334841628959276 0.2796208530805687
0.13318284424379231 0.2796208530805687
0.13288288288288289 0.2796208530805687
0.13258426966292136 0.2796208530805687
0.13228699551569506 0.2796208530805687
0.1319910514541387 0.2796208530805687
0.13169642857142858 0.2796208530805687
0.13140311804008908 0.2796208530805687
0.13333333333333333 0.2843601895734597
0.13303769401330376 0.2843601895734597
0.13274336283185842 0.2843601895734597
0.13245033112582782 0.2843601895734597
0.13215859030837004 0.2843601895734597
0.13186813186813187 0.2843601895734597
0.13157894736842105 0.2843601895734597
0.13129102844638948 0.2843601895734597
0.13100436681222707 0.2843601895734597
0.13071895424836602 0.2843601895734597
0.13043478260869565 0.2843601895734597
0.1301518438177874 0.2843601895734597
0.12987012987012986 0.2843601895734597
0.12958963282937366 0.2843601895734597
0.12931034482758622 0.2843601895734597
0.12903225806451613 0.2843601895734597
0.12875536480686695 0.2843601895734597
0.1284796573875803 0.2843601895734597
0.1282051282051282 0.2843601895734597
0.1279317697228145 0.2843601895734597
0.1276595744680851 0.2843601895734597
0.12738853503184713 0.2843601895734597
0.1271186440677966 0.2843601895734597
0.12684989429175475 0.2843601895734597
0.12658227848101267 0.2843601895734597
0.12631578947368421 0.2843601895734597
0.12605042016806722 0.2843601895734597
0.12578616352201258 0.2843601895734597
0.12552301255230125 0.2843601895734597
0.12526096033402923 0.2843601895734597
0.125 0.2843601895734597
0.12474012474012475 0.2843601895734597
0.12448132780082988 0.2843601895734597
0.12422360248447205 0.2843601895734597
0.12396694214876033 0.2843601895734597
0.12371134020618557 0.2843601895734597
0.12345679012345678 0.2843601895734597
0.12320328542094455 0.2843601895734597
0.12295081967213115 0.2843601895734597
0.12269938650306748 0.2843601895734597
0.12244897959183673 0.2843601895734597
0.12423625254582485 0.2890995260663507
0.12398373983739837 0.2890995260663507
0.12373225152129817 0.2890995260663507
0.12348178137651822 0.2890995260663507
0.12323232323232323 0.2890995260663507
0.12298387096774194 0.2890995260663507
0.1227364185110664 0.2890995260663507
0.12248995983935743 0.2890995260663507
0.12224448897795591 0.2890995260663507
0.122 0.2890995260663507
0.1217564870259481 0.2890995260663507
0.12151394422310757 0.2890995260663507
0.12127236580516898 0.2890995260663507
0.12103174603174603 0.2890995260663507
0.12079207920792079 0.2890995260663507
0.12055335968379446 0.2890995260663507
0.1203155818540434 0.2890995260663507
0.12007874015748031 0.2890995260663507
0.11984282907662082 0.2890995260663507
0.11960784313725491 0.2890995260663507
0.11937377690802348 0.2890995260663507
0.119140625 0.2890995260663507
0.1189083820662768 0.2890995260663507
0.11867704280155641 0.2890995260663507
0.11844660194174757 0.2890995260663507
0.1182170542635659 0.2890995260663507
0.11798839458413926 0.2890995260663507
0.11776061776061776 0.2890995260663507
0.11753371868978806 0.2890995260663507
0.11730769230769231 0.2890995260663507
0.11708253358925144 0.2890995260663507
0.11685823754789272 0.2890995260663507
0.11663479923518165 0.2890995260663507
0.11641221374045801 0.2890995260663507
0.11619047619047619 0.2890995260663507
0.11596958174904944 0.2890995260663507
0.1157495256166983 0.2890995260663507
0.11553030303030302 0.2890995260663507
0.11531190926275993 0.2890995260663507
0.11509433962264151 0.2890995260663507
0.11487758945386065 0.2890995260663507
0.11466165413533834 0.2890995260663507
0.11444652908067542 0.2890995260663507
0.11423220973782772 0.2890995260663507
0.11401869158878504 0.2890995260663507
0.11380597014925373 0.2890995260663507
0.11359404096834265 0.2890995260663507
0.11338289962825279 0.2890995260663507
0.11317254174397032 0.2890995260663507
0.11296296296296296 0.2890995260663507
0.11275415896487985 0.2890995260663507
0.11254612546125461 0.2890995260663507
0.1141804788213628 0.2938388625592417
0.11580882352941177 0.2985781990521327
0.11743119266055047 0.3033175355450237
0.11904761904761904 0.3080568720379147
0.11882998171846434 0.3080568720379147
0.11861313868613138 0.3080568720379147
0.11839708561020036 0.3080568720379147
0.11818181818181818 0.3080568720379147
0.11796733212341198 0.3080568720379147
0.11775362318840579 0.3080568720379147
0.11754068716094032 0.3080568720379147
0.11732851985559567 0.3080568720379147
0.11711711711711711 0.3080568720379147
0.11690647482014388 0.3080568720379147
0.11669658886894076 0.3080568720379147
0.11648745519713262 0.3080568720379147
0.11627906976744186 0.3080568720379147
0.11785714285714285 0.3127962085308057
0.11764705882352941 0.3127962085308057
0.11743772241992882 0.3127962085308057
0.1172291296625222 0.3127962085308057
0.11702127659574468 0.3127962085308057
0.1168141592920354 0.3127962085308057
0.1166077738515901 0.3127962085308057
0.1164021164021164 0.3127962085308057
0.11619718309859155 0.3127962085308057
0.11599297012302284 0.3127962085308057
0.11578947368421053 0.3127962085308057
0.11558669001751314 0.3127962085308057
0.11538461538461539 0.3127962085308057
0.11518324607329843 0.3127962085308057
0.11498257839721254 0.3127962085308057
0.11478260869565217 0.3127962085308057
0.11458333333333333 0.3127962085308057
0.11438474870017332 0.3127962085308057
0.11418685121107267 0.3127962085308057
0.11398963730569948 0.3127962085308057
0.11379310344827587 0.3127962085308057
0.11359724612736662 0.3127962085308057
0.11512027491408934 0.3175355450236967
0.11492281303602059 0.3175355450236967
0.11472602739726027 0.3175355450236967
0.11452991452991453 0.3175355450236967
0.11433447098976109 0.3175355450236967
0.1141396933560477 0.3175355450236967
0.11394557823129252 0.3175355450236967
0.11375212224108659 0.3175355450236967
0.1135593220338983 0.3175355450236967
0.11336717428087986 0.3175355450236967
0.11317567567567567 0.3175355450236967
0.11298482293423272 0.3175355450236967
0.1127946127946128 0.3175355450236967
0.11260504201680673 0.3175355450236967
0.11241610738255034 0.3175355450236967
0.11222780569514237 0.3175355450236967
0.11204013377926421 0.3175355450236967
0.11185308848080133 0.3175355450236967
0.11166666666666666 0.3175355450236967
0.11148086522462562 0.3175355450236967
0.11129568106312292 0.3175355450236967
0.1111111111111111 0.3175355450236967
0.11092715231788079 0.3175355450236967
0.11074380165289256 0.3175355450236967
0.11056105610561057 0.3175355450236967
0.11037891268533773 0.3175355450236967
0.11019736842105263 0.3175355450236967
0.11001642036124795 0.3175355450236967
0.11147540983606558 0.3222748815165877
0.11129296235679215 0.3222748815165877
0.1111111111111111 0.3222748815165877
0.11092985318107668 0.3222748815165877
0.11074918566775244 0.3222748815165877
0.11056910569105691 0.3222748815165877
0.11038961038961038 0.3222748815165877
0.11021069692058347 0.3222748815165877
0.11003236245954692 0.3222748815165877
0.1098546042003231 0.3222748815165877
0.10967741935483871 0.3222748815165877
0.10950080515297907 0.3222748815165877
0.10932475884244373 0.3222748815165877
0.10914927768860354 0.3222748815165877
0.10897435897435898 0.3222748815165877
0.1088 0.3222748815165877
0.10862619808306709 0.3222748815165877
0.10845295055821372 0.3222748815165877
0.10828025477707007 0.3222748815165877
0.10810810810810811 0.3222748815165877
0.10793650793650794 0.3222748815165877
0.10776545166402536 0.3222748815165877
0.10759493670886076 0.3222748815165877
0.10742496050552923 0.3222748815165877
0.10725552050473186 0.3222748815165877
0.10708661417322834 0.3222748815165877
0.1069182389937107 0.3222748815165877
0.10675039246467818 0.3222748815165877
0.10658307210031348 0.3222748815165877
0.10641627543035993 0.3222748815165877
0.10625 0.3222748815165877
0.1060842433697348 0.3222748815165877
0.1059190031152648 0.3222748815165877
0.1057542768273717 0.3222748815165877
0.10559006211180125 0.3222748815165877
0.10542635658914729 0.3222748815165877
0.10526315789473684 0.3222748815165877
0.10510046367851623 0.3222748815165877
0.10493827160493827 0.3222748815165877
0.10477657935285054 0.3222748815165877
0.10461538461538461 0.3222748815165877
0.10445468509984639 0.3222748815165877
0.10429447852760736 0.3222748815165877
0.10413476263399694 0.3222748815165877
0.10397553516819572 0.3222748815165877
0.10381679389312977 0.3222748815165877
0.10365853658536585 0.3222748815165877
0.1035007610350076 0.3222748815165877
0.1033434650455927 0.3222748815165877
0.10318664643399089 0.3222748815165877
0.10303030303030303 0.3222748815165877
0.10287443267776097 0.3222748815165877
0.1027190332326284 0.3222748815165877
0.10256410256410256 0.3222748815165877
0.10240963855421686 0.3222748815165877
0.10225563909774436 0.3222748815165877
0.1021021021021021 0.3222748815165877
0.10194902548725637 0.3222748815165877
0.10179640718562874 0.3222748815165877
0.1031390134529148 0.32701421800947866
0.1044776119402985 0.33175355450236965
0.10432190760059612 0.33175355450236965
0.1056547619047619 0.33649289099526064
0.10698365527488855 0.3412322274881517
0.1083086053412463 0.3459715639810427
0.10962962962962963 0.35071090047393366
0.10946745562130178 0.35071090047393366
0.10930576070901034 0.35071090047393366
0.10914454277286136 0.35071090047393366
0.10898379970544919 0.35071090047393366
0.10882352941176471 0.35071090047393366
0.10866372980910426 0.35071090047393366
0.10850439882697947 0.35071090047393366
0.10834553440702782 0.35071090047393366
0.10818713450292397 0.35071090047393366
0.10802919708029197 0.35071090047393366
0.10787172011661808 0.35071090047393366
0.10771470160116449 0.35071090047393366
0.10755813953488372 0.35071090047393366
0.10740203193033382 0.35071090047393366
0.1072463768115942 0.35071090047393366
0.10709117221418235 0.35071090047393366
0.1069364161849711 0.35071090047393366
0.10678210678210678 0.35071090047393366
0.10662824207492795 0.35071090047393366
0.10647482014388489 0.35071090047393366
0.10632183908045977 0.35071090047393366
0.10616929698708752 0.35071090047393366
0.10601719197707736 0.35071090047393366
0.10586552217453506 0.35071090047393366
0.10571428571428572 0.35071090047393366
0.10556348074179743 0.35071090047393366
0.10541310541310542 0.35071090047393366
0.10526315789473684 0.35071090047393366
0.10511363636363637 0.35071090047393366
0.1049645390070922 0.35071090047393366
0.1048158640226629 0.35071090047393366
0.10466760961810467 0.35071090047393366
0.10451977401129943 0.35071090047393366
0.10437235543018336 0.35071090047393366
0.10422535211267606 0.35071090047393366
0.10407876230661041 0.35071090047393366
0.10393258426966293 0.35071090047393366
0.10378681626928471 0.35071090047393366
0.10364145658263306 0.35071090047393366
0.1034965034965035 0.35071090047393366
0.10335195530726257 0.35071090047393366
0.10320781032078104 0.35071090047393366
0.10306406685236769 0.35071090047393366
0.10292072322670376 0.35071090047393366
0.10277777777777777 0.35071090047393366
0.10263522884882108 0.35071090047393366
0.10249307479224377 0.35071090047393366
0.10235131396957123 0.35071090047393366
0.10220994475138122 0.35071090047393366
0.10206896551724139 0.35071090047393366
0.10192837465564739 0.35071090047393366
0.10178817056396149 0.35071090047393366
0.10164835164835165 0.35071090047393366
0.10150891632373114 0.35071090047393366
0.10136986301369863 0.35071090047393366
0.1012311901504788 0.35071090047393366
0.10109289617486339 0.35071090047393366
0.1009549795361528 0.35071090047393366
0.1008174386920981 0.35071090047393366
0.10068027210884353 0.35071090047393366
0.10054347826086957 0.35071090047393366
0.10040705563093623 0.35071090047393366
0.1002710027100271 0.35071090047393366
0.10013531799729364 0.35071090047393366
0.1 0.35071090047393366
0.09986504723346828 0.35071090047393366
0.09973045822102426 0.35071090047393366
0.09959623149394348 0.35071090047393366
0.09946236559139784 0.35071090047393366
0.09932885906040269 0.35071090047393366
0.09919571045576407 0.35071090047393366
0.09906291834002677 0.35071090047393366
0.09893048128342247 0.35071090047393366
0.09879839786381843 0.35071090047393366
0.09866666666666667 0.35071090047393366
0.0985352862849534 0.35071090047393366
0.09840425531914894 0.35071090047393366
0.09827357237715803 0.35071090047393366
0.09814323607427056 0.35071090047393366
0.09801324503311258 0.35071090047393366
0.09788359788359788 0.35071090047393366
0.0977542932628798 0.35071090047393366
0.09762532981530343 0.35071090047393366
0.09749670619235837 0.35071090047393366
0.09736842105263158 0.35071090047393366
0.09724047306176084 0.35071090047393366
0.09711286089238845 0.35071090047393366
0.09698558322411534 0.35071090047393366
0.0968586387434555 0.35071090047393366
0.09673202614379085 0.35071090047393366
0.09660574412532637 0.35071090047393366
0.09647979139504563 0.35071090047393366
0.09635416666666667 0.35071090047393366
0.09622886866059818 0.35071090047393366
0.09610389610389611 0.35071090047393366
0.0959792477302205 0.35071090047393366
0.09585492227979274 0.35071090047393366
0.09573091849935317 0.35071090047393366
0.09560723514211886 0.35071090047393366
0.09548387096774194 0.35071090047393366
0.09536082474226804 0.35071090047393366
0.09523809523809523 0.35071090047393366
0.09511568123393316 0.35071090047393366
0.09499358151476252 0.35071090047393366
0.09487179487179487 0.35071090047393366
0.09475032010243278 0.35071090047393366
0.09462915601023018 0.35071090047393366
0.09450830140485313 0.35071090047393366
0.09438775510204081 0.35071090047393366
0.09426751592356689 0.35071090047393366
0.09414758269720101 0.35071090047393366
0.0940279542566709 0.35071090047393366
0.09390862944162437 0.35071090047393366
0.09378960709759189 0.35071090047393366
0.09367088607594937 0.35071090047393366
0.09355246523388117 0.35071090047393366
0.09343434343434344 0.35071090047393366
0.09331651954602774 0.35071090047393366
0.09319899244332494 0.35071090047393366
0.0930817610062893 0.35071090047393366
0.09296482412060302 0.35071090047393366
0.09284818067754078 0.35071090047393366
0.09273182957393483 0.35071090047393366
0.09261576971214018 0.35071090047393366
0.0925 0.35071090047393366
0.09238451935081149 0.35071090047393366
0.09226932668329177 0.35071090047393366
0.0921544209215442 0.35071090047393366
0.09203980099502487 0.35071090047393366
0.09192546583850932 0.35071090047393366
0.09181141439205956 0.35071090047393366
0.09169764560099132 0.35071090047393366
0.09158415841584158 0.35071090047393366
0.09270704573547589 0.35545023696682465
0.09259259259259259 0.35545023696682465
0.09247842170160296 0.35545023696682465
0.09236453201970443 0.35545023696682465
0.09225092250922509 0.35545023696682465
0.09213759213759214 0.35545023696682465
0.09202453987730061 0.35545023696682465
0.09191176470588236 0.35545023696682465
0.09179926560587515 0.35545023696682465
0.09168704156479218 0.35545023696682465
0.09157509157509157 0.35545023696682465
0.09146341463414634 0.35545023696682465
0.0925700365408039 0.36018957345971564
0.09245742092457421 0.36018957345971564
0.09234507897934387 0.36018957345971564
0.09223300970873786 0.36018957345971564
0.09212121212121212 0.36018957345971564
0.09200968523002422 0.36018957345971564
0.09189842805320435 0.36018957345971564
0.09178743961352658 0.36018957345971564
0.09167671893848009 0.36018957345971564
0.09156626506024096 0.36018957345971564
0.0914560770156438 0.36018957345971564
0.09134615384615384 0.36018957345971564
0.09123649459783914 0.36018957345971564
0.09112709832134293 0.36018957345971564
0.09101796407185629 0.36018957345971564
0.09090909090909091 0.36018957345971564
0.0908004778972521 0.36018957345971564
0.09069212410501193 0.36018957345971564
0.09058402860548272 0.36018957345971564
0.09047619047619047 0.36018957345971564
0.09036860879904875 0.36018957345971564
0.09026128266033254 0.36018957345971564
0.09015421115065243 0.36018957345971564
0.09004739336492891 0.36018957345971564
0.08994082840236686 0.36018957345971564
0.08983451536643026 0.36018957345971564
0.089728453364817 0.36018957345971564
0.08962264150943396 0.36018957345971564
0.0895170789163722 0.36018957345971564
0.08941176470588236 0.36018957345971564
0.08930669800235018 0.36018957345971564
0.0892018779342723 0.36018957345971564
0.08909730363423213 0.36018957345971564
0.08899297423887588 0.36018957345971564
0.08888888888888889 0.36018957345971564
0.08878504672897196 0.36018957345971564
0.08868144690781797 0.36018957345971564
0.08857808857808858 0.36018957345971564
0.08847497089639116 0.36018957345971564
0.08837209302325581 0.36018957345971564
0.08826945412311266 0.36018957345971564
0.08816705336426914 0.36018957345971564
0.0880648899188876 0.36018957345971564
0.08796296296296297 0.36018957345971564
0.08786127167630058 0.36018957345971564
0.08775981524249422 0.36018957345971564
0.08765859284890427 0.36018957345971564
0.08755760368663594 0.36018957345971564
0.08745684695051784 0.36018957345971564
0.08735632183908046 0.36018957345971564
0.08725602755453502 0.36018957345971564
0.0871559633027523 0.36018957345971564
0.08705612829324169 0.36018957345971564
0.08695652173913043 0.36018957345971564
0.08685714285714285 0.36018957345971564
0.0867579908675799 0.36018957345971564
0.08665906499429875 0.36018957345971564
0.08656036446469248 0.36018957345971564
0.08646188850967008 0.36018957345971564
0.08636363636363636 0.36018957345971564
0.08626560726447219 0.36018957345971564
0.08616780045351474 0.36018957345971564
0.08607021517553794 0.36018957345971564
0.08597285067873303 0.36018957345971564
0.08587570621468926 0.36018957345971564
0.08577878103837472 0.36018957345971564
0.08568207440811725 0.36018957345971564
0.08558558558558559 0.36018957345971564
0.08548931383577053 0.36018957345971564
0.0853932584269663 0.36018957345971564
0.08529741863075196 0.36018957345971564
0.08520179372197309 0.36018957345971564
0.0851063829787234 0.36018957345971564
0.08501118568232663 0.36018957345971564
0.08491620111731843 0.36018957345971564
0.08482142857142858 0.36018957345971564
0.08472686733556299 0.36018957345971564
0.08463251670378619 0.36018957345971564
0.08453837597330367 0.36018957345971564
0.08555555555555555 0.36492890995260663
0.08546059933407325 0.36492890995260663
0.08536585365853659 0.36492890995260663
0.08527131782945736 0.36492890995260663
0.08517699115044247 0.36492890995260663
0.08508287292817679 0.36492890995260663
0.08498896247240618 0.36492890995260663
0.08489525909592062 0.36492890995260663
0.08480176211453745 0.36492890995260663
0.0847084708470847 0.36492890995260663
0.08461538461538462 0.36492890995260663
0.0845225027442371 0.36492890995260663
0.08442982456140351 0.36492890995260663
0.08433734939759036 0.36492890995260663
0.08424507658643327 0.36492890995260663
0.08415300546448087 0.36492890995260663
0.08406113537117904 0.36492890995260663
0.08396946564885496 0.36492890995260663
0.08387799564270153 0.36492890995260663
0.08378672470076169 0.36492890995260663
0.08369565217391305 0.36492890995260663
0.08360477741585233 0.36492890995260663
0.08351409978308026 0.36492890995260663
0.08342361863488625 0.36492890995260663
0.08333333333333333 0.36492890995260663
0.08324324324324324 0.36492890995260663
0.08315334773218143 0.36492890995260663
0.08306364617044229 0.36492890995260663
0.08297413793103449 0.36492890995260663
0.08288482238966631 0.36492890995260663
0.08279569892473118 0.36492890995260663
0.08270676691729323 0.36492890995260663
0.08261802575107297 0.36492890995260663
0.08252947481243302 0.36492890995260663
0.08244111349036402 0.36492890995260663
0.08235294117647059 0.36492890995260663
0.08226495726495726 0.36492890995260663
0.08217716115261472 0.36492890995260663
0.08208955223880597 0.36492890995260663
0.08200212992545261 0.36492890995260663
0.08191489361702127 0.36492890995260663
0.0818278427205101 0.36492890995260663
0.08174097664543524 0.36492890995260663
0.0816542948038176 0.36492890995260663
0.0815677966101695 0.36492890995260663
0.08148148148148149 0.36492890995260663
0.08139534883720931 0.36492890995260663
0.08130939809926083 0.36492890995260663
0.08122362869198312 0.36492890995260663
0.08113804004214963 0.36492890995260663
0.08105263157894736 0.36492890995260663
0.08096740273396424 0.36492890995260663
0.08088235294117647 0.36492890995260663
0.080797481636936 0.36492890995260663
0.08071278825995808 0.36492890995260663
0.0806282722513089 0.36492890995260663
0.08054393305439331 0.36492890995260663
0.08045977011494253 0.36492890995260663
0.08037578288100208 0.36492890995260663
0.08029197080291971 0.36492890995260663
0.08020833333333334 0.36492890995260663
0.08012486992715921 0.36492890995260663
0.08004158004158005 0.36492890995260663
0.07995846313603323 0.36492890995260663
0.07987551867219916 0.36492890995260663
0.07979274611398963 0.36492890995260663
0.07971014492753623 0.36492890995260663
0.0796277145811789 0.36492890995260663
0.07954545454545454 0.36492890995260663
0.07946336429308566 0.36492890995260663
0.07938144329896907 0.36492890995260663
0.07929969104016478 0.36492890995260663
0.07921810699588477 0.36492890995260663
0.07913669064748201 0.36492890995260663
0.07905544147843943 0.36492890995260663
0.07897435897435898 0.36492890995260663
0.07889344262295082 0.36492890995260663
0.07881269191402251 0.36492890995260663
0.0787321063394683 0.36492890995260663
0.07865168539325842 0.36492890995260663
0.07857142857142857 0.36492890995260663
0.07849133537206932 0.36492890995260663
0.07841140529531568 0.36492890995260663
0.07833163784333673 0.36492890995260663
0.0782520325203252 0.36492890995260663
0.07817258883248732 0.36492890995260663
0.07809330628803246 0.36492890995260663
0.07801418439716312 0.36492890995260663
0.07793522267206478 0.36492890995260663
0.07785642062689585 0.36492890995260663
0.07777777777777778 0.36492890995260663
0.07769929364278506 0.36492890995260663
0.07762096774193548 0.36492890995260663
0.07754279959718026 0.36492890995260663
0.07746478873239436 0.36492890995260663
0.07738693467336684 0.36492890995260663
0.07730923694779117 0.36492890995260663
0.07723169508525576 0.36492890995260663
0.07715430861723446 0.36492890995260663
0.07707707707707707 0.36492890995260663
0.077 0.36492890995260663
0.07692307692307693 0.36492890995260663
0.07684630738522955 0.36492890995260663
0.07676969092721835 0.36492890995260663
0.07669322709163347 0.36492890995260663
0.07661691542288557 0.36492890995260663
0.07654075546719682 0.36492890995260663
0.07646474677259185 0.36492890995260663
0.0763888888888889 0.36492890995260663
0.07631318136769079 0.36492890995260663
0.07623762376237624 0.36492890995260663
0.076162215628091 0.36492890995260663
0.07608695652173914 0.36492890995260663
0.07601184600197433 0.36492890995260663
0.07593688362919132 0.36492890995260663
0.07586206896551724 0.36492890995260663
0.07578740157480315 0.36492890995260663
0.07571288102261553 0.36492890995260663
0.0756385068762279 0.36492890995260663
0.07556427870461237 0.36492890995260663
0.07549019607843137 0.36492890995260663
0.07541625857002938 0.36492890995260663
0.07534246575342465 0.36492890995260663
0.07526881720430108 0.36492890995260663
0.0751953125 0.36492890995260663
0.07512195121951219 0.36492890995260663
0.07504873294346978 0.36492890995260663
0.07497565725413827 0.36492890995260663
0.07490272373540856 0.36492890995260663
0.07482993197278912 0.36492890995260663
0.07475728155339806 0.36492890995260663
0.07468477206595538 0.36492890995260663
0.07461240310077519 0.36492890995260663
0.07454017424975799 0.36492890995260663
0.07446808510638298 0.36492890995260663
0.07536231884057971 0.3696682464454976
0.07528957528957529 0.3696682464454976
0.07521697203471553 0.3696682464454976
0.07514450867052024 0.3696682464454976
0.07507218479307026 0.3696682464454976
0.075 0.3696682464454976
0.07492795389048991 0.3696682464454976
0.07485604606525911 0.3696682464454976
0.07478427612655801 0.3696682464454976
0.07471264367816093 0.3696682464454976
0.07464114832535886 0.3696682464454976
0.0745697896749522 0.3696682464454976
0.07449856733524356 0.3696682464454976
0.07442748091603053 0.3696682464454976
0.07435653002859867 0.3696682464454976
0.07428571428571429 0.3696682464454976
0.07421503330161751 0.3696682464454976
0.0741444866920152 0.3696682464454976
0.07407407407407407 0.3696682464454976
0.07400379506641366 0.3696682464454976
0.07393364928909953 0.3696682464454976
0.07386363636363637 0.3696682464454976
0.07379375591296121 0.3696682464454976
0.07372400756143667 0.3696682464454976
0.07365439093484419 0.3696682464454976
0.07358490566037736 0.3696682464454976
0.07351555136663525 0.3696682464454976
0.07344632768361582 0.3696682464454976
0.07337723424270931 0.3696682464454976
0.07330827067669173 0.3696682464454976
0.07323943661971831 0.3696682464454976
0.07317073170731707 0.3696682464454976
0.07310215557638237 0.3696682464454976
0.07303370786516854 0.3696682464454976
0.07296538821328344 0.3696682464454976
0.07289719626168224 0.3696682464454976
0.07282913165266107 0.3696682464454976
0.07276119402985075 0.3696682464454976
0.07269338303821063 0.3696682464454976
0.07262569832402235 0.3696682464454976
0.07255813953488371 0.3696682464454976
0.0724907063197026 0.3696682464454976
0.07242339832869081 0.3696682464454976
0.07235621521335807 0.3696682464454976
0.07228915662650602 0.3696682464454976
0.07222222222222222 0.3696682464454976
0.07215541165587419 0.3696682464454976
0.07208872458410351 0.3696682464454976
0.07202216066481995 0.3696682464454976
0.07195571955719557 0.3696682464454976
0.07188940092165899 0.3696682464454976
0.0718232044198895 0.3696682464454976
0.07175712971481141 0.3696682464454976
0.07169117647058823 0.3696682464454976
0.07162534435261708 0.3696682464454976
0.07155963302752294 0.3696682464454976
0.07149404216315307 0.3696682464454976
0.07142857142857142 0.3696682464454976
0.07136322049405307 0.3696682464454976
0.0712979890310786 0.3696682464454976
0.07123287671232877 0.3696682464454976
0.07116788321167883 0.3696682464454976
0.07110300820419325 0.3696682464454976
0.07103825136612021 0.3696682464454976
0.07097361237488627 0.3696682464454976
0.07090909090909091 0.3696682464454976
0.07084468664850137 0.3696682464454976
0.07078039927404718 0.3696682464454976
0.07071622846781506 0.3696682464454976
0.07065217391304347 0.3696682464454976
0.07058823529411765 0.3696682464454976
0.0705244122965642 0.3696682464454976
0.07046070460704607 0.3696682464454976
0.0703971119133574 0.3696682464454976
0.0703336339044184 0.3696682464454976
0.07027027027027027 0.3696682464454976
0.0702070207020702 0.3696682464454976
0.07014388489208633 0.3696682464454976
0.07008086253369272 0.3696682464454976
0.07001795332136446 0.3696682464454976
0.06995515695067264 0.3696682464454976
0.06989247311827956 0.3696682464454976
0.06982990152193375 0.3696682464454976
0.06976744186046512 0.3696682464454976
0.06970509383378017 0.3696682464454976
0.06964285714285715 0.3696682464454976
0.0695807314897413 0.3696682464454976
0.06951871657754011 0.3696682464454976
0.06945681211041853 0.3696682464454976
0.0693950177935943 0.3696682464454976
0.06933333333333333 0.3696682464454976
0.06927175843694494 0.3696682464454976
0.06921029281277728 0.3696682464454976
0.06914893617021277 0.3696682464454976
0.06908768821966342 0.3696682464454976
0.06902654867256637 0.3696682464454976
0.06896551724137931 0.3696682464454976
0.06890459363957598 0.3696682464454976
0.06884377758164166 0.3696682464454976
0.06878306878306878 0.3696682464454976
0.06872246696035242 0.3696682464454976
0.06866197183098592 0.3696682464454976
0.06860158311345646 0.3696682464454976
0.06854130052724078 0.3696682464454976
0.0684811237928007 0.3696682464454976
0.06842105263157895 0.3696682464454976
0.06836108676599474 0.3696682464454976
0.06830122591943957 0.3696682464454976
0.06824146981627296 0.3696682464454976
0.06818181818181818 0.3696682464454976
0.06812227074235808 0.3696682464454976
0.06806282722513089 0.3696682464454976
0.06800348735832606 0.3696682464454976
0.06794425087108014 0.3696682464454976
0.06788511749347259 0.3696682464454976
0.06782608695652174 0.3696682464454976
0.0677671589921807 0.3696682464454976
0.06770833333333333 0.3696682464454976
0.06764960971379011 0.3696682464454976
0.06759098786828423 0.3696682464454976
0.06753246753246753 0.3696682464454976
0.06747404844290658 0.3696682464454976
0.06741573033707865 0.3696682464454976
0.06735751295336788 0.3696682464454976
0.06729939603106126 0.3696682464454976
0.06724137931034482 0.3696682464454976
0.06718346253229975 0.3696682464454976
0.06712564543889846 0.3696682464454976
0.06706792777300086 0.3696682464454976
0.06701030927835051 0.3696682464454976
0.06695278969957082 0.3696682464454976
0.06689536878216124 0.3696682464454976
0.06683804627249357 0.3696682464454976
0.06678082191780822 0.3696682464454976
0.06672369546621043 0.3696682464454976
0.06666666666666667 0.3696682464454976
0.06660973526900085 0.3696682464454976
0.06655290102389079 0.3696682464454976
0.06649616368286446 0.3696682464454976
0.06643952299829642 0.3696682464454976
0.06638297872340425 0.3696682464454976
0.0663265306122449 0.3696682464454976
0.06627017841971113 0.3696682464454976
0.06621392190152801 0.3696682464454976
0.06615776081424936 0.3696682464454976
0.06610169491525424 0.3696682464454976
0.06604572396274344 0.3696682464454976
0.06598984771573604 0.3696682464454976
0.06593406593406594 0.3696682464454976
0.06587837837837837 0.3696682464454976
0.06582278481012659 0.3696682464454976
0.0657672849915683 0.3696682464454976
0.06571187868576242 0.3696682464454976
0.06565656565656566 0.3696682464454976
0.0656013456686291 0.3696682464454976
0.06554621848739496 0.3696682464454976
0.0654911838790932 0.3696682464454976
0.06543624161073826 0.3696682464454976
0.06538139145012574 0.3696682464454976
0.06532663316582915 0.3696682464454976
0.06527196652719665 0.3696682464454976
0.06521739130434782 0.3696682464454976
0.06516290726817042 0.3696682464454976
0.0659432387312187 0.3744075829383886
0.06672226855713094 0.3791469194312796
0.0675 0.38388625592417064
0.06744379683597003 0.38388625592417064
0.06821963394342762 0.3886255924170616
0.06816292601828762 0.3886255924170616
0.0681063122923588 0.3886255924170616
0.06804979253112033 0.3886255924170616
0.06799336650082918 0.3886255924170616
0.06793703396851698 0.3886255924170616
0.06788079470198675 0.3886255924170616
0.06782464846980976 0.3886255924170616
0.06776859504132231 0.3886255924170616
0.06771263418662263 0.3886255924170616
0.06765676567656766 0.3886255924170616
0.06760098928276999 0.3886255924170616
0.06754530477759473 0.3886255924170616
0.06748971193415639 0.3886255924170616
0.06743421052631579 0.3886255924170616
0.06737880032867707 0.3886255924170616
0.06732348111658457 0.3886255924170616
0.06726825266611977 0.3886255924170616
0.06721311475409836 0.3886255924170616
0.06715806715806716 0.3886255924170616
0.06710310965630115 0.3886255924170616
0.06704824202780049 0.3886255924170616
0.06699346405228758 0.3886255924170616
0.06693877551020408 0.3886255924170616
0.06688417618270799 0.3886255924170616
0.06682966585167074 0.3886255924170616
0.06677524429967427 0.3886255924170616
0.06672091131000814 0.3886255924170616
0.06666666666666667 0.3886255924170616
0.06661251015434606 0.3886255924170616
0.06655844155844155 0.3886255924170616
0.0665044606650446 0.3886255924170616
0.06645056726094004 0.3886255924170616
0.06639676113360324 0.3886255924170616
0.06634304207119741 0.3886255924170616
0.06628940986257073 0.3886255924170616
0.06623586429725363 0.3886255924170616
0.06618240516545601 0.3886255924170616
0.06612903225806452 0.3886255924170616
0.06607574536663981 0.3886255924170616
0.06602254428341385 0.3886255924170616
0.06596942880128721 0.3886255924170616
0.06591639871382636 0.3886255924170616
0.06586345381526104 0.3886255924170616
0.06581059390048154 0.3886255924170616
0.06575781876503609 0.3886255924170616
0.06570512820512821 0.3886255924170616
0.0656525220176141 0.3886255924170616
0.0656 0.3886255924170616
0.06554756195043965 0.3886255924170616
0.06549520766773163 0.3886255924170616
0.06544293695131684 0.3886255924170616
0.06539074960127592 0.3886255924170616
0.0653386454183267 0.3886255924170616
0.06528662420382166 0.3886255924170616
0.06523468575974542 0.3886255924170616
0.06518282988871224 0.3886255924170616
0.06513105639396347 0.3886255924170616
0.06507936507936508 0.3886255924170616
0.06502775574940524 0.3886255924170616
0.06497622820919176 0.3886255924170616
0.06492478226444973 0.3886255924170616
0.06487341772151899 0.3886255924170616
0.06482213438735178 0.3886255924170616
0.06477093206951026 0.3886255924170616
0.06471981057616416 0.3886255924170616
0.06466876971608833 0.3886255924170616
0.06461780929866036 0.3886255924170616
0.06456692913385827 0.3886255924170616
0.06451612903225806 0.3886255924170616
0.06446540880503145 0.3886255924170616
0.06441476826394343 0.3886255924170616
0.06436420722135008 0.3886255924170616
0.06431372549019608 0.3886255924170616
0.06426332288401254 0.3886255924170616
0.06421299921691465 0.3886255924170616
0.06416275430359937 0.3886255924170616
0.06411258795934324 0.3886255924170616
0.0640625 0.3886255924170616
0.06401249024199844 0.3886255924170616
0.06396255850234009 0.3886255924170616
0.06391270459859703 0.3886255924170616
0.06386292834890965 0.3886255924170616
0.06381322957198443 0.3886255924170616
0.06376360808709176 0.3886255924170616
0.06371406371406371 0.3886255924170616
0.06366459627329192 0.3886255924170616
0.06361520558572537 0.3886255924170616
0.06356589147286822 0.3886255924170616
0.06351665375677769 0.3886255924170616
0.06346749226006192 0.3886255924170616
0.0634184068058778 0.3886255924170616
0.0633693972179289 0.3886255924170616
0.06332046332046332 0.3886255924170616
0.06327160493827161 0.3886255924170616
0.06322282189668466 0.3886255924170616
0.06317411402157165 0.3886255924170616
0.06312548113933796 0.3886255924170616
0.06307692307692307 0.3886255924170616
0.06302843966179862 0.3886255924170616
0.0629800307219662 0.3886255924170616
0.06293169608595549 0.3886255924170616
0.06288343558282208 0.3886255924170616
0.06283524904214559 0.3886255924170616
0.06278713629402756 0.3886255924170616
0.06273909716908951 0.3886255924170616
0.06269113149847094 0.3886255924170616
0.06264323911382735 0.3886255924170616
0.06259541984732825 0.3886255924170616
0.06254767353165523 0.3886255924170616
0.0625 0.3886255924170616
0.062452399086062454 0.3886255924170616
0.0624048706240487 0.3886255924170616
0.0623574144486692 0.3886255924170616
0.06231003039513678 0.3886255924170616
0.06226271829916477 0.3886255924170616
0.0622154779969651 0.3886255924170616
0.0621683093252464 0.3886255924170616
0.06212121212121212 0.3886255924170616
0.06207418622255867 0.3886255924170616
0.06202723146747353 0.3886255924170616
0.06198034769463341 0.3886255924170616
0.061933534743202415 0.3886255924170616
0.061886792452830186 0.3886255924170616
0.06184012066365008 0.3886255924170616
0.06179351921627732 0.3886255924170616
0.061746987951807226 0.3886255924170616
0.06170052671181339 0.3886255924170616
0.061654135338345864 0.3886255924170616
0.061607813673929375 0.3886255924170616
0.06156156156156156 0.3886255924170616
0.06151537884471118 0.3886255924170616
0.06146926536731634 0.3886255924170616
0.06142322097378277 0.3886255924170616
0.061377245508982034 0.3886255924170616
0.061331338818249814 0.3886255924170616
0.061285500747384154 0.3886255924170616
0.061239731142643763 0.3886255924170616
0.06119402985074627 0.3886255924170616
0.061148396718866516 0.3886255924170616
0.06110283159463487 0.3886255924170616
0.06105733432613552 0.3886255924170616
0.06101190476190476 0.3886255924170616
0.060966542750929366 0.3886255924170616
0.06092124814264487 0.3886255924170616
0.06087602078693393 0.3886255924170616
0.06083086053412463 0.3886255924170616
0.06078576723498888 0.3886255924170616
0.06074074074074074 0.3886255924170616
0.06069578090303479 0.3886255924170616
0.060650887573964495 0.3886255924170616
0.06060606060606061 0.3886255924170616
0.060561299852289516 0.3886255924170616
