1.0 0.0016313213703099511
1.0 0.0032626427406199023
1.0 0.004893964110929853
1.0 0.0065252854812398045
1.0 0.008156606851549755
1.0 0.009787928221859706
1.0 0.011419249592169658
1.0 0.013050570962479609
1.0 0.01468189233278956
1.0 0.01631321370309951
1.0 0.01794453507340946
1.0 0.01957585644371941
1.0 0.021207177814029365
1.0 0.022838499184339316
1.0 0.024469820554649267
1.0 0.026101141924959218
1.0 0.02773246329526917
1.0 0.02936378466557912
0.9473684210526315 0.02936378466557912
0.9 0.02936378466557912
0.8571428571428571 0.02936378466557912
0.8181818181818182 0.02936378466557912
0.782608695652174 0.02936378466557912
0.75 0.02936378466557912
0.72 0.02936378466557912
0.6923076923076923 0.02936378466557912
0.6666666666666666 0.02936378466557912
0.6428571428571429 0.02936378466557912
0.6206896551724138 0.02936378466557912
0.6333333333333333 0.03099510603588907
0.6129032258064516 0.03099510603588907
0.59375 0.03099510603588907
0.5757575757575758 0.03099510603588907
0.5882352941176471 0.03262642740619902
0.5714285714285714 0.03262642740619902
0.5833333333333334 0.03425774877650897
0.5675675675675675 0.03425774877650897
0.5789473684210527 0.03588907014681892
0.5641025641025641 0.03588907014681892
0.55 0.03588907014681892
0.5365853658536586 0.03588907014681892
0.5238095238095238 0.03588907014681892
0.5116279069767442 0.03588907014681892
0.5 0.03588907014681892
0.4888888888888889 0.03588907014681892
0.4782608695652174 0.03588907014681892
0.46808510638297873 0.03588907014681892
0.4583333333333333 0.03588907014681892
0.4489795918367347 0.03588907014681892
0.44 0.03588907014681892
0.43137254901960786 0.03588907014681892
0.4230769230769231 0.03588907014681892
0.41509433962264153 0.03588907014681892
0.4074074074074074 0.03588907014681892
0.4 0.03588907014681892
0.39285714285714285 0.03588907014681892
0.38596491228070173 0.03588907014681892
0.3793103448275862 0.03588907014681892
0.3728813559322034 0.03588907014681892
0.36666666666666664 0.03588907014681892
0.3770491803278688 0.037520391517128875
0.3870967741935484 0.03915171288743882
0.3968253968253968 0.040783034257748776
0.40625 0.04241435562805873
0.4153846153846154 0.04404567699836868
0.42424242424242425 0.04567699836867863
0.43283582089552236 0.04730831973898858
0.4411764705882353 0.048939641109298535
0.4492753623188406 0.05057096247960848
0.45714285714285713 0.052202283849918436
0.4647887323943662 0.053833605220228384
0.4583333333333333 0.053833605220228384
0.4520547945205479 0.053833605220228384
0.44594594594594594 0.053833605220228384
0.44 0.053833605220228384
0.4342105263157895 0.053833605220228384
0.44155844155844154 0.05546492659053834
0.44871794871794873 0.057096247960848286
0.45569620253164556 0.05872756933115824
0.45 0.05872756933115824
0.4444444444444444 0.05872756933115824
0.45121951219512196 0.06035889070146819
0.4578313253012048 0.06199021207177814
0.4523809523809524 0.06199021207177814
0.4470588235294118 0.06199021207177814
0.4418604651162791 0.06199021207177814
0.4367816091954023 0.06199021207177814
0.4318181818181818 0.06199021207177814
0.42696629213483145 0.06199021207177814
0.4222222222222222 0.06199021207177814
0.4175824175824176 0.06199021207177814
0.42391304347826086 0.0636215334420881
0.43010752688172044 0.06525285481239804
0.43617021276595747 0.06688417618270799
0.43157894736842106 0.06688417618270799
0.4375 0.06851549755301795
0.4329896907216495 0.06851549755301795
0.42857142857142855 0.06851549755301795
0.42424242424242425 0.06851549755301795
0.42 0.06851549755301795
0.4158415841584158 0.06851549755301795
0.4215686274509804 0.0701468189233279
0.4174757281553398 0.0701468189233279
0.41346153846153844 0.0701468189233279
0.4095238095238095 0.0701468189233279
0.41509433962264153 0.07177814029363784
0.4205607476635514 0.0734094616639478
0.42592592592592593 0.07504078303425775
0.43119266055045874 0.0766721044045677
0.43636363636363634 0.07830342577487764
0.44144144144144143 0.0799347471451876
0.44642857142857145 0.08156606851549755
0.4424778761061947 0.08156606851549755
0.43859649122807015 0.08156606851549755
0.4434782608695652 0.08319738988580751
0.4396551724137931 0.08319738988580751
0.4358974358974359 0.08319738988580751
0.4322033898305085 0.08319738988580751
0.42857142857142855 0.08319738988580751
0.425 0.08319738988580751
0.4214876033057851 0.08319738988580751
0.4180327868852459 0.08319738988580751
0.42276422764227645 0.08482871125611746
0.4274193548387097 0.0864600326264274
0.432 0.08809135399673736
0.4365079365079365 0.08972267536704731
0.4409448818897638 0.09135399673735727
0.4453125 0.0929853181076672
0.4496124031007752 0.09461663947797716
0.4461538461538462 0.09461663947797716
0.44274809160305345 0.09461663947797716
0.4393939393939394 0.09461663947797716
0.43609022556390975 0.09461663947797716
0.43283582089552236 0.09461663947797716
0.42962962962962964 0.09461663947797716
0.4264705882352941 0.09461663947797716
0.4233576642335766 0.09461663947797716
0.42028985507246375 0.09461663947797716
0.4172661870503597 0.09461663947797716
0.4142857142857143 0.09461663947797716
0.41134751773049644 0.09461663947797716
0.4084507042253521 0.09461663947797716
0.40559440559440557 0.09461663947797716
0.4027777777777778 0.09461663947797716
0.4 0.09461663947797716
0.3972602739726027 0.09461663947797716
0.3945578231292517 0.09461663947797716
0.3918918918918919 0.09461663947797716
0.38926174496644295 0.09461663947797716
0.38666666666666666 0.09461663947797716
0.3841059602649007 0.09461663947797716
0.3815789473684211 0.09461663947797716
0.3790849673202614 0.09461663947797716
0.37662337662337664 0.09461663947797716
0.3741935483870968 0.09461663947797716
0.3717948717948718 0.09461663947797716
0.36942675159235666 0.09461663947797716
0.3670886075949367 0.09461663947797716
0.36477987421383645 0.09461663947797716
