1.0 0.005376344086021506
1.0 0.010752688172043012
0.6666666666666666 0.010752688172043012
0.75 0.016129032258064516
0.8 0.021505376344086023
0.8333333333333334 0.026881720430107527
0.8571428571428571 0.03225806451612903
0.75 0.03225806451612903
0.7777777777777778 0.03763440860215054
0.8 0.043010752688172046
0.8181818181818182 0.04838709677419355
0.8333333333333334 0.053763440860215055
0.8461538461538461 0.05913978494623656
0.8571428571428571 0.06451612903225806
0.8666666666666667 0.06989247311827956
0.875 0.07526881720430108
0.8823529411764706 0.08064516129032258
0.8888888888888888 0.08602150537634409
0.8947368421052632 0.0913978494623656
0.9 0.0967741935483871
0.9047619047619048 0.10215053763440861
0.8636363636363636 0.10215053763440861
0.8695652173913043 0.10752688172043011
0.875 0.11290322580645161
0.88 0.11827956989247312
0.8846153846153846 0.12365591397849462
0.8888888888888888 0.12903225806451613
0.8928571428571429 0.13440860215053763
0.896551724137931 0.13978494623655913
0.9 0.14516129032258066
0.9032258064516129 0.15053763440860216
0.90625 0.15591397849462366
0.9090909090909091 0.16129032258064516
0.9117647058823529 0.16666666666666666
0.9142857142857143 0.17204301075268819
0.8888888888888888 0.17204301075268819
0.8648648648648649 0.17204301075268819
0.8421052631578947 0.17204301075268819
0.8205128205128205 0.17204301075268819
0.8 0.17204301075268819
0.7804878048780488 0.17204301075268819
0.7619047619047619 0.17204301075268819
0.7441860465116279 0.17204301075268819
0.7272727272727273 0.17204301075268819
0.7111111111111111 0.17204301075268819
0.6956521739130435 0.17204301075268819
0.6808510638297872 0.17204301075268819
0.6666666666666666 0.17204301075268819
0.6530612244897959 0.17204301075268819
0.64 0.17204301075268819
0.6274509803921569 0.17204301075268819
0.6153846153846154 0.17204301075268819
0.6037735849056604 0.17204301075268819
0.5925925925925926 0.17204301075268819
0.5818181818181818 0.17204301075268819
0.5714285714285714 0.17204301075268819
0.5614035087719298 0.17204301075268819
0.5517241379310345 0.17204301075268819
0.5423728813559322 0.17204301075268819
0.5333333333333333 0.17204301075268819
0.5245901639344263 0.17204301075268819
0.5161290322580645 0.17204301075268819
0.5079365079365079 0.17204301075268819
0.5 0.17204301075268819
0.49230769230769234 0.17204301075268819
0.48484848484848486 0.17204301075268819
0.47761194029850745 0.17204301075268819
0.47058823529411764 0.17204301075268819
0.463768115942029 0.17204301075268819
0.45714285714285713 0.17204301075268819
0.4507042253521127 0.17204301075268819
0.4444444444444444 0.17204301075268819
0.4383561643835616 0.17204301075268819
