1.0 0.008130081300813009
1.0 0.016260162601626018
1.0 0.024390243902439025
0.75 0.024390243902439025
0.6 0.024390243902439025
0.5 0.024390243902439025
0.5714285714285714 0.032520325203252036
0.625 0.04065040650406504
0.6666666666666666 0.04878048780487805
0.7 0.056910569105691054
0.7272727272727273 0.06504065040650407
0.75 0.07317073170731707
0.7692307692307693 0.08130081300813008
0.7857142857142857 0.08943089430894309
0.8 0.0975609756097561
0.8125 0.10569105691056911
0.8235294117647058 0.11382113821138211
0.8333333333333334 0.12195121951219512
0.8421052631578947 0.13008130081300814
0.85 0.13821138211382114
0.8571428571428571 0.14634146341463414
0.8636363636363636 0.15447154471544716
0.8695652173913043 0.16260162601626016
0.875 0.17073170731707318
0.88 0.17886178861788618
0.8461538461538461 0.17886178861788618
0.8518518518518519 0.18699186991869918
0.8571428571428571 0.1951219512195122
0.8620689655172413 0.2032520325203252
0.8666666666666667 0.21138211382113822
0.8709677419354839 0.21951219512195122
0.875 0.22764227642276422
0.8787878787878788 0.23577235772357724
0.8823529411764706 0.24390243902439024
0.8857142857142857 0.25203252032520324
0.8888888888888888 0.2601626016260163
0.8648648648648649 0.2601626016260163
0.868421052631579 0.2682926829268293
0.8717948717948718 0.2764227642276423
0.875 0.2845528455284553
0.8780487804878049 0.2926829268292683
0.8809523809523809 0.3008130081300813
0.8604651162790697 0.3008130081300813
0.8409090909090909 0.3008130081300813
0.8444444444444444 0.3089430894308943
0.8260869565217391 0.3089430894308943
0.8085106382978723 0.3089430894308943
0.7916666666666666 0.3089430894308943
0.7755102040816326 0.3089430894308943
0.76 0.3089430894308943
0.7647058823529411 0.3170731707317073
0.7692307692307693 0.3252032520325203
0.7735849056603774 0.3333333333333333
0.7592592592592593 0.3333333333333333
0.7454545454545455 0.3333333333333333
0.7321428571428571 0.3333333333333333
0.7192982456140351 0.3333333333333333
0.7068965517241379 0.3333333333333333
0.6949152542372882 0.3333333333333333
0.7 0.34146341463414637
0.6885245901639344 0.34146341463414637
0.6935483870967742 0.34959349593495936
0.6825396825396826 0.34959349593495936
0.671875 0.34959349593495936
0.6615384615384615 0.34959349593495936
