1.0 0.000588235294117647
1.0 0.001176470588235294
1.0 0.0017647058823529412
1.0 0.002352941176470588
1.0 0.0029411764705882353
1.0 0.0035294117647058825
1.0 0.00411764705882353
1.0 0.004705882352941176
1.0 0.005294117647058823
1.0 0.0058823529411764705
1.0 0.006470588235294118
1.0 0.007058823529411765
1.0 0.007647058823529412
1.0 0.00823529411764706
1.0 0.008823529411764706
1.0 0.009411764705882352
1.0 0.01
1.0 0.010588235294117647
1.0 0.011176470588235295
1.0 0.011764705882352941
1.0 0.012352941176470587
1.0 0.012941176470588235
1.0 0.013529411764705882
1.0 0.01411764705882353
1.0 0.014705882352941176
1.0 0.015294117647058824
1.0 0.01588235294117647
1.0 0.01647058823529412
1.0 0.017058823529411765
1.0 0.01764705882352941
1.0 0.018235294117647058
1.0 0.018823529411764704
1.0 0.019411764705882354
1.0 0.02
1.0 0.020588235294117647
1.0 0.021176470588235293
1.0 0.02176470588235294
1.0 0.02235294117647059
1.0 0.022941176470588236
1.0 0.023529411764705882
1.0 0.02411764705882353
1.0 0.024705882352941175
1.0 0.025294117647058825
1.0 0.02588235294117647
1.0 0.026470588235294117
1.0 0.027058823529411764
1.0 0.027647058823529413
1.0 0.02823529411764706
1.0 0.028823529411764706
1.0 0.029411764705882353
1.0 0.03
0.9807692307692307 0.03
0.9622641509433962 0.03
0.9629629629629629 0.03058823529411765
0.9636363636363636 0.031176470588235295
0.9642857142857143 0.03176470588235294
0.9649122807017544 0.03235294117647059
0.9655172413793104 0.03294117647058824
0.9661016949152542 0.033529411764705884
0.9666666666666667 0.03411764705882353
0.9672131147540983 0.03470588235294118
0.967741935483871 0.03529411764705882
0.9682539682539683 0.03588235294117647
0.96875 0.036470588235294116
0.9538461538461539 0.036470588235294116
0.9393939393939394 0.036470588235294116
0.9402985074626866 0.03705882352941176
0.9411764705882353 0.03764705882352941
0.9420289855072463 0.03823529411764706
0.9285714285714286 0.03823529411764706
0.9295774647887324 0.03882352941176471
0.9305555555555556 0.039411764705882354
0.9315068493150684 0.04
0.9324324324324325 0.04058823529411765
0.9333333333333333 0.041176470588235294
0.9342105263157895 0.04176470588235294
0.935064935064935 0.042352941176470586
0.9358974358974359 0.04294117647058823
0.9367088607594937 0.04352941176470588
0.9375 0.04411764705882353
0.9382716049382716 0.04470588235294118
0.9390243902439024 0.045294117647058825
0.9397590361445783 0.04588235294117647
0.9404761904761905 0.04647058823529412
0.9411764705882353 0.047058823529411764
0.9418604651162791 0.04764705882352941
0.9425287356321839 0.04823529411764706
0.9431818181818182 0.0488235294117647
0.9438202247191011 0.04941176470588235
0.9444444444444444 0.05
0.9340659340659341 0.05
0.9239130434782609 0.05
0.9247311827956989 0.05058823529411765
0.925531914893617 0.051176470588235295
0.9263157894736842 0.05176470588235294
0.9270833333333334 0.05235294117647059
0.9175257731958762 0.05235294117647059
0.9081632653061225 0.05235294117647059
0.898989898989899 0.05235294117647059
0.89 0.05235294117647059
0.8811881188118812 0.05235294117647059
0.8725490196078431 0.05235294117647059
0.8737864077669902 0.052941176470588235
0.875 0.05352941176470588
0.8761904761904762 0.05411764705882353
0.8679245283018868 0.05411764705882353
0.8691588785046729 0.054705882352941174
0.8611111111111112 0.054705882352941174
0.8532110091743119 0.054705882352941174
0.8545454545454545 0.05529411764705883
0.8558558558558559 0.05588235294117647
0.8571428571428571 0.05647058823529412
0.8584070796460177 0.057058823529411766
0.8596491228070176 0.05764705882352941
0.8608695652173913 0.05823529411764706
0.8620689655172413 0.058823529411764705
0.8632478632478633 0.05941176470588235
0.864406779661017 0.06
0.865546218487395 0.060588235294117644
0.8666666666666667 0.0611764705882353
0.8677685950413223 0.061764705882352944
0.8688524590163934 0.06235294117647059
0.8699186991869918 0.06294117647058824
0.8709677419354839 0.06352941176470588
0.872 0.06411764705882353
0.873015873015873 0.06470588235294118
0.8740157480314961 0.06529411764705882
0.875 0.06588235294117648
0.875968992248062 0.06647058823529411
0.8769230769230769 0.06705882352941177
0.8778625954198473 0.06764705882352941
0.8787878787878788 0.06823529411764706
0.8796992481203008 0.0688235294117647
0.8805970149253731 0.06941176470588235
0.8814814814814815 0.07
0.8823529411764706 0.07058823529411765
0.8832116788321168 0.0711764705882353
0.8840579710144928 0.07176470588235294
0.8848920863309353 0.07235294117647059
0.8857142857142857 0.07294117647058823
0.8794326241134752 0.07294117647058823
0.8732394366197183 0.07294117647058823
0.8671328671328671 0.07294117647058823
0.8611111111111112 0.07294117647058823
0.8620689655172413 0.07352941176470588
0.8561643835616438 0.07352941176470588
0.8503401360544217 0.07352941176470588
0.8513513513513513 0.07411764705882352
0.8523489932885906 0.07470588235294118
0.8466666666666667 0.07470588235294118
0.847682119205298 0.07529411764705882
0.8421052631578947 0.07529411764705882
0.8431372549019608 0.07588235294117647
0.8441558441558441 0.07647058823529412
0.8387096774193549 0.07647058823529412
0.8333333333333334 0.07647058823529412
0.8343949044585988 0.07705882352941176
0.8291139240506329 0.07705882352941176
0.8238993710691824 0.07705882352941176
0.81875 0.07705882352941176
0.8136645962732919 0.07705882352941176
0.8148148148148148 0.07764705882352942
0.8098159509202454 0.07764705882352942
0.8048780487804879 0.07764705882352942
0.806060606060606 0.07823529411764706
0.8072289156626506 0.07882352941176471
0.8023952095808383 0.07882352941176471
0.7976190476190477 0.07882352941176471
0.7928994082840237 0.07882352941176471
0.7941176470588235 0.07941176470588235
0.7894736842105263 0.07941176470588235
0.7848837209302325 0.07941176470588235
0.7803468208092486 0.07941176470588235
0.7758620689655172 0.07941176470588235
0.7714285714285715 0.07941176470588235
0.7670454545454546 0.07941176470588235
0.7627118644067796 0.07941176470588235
0.7584269662921348 0.07941176470588235
0.7541899441340782 0.07941176470588235
0.75 0.07941176470588235
0.7458563535911602 0.07941176470588235
0.7417582417582418 0.07941176470588235
0.7377049180327869 0.07941176470588235
0.7336956521739131 0.07941176470588235
0.7297297297297297 0.07941176470588235
0.7258064516129032 0.07941176470588235
0.7219251336898396 0.07941176470588235
0.7180851063829787 0.07941176470588235
0.7142857142857143 0.07941176470588235
0.7157894736842105 0.08
0.7172774869109948 0.08058823529411764
0.71875 0.0811764705882353
0.7202072538860104 0.08176470588235295
0.7216494845360825 0.08235294117647059
0.7230769230769231 0.08294117647058824
0.7193877551020408 0.08294117647058824
0.7208121827411168 0.08352941176470588
0.7171717171717171 0.08352941176470588
0.7185929648241206 0.08411764705882353
0.72 0.08470588235294117
0.7213930348258707 0.08529411764705883
0.7227722772277227 0.08588235294117647
0.7241379310344828 0.08647058823529412
0.7254901960784313 0.08705882352941176
0.7268292682926829 0.08764705882352941
0.7233009708737864 0.08764705882352941
0.7198067632850241 0.08764705882352941
0.7163461538461539 0.08764705882352941
0.7129186602870813 0.08764705882352941
0.7095238095238096 0.08764705882352941
0.7061611374407583 0.08764705882352941
0.7028301886792453 0.08764705882352941
0.6995305164319249 0.08764705882352941
0.6962616822429907 0.08764705882352941
0.6930232558139535 0.08764705882352941
0.6898148148148148 0.08764705882352941
0.6866359447004609 0.08764705882352941
0.6880733944954128 0.08823529411764706
0.684931506849315 0.08823529411764706
0.6818181818181818 0.08823529411764706
0.6787330316742082 0.08823529411764706
0.6801801801801802 0.0888235294117647
0.6771300448430493 0.0888235294117647
0.6785714285714286 0.08941176470588236
0.6755555555555556 0.08941176470588236
0.672566371681416 0.08941176470588236
0.6696035242290749 0.08941176470588236
0.6710526315789473 0.09
0.6681222707423581 0.09
0.6652173913043479 0.09
0.6623376623376623 0.09
0.6594827586206896 0.09
0.6566523605150214 0.09
0.6581196581196581 0.09058823529411765
0.6553191489361702 0.09058823529411765
0.652542372881356 0.09058823529411765
0.6497890295358649 0.09058823529411765
0.6470588235294118 0.09058823529411765
0.6443514644351465 0.09058823529411765
0.6416666666666667 0.09058823529411765
0.6431535269709544 0.09117647058823529
0.6446280991735537 0.09176470588235294
0.6460905349794238 0.09235294117647058
0.6475409836065574 0.09294117647058824
0.6489795918367347 0.09352941176470589
0.6504065040650406 0.09411764705882353
0.6518218623481782 0.09470588235294118
0.6532258064516129 0.09529411764705882
0.6506024096385542 0.09529411764705882
0.652 0.09588235294117647
0.6533864541832669 0.09647058823529411
0.6547619047619048 0.09705882352941177
0.6561264822134387 0.0976470588235294
0.65748031496063 0.09823529411764706
0.6549019607843137 0.09823529411764706
0.65625 0.0988235294117647
0.6575875486381323 0.09941176470588235
0.6550387596899225 0.09941176470588235
0.6563706563706564 0.1
0.6576923076923077 0.10058823529411764
0.6590038314176245 0.1011764705882353
0.6564885496183206 0.1011764705882353
0.6539923954372624 0.1011764705882353
0.6515151515151515 0.1011764705882353
0.6528301886792452 0.10176470588235294
0.6541353383458647 0.10235294117647059
0.6554307116104869 0.10294117647058823
0.6567164179104478 0.10352941176470588
0.6579925650557621 0.10411764705882352
0.6592592592592592 0.10470588235294118
0.6568265682656826 0.10470588235294118
0.6544117647058824 0.10470588235294118
0.652014652014652 0.10470588235294118
0.6496350364963503 0.10470588235294118
0.6509090909090909 0.10529411764705883
0.6485507246376812 0.10529411764705883
0.6462093862815884 0.10529411764705883
0.6474820143884892 0.10588235294117647
0.6487455197132617 0.10647058823529412
0.6464285714285715 0.10647058823529412
0.6441281138790036 0.10647058823529412
0.6453900709219859 0.10705882352941176
0.6466431095406361 0.10764705882352942
0.6443661971830986 0.10764705882352942
0.6456140350877193 0.10823529411764705
0.6468531468531469 0.10882352941176471
0.6480836236933798 0.10941176470588235
0.6458333333333334 0.10941176470588235
0.643598615916955 0.10941176470588235
0.6413793103448275 0.10941176470588235
0.6426116838487973 0.11
0.6404109589041096 0.11
0.6382252559726962 0.11
0.6360544217687075 0.11
0.6338983050847458 0.11
0.6317567567567568 0.11
0.632996632996633 0.11058823529411765
0.6342281879194631 0.1111764705882353
0.6321070234113713 0.1111764705882353
0.6333333333333333 0.11176470588235295
0.6345514950166113 0.11235294117647059
0.6357615894039735 0.11294117647058824
0.636963696369637 0.11352941176470588
0.6348684210526315 0.11352941176470588
0.6360655737704918 0.11411764705882353
0.6339869281045751 0.11411764705882353
0.6319218241042345 0.11411764705882353
0.6298701298701299 0.11411764705882353
0.6310679611650486 0.11470588235294117
0.632258064516129 0.11529411764705882
0.6302250803858521 0.11529411764705882
0.6282051282051282 0.11529411764705882
0.6261980830670927 0.11529411764705882
0.6242038216560509 0.11529411764705882
0.6222222222222222 0.11529411764705882
0.6234177215189873 0.11588235294117646
0.6246056782334385 0.11647058823529412
0.6257861635220126 0.11705882352941177
0.6238244514106583 0.11705882352941177
0.621875 0.11705882352941177
0.6230529595015576 0.11764705882352941
0.6242236024844721 0.11823529411764706
0.6253869969040248 0.1188235294117647
0.6265432098765432 0.11941176470588236
0.6276923076923077 0.12
0.6288343558282209 0.12058823529411765
0.6299694189602446 0.12117647058823529
0.6310975609756098 0.12176470588235294
0.6291793313069909 0.12176470588235294
0.6303030303030303 0.1223529411764706
0.6314199395770392 0.12294117647058823
0.6325301204819277 0.12352941176470589
0.6306306306306306 0.12352941176470589
0.6287425149700598 0.12352941176470589
0.6268656716417911 0.12352941176470589
0.625 0.12352941176470589
0.6231454005934718 0.12352941176470589
0.621301775147929 0.12352941176470589
0.6194690265486725 0.12352941176470589
0.6205882352941177 0.12411764705882353
0.6187683284457478 0.12411764705882353
0.6169590643274854 0.12411764705882353
0.6180758017492711 0.12470588235294118
0.6191860465116279 0.12529411764705883
0.6173913043478261 0.12529411764705883
0.615606936416185 0.12529411764705883
0.6138328530259366 0.12529411764705883
0.6120689655172413 0.12529411764705883
0.6103151862464183 0.12529411764705883
0.6085714285714285 0.12529411764705883
0.6096866096866097 0.12588235294117647
0.6107954545454546 0.1264705882352941
0.6118980169971672 0.12705882352941175
0.6101694915254238 0.12705882352941175
0.6084507042253521 0.12705882352941175
0.6067415730337079 0.12705882352941175
0.6078431372549019 0.12764705882352942
0.6089385474860335 0.12823529411764706
0.6100278551532033 0.1288235294117647
0.6111111111111112 0.12941176470588237
0.6121883656509696 0.13
0.6132596685082873 0.13058823529411764
0.6143250688705234 0.13117647058823528
0.6153846153846154 0.13176470588235295
0.6164383561643836 0.1323529411764706
0.6174863387978142 0.13294117647058823
0.6185286103542235 0.13352941176470587
0.6168478260869565 0.13352941176470587
0.6151761517615176 0.13352941176470587
0.6135135135135135 0.13352941176470587
0.6118598382749326 0.13352941176470587
0.6102150537634409 0.13352941176470587
0.6085790884718498 0.13352941176470587
0.606951871657754 0.13352941176470587
0.608 0.13411764705882354
0.6063829787234043 0.13411764705882354
0.6074270557029178 0.13470588235294118
0.6084656084656085 0.13529411764705881
0.6068601583113457 0.13529411764705881
0.6052631578947368 0.13529411764705881
0.6036745406824147 0.13529411764705881
0.6047120418848168 0.13588235294117648
0.6057441253263708 0.13647058823529412
0.6067708333333334 0.13705882352941176
0.6077922077922078 0.1376470588235294
0.6088082901554405 0.13823529411764707
0.6098191214470284 0.1388235294117647
0.6082474226804123 0.1388235294117647
0.6066838046272494 0.1388235294117647
0.6051282051282051 0.1388235294117647
0.6035805626598465 0.1388235294117647
0.6020408163265306 0.1388235294117647
0.6005089058524173 0.1388235294117647
0.5989847715736041 0.1388235294117647
0.5974683544303797 0.1388235294117647
0.5959595959595959 0.1388235294117647
0.5944584382871536 0.1388235294117647
0.592964824120603 0.1388235294117647
0.5914786967418546 0.1388235294117647
0.59 0.1388235294117647
0.5885286783042394 0.1388235294117647
0.5870646766169154 0.1388235294117647
0.5856079404466501 0.1388235294117647
0.5841584158415841 0.1388235294117647
0.582716049382716 0.1388235294117647
0.5812807881773399 0.1388235294117647
0.5798525798525799 0.1388235294117647
0.5784313725490197 0.1388235294117647
0.5794621026894865 0.13941176470588235
0.5780487804878048 0.13941176470588235
0.5790754257907542 0.14
0.5800970873786407 0.14058823529411765
0.5786924939467313 0.14058823529411765
0.5772946859903382 0.14058823529411765
0.5783132530120482 0.1411764705882353
0.5769230769230769 0.1411764705882353
0.5755395683453237 0.1411764705882353
0.5741626794258373 0.1411764705882353
0.5727923627684964 0.1411764705882353
0.5714285714285714 0.1411764705882353
0.5700712589073634 0.1411764705882353
0.5687203791469194 0.1411764705882353
0.5673758865248227 0.1411764705882353
0.5660377358490566 0.1411764705882353
0.5647058823529412 0.1411764705882353
0.5657276995305164 0.14176470588235293
0.5667447306791569 0.1423529411764706
0.5677570093457944 0.14294117647058824
0.5687645687645687 0.14352941176470588
0.5697674418604651 0.14411764705882352
0.5707656612529002 0.14470588235294118
0.5717592592592593 0.14529411764705882
0.5727482678983834 0.14588235294117646
0.5737327188940092 0.14647058823529413
0.5724137931034483 0.14647058823529413
0.5711009174311926 0.14647058823529413
0.5720823798627003 0.14705882352941177
0.5707762557077626 0.14705882352941177
0.571753986332574 0.1476470588235294
0.5727272727272728 0.14823529411764705
0.5736961451247166 0.14882352941176472
0.5746606334841629 0.14941176470588236
0.5756207674943566 0.15
0.5765765765765766 0.15058823529411763
0.5775280898876405 0.1511764705882353
0.57847533632287 0.15176470588235294
0.5794183445190156 0.15235294117647058
0.578125 0.15235294117647058
0.579064587973274 0.15294117647058825
0.5777777777777777 0.15294117647058825
0.5787139689578714 0.1535294117647059
0.577433628318584 0.1535294117647059
0.5783664459161147 0.15411764705882353
0.5770925110132159 0.15411764705882353
0.5758241758241758 0.15411764705882353
0.5745614035087719 0.15411764705882353
0.5754923413566739 0.15470588235294117
0.5764192139737991 0.15529411764705883
0.5773420479302832 0.15588235294117647
0.5760869565217391 0.15588235294117647
0.5748373101952278 0.15588235294117647
0.5735930735930735 0.15588235294117647
0.572354211663067 0.15588235294117647
0.5711206896551724 0.15588235294117647
0.5698924731182796 0.15588235294117647
0.5686695278969958 0.15588235294117647
0.5674518201284796 0.15588235294117647
0.5662393162393162 0.15588235294117647
0.5650319829424307 0.15588235294117647
0.5638297872340425 0.15588235294117647
0.5626326963906582 0.15588235294117647
0.5614406779661016 0.15588235294117647
0.5602536997885835 0.15588235294117647
0.5590717299578059 0.15588235294117647
0.56 0.1564705882352941
0.5609243697478992 0.15705882352941178
0.5618448637316562 0.15764705882352942
0.5627615062761506 0.15823529411764706
0.5636743215031316 0.1588235294117647
0.5645833333333333 0.15941176470588236
0.5654885654885655 0.16
0.5663900414937759 0.16058823529411764
0.567287784679089 0.16117647058823528
0.5681818181818182 0.16176470588235295
0.5690721649484536 0.1623529411764706
0.5699588477366255 0.16294117647058823
0.5708418891170431 0.1635294117647059
0.5717213114754098 0.16411764705882353
0.5725971370143149 0.16470588235294117
0.573469387755102 0.1652941176470588
0.5743380855397149 0.16588235294117648
0.5752032520325203 0.16647058823529412
0.5760649087221096 0.16705882352941176
0.5769230769230769 0.1676470588235294
0.5777777777777777 0.16823529411764707
0.5786290322580645 0.1688235294117647
0.579476861167002 0.16941176470588235
0.5803212851405622 0.17
0.5811623246492986 0.17058823529411765
0.582 0.1711764705882353
0.5828343313373253 0.17176470588235293
0.5816733067729084 0.17176470588235293
0.5805168986083499 0.17176470588235293
0.5793650793650794 0.17176470588235293
0.5782178217821782 0.17176470588235293
0.5770750988142292 0.17176470588235293
0.5779092702169625 0.1723529411764706
0.5767716535433071 0.1723529411764706
0.5756385068762279 0.1723529411764706
0.5745098039215686 0.1723529411764706
0.5733855185909981 0.1723529411764706
0.572265625 0.1723529411764706
0.571150097465887 0.1723529411764706
0.5700389105058365 0.1723529411764706
0.5689320388349515 0.1723529411764706
0.5678294573643411 0.1723529411764706
0.5667311411992263 0.1723529411764706
0.5656370656370656 0.1723529411764706
0.5645472061657033 0.1723529411764706
0.5634615384615385 0.1723529411764706
0.564299424184261 0.17294117647058824
0.5632183908045977 0.17294117647058824
0.5640535372848948 0.17352941176470588
0.5648854961832062 0.17411764705882352
0.5657142857142857 0.17470588235294118
0.564638783269962 0.17470588235294118
0.5635673624288425 0.17470588235294118
0.5625 0.17470588235294118
0.5614366729678639 0.17470588235294118
0.560377358490566 0.17470588235294118
0.559322033898305 0.17470588235294118
0.5582706766917294 0.17470588235294118
0.5572232645403377 0.17470588235294118
0.5561797752808989 0.17470588235294118
0.5551401869158878 0.17470588235294118
0.5541044776119403 0.17470588235294118
0.553072625698324 0.17470588235294118
0.5520446096654275 0.17470588235294118
0.5510204081632653 0.17470588235294118
0.55 0.17470588235294118
0.5489833641404805 0.17470588235294118
0.5479704797047971 0.17470588235294118
0.5469613259668509 0.17470588235294118
