1.0 0.006756756756756757
1.0 0.013513513513513514
0.6666666666666666 0.013513513513513514
0.75 0.02027027027027027
0.6 0.02027027027027027
0.6666666666666666 0.02702702702702703
0.7142857142857143 0.033783783783783786
0.75 0.04054054054054054
0.7777777777777778 0.0472972972972973
0.7 0.0472972972972973
0.7272727272727273 0.05405405405405406
0.75 0.060810810810810814
0.7692307692307693 0.06756756756756757
0.7857142857142857 0.07432432432432433
0.7333333333333333 0.07432432432432433
0.75 0.08108108108108109
0.7647058823529411 0.08783783783783784
0.7222222222222222 0.08783783783783784
0.7368421052631579 0.0945945945945946
0.75 0.10135135135135136
0.7142857142857143 0.10135135135135136
0.7272727272727273 0.10810810810810811
0.7391304347826086 0.11486486486486487
0.7083333333333334 0.11486486486486487
0.68 0.11486486486486487
0.6923076923076923 0.12162162162162163
0.7037037037037037 0.12837837837837837
0.7142857142857143 0.13513513513513514
0.7241379310344828 0.14189189189189189
0.7333333333333333 0.14864864864864866
0.7419354838709677 0.1554054054054054
0.75 0.16216216216216217
0.7575757575757576 0.16891891891891891
0.7647058823529411 0.17567567567567569
0.7714285714285715 0.18243243243243243
0.75 0.18243243243243243
0.7567567567567568 0.1891891891891892
0.7368421052631579 0.1891891891891892
0.7435897435897436 0.19594594594594594
0.75 0.20270270270270271
0.7560975609756098 0.20945945945945946
0.7619047619047619 0.21621621621621623
0.7674418604651163 0.22297297297297297
0.7727272727272727 0.22972972972972974
0.7777777777777778 0.23648648648648649
0.782608695652174 0.24324324324324326
0.7872340425531915 0.25
0.7916666666666666 0.25675675675675674
0.7959183673469388 0.2635135135135135
0.78 0.2635135135135135
0.7843137254901961 0.2702702702702703
0.7884615384615384 0.27702702702702703
0.7924528301886793 0.28378378378378377
0.7962962962962963 0.2905405405405405
0.8 0.2972972972972973
0.8035714285714286 0.30405405405405406
0.8070175438596491 0.3108108108108108
0.8103448275862069 0.31756756756756754
0.8135593220338984 0.32432432432432434
0.8 0.32432432432432434
0.8032786885245902 0.3310810810810811
0.7903225806451613 0.3310810810810811
0.7777777777777778 0.3310810810810811
0.78125 0.33783783783783783
0.7846153846153846 0.34459459459459457
0.7878787878787878 0.35135135135135137
0.7910447761194029 0.3581081081081081
0.7794117647058824 0.3581081081081081
0.782608695652174 0.36486486486486486
0.7857142857142857 0.3716216216216216
0.7746478873239436 0.3716216216216216
0.7777777777777778 0.3783783783783784
0.7808219178082192 0.38513513513513514
0.7837837837837838 0.3918918918918919
0.7866666666666666 0.39864864864864863
0.7894736842105263 0.40540540540540543
0.7922077922077922 0.41216216216216217
0.782051282051282 0.41216216216216217
0.7721518987341772 0.41216216216216217
0.7625 0.41216216216216217
0.7530864197530864 0.41216216216216217
0.7560975609756098 0.4189189189189189
0.7469879518072289 0.4189189189189189
0.7380952380952381 0.4189189189189189
0.7294117647058823 0.4189189189189189
0.7209302325581395 0.4189189189189189
0.7126436781609196 0.4189189189189189
0.7159090909090909 0.42567567567567566
0.7191011235955056 0.43243243243243246
0.7222222222222222 0.4391891891891892
0.7252747252747253 0.44594594594594594
0.7282608695652174 0.4527027027027027
0.7311827956989247 0.4594594594594595
0.7340425531914894 0.46621621621621623
0.7263157894736842 0.46621621621621623
0.7291666666666666 0.47297297297297297
0.7319587628865979 0.4797297297297297
0.7346938775510204 0.4864864864864865
0.7373737373737373 0.49324324324324326
0.74 0.5
0.7425742574257426 0.5067567567567568
0.7450980392156863 0.5135135135135135
0.7378640776699029 0.5135135135135135
0.7307692307692307 0.5135135135135135
0.7238095238095238 0.5135135135135135
0.7169811320754716 0.5135135135135135
0.7102803738317757 0.5135135135135135
0.7037037037037037 0.5135135135135135
0.6972477064220184 0.5135135135135135
0.7 0.5202702702702703
0.7027027027027027 0.527027027027027
0.7053571428571429 0.5337837837837838
0.7079646017699115 0.5405405405405406
0.7105263157894737 0.5472972972972973
0.7130434782608696 0.5540540540540541
0.7068965517241379 0.5540540540540541
