1.0 0.0055248618784530384
1.0 0.0055248618784530384
1.0 0.0055248618784530384
1.0 0.0055248618784530384
1.0 0.011049723756906077
0.6666666666666666 0.011049723756906077
0.6666666666666666 0.011049723756906077
0.6666666666666666 0.011049723756906077
0.6666666666666666 0.011049723756906077
0.6666666666666666 0.011049723756906077
0.6666666666666666 0.011049723756906077
0.6666666666666666 0.011049723756906077
0.6666666666666666 0.011049723756906077
0.6666666666666666 0.011049723756906077
0.6666666666666666 0.011049723756906077
0.75 0.016574585635359115
0.75 0.016574585635359115
0.75 0.016574585635359115
0.75 0.016574585635359115
0.75 0.016574585635359115
0.75 0.016574585635359115
0.75 0.016574585635359115
0.75 0.016574585635359115
0.75 0.016574585635359115
0.75 0.016574585635359115
0.8333333333333334 0.027624309392265192
0.8571428571428571 0.03314917127071823
0.875 0.03867403314917127
0.875 0.03867403314917127
0.875 0.03867403314917127
0.875 0.03867403314917127
0.875 0.03867403314917127
0.875 0.03867403314917127
0.875 0.03867403314917127
0.875 0.03867403314917127
0.875 0.03867403314917127
0.875 0.03867403314917127
0.875 0.03867403314917127
0.875 0.03867403314917127
0.875 0.03867403314917127
0.7777777777777778 0.03867403314917127
0.7777777777777778 0.03867403314917127
0.7777777777777778 0.03867403314917127
0.7777777777777778 0.03867403314917127
0.7777777777777778 0.03867403314917127
0.7777777777777778 0.03867403314917127
0.7777777777777778 0.03867403314917127
0.7777777777777778 0.03867403314917127
0.7777777777777778 0.03867403314917127
0.7777777777777778 0.03867403314917127
0.7777777777777778 0.03867403314917127
0.8 0.04419889502762431
0.8181818181818182 0.049723756906077346
0.8181818181818182 0.049723756906077346
0.8181818181818182 0.049723756906077346
0.8333333333333334 0.055248618784530384
0.8461538461538461 0.06077348066298342
0.8461538461538461 0.06077348066298342
0.7857142857142857 0.06077348066298342
0.8125 0.0718232044198895
0.8333333333333334 0.08287292817679558
0.8333333333333334 0.08287292817679558
0.8333333333333334 0.08287292817679558
0.8333333333333334 0.08287292817679558
0.8333333333333334 0.08287292817679558
0.8333333333333334 0.08287292817679558
0.8421052631578947 0.08839779005524862
0.8421052631578947 0.08839779005524862
0.8421052631578947 0.08839779005524862
0.8421052631578947 0.08839779005524862
0.8421052631578947 0.08839779005524862
0.8421052631578947 0.08839779005524862
0.8421052631578947 0.08839779005524862
0.8421052631578947 0.08839779005524862
0.8421052631578947 0.08839779005524862
0.8421052631578947 0.08839779005524862
0.8421052631578947 0.08839779005524862
0.8421052631578947 0.08839779005524862
0.8421052631578947 0.08839779005524862
0.8421052631578947 0.08839779005524862
0.8421052631578947 0.08839779005524862
0.8421052631578947 0.08839779005524862
0.8421052631578947 0.08839779005524862
0.8421052631578947 0.08839779005524862
0.8 0.08839779005524862
0.8 0.08839779005524862
0.8 0.08839779005524862
0.8 0.08839779005524862
0.8 0.08839779005524862
0.8 0.08839779005524862
0.8 0.08839779005524862
0.8 0.08839779005524862
0.8 0.08839779005524862
0.8 0.08839779005524862
0.8 0.08839779005524862
0.8 0.08839779005524862
0.8 0.08839779005524862
0.8 0.08839779005524862
0.7619047619047619 0.08839779005524862
0.7272727272727273 0.08839779005524862
0.7272727272727273 0.08839779005524862
0.7272727272727273 0.08839779005524862
0.7272727272727273 0.08839779005524862
0.7272727272727273 0.08839779005524862
0.7272727272727273 0.08839779005524862
0.7272727272727273 0.08839779005524862
0.7272727272727273 0.08839779005524862
0.7272727272727273 0.08839779005524862
0.7272727272727273 0.08839779005524862
0.7272727272727273 0.08839779005524862
0.7272727272727273 0.08839779005524862
0.7272727272727273 0.08839779005524862
0.7272727272727273 0.08839779005524862
0.7272727272727273 0.08839779005524862
0.7272727272727273 0.08839779005524862
0.7272727272727273 0.08839779005524862
0.7272727272727273 0.08839779005524862
0.7272727272727273 0.08839779005524862
0.7272727272727273 0.08839779005524862
0.7272727272727273 0.08839779005524862
0.7272727272727273 0.08839779005524862
0.7272727272727273 0.08839779005524862
0.7272727272727273 0.08839779005524862
0.7272727272727273 0.08839779005524862
0.7272727272727273 0.08839779005524862
0.7272727272727273 0.08839779005524862
0.7272727272727273 0.08839779005524862
0.7272727272727273 0.08839779005524862
0.7272727272727273 0.08839779005524862
0.7272727272727273 0.08839779005524862
0.7272727272727273 0.08839779005524862
0.6956521739130435 0.08839779005524862
0.6956521739130435 0.08839779005524862
0.6956521739130435 0.08839779005524862
0.6956521739130435 0.08839779005524862
0.6956521739130435 0.08839779005524862
0.6956521739130435 0.08839779005524862
0.6956521739130435 0.08839779005524862
0.6956521739130435 0.08839779005524862
0.6956521739130435 0.08839779005524862
0.6956521739130435 0.08839779005524862
0.6956521739130435 0.08839779005524862
0.6956521739130435 0.08839779005524862
0.6956521739130435 0.08839779005524862
0.6956521739130435 0.08839779005524862
0.6956521739130435 0.08839779005524862
0.6956521739130435 0.08839779005524862
0.6956521739130435 0.08839779005524862
0.6956521739130435 0.08839779005524862
0.6666666666666666 0.08839779005524862
0.6666666666666666 0.08839779005524862
0.6666666666666666 0.08839779005524862
0.6666666666666666 0.08839779005524862
0.6666666666666666 0.08839779005524862
0.6666666666666666 0.08839779005524862
0.6666666666666666 0.08839779005524862
0.68 0.09392265193370165
0.68 0.09392265193370165
0.68 0.09392265193370165
0.68 0.09392265193370165
0.6923076923076923 0.09944751381215469
0.6923076923076923 0.09944751381215469
0.6923076923076923 0.09944751381215469
0.6923076923076923 0.09944751381215469
0.6923076923076923 0.09944751381215469
0.6923076923076923 0.09944751381215469
0.6923076923076923 0.09944751381215469
0.6923076923076923 0.09944751381215469
0.6923076923076923 0.09944751381215469
0.6923076923076923 0.09944751381215469
0.6923076923076923 0.09944751381215469
0.6923076923076923 0.09944751381215469
0.6923076923076923 0.09944751381215469
0.6666666666666666 0.09944751381215469
0.6666666666666666 0.09944751381215469
0.6666666666666666 0.09944751381215469
0.6666666666666666 0.09944751381215469
0.6666666666666666 0.09944751381215469
0.6666666666666666 0.09944751381215469
0.6666666666666666 0.09944751381215469
0.6666666666666666 0.09944751381215469
0.6666666666666666 0.09944751381215469
0.6666666666666666 0.09944751381215469
0.6666666666666666 0.09944751381215469
0.6666666666666666 0.09944751381215469
0.6666666666666666 0.09944751381215469
0.6666666666666666 0.09944751381215469
0.6666666666666666 0.09944751381215469
0.6666666666666666 0.09944751381215469
0.6666666666666666 0.09944751381215469
0.6666666666666666 0.09944751381215469
0.6666666666666666 0.09944751381215469
0.6785714285714286 0.10497237569060773
0.6896551724137931 0.11049723756906077
0.6896551724137931 0.11049723756906077
0.6896551724137931 0.11049723756906077
0.6896551724137931 0.11049723756906077
0.6896551724137931 0.11049723756906077
0.6896551724137931 0.11049723756906077
0.6896551724137931 0.11049723756906077
0.6896551724137931 0.11049723756906077
0.6896551724137931 0.11049723756906077
0.6896551724137931 0.11049723756906077
0.6896551724137931 0.11049723756906077
0.6896551724137931 0.11049723756906077
0.6896551724137931 0.11049723756906077
0.6896551724137931 0.11049723756906077
0.6896551724137931 0.11049723756906077
0.6896551724137931 0.11049723756906077
0.6896551724137931 0.11049723756906077
0.6896551724137931 0.11049723756906077
0.6896551724137931 0.11049723756906077
0.6896551724137931 0.11049723756906077
0.6896551724137931 0.11049723756906077
0.6896551724137931 0.11049723756906077
0.6896551724137931 0.11049723756906077
0.6896551724137931 0.11049723756906077
0.6896551724137931 0.11049723756906077
0.6896551724137931 0.11049723756906077
0.6666666666666666 0.11049723756906077
0.6666666666666666 0.11049723756906077
0.6666666666666666 0.11049723756906077
0.6666666666666666 0.11049723756906077
0.6666666666666666 0.11049723756906077
0.6666666666666666 0.11049723756906077
0.6666666666666666 0.11049723756906077
0.6451612903225806 0.11049723756906077
0.6451612903225806 0.11049723756906077
0.6451612903225806 0.11049723756906077
0.6451612903225806 0.11049723756906077
0.6451612903225806 0.11049723756906077
0.6451612903225806 0.11049723756906077
0.6451612903225806 0.11049723756906077
0.6451612903225806 0.11049723756906077
0.6451612903225806 0.11049723756906077
0.6451612903225806 0.11049723756906077
0.625 0.11049723756906077
0.625 0.11049723756906077
0.625 0.11049723756906077
0.625 0.11049723756906077
0.625 0.11049723756906077
0.625 0.11049723756906077
0.625 0.11049723756906077
0.625 0.11049723756906077
0.625 0.11049723756906077
0.625 0.11049723756906077
0.625 0.11049723756906077
0.625 0.11049723756906077
0.625 0.11049723756906077
0.625 0.11049723756906077
0.6060606060606061 0.11049723756906077
0.6060606060606061 0.11049723756906077
0.6060606060606061 0.11049723756906077
0.6060606060606061 0.11049723756906077
0.6060606060606061 0.11049723756906077
0.6060606060606061 0.11049723756906077
0.6060606060606061 0.11049723756906077
0.6060606060606061 0.11049723756906077
0.6060606060606061 0.11049723756906077
0.6060606060606061 0.11049723756906077
0.6060606060606061 0.11049723756906077
0.6060606060606061 0.11049723756906077
0.6060606060606061 0.11049723756906077
0.6060606060606061 0.11049723756906077
0.5882352941176471 0.11049723756906077
0.5882352941176471 0.11049723756906077
0.5882352941176471 0.11049723756906077
0.5882352941176471 0.11049723756906077
0.5882352941176471 0.11049723756906077
0.5882352941176471 0.11049723756906077
0.5882352941176471 0.11049723756906077
0.5882352941176471 0.11049723756906077
0.5882352941176471 0.11049723756906077
0.5882352941176471 0.11049723756906077
0.5882352941176471 0.11049723756906077
0.5882352941176471 0.11049723756906077
0.5882352941176471 0.11049723756906077
0.5882352941176471 0.11049723756906077
0.5882352941176471 0.11049723756906077
0.5882352941176471 0.11049723756906077
0.5882352941176471 0.11049723756906077
0.5882352941176471 0.11049723756906077
0.5882352941176471 0.11049723756906077
0.5882352941176471 0.11049723756906077
0.5882352941176471 0.11049723756906077
0.5882352941176471 0.11049723756906077
0.5882352941176471 0.11049723756906077
0.5882352941176471 0.11049723756906077
0.6 0.11602209944751381
0.6 0.11602209944751381
0.6 0.11602209944751381
0.6 0.11602209944751381
0.6 0.11602209944751381
0.6 0.11602209944751381
0.6 0.11602209944751381
0.6 0.11602209944751381
0.6 0.11602209944751381
0.6 0.11602209944751381
0.6111111111111112 0.12154696132596685
0.6111111111111112 0.12154696132596685
0.6111111111111112 0.12154696132596685
0.6216216216216216 0.1270718232044199
0.6216216216216216 0.1270718232044199
0.6216216216216216 0.1270718232044199
0.631578947368421 0.13259668508287292
0.631578947368421 0.13259668508287292
0.631578947368421 0.13259668508287292
0.631578947368421 0.13259668508287292
0.631578947368421 0.13259668508287292
0.631578947368421 0.13259668508287292
0.631578947368421 0.13259668508287292
0.631578947368421 0.13259668508287292
0.631578947368421 0.13259668508287292
0.631578947368421 0.13259668508287292
0.6153846153846154 0.13259668508287292
0.6153846153846154 0.13259668508287292
0.6153846153846154 0.13259668508287292
0.6153846153846154 0.13259668508287292
0.6153846153846154 0.13259668508287292
0.6153846153846154 0.13259668508287292
0.6153846153846154 0.13259668508287292
0.6153846153846154 0.13259668508287292
0.6153846153846154 0.13259668508287292
0.6153846153846154 0.13259668508287292
0.6153846153846154 0.13259668508287292
0.6153846153846154 0.13259668508287292
0.6153846153846154 0.13259668508287292
0.6153846153846154 0.13259668508287292
0.6153846153846154 0.13259668508287292
0.6153846153846154 0.13259668508287292
0.6153846153846154 0.13259668508287292
0.6153846153846154 0.13259668508287292
0.6153846153846154 0.13259668508287292
0.6153846153846154 0.13259668508287292
0.6 0.13259668508287292
0.6 0.13259668508287292
0.6 0.13259668508287292
0.6 0.13259668508287292
0.6 0.13259668508287292
0.6 0.13259668508287292
0.6 0.13259668508287292
0.6 0.13259668508287292
0.6097560975609756 0.13812154696132597
0.6097560975609756 0.13812154696132597
0.6190476190476191 0.143646408839779
0.6190476190476191 0.143646408839779
0.6190476190476191 0.143646408839779
0.6190476190476191 0.143646408839779
0.6190476190476191 0.143646408839779
0.6190476190476191 0.143646408839779
0.6190476190476191 0.143646408839779
0.6190476190476191 0.143646408839779
0.6190476190476191 0.143646408839779
0.6190476190476191 0.143646408839779
0.6190476190476191 0.143646408839779
0.6190476190476191 0.143646408839779
0.6190476190476191 0.143646408839779
0.6190476190476191 0.143646408839779
0.6190476190476191 0.143646408839779
0.6190476190476191 0.143646408839779
0.6190476190476191 0.143646408839779
0.6190476190476191 0.143646408839779
0.6190476190476191 0.143646408839779
0.6190476190476191 0.143646408839779
0.6190476190476191 0.143646408839779
0.6190476190476191 0.143646408839779
0.6190476190476191 0.143646408839779
0.6190476190476191 0.143646408839779
0.6190476190476191 0.143646408839779
0.6190476190476191 0.143646408839779
0.6190476190476191 0.143646408839779
0.6190476190476191 0.143646408839779
0.6190476190476191 0.143646408839779
0.6190476190476191 0.143646408839779
0.6190476190476191 0.143646408839779
0.6190476190476191 0.143646408839779
0.6046511627906976 0.143646408839779
0.5909090909090909 0.143646408839779
0.5909090909090909 0.143646408839779
0.5909090909090909 0.143646408839779
0.5909090909090909 0.143646408839779
0.5909090909090909 0.143646408839779
0.5909090909090909 0.143646408839779
0.5909090909090909 0.143646408839779
0.5909090909090909 0.143646408839779
0.5909090909090909 0.143646408839779
0.5909090909090909 0.143646408839779
0.5909090909090909 0.143646408839779
0.5909090909090909 0.143646408839779
0.5909090909090909 0.143646408839779
0.5909090909090909 0.143646408839779
0.5909090909090909 0.143646408839779
0.5909090909090909 0.143646408839779
0.5909090909090909 0.143646408839779
0.5909090909090909 0.143646408839779
0.5909090909090909 0.143646408839779
0.5909090909090909 0.143646408839779
0.5909090909090909 0.143646408839779
0.5909090909090909 0.143646408839779
0.5909090909090909 0.143646408839779
0.5909090909090909 0.143646408839779
0.5909090909090909 0.143646408839779
0.5909090909090909 0.143646408839779
0.5909090909090909 0.143646408839779
0.5909090909090909 0.143646408839779
0.5909090909090909 0.143646408839779
0.5909090909090909 0.143646408839779
0.5909090909090909 0.143646408839779
0.5909090909090909 0.143646408839779
0.5909090909090909 0.143646408839779
0.5909090909090909 0.143646408839779
0.5909090909090909 0.143646408839779
0.5909090909090909 0.143646408839779
0.5909090909090909 0.143646408839779
0.5909090909090909 0.143646408839779
0.6 0.14917127071823205
0.6086956521739131 0.15469613259668508
0.6086956521739131 0.15469613259668508
0.6086956521739131 0.15469613259668508
0.6086956521739131 0.15469613259668508
0.6086956521739131 0.15469613259668508
0.6086956521739131 0.15469613259668508
0.6086956521739131 0.15469613259668508
0.6086956521739131 0.15469613259668508
0.6086956521739131 0.15469613259668508
0.6086956521739131 0.15469613259668508
0.6086956521739131 0.15469613259668508
0.5957446808510638 0.15469613259668508
0.5957446808510638 0.15469613259668508
0.5957446808510638 0.15469613259668508
0.5957446808510638 0.15469613259668508
0.5957446808510638 0.15469613259668508
0.5957446808510638 0.15469613259668508
0.5957446808510638 0.15469613259668508
0.5957446808510638 0.15469613259668508
0.5957446808510638 0.15469613259668508
0.5957446808510638 0.15469613259668508
0.5957446808510638 0.15469613259668508
0.5957446808510638 0.15469613259668508
0.5957446808510638 0.15469613259668508
0.5957446808510638 0.15469613259668508
0.5957446808510638 0.15469613259668508
0.5957446808510638 0.15469613259668508
0.5957446808510638 0.15469613259668508
0.5957446808510638 0.15469613259668508
0.5957446808510638 0.15469613259668508
0.5957446808510638 0.15469613259668508
0.5957446808510638 0.15469613259668508
0.5957446808510638 0.15469613259668508
0.5957446808510638 0.15469613259668508
0.5957446808510638 0.15469613259668508
0.5957446808510638 0.15469613259668508
0.5957446808510638 0.15469613259668508
0.5957446808510638 0.15469613259668508
0.5957446808510638 0.15469613259668508
0.5957446808510638 0.15469613259668508
0.5957446808510638 0.15469613259668508
0.5957446808510638 0.15469613259668508
0.5957446808510638 0.15469613259668508
0.5957446808510638 0.15469613259668508
0.5957446808510638 0.15469613259668508
0.5957446808510638 0.15469613259668508
0.5957446808510638 0.15469613259668508
0.5957446808510638 0.15469613259668508
0.5957446808510638 0.15469613259668508
0.5957446808510638 0.15469613259668508
0.5957446808510638 0.15469613259668508
0.5957446808510638 0.15469613259668508
0.5957446808510638 0.15469613259668508
0.5957446808510638 0.15469613259668508
0.5957446808510638 0.15469613259668508
0.5957446808510638 0.15469613259668508
0.5957446808510638 0.15469613259668508
0.5957446808510638 0.15469613259668508
0.5957446808510638 0.15469613259668508
0.5957446808510638 0.15469613259668508
0.5957446808510638 0.15469613259668508
0.5957446808510638 0.15469613259668508
0.5957446808510638 0.15469613259668508
0.5957446808510638 0.15469613259668508
0.5957446808510638 0.15469613259668508
0.5957446808510638 0.15469613259668508
0.5957446808510638 0.15469613259668508
0.5957446808510638 0.15469613259668508
0.5957446808510638 0.15469613259668508
0.5957446808510638 0.15469613259668508
0.5957446808510638 0.15469613259668508
0.5957446808510638 0.15469613259668508
0.5957446808510638 0.15469613259668508
0.5957446808510638 0.15469613259668508
0.5957446808510638 0.15469613259668508
0.5957446808510638 0.15469613259668508
0.5957446808510638 0.15469613259668508
0.5957446808510638 0.15469613259668508
0.5957446808510638 0.15469613259668508
0.5957446808510638 0.15469613259668508
0.5957446808510638 0.15469613259668508
0.5833333333333334 0.15469613259668508
0.5833333333333334 0.15469613259668508
0.5833333333333334 0.15469613259668508
0.5833333333333334 0.15469613259668508
0.5833333333333334 0.15469613259668508
0.5833333333333334 0.15469613259668508
0.5833333333333334 0.15469613259668508
0.5833333333333334 0.15469613259668508
0.5833333333333334 0.15469613259668508
0.5833333333333334 0.15469613259668508
0.5833333333333334 0.15469613259668508
0.5833333333333334 0.15469613259668508
0.5833333333333334 0.15469613259668508
0.5918367346938775 0.16022099447513813
0.5918367346938775 0.16022099447513813
0.5918367346938775 0.16022099447513813
0.5918367346938775 0.16022099447513813
0.5918367346938775 0.16022099447513813
0.5918367346938775 0.16022099447513813
0.5918367346938775 0.16022099447513813
0.5918367346938775 0.16022099447513813
0.5918367346938775 0.16022099447513813
0.5918367346938775 0.16022099447513813
0.5918367346938775 0.16022099447513813
0.5918367346938775 0.16022099447513813
0.5918367346938775 0.16022099447513813
0.5918367346938775 0.16022099447513813
0.5918367346938775 0.16022099447513813
0.58 0.16022099447513813
0.58 0.16022099447513813
0.5882352941176471 0.16574585635359115
0.5882352941176471 0.16574585635359115
0.5882352941176471 0.16574585635359115
0.5882352941176471 0.16574585635359115
0.6037735849056604 0.17679558011049723
0.6037735849056604 0.17679558011049723
0.6037735849056604 0.17679558011049723
0.6037735849056604 0.17679558011049723
0.6037735849056604 0.17679558011049723
0.6037735849056604 0.17679558011049723
0.6037735849056604 0.17679558011049723
0.6037735849056604 0.17679558011049723
0.5925925925925926 0.17679558011049723
0.5925925925925926 0.17679558011049723
0.5925925925925926 0.17679558011049723
0.5925925925925926 0.17679558011049723
0.5925925925925926 0.17679558011049723
0.5925925925925926 0.17679558011049723
0.5925925925925926 0.17679558011049723
0.5925925925925926 0.17679558011049723
0.5925925925925926 0.17679558011049723
0.5925925925925926 0.17679558011049723
0.5925925925925926 0.17679558011049723
0.5925925925925926 0.17679558011049723
0.5925925925925926 0.17679558011049723
0.5925925925925926 0.17679558011049723
0.5925925925925926 0.17679558011049723
0.5925925925925926 0.17679558011049723
0.5925925925925926 0.17679558011049723
0.5925925925925926 0.17679558011049723
0.5925925925925926 0.17679558011049723
0.5925925925925926 0.17679558011049723
0.5925925925925926 0.17679558011049723
0.5925925925925926 0.17679558011049723
0.5925925925925926 0.17679558011049723
0.5925925925925926 0.17679558011049723
0.5925925925925926 0.17679558011049723
0.5925925925925926 0.17679558011049723
0.5925925925925926 0.17679558011049723
0.5925925925925926 0.17679558011049723
0.5925925925925926 0.17679558011049723
0.5925925925925926 0.17679558011049723
0.5925925925925926 0.17679558011049723
0.5925925925925926 0.17679558011049723
0.5925925925925926 0.17679558011049723
0.5925925925925926 0.17679558011049723
0.5925925925925926 0.17679558011049723
0.5925925925925926 0.17679558011049723
0.5925925925925926 0.17679558011049723
0.5925925925925926 0.17679558011049723
0.5925925925925926 0.17679558011049723
0.5925925925925926 0.17679558011049723
0.5925925925925926 0.17679558011049723
0.5925925925925926 0.17679558011049723
0.5925925925925926 0.17679558011049723
0.5925925925925926 0.17679558011049723
0.5925925925925926 0.17679558011049723
0.5925925925925926 0.17679558011049723
0.5925925925925926 0.17679558011049723
0.5925925925925926 0.17679558011049723
0.5925925925925926 0.17679558011049723
0.5925925925925926 0.17679558011049723
0.5925925925925926 0.17679558011049723
0.5925925925925926 0.17679558011049723
0.5925925925925926 0.17679558011049723
0.5925925925925926 0.17679558011049723
0.5925925925925926 0.17679558011049723
0.5925925925925926 0.17679558011049723
0.5925925925925926 0.17679558011049723
0.5925925925925926 0.17679558011049723
0.5925925925925926 0.17679558011049723
0.5925925925925926 0.17679558011049723
0.5925925925925926 0.17679558011049723
0.5925925925925926 0.17679558011049723
0.5925925925925926 0.17679558011049723
0.5925925925925926 0.17679558011049723
0.5925925925925926 0.17679558011049723
0.5925925925925926 0.17679558011049723
0.5925925925925926 0.17679558011049723
0.5925925925925926 0.17679558011049723
0.5925925925925926 0.17679558011049723
0.5925925925925926 0.17679558011049723
0.5925925925925926 0.17679558011049723
0.5925925925925926 0.17679558011049723
0.5925925925925926 0.17679558011049723
0.5925925925925926 0.17679558011049723
0.5925925925925926 0.17679558011049723
0.5925925925925926 0.17679558011049723
0.5925925925925926 0.17679558011049723
0.5925925925925926 0.17679558011049723
0.5925925925925926 0.17679558011049723
0.5925925925925926 0.17679558011049723
0.5925925925925926 0.17679558011049723
0.5925925925925926 0.17679558011049723
0.5925925925925926 0.17679558011049723
0.5925925925925926 0.17679558011049723
0.5925925925925926 0.17679558011049723
0.5925925925925926 0.17679558011049723
0.5925925925925926 0.17679558011049723
0.5925925925925926 0.17679558011049723
0.5925925925925926 0.17679558011049723
0.5925925925925926 0.17679558011049723
0.5925925925925926 0.17679558011049723
0.5925925925925926 0.17679558011049723
0.5925925925925926 0.17679558011049723
0.5925925925925926 0.17679558011049723
0.5925925925925926 0.17679558011049723
0.5925925925925926 0.17679558011049723
0.5818181818181818 0.17679558011049723
0.5818181818181818 0.17679558011049723
0.5818181818181818 0.17679558011049723
0.5818181818181818 0.17679558011049723
0.5818181818181818 0.17679558011049723
0.5818181818181818 0.17679558011049723
0.5818181818181818 0.17679558011049723
0.5818181818181818 0.17679558011049723
0.5818181818181818 0.17679558011049723
0.5818181818181818 0.17679558011049723
0.5818181818181818 0.17679558011049723
0.5818181818181818 0.17679558011049723
0.5818181818181818 0.17679558011049723
0.5818181818181818 0.17679558011049723
0.5818181818181818 0.17679558011049723
0.5818181818181818 0.17679558011049723
0.5818181818181818 0.17679558011049723
0.5818181818181818 0.17679558011049723
0.5818181818181818 0.17679558011049723
0.5818181818181818 0.17679558011049723
0.5818181818181818 0.17679558011049723
0.5818181818181818 0.17679558011049723
0.5818181818181818 0.17679558011049723
0.5818181818181818 0.17679558011049723
0.5818181818181818 0.17679558011049723
0.5818181818181818 0.17679558011049723
0.5818181818181818 0.17679558011049723
0.5818181818181818 0.17679558011049723
0.5818181818181818 0.17679558011049723
0.5818181818181818 0.17679558011049723
0.5818181818181818 0.17679558011049723
0.5818181818181818 0.17679558011049723
0.5818181818181818 0.17679558011049723
0.5818181818181818 0.17679558011049723
0.5818181818181818 0.17679558011049723
0.5818181818181818 0.17679558011049723
0.5818181818181818 0.17679558011049723
0.5818181818181818 0.17679558011049723
0.5818181818181818 0.17679558011049723
0.5818181818181818 0.17679558011049723
0.5818181818181818 0.17679558011049723
0.5818181818181818 0.17679558011049723
0.5818181818181818 0.17679558011049723
0.5818181818181818 0.17679558011049723
0.5818181818181818 0.17679558011049723
0.5818181818181818 0.17679558011049723
0.5818181818181818 0.17679558011049723
0.5818181818181818 0.17679558011049723
0.5818181818181818 0.17679558011049723
0.5818181818181818 0.17679558011049723
0.5818181818181818 0.17679558011049723
0.5818181818181818 0.17679558011049723
0.5818181818181818 0.17679558011049723
0.5818181818181818 0.17679558011049723
0.5818181818181818 0.17679558011049723
0.5818181818181818 0.17679558011049723
0.5818181818181818 0.17679558011049723
0.5818181818181818 0.17679558011049723
0.5818181818181818 0.17679558011049723
0.5818181818181818 0.17679558011049723
0.5818181818181818 0.17679558011049723
0.5714285714285714 0.17679558011049723
0.5714285714285714 0.17679558011049723
0.5714285714285714 0.17679558011049723
0.5714285714285714 0.17679558011049723
0.5714285714285714 0.17679558011049723
0.5714285714285714 0.17679558011049723
0.5714285714285714 0.17679558011049723
0.5714285714285714 0.17679558011049723
0.5714285714285714 0.17679558011049723
0.5714285714285714 0.17679558011049723
0.5714285714285714 0.17679558011049723
0.5714285714285714 0.17679558011049723
0.5714285714285714 0.17679558011049723
0.5714285714285714 0.17679558011049723
0.5714285714285714 0.17679558011049723
0.5714285714285714 0.17679558011049723
0.5714285714285714 0.17679558011049723
0.5714285714285714 0.17679558011049723
0.5714285714285714 0.17679558011049723
0.5714285714285714 0.17679558011049723
0.5714285714285714 0.17679558011049723
0.5714285714285714 0.17679558011049723
0.5714285714285714 0.17679558011049723
0.5714285714285714 0.17679558011049723
0.5714285714285714 0.17679558011049723
0.5714285714285714 0.17679558011049723
0.5714285714285714 0.17679558011049723
0.5714285714285714 0.17679558011049723
0.5714285714285714 0.17679558011049723
0.5714285714285714 0.17679558011049723
0.5789473684210527 0.18232044198895028
0.5789473684210527 0.18232044198895028
0.5789473684210527 0.18232044198895028
0.5789473684210527 0.18232044198895028
0.5789473684210527 0.18232044198895028
0.5789473684210527 0.18232044198895028
0.5789473684210527 0.18232044198895028
0.5789473684210527 0.18232044198895028
0.5789473684210527 0.18232044198895028
0.5789473684210527 0.18232044198895028
0.5789473684210527 0.18232044198895028
0.5789473684210527 0.18232044198895028
0.5789473684210527 0.18232044198895028
0.5789473684210527 0.18232044198895028
0.5789473684210527 0.18232044198895028
0.5789473684210527 0.18232044198895028
0.5789473684210527 0.18232044198895028
0.5789473684210527 0.18232044198895028
0.5789473684210527 0.18232044198895028
0.5789473684210527 0.18232044198895028
0.5789473684210527 0.18232044198895028
0.5789473684210527 0.18232044198895028
0.5789473684210527 0.18232044198895028
0.5789473684210527 0.18232044198895028
0.5789473684210527 0.18232044198895028
0.5789473684210527 0.18232044198895028
0.5789473684210527 0.18232044198895028
0.5789473684210527 0.18232044198895028
0.5789473684210527 0.18232044198895028
0.5789473684210527 0.18232044198895028
0.5789473684210527 0.18232044198895028
0.5789473684210527 0.18232044198895028
0.5789473684210527 0.18232044198895028
0.5789473684210527 0.18232044198895028
0.5789473684210527 0.18232044198895028
0.5789473684210527 0.18232044198895028
0.5789473684210527 0.18232044198895028
0.5789473684210527 0.18232044198895028
0.5789473684210527 0.18232044198895028
0.5789473684210527 0.18232044198895028
0.5789473684210527 0.18232044198895028
0.5789473684210527 0.18232044198895028
0.5789473684210527 0.18232044198895028
0.5789473684210527 0.18232044198895028
0.5789473684210527 0.18232044198895028
0.5789473684210527 0.18232044198895028
0.5789473684210527 0.18232044198895028
0.5789473684210527 0.18232044198895028
0.5789473684210527 0.18232044198895028
0.5789473684210527 0.18232044198895028
0.5789473684210527 0.18232044198895028
0.5789473684210527 0.18232044198895028
0.5789473684210527 0.18232044198895028
0.5789473684210527 0.18232044198895028
0.5789473684210527 0.18232044198895028
0.5789473684210527 0.18232044198895028
0.5789473684210527 0.18232044198895028
0.5789473684210527 0.18232044198895028
0.5789473684210527 0.18232044198895028
0.5789473684210527 0.18232044198895028
0.5789473684210527 0.18232044198895028
0.5789473684210527 0.18232044198895028
0.5789473684210527 0.18232044198895028
0.5789473684210527 0.18232044198895028
0.5789473684210527 0.18232044198895028
0.5789473684210527 0.18232044198895028
0.5789473684210527 0.18232044198895028
0.5789473684210527 0.18232044198895028
0.5789473684210527 0.18232044198895028
0.5789473684210527 0.18232044198895028
0.5862068965517241 0.1878453038674033
0.5862068965517241 0.1878453038674033
0.5862068965517241 0.1878453038674033
0.576271186440678 0.1878453038674033
0.576271186440678 0.1878453038674033
0.576271186440678 0.1878453038674033
0.576271186440678 0.1878453038674033
0.576271186440678 0.1878453038674033
0.576271186440678 0.1878453038674033
0.576271186440678 0.1878453038674033
0.576271186440678 0.1878453038674033
0.5833333333333334 0.19337016574585636
0.5833333333333334 0.19337016574585636
0.5833333333333334 0.19337016574585636
0.5833333333333334 0.19337016574585636
0.5833333333333334 0.19337016574585636
0.5833333333333334 0.19337016574585636
0.5833333333333334 0.19337016574585636
0.5833333333333334 0.19337016574585636
0.5833333333333334 0.19337016574585636
0.5833333333333334 0.19337016574585636
0.5833333333333334 0.19337016574585636
0.5833333333333334 0.19337016574585636
0.5833333333333334 0.19337016574585636
0.5833333333333334 0.19337016574585636
0.5833333333333334 0.19337016574585636
0.5833333333333334 0.19337016574585636
0.5833333333333334 0.19337016574585636
0.5833333333333334 0.19337016574585636
0.5833333333333334 0.19337016574585636
0.5833333333333334 0.19337016574585636
0.5833333333333334 0.19337016574585636
0.5833333333333334 0.19337016574585636
0.5833333333333334 0.19337016574585636
0.5833333333333334 0.19337016574585636
0.5833333333333334 0.19337016574585636
0.5833333333333334 0.19337016574585636
0.5833333333333334 0.19337016574585636
0.5833333333333334 0.19337016574585636
0.5833333333333334 0.19337016574585636
0.5833333333333334 0.19337016574585636
0.5833333333333334 0.19337016574585636
0.5833333333333334 0.19337016574585636
0.5901639344262295 0.19889502762430938
0.5901639344262295 0.19889502762430938
0.5901639344262295 0.19889502762430938
0.5901639344262295 0.19889502762430938
0.5901639344262295 0.19889502762430938
0.5901639344262295 0.19889502762430938
0.5901639344262295 0.19889502762430938
0.5901639344262295 0.19889502762430938
0.6031746031746031 0.20994475138121546
0.6031746031746031 0.20994475138121546
0.6031746031746031 0.20994475138121546
0.6031746031746031 0.20994475138121546
0.6031746031746031 0.20994475138121546
0.6031746031746031 0.20994475138121546
0.6031746031746031 0.20994475138121546
0.6031746031746031 0.20994475138121546
0.6031746031746031 0.20994475138121546
0.6031746031746031 0.20994475138121546
0.6031746031746031 0.20994475138121546
0.6031746031746031 0.20994475138121546
0.6031746031746031 0.20994475138121546
0.6031746031746031 0.20994475138121546
0.6031746031746031 0.20994475138121546
0.6031746031746031 0.20994475138121546
0.6031746031746031 0.20994475138121546
0.6031746031746031 0.20994475138121546
0.6031746031746031 0.20994475138121546
0.6031746031746031 0.20994475138121546
0.6031746031746031 0.20994475138121546
0.6031746031746031 0.20994475138121546
0.6031746031746031 0.20994475138121546
0.6031746031746031 0.20994475138121546
0.6031746031746031 0.20994475138121546
0.6031746031746031 0.20994475138121546
0.6031746031746031 0.20994475138121546
0.6031746031746031 0.20994475138121546
0.6031746031746031 0.20994475138121546
0.6031746031746031 0.20994475138121546
0.6031746031746031 0.20994475138121546
0.6031746031746031 0.20994475138121546
0.6031746031746031 0.20994475138121546
0.6031746031746031 0.20994475138121546
0.6031746031746031 0.20994475138121546
0.6031746031746031 0.20994475138121546
0.6031746031746031 0.20994475138121546
0.6031746031746031 0.20994475138121546
0.59375 0.20994475138121546
0.59375 0.20994475138121546
0.59375 0.20994475138121546
0.59375 0.20994475138121546
0.59375 0.20994475138121546
0.59375 0.20994475138121546
0.59375 0.20994475138121546
0.59375 0.20994475138121546
0.59375 0.20994475138121546
0.59375 0.20994475138121546
0.59375 0.20994475138121546
0.59375 0.20994475138121546
0.59375 0.20994475138121546
0.59375 0.20994475138121546
0.59375 0.20994475138121546
0.59375 0.20994475138121546
0.6 0.2154696132596685
0.6 0.2154696132596685
0.6 0.2154696132596685
0.6 0.2154696132596685
0.6 0.2154696132596685
0.6 0.2154696132596685
0.6 0.2154696132596685
0.6 0.2154696132596685
0.6 0.2154696132596685
0.6 0.2154696132596685
0.6 0.2154696132596685
0.6 0.2154696132596685
0.6 0.2154696132596685
0.6060606060606061 0.22099447513812154
0.6119402985074627 0.2265193370165746
0.6176470588235294 0.23204419889502761
0.6176470588235294 0.23204419889502761
0.6176470588235294 0.23204419889502761
0.6176470588235294 0.23204419889502761
0.6176470588235294 0.23204419889502761
0.6176470588235294 0.23204419889502761
0.6176470588235294 0.23204419889502761
0.6176470588235294 0.23204419889502761
0.6176470588235294 0.23204419889502761
0.6176470588235294 0.23204419889502761
0.6176470588235294 0.23204419889502761
0.6176470588235294 0.23204419889502761
0.6176470588235294 0.23204419889502761
0.6176470588235294 0.23204419889502761
0.6176470588235294 0.23204419889502761
0.6176470588235294 0.23204419889502761
0.6176470588235294 0.23204419889502761
0.6176470588235294 0.23204419889502761
0.6176470588235294 0.23204419889502761
0.6176470588235294 0.23204419889502761
0.6176470588235294 0.23204419889502761
0.6176470588235294 0.23204419889502761
0.6176470588235294 0.23204419889502761
0.6176470588235294 0.23204419889502761
0.6176470588235294 0.23204419889502761
0.6176470588235294 0.23204419889502761
0.6176470588235294 0.23204419889502761
0.6176470588235294 0.23204419889502761
0.6176470588235294 0.23204419889502761
0.6176470588235294 0.23204419889502761
0.6176470588235294 0.23204419889502761
0.6176470588235294 0.23204419889502761
0.6176470588235294 0.23204419889502761
0.6086956521739131 0.23204419889502761
0.6086956521739131 0.23204419889502761
0.6086956521739131 0.23204419889502761
0.6086956521739131 0.23204419889502761
0.6086956521739131 0.23204419889502761
0.6086956521739131 0.23204419889502761
0.6086956521739131 0.23204419889502761
0.6086956521739131 0.23204419889502761
0.6 0.23204419889502761
0.6056338028169014 0.23756906077348067
0.6056338028169014 0.23756906077348067
0.6056338028169014 0.23756906077348067
0.6056338028169014 0.23756906077348067
0.6056338028169014 0.23756906077348067
0.6056338028169014 0.23756906077348067
0.6056338028169014 0.23756906077348067
0.6056338028169014 0.23756906077348067
0.6056338028169014 0.23756906077348067
0.6056338028169014 0.23756906077348067
0.6056338028169014 0.23756906077348067
0.6056338028169014 0.23756906077348067
0.6056338028169014 0.23756906077348067
0.6056338028169014 0.23756906077348067
0.6111111111111112 0.2430939226519337
0.6111111111111112 0.2430939226519337
0.6111111111111112 0.2430939226519337
0.6111111111111112 0.2430939226519337
0.6111111111111112 0.2430939226519337
0.6111111111111112 0.2430939226519337
0.6111111111111112 0.2430939226519337
0.6111111111111112 0.2430939226519337
0.6111111111111112 0.2430939226519337
0.6111111111111112 0.2430939226519337
0.6111111111111112 0.2430939226519337
0.6111111111111112 0.2430939226519337
0.6111111111111112 0.2430939226519337
0.6111111111111112 0.2430939226519337
0.6111111111111112 0.2430939226519337
0.6111111111111112 0.2430939226519337
0.6111111111111112 0.2430939226519337
0.6111111111111112 0.2430939226519337
0.6111111111111112 0.2430939226519337
0.6111111111111112 0.2430939226519337
0.6111111111111112 0.2430939226519337
0.6111111111111112 0.2430939226519337
0.6111111111111112 0.2430939226519337
0.6111111111111112 0.2430939226519337
0.6111111111111112 0.2430939226519337
0.6111111111111112 0.2430939226519337
0.6111111111111112 0.2430939226519337
0.6111111111111112 0.2430939226519337
0.6027397260273972 0.2430939226519337
0.6027397260273972 0.2430939226519337
0.6027397260273972 0.2430939226519337
0.6027397260273972 0.2430939226519337
0.6027397260273972 0.2430939226519337
0.6027397260273972 0.2430939226519337
0.6027397260273972 0.2430939226519337
0.6081081081081081 0.24861878453038674
0.6081081081081081 0.24861878453038674
0.6081081081081081 0.24861878453038674
0.6081081081081081 0.24861878453038674
0.6081081081081081 0.24861878453038674
0.6081081081081081 0.24861878453038674
0.6081081081081081 0.24861878453038674
0.6081081081081081 0.24861878453038674
0.6081081081081081 0.24861878453038674
0.6081081081081081 0.24861878453038674
0.6081081081081081 0.24861878453038674
0.6081081081081081 0.24861878453038674
0.6081081081081081 0.24861878453038674
0.6081081081081081 0.24861878453038674
0.6 0.24861878453038674
0.6 0.24861878453038674
0.6 0.24861878453038674
0.6 0.24861878453038674
0.6 0.24861878453038674
0.6 0.24861878453038674
0.6 0.24861878453038674
0.6 0.24861878453038674
0.6 0.24861878453038674
0.6 0.24861878453038674
0.6 0.24861878453038674
0.6 0.24861878453038674
0.6 0.24861878453038674
0.6 0.24861878453038674
0.6 0.24861878453038674
0.6 0.24861878453038674
0.6 0.24861878453038674
0.6 0.24861878453038674
0.6 0.24861878453038674
0.6 0.24861878453038674
0.6 0.24861878453038674
0.6 0.24861878453038674
0.6 0.24861878453038674
0.6 0.24861878453038674
0.6 0.24861878453038674
0.6 0.24861878453038674
0.6 0.24861878453038674
0.6 0.24861878453038674
0.6 0.24861878453038674
0.6 0.24861878453038674
0.6 0.24861878453038674
0.6 0.24861878453038674
0.6 0.24861878453038674
0.6 0.24861878453038674
0.6 0.24861878453038674
0.6 0.24861878453038674
0.6 0.24861878453038674
0.6 0.24861878453038674
0.6 0.24861878453038674
0.6 0.24861878453038674
0.6 0.24861878453038674
0.6 0.24861878453038674
0.6 0.24861878453038674
0.6 0.24861878453038674
0.6 0.24861878453038674
0.6 0.24861878453038674
0.6 0.24861878453038674
0.6 0.24861878453038674
0.6 0.24861878453038674
0.6 0.24861878453038674
0.6 0.24861878453038674
0.6 0.24861878453038674
0.6 0.24861878453038674
0.6 0.24861878453038674
0.6 0.24861878453038674
0.6 0.24861878453038674
0.6 0.24861878453038674
0.6 0.24861878453038674
0.6 0.24861878453038674
0.6 0.24861878453038674
0.6 0.24861878453038674
0.6 0.24861878453038674
0.6 0.24861878453038674
0.6 0.24861878453038674
0.6 0.24861878453038674
0.6 0.24861878453038674
0.6 0.24861878453038674
0.6 0.24861878453038674
0.6 0.24861878453038674
0.6 0.24861878453038674
0.6 0.24861878453038674
0.6 0.24861878453038674
0.6 0.24861878453038674
0.6 0.24861878453038674
0.5921052631578947 0.24861878453038674
0.5921052631578947 0.24861878453038674
0.5921052631578947 0.24861878453038674
0.5921052631578947 0.24861878453038674
0.5921052631578947 0.24861878453038674
0.5921052631578947 0.24861878453038674
0.5921052631578947 0.24861878453038674
0.5921052631578947 0.24861878453038674
0.5921052631578947 0.24861878453038674
0.5921052631578947 0.24861878453038674
0.5921052631578947 0.24861878453038674
0.5921052631578947 0.24861878453038674
0.5921052631578947 0.24861878453038674
0.5844155844155844 0.24861878453038674
0.5844155844155844 0.24861878453038674
0.5844155844155844 0.24861878453038674
0.5844155844155844 0.24861878453038674
0.5844155844155844 0.24861878453038674
0.5844155844155844 0.24861878453038674
0.5844155844155844 0.24861878453038674
0.5844155844155844 0.24861878453038674
0.5844155844155844 0.24861878453038674
0.5844155844155844 0.24861878453038674
0.5844155844155844 0.24861878453038674
0.5844155844155844 0.24861878453038674
0.5844155844155844 0.24861878453038674
0.5844155844155844 0.24861878453038674
0.5844155844155844 0.24861878453038674
0.5844155844155844 0.24861878453038674
0.5844155844155844 0.24861878453038674
0.5844155844155844 0.24861878453038674
0.5844155844155844 0.24861878453038674
0.5844155844155844 0.24861878453038674
0.5844155844155844 0.24861878453038674
0.5844155844155844 0.24861878453038674
0.5844155844155844 0.24861878453038674
0.5844155844155844 0.24861878453038674
0.5844155844155844 0.24861878453038674
0.5844155844155844 0.24861878453038674
0.5844155844155844 0.24861878453038674
0.5844155844155844 0.24861878453038674
0.5844155844155844 0.24861878453038674
0.5844155844155844 0.24861878453038674
0.5844155844155844 0.24861878453038674
0.5844155844155844 0.24861878453038674
0.5844155844155844 0.24861878453038674
0.5844155844155844 0.24861878453038674
0.5844155844155844 0.24861878453038674
0.5844155844155844 0.24861878453038674
0.5844155844155844 0.24861878453038674
0.5844155844155844 0.24861878453038674
0.5844155844155844 0.24861878453038674
0.5844155844155844 0.24861878453038674
0.5844155844155844 0.24861878453038674
0.5844155844155844 0.24861878453038674
0.5844155844155844 0.24861878453038674
0.5844155844155844 0.24861878453038674
0.5844155844155844 0.24861878453038674
0.5844155844155844 0.24861878453038674
0.5844155844155844 0.24861878453038674
0.5844155844155844 0.24861878453038674
0.5769230769230769 0.24861878453038674
0.5769230769230769 0.24861878453038674
0.5769230769230769 0.24861878453038674
