0.0 0.0
0.0 0.0
0.0 0.0
0.0 0.0
0.0 0.0
0.0 0.0
0.0 0.0
0.0 0.0
0.0 0.0
0.0 0.0
0.0 0.0
0.0 0.0
0.0 0.0
0.0 0.0
0.0 0.0
0.0 0.0
0.0 0.0
0.0 0.0
0.0 0.0
0.0 0.0
0.0 0.0
0.0 0.0
0.0 0.0
0.041666666666666664 0.0070921985815602835
0.08 0.014184397163120567
0.11538461538461539 0.02127659574468085
0.14814814814814814 0.028368794326241134
0.17857142857142858 0.03546099290780142
0.20689655172413793 0.0425531914893617
0.23333333333333334 0.04964539007092199
0.25806451612903225 0.05673758865248227
0.25 0.05673758865248227
0.2727272727272727 0.06382978723404255
0.29411764705882354 0.07092198581560284
0.3142857142857143 0.07801418439716312
0.3333333333333333 0.0851063829787234
0.32432432432432434 0.0851063829787234
0.3157894736842105 0.0851063829787234
0.3076923076923077 0.0851063829787234
0.325 0.09219858156028368
0.34146341463414637 0.09929078014184398
0.3333333333333333 0.09929078014184398
0.32558139534883723 0.09929078014184398
0.3409090909090909 0.10638297872340426
0.35555555555555557 0.11347517730496454
0.3695652173913043 0.12056737588652482
0.3829787234042553 0.1276595744680851
0.3958333333333333 0.1347517730496454
0.40816326530612246 0.14184397163120568
0.42 0.14893617021276595
0.43137254901960786 0.15602836879432624
0.4423076923076923 0.16312056737588654
0.4528301886792453 0.1702127659574468
0.46296296296296297 0.1773049645390071
0.4727272727272727 0.18439716312056736
0.48214285714285715 0.19148936170212766
0.49122807017543857 0.19858156028368795
0.5 0.20567375886524822
0.4915254237288136 0.20567375886524822
0.48333333333333334 0.20567375886524822
0.47540983606557374 0.20567375886524822
0.46774193548387094 0.20567375886524822
0.4603174603174603 0.20567375886524822
0.46875 0.2127659574468085
0.47692307692307695 0.2198581560283688
0.48484848484848486 0.22695035460992907
0.4925373134328358 0.23404255319148937
0.5 0.24113475177304963
0.5072463768115942 0.24822695035460993
0.5 0.24822695035460993
0.49295774647887325 0.24822695035460993
0.4861111111111111 0.24822695035460993
0.4794520547945205 0.24822695035460993
0.47297297297297297 0.24822695035460993
0.4666666666666667 0.24822695035460993
0.4605263157894737 0.24822695035460993
0.45454545454545453 0.24822695035460993
0.44871794871794873 0.24822695035460993
0.4430379746835443 0.24822695035460993
