1.0 0.006289308176100629
0.5 0.006289308176100629
0.3333333333333333 0.006289308176100629
0.5 0.012578616352201259
0.4 0.012578616352201259
0.5 0.018867924528301886
0.42857142857142855 0.018867924528301886
0.5 0.025157232704402517
0.4444444444444444 0.025157232704402517
0.5 0.031446540880503145
0.45454545454545453 0.031446540880503145
0.4166666666666667 0.031446540880503145
0.46153846153846156 0.03773584905660377
0.5 0.0440251572327044
0.5333333333333333 0.050314465408805034
0.5625 0.05660377358490566
0.5882352941176471 0.06289308176100629
0.5555555555555556 0.06289308176100629
0.5263157894736842 0.06289308176100629
0.5 0.06289308176100629
0.47619047619047616 0.06289308176100629
0.5 0.06918238993710692
0.5217391304347826 0.07547169811320754
0.5 0.07547169811320754
0.52 0.08176100628930817
0.5384615384615384 0.0880503144654088
0.5555555555555556 0.09433962264150944
0.5714285714285714 0.10062893081761007
0.5862068965517241 0.1069182389937107
0.6 0.11320754716981132
0.6129032258064516 0.11949685534591195
0.59375 0.11949685534591195
0.5757575757575758 0.11949685534591195
0.5882352941176471 0.12578616352201258
0.5714285714285714 0.12578616352201258
0.5833333333333334 0.1320754716981132
0.5945945945945946 0.13836477987421383
0.5789473684210527 0.13836477987421383
0.5897435897435898 0.14465408805031446
0.6 0.1509433962264151
0.6097560975609756 0.15723270440251572
0.6190476190476191 0.16352201257861634
0.6046511627906976 0.16352201257861634
0.5909090909090909 0.16352201257861634
0.6 0.16981132075471697
0.6086956521739131 0.1761006289308176
0.6170212765957447 0.18238993710691823
0.625 0.18867924528301888
0.6326530612244898 0.1949685534591195
0.64 0.20125786163522014
0.6470588235294118 0.20754716981132076
0.6538461538461539 0.2138364779874214
0.660377358490566 0.22012578616352202
0.6666666666666666 0.22641509433962265
0.6545454545454545 0.22641509433962265
0.6607142857142857 0.23270440251572327
0.6491228070175439 0.23270440251572327
0.6379310344827587 0.23270440251572327
0.6271186440677966 0.23270440251572327
0.6166666666666667 0.23270440251572327
0.6065573770491803 0.23270440251572327
0.6129032258064516 0.2389937106918239
0.6190476190476191 0.24528301886792453
0.609375 0.24528301886792453
0.6 0.24528301886792453
0.5909090909090909 0.24528301886792453
0.5970149253731343 0.25157232704402516
0.6029411764705882 0.2578616352201258
0.5942028985507246 0.2578616352201258
0.5857142857142857 0.2578616352201258
0.5774647887323944 0.2578616352201258
0.5833333333333334 0.2641509433962264
0.589041095890411 0.27044025157232704
0.581081081081081 0.27044025157232704
0.5733333333333334 0.27044025157232704
0.5657894736842105 0.27044025157232704
0.5584415584415584 0.27044025157232704
0.5512820512820513 0.27044025157232704
0.5443037974683544 0.27044025157232704
0.5375 0.27044025157232704
0.5308641975308642 0.27044025157232704
0.524390243902439 0.27044025157232704
0.5180722891566265 0.27044025157232704
0.5238095238095238 0.27672955974842767
0.5176470588235295 0.27672955974842767
0.5116279069767442 0.27672955974842767
0.5057471264367817 0.27672955974842767
0.5 0.27672955974842767
0.4943820224719101 0.27672955974842767
0.4888888888888889 0.27672955974842767
0.4835164835164835 0.27672955974842767
0.4782608695652174 0.27672955974842767
0.4731182795698925 0.27672955974842767
0.46808510638297873 0.27672955974842767
0.4631578947368421 0.27672955974842767
0.4583333333333333 0.27672955974842767
0.4536082474226804 0.27672955974842767
0.45918367346938777 0.2830188679245283
0.45454545454545453 0.2830188679245283
0.46 0.2893081761006289
0.46534653465346537 0.29559748427672955
0.47058823529411764 0.3018867924528302
0.47572815533980584 0.3081761006289308
0.4807692307692308 0.31446540880503143
0.4857142857142857 0.32075471698113206
0.49056603773584906 0.3270440251572327
0.48598130841121495 0.3270440251572327
0.48148148148148145 0.3270440251572327
0.47706422018348627 0.3270440251572327
0.4818181818181818 0.3333333333333333
0.4774774774774775 0.3333333333333333
0.4732142857142857 0.3333333333333333
0.4690265486725664 0.3333333333333333
0.4649122807017544 0.3333333333333333
