1.0 0.011494252873563218
1.0 0.022988505747126436
1.0 0.034482758620689655
0.75 0.034482758620689655
0.6 0.034482758620689655
0.6666666666666666 0.04597701149425287
0.7142857142857143 0.05747126436781609
0.625 0.05747126436781609
0.5555555555555556 0.05747126436781609
0.5 0.05747126436781609
0.5454545454545454 0.06896551724137931
0.5833333333333334 0.08045977011494253
0.6153846153846154 0.09195402298850575
0.6428571428571429 0.10344827586206896
0.6666666666666666 0.11494252873563218
0.625 0.11494252873563218
0.6470588235294118 0.12643678160919541
0.6111111111111112 0.12643678160919541
0.631578947368421 0.13793103448275862
0.65 0.14942528735632185
0.6666666666666666 0.16091954022988506
0.6818181818181818 0.1724137931034483
0.6956521739130435 0.1839080459770115
0.7083333333333334 0.19540229885057472
0.72 0.20689655172413793
0.6923076923076923 0.20689655172413793
0.6666666666666666 0.20689655172413793
0.6785714285714286 0.21839080459770116
0.6896551724137931 0.22988505747126436
0.6666666666666666 0.22988505747126436
0.6451612903225806 0.22988505747126436
0.625 0.22988505747126436
0.6060606060606061 0.22988505747126436
0.6176470588235294 0.2413793103448276
0.6285714285714286 0.25287356321839083
0.6111111111111112 0.25287356321839083
0.6216216216216216 0.26436781609195403
0.631578947368421 0.27586206896551724
0.6410256410256411 0.28735632183908044
0.625 0.28735632183908044
0.6097560975609756 0.28735632183908044
0.6190476190476191 0.2988505747126437
0.6046511627906976 0.2988505747126437
0.6136363636363636 0.3103448275862069
0.6222222222222222 0.3218390804597701
0.6304347826086957 0.3333333333333333
0.6382978723404256 0.3448275862068966
0.625 0.3448275862068966
0.6326530612244898 0.3563218390804598
0.62 0.3563218390804598
0.6078431372549019 0.3563218390804598
0.5961538461538461 0.3563218390804598
0.6037735849056604 0.367816091954023
0.6111111111111112 0.3793103448275862
0.6181818181818182 0.39080459770114945
0.625 0.40229885057471265
0.631578947368421 0.41379310344827586
0.6379310344827587 0.42528735632183906
0.6440677966101694 0.4367816091954023
0.65 0.4482758620689655
0.6557377049180327 0.45977011494252873
0.6451612903225806 0.45977011494252873
0.6349206349206349 0.45977011494252873
0.640625 0.47126436781609193
0.6461538461538462 0.4827586206896552
0.6515151515151515 0.4942528735632184
0.6417910447761194 0.4942528735632184
0.6323529411764706 0.4942528735632184
0.6376811594202898 0.5057471264367817
0.6428571428571429 0.5172413793103449
0.647887323943662 0.5287356321839081
0.6388888888888888 0.5287356321839081
0.6301369863013698 0.5287356321839081
0.6351351351351351 0.5402298850574713
0.6266666666666667 0.5402298850574713
0.618421052631579 0.5402298850574713
0.6103896103896104 0.5402298850574713
0.6025641025641025 0.5402298850574713
0.5949367088607594 0.5402298850574713
0.5875 0.5402298850574713
0.5802469135802469 0.5402298850574713
0.573170731707317 0.5402298850574713
0.5662650602409639 0.5402298850574713
0.5595238095238095 0.5402298850574713
0.5529411764705883 0.5402298850574713
0.5465116279069767 0.5402298850574713
0.5402298850574713 0.5402298850574713
0.5340909090909091 0.5402298850574713
0.5280898876404494 0.5402298850574713
0.5333333333333333 0.5517241379310345
0.5384615384615384 0.5632183908045977
0.5434782608695652 0.5747126436781609
0.5483870967741935 0.5862068965517241
0.5425531914893617 0.5862068965517241
0.5368421052631579 0.5862068965517241
0.53125 0.5862068965517241
0.5257731958762887 0.5862068965517241
0.5204081632653061 0.5862068965517241
0.5151515151515151 0.5862068965517241
0.51 0.5862068965517241
0.504950495049505 0.5862068965517241
0.5 0.5862068965517241
0.49514563106796117 0.5862068965517241
0.49038461538461536 0.5862068965517241
0.4857142857142857 0.5862068965517241
0.4811320754716981 0.5862068965517241
0.4766355140186916 0.5862068965517241
0.4722222222222222 0.5862068965517241
0.46788990825688076 0.5862068965517241
0.4636363636363636 0.5862068965517241
0.46846846846846846 0.5977011494252874
0.4642857142857143 0.5977011494252874
0.46017699115044247 0.5977011494252874
0.45614035087719296 0.5977011494252874
0.45217391304347826 0.5977011494252874
0.4482758620689655 0.5977011494252874
0.4444444444444444 0.5977011494252874
0.4491525423728814 0.6091954022988506
0.453781512605042 0.6206896551724138
0.45 0.6206896551724138
0.4462809917355372 0.6206896551724138
0.4426229508196721 0.6206896551724138
0.43902439024390244 0.6206896551724138
0.4435483870967742 0.632183908045977
0.44 0.632183908045977
0.4365079365079365 0.632183908045977
0.4330708661417323 0.632183908045977
0.4296875 0.632183908045977
0.4263565891472868 0.632183908045977
0.4230769230769231 0.632183908045977
0.4198473282442748 0.632183908045977
0.4166666666666667 0.632183908045977
0.41353383458646614 0.632183908045977
0.41044776119402987 0.632183908045977
0.4074074074074074 0.632183908045977
0.40441176470588236 0.632183908045977
0.40145985401459855 0.632183908045977
0.39855072463768115 0.632183908045977
0.4028776978417266 0.6436781609195402
0.4 0.6436781609195402
0.3971631205673759 0.6436781609195402
0.39436619718309857 0.6436781609195402
0.3916083916083916 0.6436781609195402
0.3888888888888889 0.6436781609195402
0.38620689655172413 0.6436781609195402
0.3835616438356164 0.6436781609195402
0.38095238095238093 0.6436781609195402
0.3783783783783784 0.6436781609195402
0.37583892617449666 0.6436781609195402
0.38 0.6551724137931034
0.37748344370860926 0.6551724137931034
0.375 0.6551724137931034
0.3790849673202614 0.6666666666666666
0.37662337662337664 0.6666666666666666
0.3741935483870968 0.6666666666666666
0.3717948717948718 0.6666666666666666
0.36942675159235666 0.6666666666666666
0.3670886075949367 0.6666666666666666
0.36477987421383645 0.6666666666666666
0.3625 0.6666666666666666
0.36024844720496896 0.6666666666666666
0.35802469135802467 0.6666666666666666
0.3558282208588957 0.6666666666666666
0.35365853658536583 0.6666666666666666
0.3515151515151515 0.6666666666666666
0.3493975903614458 0.6666666666666666
0.3473053892215569 0.6666666666666666
0.34523809523809523 0.6666666666666666
0.34911242603550297 0.6781609195402298
0.34705882352941175 0.6781609195402298
0.34502923976608185 0.6781609195402298
0.3430232558139535 0.6781609195402298
0.34104046242774566 0.6781609195402298
0.3390804597701149 0.6781609195402298
0.33714285714285713 0.6781609195402298
0.3409090909090909 0.6896551724137931
0.3446327683615819 0.7011494252873564
0.34269662921348315 0.7011494252873564
0.3407821229050279 0.7011494252873564
0.3388888888888889 0.7011494252873564
0.3370165745856354 0.7011494252873564
0.33516483516483514 0.7011494252873564
0.3333333333333333 0.7011494252873564
0.33152173913043476 0.7011494252873564
0.32972972972972975 0.7011494252873564
0.3279569892473118 0.7011494252873564
0.32620320855614976 0.7011494252873564
0.324468085106383 0.7011494252873564
0.32275132275132273 0.7011494252873564
0.32105263157894737 0.7011494252873564
0.3193717277486911 0.7011494252873564
0.3177083333333333 0.7011494252873564
0.3160621761658031 0.7011494252873564
0.31443298969072164 0.7011494252873564
0.3128205128205128 0.7011494252873564
0.3112244897959184 0.7011494252873564
0.3096446700507614 0.7011494252873564
0.30808080808080807 0.7011494252873564
0.3065326633165829 0.7011494252873564
0.305 0.7011494252873564
0.3034825870646766 0.7011494252873564
0.30198019801980197 0.7011494252873564
0.30049261083743845 0.7011494252873564
0.29901960784313725 0.7011494252873564
0.2975609756097561 0.7011494252873564
0.2961165048543689 0.7011494252873564
0.2946859903381642 0.7011494252873564
0.2932692307692308 0.7011494252873564
0.291866028708134 0.7011494252873564
0.2904761904761905 0.7011494252873564
0.2938388625592417 0.7126436781609196
0.2971698113207547 0.7241379310344828
0.29577464788732394 0.7241379310344828
0.29439252336448596 0.7241379310344828
0.2930232558139535 0.7241379310344828
0.2916666666666667 0.7241379310344828
0.2903225806451613 0.7241379310344828
0.2889908256880734 0.7241379310344828
0.2922374429223744 0.735632183908046
0.2909090909090909 0.735632183908046
0.2895927601809955 0.735632183908046
0.2882882882882883 0.735632183908046
0.2914798206278027 0.7471264367816092
0.29017857142857145 0.7471264367816092
0.28888888888888886 0.7471264367816092
0.28761061946902655 0.7471264367816092
0.28634361233480177 0.7471264367816092
0.2850877192982456 0.7471264367816092
0.28820960698689957 0.7586206896551724
0.28695652173913044 0.7586206896551724
0.2857142857142857 0.7586206896551724
0.28448275862068967 0.7586206896551724
0.2875536480686695 0.7701149425287356
0.2863247863247863 0.7701149425287356
0.2851063829787234 0.7701149425287356
0.2838983050847458 0.7701149425287356
0.28270042194092826 0.7701149425287356
0.2815126050420168 0.7701149425287356
0.2803347280334728 0.7701149425287356
0.2791666666666667 0.7701149425287356
0.27800829875518673 0.7701149425287356
0.2809917355371901 0.7816091954022989
0.2839506172839506 0.7931034482758621
0.28688524590163933 0.8045977011494253
0.2857142857142857 0.8045977011494253
0.2845528455284553 0.8045977011494253
0.2834008097165992 0.8045977011494253
0.28225806451612906 0.8045977011494253
0.28112449799196787 0.8045977011494253
0.28 0.8045977011494253
0.2788844621513944 0.8045977011494253
0.2777777777777778 0.8045977011494253
0.2766798418972332 0.8045977011494253
0.2755905511811024 0.8045977011494253
0.2784313725490196 0.8160919540229885
0.27734375 0.8160919540229885
0.27626459143968873 0.8160919540229885
0.2751937984496124 0.8160919540229885
0.27413127413127414 0.8160919540229885
0.27692307692307694 0.8275862068965517
0.27586206896551724 0.8275862068965517
0.2748091603053435 0.8275862068965517
0.2737642585551331 0.8275862068965517
0.2727272727272727 0.8275862068965517
0.27169811320754716 0.8275862068965517
0.2706766917293233 0.8275862068965517
0.2696629213483146 0.8275862068965517
0.26865671641791045 0.8275862068965517
0.26765799256505574 0.8275862068965517
0.26666666666666666 0.8275862068965517
0.2656826568265683 0.8275862068965517
0.2647058823529412 0.8275862068965517
0.26373626373626374 0.8275862068965517
0.26277372262773724 0.8275862068965517
0.26181818181818184 0.8275862068965517
0.2608695652173913 0.8275862068965517
0.259927797833935 0.8275862068965517
0.26258992805755393 0.8390804597701149
0.26523297491039427 0.8505747126436781
0.2642857142857143 0.8505747126436781
0.26334519572953735 0.8505747126436781
0.2624113475177305 0.8505747126436781
0.26148409893992935 0.8505747126436781
0.2605633802816901 0.8505747126436781
0.2596491228070175 0.8505747126436781
0.25874125874125875 0.8505747126436781
0.2578397212543554 0.8505747126436781
0.2569444444444444 0.8505747126436781
0.2560553633217993 0.8505747126436781
0.25862068965517243 0.8620689655172413
0.25773195876288657 0.8620689655172413
0.2568493150684932 0.8620689655172413
0.25597269624573377 0.8620689655172413
0.25510204081632654 0.8620689655172413
0.2576271186440678 0.8735632183908046
0.25675675675675674 0.8735632183908046
0.2558922558922559 0.8735632183908046
0.2550335570469799 0.8735632183908046
0.25418060200668896 0.8735632183908046
0.25333333333333335 0.8735632183908046
0.25249169435215946 0.8735632183908046
0.25165562913907286 0.8735632183908046
0.2508250825082508 0.8735632183908046
0.25 0.8735632183908046
0.24918032786885247 0.8735632183908046
0.24836601307189543 0.8735632183908046
0.247557003257329 0.8735632183908046
0.24675324675324675 0.8735632183908046
0.2459546925566343 0.8735632183908046
0.24516129032258063 0.8735632183908046
0.24437299035369775 0.8735632183908046
0.24358974358974358 0.8735632183908046
0.24281150159744408 0.8735632183908046
0.24203821656050956 0.8735632183908046
0.24126984126984127 0.8735632183908046
0.24050632911392406 0.8735632183908046
0.24290220820189273 0.8850574712643678
0.24213836477987422 0.8850574712643678
0.2413793103448276 0.8850574712643678
0.240625 0.8850574712643678
0.2398753894080997 0.8850574712643678
0.2391304347826087 0.8850574712643678
0.23839009287925697 0.8850574712643678
0.23765432098765432 0.8850574712643678
0.23692307692307693 0.8850574712643678
0.2361963190184049 0.8850574712643678
0.23547400611620795 0.8850574712643678
0.2347560975609756 0.8850574712643678
0.23404255319148937 0.8850574712643678
0.23333333333333334 0.8850574712643678
0.2326283987915408 0.8850574712643678
0.2319277108433735 0.8850574712643678
0.23123123123123124 0.8850574712643678
0.23053892215568864 0.8850574712643678
0.2298507462686567 0.8850574712643678
0.22916666666666666 0.8850574712643678
0.228486646884273 0.8850574712643678
0.22781065088757396 0.8850574712643678
0.22713864306784662 0.8850574712643678
0.22647058823529412 0.8850574712643678
0.22580645161290322 0.8850574712643678
0.22514619883040934 0.8850574712643678
0.22448979591836735 0.8850574712643678
0.2238372093023256 0.8850574712643678
0.22318840579710145 0.8850574712643678
0.22254335260115607 0.8850574712643678
0.2219020172910663 0.8850574712643678
0.22126436781609196 0.8850574712643678
0.22063037249283668 0.8850574712643678
0.22 0.8850574712643678
0.21937321937321938 0.8850574712643678
0.21875 0.8850574712643678
0.21813031161473087 0.8850574712643678
0.2175141242937853 0.8850574712643678
0.21690140845070421 0.8850574712643678
0.21629213483146068 0.8850574712643678
0.21568627450980393 0.8850574712643678
0.21508379888268156 0.8850574712643678
0.21448467966573817 0.8850574712643678
0.21388888888888888 0.8850574712643678
0.21329639889196675 0.8850574712643678
0.212707182320442 0.8850574712643678
0.21212121212121213 0.8850574712643678
0.21153846153846154 0.8850574712643678
0.21095890410958903 0.8850574712643678
0.2103825136612022 0.8850574712643678
0.2098092643051771 0.8850574712643678
0.20923913043478262 0.8850574712643678
0.21138211382113822 0.896551724137931
0.21081081081081082 0.896551724137931
0.21024258760107817 0.896551724137931
0.20967741935483872 0.896551724137931
0.20911528150134048 0.896551724137931
0.20855614973262032 0.896551724137931
0.208 0.896551724137931
0.2074468085106383 0.896551724137931
0.20689655172413793 0.896551724137931
0.20634920634920634 0.896551724137931
0.20580474934036938 0.896551724137931
0.20526315789473684 0.896551724137931
0.2047244094488189 0.896551724137931
0.20418848167539266 0.896551724137931
0.20365535248041775 0.896551724137931
0.203125 0.896551724137931
0.2025974025974026 0.896551724137931
0.20207253886010362 0.896551724137931
0.20155038759689922 0.896551724137931
0.20103092783505155 0.896551724137931
0.20051413881748073 0.896551724137931
0.2 0.896551724137931
0.19948849104859334 0.896551724137931
0.1989795918367347 0.896551724137931
0.1984732824427481 0.896551724137931
0.19796954314720813 0.896551724137931
0.19746835443037974 0.896551724137931
0.19696969696969696 0.896551724137931
0.1964735516372796 0.896551724137931
0.19597989949748743 0.896551724137931
0.19548872180451127 0.896551724137931
0.195 0.896551724137931
0.19451371571072318 0.896551724137931
0.19402985074626866 0.896551724137931
0.1935483870967742 0.896551724137931
0.19306930693069307 0.896551724137931
0.1925925925925926 0.896551724137931
0.1921182266009852 0.896551724137931
0.19164619164619165 0.896551724137931
0.19117647058823528 0.896551724137931
0.19070904645476772 0.896551724137931
0.1902439024390244 0.896551724137931
0.1897810218978102 0.896551724137931
0.19174757281553398 0.9080459770114943
0.19128329297820823 0.9080459770114943
0.19082125603864733 0.9080459770114943
0.19036144578313252 0.9080459770114943
0.18990384615384615 0.9080459770114943
0.18944844124700239 0.9080459770114943
0.18899521531100477 0.9080459770114943
0.18854415274463007 0.9080459770114943
0.1880952380952381 0.9080459770114943
0.1876484560570071 0.9080459770114943
0.1872037914691943 0.9080459770114943
0.1867612293144208 0.9080459770114943
0.18632075471698112 0.9080459770114943
0.18588235294117647 0.9080459770114943
0.18544600938967137 0.9080459770114943
0.18501170960187355 0.9080459770114943
0.18457943925233644 0.9080459770114943
0.18414918414918416 0.9080459770114943
0.18372093023255814 0.9080459770114943
0.18561484918793503 0.9195402298850575
0.18518518518518517 0.9195402298850575
0.18475750577367206 0.9195402298850575
0.18433179723502305 0.9195402298850575
0.1839080459770115 0.9195402298850575
0.1834862385321101 0.9195402298850575
0.18306636155606407 0.9195402298850575
0.182648401826484 0.9195402298850575
0.18223234624145787 0.9195402298850575
0.18181818181818182 0.9195402298850575
0.18140589569160998 0.9195402298850575
0.18099547511312217 0.9195402298850575
0.18058690744920994 0.9195402298850575
0.18018018018018017 0.9195402298850575
0.1797752808988764 0.9195402298850575
0.17937219730941703 0.9195402298850575
0.1789709172259508 0.9195402298850575
0.17857142857142858 0.9195402298850575
0.17817371937639198 0.9195402298850575
0.18 0.9310344827586207
0.18181818181818182 0.9425287356321839
0.1836283185840708 0.9540229885057471
0.18322295805739514 0.9540229885057471
0.18502202643171806 0.9655172413793104
0.18461538461538463 0.9655172413793104
0.18640350877192982 0.9770114942528736
0.18599562363238512 0.9770114942528736
0.185589519650655 0.9770114942528736
0.18518518518518517 0.9770114942528736
0.18478260869565216 0.9770114942528736
0.1843817787418655 0.9770114942528736
0.18398268398268397 0.9770114942528736
0.183585313174946 0.9770114942528736
0.18318965517241378 0.9770114942528736
0.1827956989247312 0.9770114942528736
0.18240343347639484 0.9770114942528736
0.18201284796573874 0.9770114942528736
0.18162393162393162 0.9770114942528736
0.1812366737739872 0.9770114942528736
0.18085106382978725 0.9770114942528736
0.18046709129511676 0.9770114942528736
0.18008474576271186 0.9770114942528736
0.17970401691331925 0.9770114942528736
0.17932489451476794 0.9770114942528736
0.17894736842105263 0.9770114942528736
0.17857142857142858 0.9770114942528736
0.17819706498951782 0.9770114942528736
0.17782426778242677 0.9770114942528736
0.17745302713987474 0.9770114942528736
0.17708333333333334 0.9770114942528736
0.17671517671517672 0.9770114942528736
0.17634854771784234 0.9770114942528736
0.17598343685300208 0.9770114942528736
0.1756198347107438 0.9770114942528736
0.17525773195876287 0.9770114942528736
0.1748971193415638 0.9770114942528736
0.17453798767967146 0.9770114942528736
0.17418032786885246 0.9770114942528736
0.1738241308793456 0.9770114942528736
0.17346938775510204 0.9770114942528736
0.17311608961303462 0.9770114942528736
0.17276422764227642 0.9770114942528736
0.1724137931034483 0.9770114942528736
0.1720647773279352 0.9770114942528736
0.1717171717171717 0.9770114942528736
0.17137096774193547 0.9770114942528736
0.1710261569416499 0.9770114942528736
0.1706827309236948 0.9770114942528736
0.17034068136272545 0.9770114942528736
0.17 0.9770114942528736
0.16966067864271456 0.9770114942528736
0.1693227091633466 0.9770114942528736
0.16898608349900596 0.9770114942528736
0.16865079365079366 0.9770114942528736
0.16831683168316833 0.9770114942528736
0.16798418972332016 0.9770114942528736
0.16765285996055226 0.9770114942528736
0.1673228346456693 0.9770114942528736
0.16699410609037327 0.9770114942528736
0.16666666666666666 0.9770114942528736
0.16634050880626222 0.9770114942528736
0.166015625 0.9770114942528736
0.16569200779727095 0.9770114942528736
0.16536964980544747 0.9770114942528736
0.1650485436893204 0.9770114942528736
0.16472868217054262 0.9770114942528736
0.1644100580270793 0.9770114942528736
0.1640926640926641 0.9770114942528736
0.16377649325626203 0.9770114942528736
0.16346153846153846 0.9770114942528736
0.16314779270633398 0.9770114942528736
0.16283524904214558 0.9770114942528736
0.16252390057361377 0.9770114942528736
0.16221374045801526 0.9770114942528736
0.1619047619047619 0.9770114942528736
0.16159695817490494 0.9770114942528736
0.16129032258064516 0.9770114942528736
0.16098484848484848 0.9770114942528736
0.16068052930056712 0.9770114942528736
0.16037735849056603 0.9770114942528736
0.160075329566855 0.9770114942528736
0.15977443609022557 0.9770114942528736
0.15947467166979362 0.9770114942528736
0.15917602996254682 0.9770114942528736
0.1588785046728972 0.9770114942528736
0.15858208955223882 0.9770114942528736
0.15828677839851024 0.9770114942528736
0.1579925650557621 0.9770114942528736
0.15769944341372913 0.9770114942528736
0.1574074074074074 0.9770114942528736
0.15711645101663585 0.9770114942528736
0.15682656826568267 0.9770114942528736
0.15653775322283608 0.9770114942528736
0.15625 0.9770114942528736
0.1559633027522936 0.9770114942528736
0.15567765567765568 0.9770114942528736
0.15539305301645337 0.9770114942528736
0.1551094890510949 0.9770114942528736
0.15482695810564662 0.9770114942528736
0.15454545454545454 0.9770114942528736
0.1542649727767695 0.9770114942528736
0.1539855072463768 0.9770114942528736
0.15370705244122965 0.9770114942528736
0.15342960288808663 0.9770114942528736
0.15315315315315314 0.9770114942528736
0.1528776978417266 0.9770114942528736
0.1526032315978456 0.9770114942528736
0.15232974910394265 0.9770114942528736
0.1520572450805009 0.9770114942528736
0.15178571428571427 0.9770114942528736
0.15151515151515152 0.9770114942528736
0.1512455516014235 0.9770114942528736
0.15097690941385436 0.9770114942528736
0.15070921985815602 0.9770114942528736
0.1504424778761062 0.9770114942528736
0.1501766784452297 0.9770114942528736
0.14991181657848324 0.9770114942528736
0.14964788732394366 0.9770114942528736
0.14938488576449913 0.9770114942528736
0.14912280701754385 0.9770114942528736
0.14886164623467601 0.9770114942528736
0.1486013986013986 0.9770114942528736
0.14834205933682373 0.9770114942528736
0.1480836236933798 0.9770114942528736
0.14782608695652175 0.9770114942528736
0.14756944444444445 0.9770114942528736
0.14731369150779897 0.9770114942528736
0.14705882352941177 0.9770114942528736
0.14680483592400692 0.9770114942528736
0.14655172413793102 0.9770114942528736
0.14629948364888123 0.9770114942528736
0.14604810996563575 0.9770114942528736
0.1457975986277873 0.9770114942528736
0.14554794520547945 0.9770114942528736
0.1452991452991453 0.9770114942528736
0.14505119453924914 0.9770114942528736
0.14480408858603067 0.9770114942528736
0.1445578231292517 0.9770114942528736
0.14431239388794567 0.9770114942528736
0.1440677966101695 0.9770114942528736
0.14382402707275804 0.9770114942528736
0.14358108108108109 0.9770114942528736
0.1433389544688027 0.9770114942528736
0.14309764309764308 0.9770114942528736
0.14285714285714285 0.9770114942528736
0.14261744966442952 0.9770114942528736
0.1423785594639866 0.9770114942528736
0.14214046822742474 0.9770114942528736
0.1419031719532554 0.9770114942528736
0.14166666666666666 0.9770114942528736
0.14143094841930118 0.9770114942528736
0.14119601328903655 0.9770114942528736
0.14096185737976782 0.9770114942528736
0.14072847682119205 0.9770114942528736
0.14049586776859505 0.9770114942528736
0.14026402640264027 0.9770114942528736
0.1400329489291598 0.9770114942528736
0.13980263157894737 0.9770114942528736
0.13957307060755336 0.9770114942528736
0.13934426229508196 0.9770114942528736
0.13911620294599017 0.9770114942528736
0.1388888888888889 0.9770114942528736
0.13866231647634583 0.9770114942528736
0.13843648208469056 0.9770114942528736
0.13821138211382114 0.9770114942528736
0.137987012987013 0.9770114942528736
0.13776337115072934 0.9770114942528736
0.13754045307443366 0.9770114942528736
0.13731825525040386 0.9770114942528736
0.13709677419354838 0.9770114942528736
0.13687600644122383 0.9770114942528736
0.13665594855305466 0.9770114942528736
0.13643659711075443 0.9770114942528736
0.1362179487179487 0.9770114942528736
0.136 0.9770114942528736
0.13578274760383385 0.9770114942528736
0.13556618819776714 0.9770114942528736
0.13535031847133758 0.9770114942528736
0.13513513513513514 0.9770114942528736
0.1349206349206349 0.9770114942528736
0.1347068145800317 0.9770114942528736
0.13449367088607594 0.9770114942528736
0.13428120063191154 0.9770114942528736
0.13406940063091483 0.9770114942528736
0.13385826771653545 0.9770114942528736
0.13364779874213836 0.9770114942528736
0.13343799058084774 0.9770114942528736
0.13322884012539185 0.9770114942528736
0.13302034428794993 0.9770114942528736
0.1328125 0.9770114942528736
0.13260530421216848 0.9770114942528736
0.13239875389408098 0.9770114942528736
0.1321928460342146 0.9770114942528736
0.13198757763975155 0.9770114942528736
0.13178294573643412 0.9770114942528736
0.13157894736842105 0.9770114942528736
0.13137557959814528 0.9770114942528736
0.13117283950617284 0.9770114942528736
0.13097072419106318 0.9770114942528736
0.13076923076923078 0.9770114942528736
0.130568356374808 0.9770114942528736
0.1303680981595092 0.9770114942528736
0.13016845329249618 0.9770114942528736
0.12996941896024464 0.9770114942528736
0.1297709923664122 0.9770114942528736
0.12957317073170732 0.9770114942528736
0.1293759512937595 0.9770114942528736
0.12917933130699089 0.9770114942528736
0.12898330804248861 0.9770114942528736
0.12878787878787878 0.9770114942528736
0.12859304084720122 0.9770114942528736
0.1283987915407855 0.9770114942528736
0.1282051282051282 0.9770114942528736
0.1280120481927711 0.9770114942528736
0.12781954887218044 0.9770114942528736
0.12762762762762764 0.9770114942528736
0.12743628185907047 0.9770114942528736
0.12724550898203593 0.9770114942528736
0.12705530642750373 0.9770114942528736
0.12686567164179105 0.9770114942528736
0.12667660208643816 0.9770114942528736
0.12648809523809523 0.9770114942528736
0.1263001485884101 0.9770114942528736
0.1261127596439169 0.9770114942528736
0.1259259259259259 0.9770114942528736
0.1257396449704142 0.9770114942528736
0.1255539143279173 0.9770114942528736
0.12536873156342182 0.9770114942528736
0.1251840942562592 0.9770114942528736
0.125 0.9770114942528736
0.12481644640234948 0.9770114942528736
0.12463343108504399 0.9770114942528736
0.12445095168374817 0.9770114942528736
0.12426900584795321 0.9770114942528736
0.12408759124087591 0.9770114942528736
0.1239067055393586 0.9770114942528736
0.12372634643377002 0.9770114942528736
0.12354651162790697 0.9770114942528736
0.12336719883889695 0.9770114942528736
0.12318840579710146 0.9770114942528736
0.12301013024602026 0.9770114942528736
0.12283236994219653 0.9770114942528736
0.12265512265512266 0.9770114942528736
0.12247838616714697 0.9770114942528736
0.1223021582733813 0.9770114942528736
0.1221264367816092 0.9770114942528736
0.12195121951219512 0.9770114942528736
0.12177650429799428 0.9770114942528736
0.12160228898426323 0.9770114942528736
0.12142857142857143 0.9770114942528736
0.12125534950071326 0.9770114942528736
0.12108262108262108 0.9770114942528736
0.12091038406827881 0.9770114942528736
0.12073863636363637 0.9770114942528736
0.12056737588652482 0.9770114942528736
0.12039660056657224 0.9770114942528736
0.12022630834512023 0.9770114942528736
0.12005649717514125 0.9770114942528736
0.11988716502115655 0.9770114942528736
0.11971830985915492 0.9770114942528736
0.11954992967651196 0.9770114942528736
0.11938202247191011 0.9770114942528736
0.11921458625525946 0.9770114942528736
0.11904761904761904 0.9770114942528736
0.11888111888111888 0.9770114942528736
0.11871508379888268 0.9770114942528736
0.11854951185495119 0.9770114942528736
0.11838440111420613 0.9770114942528736
0.11821974965229486 0.9770114942528736
0.11805555555555555 0.9770114942528736
0.11789181692094314 0.9770114942528736
0.11772853185595568 0.9770114942528736
0.11756569847856155 0.9770114942528736
0.11740331491712708 0.9770114942528736
0.11724137931034483 0.9770114942528736
0.11707988980716254 0.9770114942528736
0.11691884456671252 0.9770114942528736
0.11813186813186813 0.9885057471264368
0.11796982167352538 0.9885057471264368
0.1178082191780822 0.9885057471264368
0.11764705882352941 0.9885057471264368
0.11748633879781421 0.9885057471264368
0.11732605729877217 0.9885057471264368
0.11716621253405994 0.9885057471264368
0.11700680272108843 0.9885057471264368
0.11684782608695653 0.9885057471264368
0.11668928086838534 0.9885057471264368
0.11653116531165311 0.9885057471264368
0.11637347767253045 0.9885057471264368
0.11621621621621622 0.9885057471264368
0.11605937921727395 0.9885057471264368
0.11590296495956873 0.9885057471264368
0.11574697173620457 0.9885057471264368
0.11559139784946236 0.9885057471264368
0.11543624161073826 0.9885057471264368
0.11528150134048257 0.9885057471264368
0.11512717536813923 0.9885057471264368
0.11497326203208556 0.9885057471264368
0.11481975967957277 0.9885057471264368
0.11466666666666667 0.9885057471264368
0.11451398135818908 0.9885057471264368
0.11436170212765957 0.9885057471264368
0.11420982735723771 0.9885057471264368
0.11405835543766578 0.9885057471264368
0.11390728476821192 0.9885057471264368
0.11375661375661375 0.9885057471264368
0.11360634081902246 0.9885057471264368
0.11345646437994723 0.9885057471264368
0.11330698287220026 0.9885057471264368
0.11315789473684211 0.9885057471264368
0.11300919842312747 0.9885057471264368
0.11286089238845144 0.9885057471264368
0.1127129750982962 0.9885057471264368
0.112565445026178 0.9885057471264368
0.11241830065359477 0.9885057471264368
0.1122715404699739 0.9885057471264368
0.1121251629726206 0.9885057471264368
0.11197916666666667 0.9885057471264368
0.11183355006501951 0.9885057471264368
0.11168831168831168 0.9885057471264368
0.11154345006485085 0.9885057471264368
0.11139896373056994 0.9885057471264368
0.111254851228978 0.9885057471264368
0.1111111111111111 0.9885057471264368
0.11096774193548387 0.9885057471264368
0.11082474226804123 0.9885057471264368
0.11068211068211069 0.9885057471264368
0.11053984575835475 0.9885057471264368
0.110397946084724 0.9885057471264368
0.11025641025641025 0.9885057471264368
0.11011523687580026 0.9885057471264368
0.10997442455242967 0.9885057471264368
0.10983397190293742 0.9885057471264368
0.1096938775510204 0.9885057471264368
0.10955414012738854 0.9885057471264368
0.11068702290076336 1.0
0.11054637865311309 1.0
0.11040609137055837 1.0
0.11026615969581749 1.0
0.11012658227848102 1.0
0.10998735777496839 1.0
0.10984848484848485 1.0
0.10970996216897856 1.0
0.10957178841309824 1.0
0.10943396226415095 1.0
0.1092964824120603 1.0
0.10915934755332497 1.0
0.10902255639097744 1.0
0.10888610763454318 1.0
0.10875 1.0
0.10861423220973783 1.0
0.1084788029925187 1.0
0.10834371108343711 1.0
0.10820895522388059 1.0
0.1093167701863354 1.0114942528735633
