1.0 0.011494252873563218
1.0 0.022988505747126436
0.6666666666666666 0.022988505747126436
0.5 0.022988505747126436
0.6 0.034482758620689655
0.6666666666666666 0.04597701149425287
0.5714285714285714 0.04597701149425287
0.625 0.05747126436781609
0.5555555555555556 0.05747126436781609
0.5 0.05747126436781609
0.5454545454545454 0.06896551724137931
0.5833333333333334 0.08045977011494253
0.6153846153846154 0.09195402298850575
0.5714285714285714 0.09195402298850575
0.5333333333333333 0.09195402298850575
0.5 0.09195402298850575
0.47058823529411764 0.09195402298850575
0.5 0.10344827586206896
0.5263157894736842 0.11494252873563218
0.5 0.11494252873563218
0.47619047619047616 0.11494252873563218
0.45454545454545453 0.11494252873563218
0.43478260869565216 0.11494252873563218
0.4166666666666667 0.11494252873563218
0.44 0.12643678160919541
0.4230769230769231 0.12643678160919541
0.4444444444444444 0.13793103448275862
0.4642857142857143 0.14942528735632185
0.4827586206896552 0.16091954022988506
0.5 0.1724137931034483
0.5161290322580645 0.1839080459770115
0.53125 0.19540229885057472
0.5454545454545454 0.20689655172413793
0.5294117647058824 0.20689655172413793
0.5428571428571428 0.21839080459770116
0.5277777777777778 0.21839080459770116
0.5405405405405406 0.22988505747126436
0.5526315789473685 0.2413793103448276
0.5384615384615384 0.2413793103448276
0.525 0.2413793103448276
0.5121951219512195 0.2413793103448276
0.5 0.2413793103448276
0.5116279069767442 0.25287356321839083
0.5227272727272727 0.26436781609195403
0.5333333333333333 0.27586206896551724
0.5434782608695652 0.28735632183908044
0.5531914893617021 0.2988505747126437
0.5625 0.3103448275862069
0.5510204081632653 0.3103448275862069
0.54 0.3103448275862069
0.5490196078431373 0.3218390804597701
0.5576923076923077 0.3333333333333333
