0.0 0.0
0.0 0.0
0.0 0.0
0.0 0.0
0.0 0.0
0.0 0.0
0.0 0.0
0.0 0.0
0.0 0.0
0.0 0.0
0.0 0.0
0.0 0.0
0.0 0.0
0.0 0.0
0.0 0.0
0.0 0.0
0.0 0.0
0.0 0.0
0.0 0.0
0.0 0.0
0.0 0.0
0.0 0.0
0.0 0.0
0.0 0.0
0.0 0.0
0.0 0.0
0.0 0.0
0.0 0.0
0.0 0.0
0.0 0.0
0.0 0.0
0.0 0.0
0.0 0.0
0.0 0.0
0.0 0.0
0.0 0.0
0.0 0.0
0.0 0.0
0.0 0.0
0.0 0.0
0.0 0.0
0.0 0.0
0.0 0.0
0.0 0.0
0.0 0.0
0.0 0.0
0.0 0.0
0.0 0.0
0.0 0.0
0.0 0.0
0.0 0.0
0.0 0.0
0.0 0.0
0.0 0.0
0.0 0.0
0.0 0.0
0.0 0.0
0.0 0.0
0.0 0.0
0.0 0.0
0.0 0.0
0.0 0.0
0.0 0.0
0.0 0.0
0.0 0.0
0.0 0.0
0.0 0.0
0.0 0.0
0.0 0.0
0.0 0.0
0.0 0.0
0.0 0.0
0.0 0.0
0.0 0.0
0.0 0.0
0.0 0.0
0.0 0.0
0.0 0.0
0.0 0.0
0.0 0.0
0.0 0.0
0.0 0.0
0.0 0.0
0.0 0.0
0.0 0.0
0.0 0.0
0.0 0.0
0.0 0.0
0.0 0.0
0.0 0.0
0.0 0.0
0.0 0.0
0.0 0.0
0.0 0.0
0.0 0.0
0.0 0.0
0.0 0.0
0.0 0.0
0.0 0.0
0.0 0.0
0.0 0.0
0.0 0.0
0.0 0.0
0.0 0.0
0.0 0.0
0.0 0.0
0.0 0.0
0.0 0.0
0.0 0.0
0.0 0.0
0.0 0.0
0.0 0.0
0.0 0.0
0.0 0.0
0.0 0.0
0.0 0.0
0.0 0.0
0.0 0.0
0.0 0.0
0.0 0.0
0.0 0.0
0.0 0.0
0.0 0.0
0.0 0.0
0.0 0.0
0.0 0.0
0.0 0.0
0.0 0.0
0.0 0.0
0.0 0.0
0.0 0.0
0.0 0.0
0.0 0.0
0.0 0.0
0.0 0.0
0.0 0.0
0.0 0.0
0.0 0.0
0.0 0.0
0.0 0.0
0.0 0.0
0.0 0.0
0.0 0.0
0.0 0.0
0.0 0.0
0.0 0.0
0.0 0.0
0.0 0.0
0.0 0.0
0.0 0.0
0.0 0.0
0.0 0.0
0.0 0.0
0.0 0.0
0.0 0.0
0.0 0.0
0.0 0.0
0.0 0.0
0.0 0.0
0.0 0.0
0.025 0.000859106529209622
0.025 0.000859106529209622
0.025 0.000859106529209622
0.025 0.000859106529209622
0.025 0.000859106529209622
0.024390243902439025 0.000859106529209622
0.024390243902439025 0.000859106529209622
0.024390243902439025 0.000859106529209622
0.024390243902439025 0.000859106529209622
0.024390243902439025 0.000859106529209622
0.023809523809523808 0.000859106529209622
0.023809523809523808 0.000859106529209622
0.046511627906976744 0.001718213058419244
0.06818181818181818 0.002577319587628866
0.08888888888888889 0.003436426116838488
0.10869565217391304 0.00429553264604811
0.1276595744680851 0.005154639175257732
0.1276595744680851 0.005154639175257732
0.1276595744680851 0.005154639175257732
0.14583333333333334 0.006013745704467354
0.14583333333333334 0.006013745704467354
0.16326530612244897 0.006872852233676976
0.18 0.007731958762886598
0.19607843137254902 0.00859106529209622
0.21153846153846154 0.009450171821305841
0.22641509433962265 0.010309278350515464
0.22641509433962265 0.010309278350515464
0.23636363636363636 0.011168384879725086
0.23636363636363636 0.011168384879725086
0.23636363636363636 0.011168384879725086
0.23636363636363636 0.011168384879725086
0.23636363636363636 0.011168384879725086
0.23636363636363636 0.011168384879725086
0.23636363636363636 0.011168384879725086
0.23636363636363636 0.011168384879725086
0.23636363636363636 0.011168384879725086
0.23214285714285715 0.011168384879725086
0.23214285714285715 0.011168384879725086
0.22807017543859648 0.011168384879725086
0.22807017543859648 0.011168384879725086
0.22807017543859648 0.011168384879725086
0.22807017543859648 0.011168384879725086
0.22807017543859648 0.011168384879725086
0.22807017543859648 0.011168384879725086
0.22807017543859648 0.011168384879725086
0.22807017543859648 0.011168384879725086
0.22413793103448276 0.011168384879725086
0.22413793103448276 0.011168384879725086
0.22413793103448276 0.011168384879725086
0.22413793103448276 0.011168384879725086
0.22033898305084745 0.011168384879725086
0.22033898305084745 0.011168384879725086
0.21666666666666667 0.011168384879725086
0.21666666666666667 0.011168384879725086
0.21666666666666667 0.011168384879725086
0.21666666666666667 0.011168384879725086
0.21666666666666667 0.011168384879725086
0.21666666666666667 0.011168384879725086
0.21666666666666667 0.011168384879725086
0.21666666666666667 0.011168384879725086
0.21666666666666667 0.011168384879725086
0.21666666666666667 0.011168384879725086
0.21311475409836064 0.011168384879725086
0.21311475409836064 0.011168384879725086
0.21311475409836064 0.011168384879725086
0.20967741935483872 0.011168384879725086
0.20967741935483872 0.011168384879725086
0.20967741935483872 0.011168384879725086
0.20967741935483872 0.011168384879725086
0.20967741935483872 0.011168384879725086
0.2222222222222222 0.012027491408934709
0.2222222222222222 0.012027491408934709
0.2222222222222222 0.012027491408934709
0.234375 0.01288659793814433
0.234375 0.01288659793814433
0.234375 0.01288659793814433
0.23076923076923078 0.01288659793814433
0.23076923076923078 0.01288659793814433
0.23076923076923078 0.01288659793814433
0.22727272727272727 0.01288659793814433
0.22727272727272727 0.01288659793814433
0.22388059701492538 0.01288659793814433
0.22058823529411764 0.01288659793814433
0.21739130434782608 0.01288659793814433
0.21739130434782608 0.01288659793814433
0.21739130434782608 0.01288659793814433
0.21428571428571427 0.01288659793814433
0.21428571428571427 0.01288659793814433
0.21428571428571427 0.01288659793814433
0.21428571428571427 0.01288659793814433
0.21428571428571427 0.01288659793814433
0.21428571428571427 0.01288659793814433
0.21428571428571427 0.01288659793814433
0.21428571428571427 0.01288659793814433
0.21428571428571427 0.01288659793814433
0.21428571428571427 0.01288659793814433
0.21428571428571427 0.01288659793814433
0.21428571428571427 0.01288659793814433
0.21428571428571427 0.01288659793814433
0.21428571428571427 0.01288659793814433
0.21428571428571427 0.01288659793814433
0.21428571428571427 0.01288659793814433
0.21428571428571427 0.01288659793814433
0.21428571428571427 0.01288659793814433
0.21428571428571427 0.01288659793814433
0.2112676056338028 0.01288659793814433
0.20833333333333334 0.01288659793814433
0.2054794520547945 0.01288659793814433
0.2054794520547945 0.01288659793814433
0.20270270270270271 0.01288659793814433
0.21333333333333335 0.013745704467353952
0.2236842105263158 0.014604810996563574
0.2236842105263158 0.014604810996563574
0.2236842105263158 0.014604810996563574
0.2236842105263158 0.014604810996563574
0.2236842105263158 0.014604810996563574
0.2236842105263158 0.014604810996563574
0.22077922077922077 0.014604810996563574
0.21794871794871795 0.014604810996563574
0.21794871794871795 0.014604810996563574
0.21794871794871795 0.014604810996563574
0.21794871794871795 0.014604810996563574
0.21794871794871795 0.014604810996563574
0.21794871794871795 0.014604810996563574
0.21794871794871795 0.014604810996563574
0.21794871794871795 0.014604810996563574
0.21794871794871795 0.014604810996563574
0.21794871794871795 0.014604810996563574
0.21794871794871795 0.014604810996563574
0.21794871794871795 0.014604810996563574
0.21794871794871795 0.014604810996563574
0.21794871794871795 0.014604810996563574
0.21518987341772153 0.014604810996563574
0.21518987341772153 0.014604810996563574
0.21518987341772153 0.014604810996563574
0.21518987341772153 0.014604810996563574
0.21518987341772153 0.014604810996563574
0.21518987341772153 0.014604810996563574
0.21518987341772153 0.014604810996563574
0.21518987341772153 0.014604810996563574
0.2125 0.014604810996563574
0.2125 0.014604810996563574
0.2125 0.014604810996563574
0.2125 0.014604810996563574
0.2125 0.014604810996563574
0.2125 0.014604810996563574
0.2125 0.014604810996563574
0.2125 0.014604810996563574
0.2125 0.014604810996563574
0.2125 0.014604810996563574
0.2125 0.014604810996563574
0.2125 0.014604810996563574
0.2125 0.014604810996563574
0.2125 0.014604810996563574
0.2125 0.014604810996563574
0.2125 0.014604810996563574
0.2125 0.014604810996563574
0.2125 0.014604810996563574
0.2125 0.014604810996563574
0.2125 0.014604810996563574
0.2125 0.014604810996563574
0.2125 0.014604810996563574
0.2125 0.014604810996563574
0.2125 0.014604810996563574
0.2125 0.014604810996563574
0.2125 0.014604810996563574
0.2125 0.014604810996563574
0.2125 0.014604810996563574
0.2125 0.014604810996563574
0.2125 0.014604810996563574
0.2125 0.014604810996563574
0.2125 0.014604810996563574
0.2125 0.014604810996563574
0.2125 0.014604810996563574
0.21951219512195122 0.015463917525773196
0.21951219512195122 0.015463917525773196
0.21951219512195122 0.015463917525773196
0.21686746987951808 0.015463917525773196
0.21686746987951808 0.015463917525773196
0.21428571428571427 0.015463917525773196
0.21176470588235294 0.015463917525773196
0.21176470588235294 0.015463917525773196
0.21176470588235294 0.015463917525773196
0.21176470588235294 0.015463917525773196
0.21176470588235294 0.015463917525773196
0.21176470588235294 0.015463917525773196
0.21176470588235294 0.015463917525773196
0.21176470588235294 0.015463917525773196
0.21176470588235294 0.015463917525773196
0.21176470588235294 0.015463917525773196
0.21176470588235294 0.015463917525773196
0.21176470588235294 0.015463917525773196
0.21176470588235294 0.015463917525773196
0.21176470588235294 0.015463917525773196
0.20930232558139536 0.015463917525773196
0.20930232558139536 0.015463917525773196
0.20930232558139536 0.015463917525773196
0.20930232558139536 0.015463917525773196
0.20930232558139536 0.015463917525773196
0.20930232558139536 0.015463917525773196
0.20930232558139536 0.015463917525773196
0.20930232558139536 0.015463917525773196
0.20930232558139536 0.015463917525773196
0.20930232558139536 0.015463917525773196
0.20930232558139536 0.015463917525773196
0.20930232558139536 0.015463917525773196
0.20689655172413793 0.015463917525773196
0.20689655172413793 0.015463917525773196
0.20224719101123595 0.015463917525773196
0.20224719101123595 0.015463917525773196
0.20224719101123595 0.015463917525773196
0.20224719101123595 0.015463917525773196
0.20224719101123595 0.015463917525773196
0.20224719101123595 0.015463917525773196
0.20224719101123595 0.015463917525773196
0.20224719101123595 0.015463917525773196
0.20224719101123595 0.015463917525773196
0.20224719101123595 0.015463917525773196
0.1978021978021978 0.015463917525773196
0.1956521739130435 0.015463917525773196
0.1956521739130435 0.015463917525773196
0.1956521739130435 0.015463917525773196
0.1935483870967742 0.015463917525773196
0.1935483870967742 0.015463917525773196
0.1935483870967742 0.015463917525773196
0.1935483870967742 0.015463917525773196
0.1935483870967742 0.015463917525773196
0.1935483870967742 0.015463917525773196
0.1935483870967742 0.015463917525773196
0.1935483870967742 0.015463917525773196
0.1935483870967742 0.015463917525773196
0.1935483870967742 0.015463917525773196
0.19148936170212766 0.015463917525773196
0.19148936170212766 0.015463917525773196
0.19148936170212766 0.015463917525773196
0.19148936170212766 0.015463917525773196
0.19148936170212766 0.015463917525773196
0.19148936170212766 0.015463917525773196
0.19148936170212766 0.015463917525773196
0.18947368421052632 0.015463917525773196
0.1875 0.015463917525773196
0.1875 0.015463917525773196
0.18556701030927836 0.015463917525773196
0.18556701030927836 0.015463917525773196
0.18556701030927836 0.015463917525773196
0.18556701030927836 0.015463917525773196
0.18556701030927836 0.015463917525773196
0.18556701030927836 0.015463917525773196
0.18556701030927836 0.015463917525773196
0.18556701030927836 0.015463917525773196
0.1836734693877551 0.015463917525773196
0.1836734693877551 0.015463917525773196
0.1836734693877551 0.015463917525773196
0.1836734693877551 0.015463917525773196
0.1836734693877551 0.015463917525773196
0.1836734693877551 0.015463917525773196
0.18181818181818182 0.015463917525773196
0.18181818181818182 0.015463917525773196
0.18181818181818182 0.015463917525773196
0.18181818181818182 0.015463917525773196
0.18181818181818182 0.015463917525773196
0.18181818181818182 0.015463917525773196
0.18 0.015463917525773196
0.18 0.015463917525773196
0.18 0.015463917525773196
0.18 0.015463917525773196
0.18 0.015463917525773196
0.1782178217821782 0.015463917525773196
0.1782178217821782 0.015463917525773196
0.17647058823529413 0.015463917525773196
0.17647058823529413 0.015463917525773196
0.17647058823529413 0.015463917525773196
0.17647058823529413 0.015463917525773196
0.17647058823529413 0.015463917525773196
0.17647058823529413 0.015463917525773196
0.17647058823529413 0.015463917525773196
0.17475728155339806 0.015463917525773196
0.17475728155339806 0.015463917525773196
0.17307692307692307 0.015463917525773196
0.17307692307692307 0.015463917525773196
0.17307692307692307 0.015463917525773196
0.17307692307692307 0.015463917525773196
0.17307692307692307 0.015463917525773196
0.17307692307692307 0.015463917525773196
0.17307692307692307 0.015463917525773196
0.17307692307692307 0.015463917525773196
0.17307692307692307 0.015463917525773196
0.17307692307692307 0.015463917525773196
0.17307692307692307 0.015463917525773196
0.17307692307692307 0.015463917525773196
0.17142857142857143 0.015463917525773196
0.17142857142857143 0.015463917525773196
0.17142857142857143 0.015463917525773196
0.17142857142857143 0.015463917525773196
0.17142857142857143 0.015463917525773196
0.16981132075471697 0.015463917525773196
0.16981132075471697 0.015463917525773196
0.16981132075471697 0.015463917525773196
0.16822429906542055 0.015463917525773196
0.16822429906542055 0.015463917525773196
0.16822429906542055 0.015463917525773196
0.16822429906542055 0.015463917525773196
0.16822429906542055 0.015463917525773196
0.16822429906542055 0.015463917525773196
0.16822429906542055 0.015463917525773196
0.16822429906542055 0.015463917525773196
0.16822429906542055 0.015463917525773196
0.16822429906542055 0.015463917525773196
0.16822429906542055 0.015463917525773196
0.16822429906542055 0.015463917525773196
0.16822429906542055 0.015463917525773196
0.16822429906542055 0.015463917525773196
0.16822429906542055 0.015463917525773196
0.16822429906542055 0.015463917525773196
0.16822429906542055 0.015463917525773196
0.16822429906542055 0.015463917525773196
0.17592592592592593 0.01632302405498282
0.17592592592592593 0.01632302405498282
0.17592592592592593 0.01632302405498282
0.17592592592592593 0.01632302405498282
0.1743119266055046 0.01632302405498282
0.1743119266055046 0.01632302405498282
0.1743119266055046 0.01632302405498282
0.1743119266055046 0.01632302405498282
0.1743119266055046 0.01632302405498282
0.1743119266055046 0.01632302405498282
0.1743119266055046 0.01632302405498282
0.1743119266055046 0.01632302405498282
0.1743119266055046 0.01632302405498282
0.1743119266055046 0.01632302405498282
0.17272727272727273 0.01632302405498282
0.17272727272727273 0.01632302405498282
0.17272727272727273 0.01632302405498282
0.17272727272727273 0.01632302405498282
0.17272727272727273 0.01632302405498282
0.17272727272727273 0.01632302405498282
0.17117117117117117 0.01632302405498282
0.16964285714285715 0.01632302405498282
0.16964285714285715 0.01632302405498282
0.16964285714285715 0.01632302405498282
0.168141592920354 0.01632302405498282
0.168141592920354 0.01632302405498282
0.168141592920354 0.01632302405498282
0.16666666666666666 0.01632302405498282
0.16666666666666666 0.01632302405498282
0.17391304347826086 0.01718213058419244
0.17391304347826086 0.01718213058419244
0.17391304347826086 0.01718213058419244
0.17391304347826086 0.01718213058419244
0.17391304347826086 0.01718213058419244
0.17391304347826086 0.01718213058419244
0.17391304347826086 0.01718213058419244
0.17391304347826086 0.01718213058419244
0.17391304347826086 0.01718213058419244
0.1724137931034483 0.01718213058419244
0.1724137931034483 0.01718213058419244
0.17094017094017094 0.01718213058419244
0.17094017094017094 0.01718213058419244
0.17094017094017094 0.01718213058419244
0.17094017094017094 0.01718213058419244
0.17094017094017094 0.01718213058419244
0.17094017094017094 0.01718213058419244
0.17094017094017094 0.01718213058419244
0.17094017094017094 0.01718213058419244
0.17094017094017094 0.01718213058419244
0.17094017094017094 0.01718213058419244
0.1694915254237288 0.01718213058419244
0.1694915254237288 0.01718213058419244
0.1694915254237288 0.01718213058419244
0.16806722689075632 0.01718213058419244
0.16806722689075632 0.01718213058419244
0.16806722689075632 0.01718213058419244
0.16806722689075632 0.01718213058419244
0.16806722689075632 0.01718213058419244
0.16806722689075632 0.01718213058419244
0.16806722689075632 0.01718213058419244
0.16806722689075632 0.01718213058419244
0.16666666666666666 0.01718213058419244
0.1652892561983471 0.01718213058419244
0.16393442622950818 0.01718213058419244
0.16393442622950818 0.01718213058419244
0.16393442622950818 0.01718213058419244
0.16393442622950818 0.01718213058419244
0.16393442622950818 0.01718213058419244
0.16393442622950818 0.01718213058419244
0.16393442622950818 0.01718213058419244
0.16393442622950818 0.01718213058419244
0.16393442622950818 0.01718213058419244
0.16260162601626016 0.01718213058419244
0.16260162601626016 0.01718213058419244
0.16260162601626016 0.01718213058419244
0.16260162601626016 0.01718213058419244
0.16260162601626016 0.01718213058419244
0.16260162601626016 0.01718213058419244
0.16129032258064516 0.01718213058419244
0.16129032258064516 0.01718213058419244
0.16 0.01718213058419244
0.15873015873015872 0.01718213058419244
0.15748031496062992 0.01718213058419244
0.15748031496062992 0.01718213058419244
0.15748031496062992 0.01718213058419244
0.15748031496062992 0.01718213058419244
0.15748031496062992 0.01718213058419244
0.15748031496062992 0.01718213058419244
0.15748031496062992 0.01718213058419244
0.15748031496062992 0.01718213058419244
0.15748031496062992 0.01718213058419244
0.15748031496062992 0.01718213058419244
0.15748031496062992 0.01718213058419244
0.15625 0.01718213058419244
0.15625 0.01718213058419244
0.15625 0.01718213058419244
0.15625 0.01718213058419244
0.15625 0.01718213058419244
0.15625 0.01718213058419244
0.15503875968992248 0.01718213058419244
0.15384615384615385 0.01718213058419244
0.15384615384615385 0.01718213058419244
0.15384615384615385 0.01718213058419244
0.15384615384615385 0.01718213058419244
0.15384615384615385 0.01718213058419244
0.15267175572519084 0.01718213058419244
0.15151515151515152 0.01718213058419244
0.15037593984962405 0.01718213058419244
0.15037593984962405 0.01718213058419244
0.15037593984962405 0.01718213058419244
0.15037593984962405 0.01718213058419244
0.15037593984962405 0.01718213058419244
0.15037593984962405 0.01718213058419244
0.15037593984962405 0.01718213058419244
0.15037593984962405 0.01718213058419244
0.15037593984962405 0.01718213058419244
0.14925373134328357 0.01718213058419244
0.14925373134328357 0.01718213058419244
0.14925373134328357 0.01718213058419244
0.14925373134328357 0.01718213058419244
0.14925373134328357 0.01718213058419244
0.14814814814814814 0.01718213058419244
0.14814814814814814 0.01718213058419244
0.14814814814814814 0.01718213058419244
0.14814814814814814 0.01718213058419244
0.14814814814814814 0.01718213058419244
0.14814814814814814 0.01718213058419244
0.14705882352941177 0.01718213058419244
0.145985401459854 0.01718213058419244
0.145985401459854 0.01718213058419244
0.14492753623188406 0.01718213058419244
0.14492753623188406 0.01718213058419244
0.14492753623188406 0.01718213058419244
0.14492753623188406 0.01718213058419244
0.14492753623188406 0.01718213058419244
0.14492753623188406 0.01718213058419244
0.14492753623188406 0.01718213058419244
0.14492753623188406 0.01718213058419244
0.14388489208633093 0.01718213058419244
0.14388489208633093 0.01718213058419244
0.14388489208633093 0.01718213058419244
0.14285714285714285 0.01718213058419244
0.14285714285714285 0.01718213058419244
0.14285714285714285 0.01718213058419244
0.14285714285714285 0.01718213058419244
0.14184397163120568 0.01718213058419244
0.14184397163120568 0.01718213058419244
0.14184397163120568 0.01718213058419244
0.14084507042253522 0.01718213058419244
0.14084507042253522 0.01718213058419244
0.14084507042253522 0.01718213058419244
0.14084507042253522 0.01718213058419244
0.14084507042253522 0.01718213058419244
0.13986013986013987 0.01718213058419244
0.13986013986013987 0.01718213058419244
0.1388888888888889 0.01718213058419244
0.1388888888888889 0.01718213058419244
0.136986301369863 0.01718213058419244
0.1360544217687075 0.01718213058419244
0.13513513513513514 0.01718213058419244
0.13513513513513514 0.01718213058419244
0.13513513513513514 0.01718213058419244
0.13513513513513514 0.01718213058419244
0.13513513513513514 0.01718213058419244
0.13513513513513514 0.01718213058419244
0.13513513513513514 0.01718213058419244
0.13513513513513514 0.01718213058419244
0.13513513513513514 0.01718213058419244
0.13513513513513514 0.01718213058419244
0.1342281879194631 0.01718213058419244
0.1342281879194631 0.01718213058419244
0.1342281879194631 0.01718213058419244
0.1342281879194631 0.01718213058419244
0.1342281879194631 0.01718213058419244
0.1342281879194631 0.01718213058419244
0.1342281879194631 0.01718213058419244
0.1342281879194631 0.01718213058419244
0.1342281879194631 0.01718213058419244
0.1342281879194631 0.01718213058419244
0.1342281879194631 0.01718213058419244
0.1342281879194631 0.01718213058419244
0.1342281879194631 0.01718213058419244
0.1342281879194631 0.01718213058419244
0.1342281879194631 0.01718213058419244
0.1342281879194631 0.01718213058419244
0.1342281879194631 0.01718213058419244
0.1342281879194631 0.01718213058419244
0.1342281879194631 0.01718213058419244
0.1342281879194631 0.01718213058419244
0.1342281879194631 0.01718213058419244
0.1342281879194631 0.01718213058419244
0.13333333333333333 0.01718213058419244
0.13333333333333333 0.01718213058419244
0.13245033112582782 0.01718213058419244
0.13245033112582782 0.01718213058419244
0.13245033112582782 0.01718213058419244
0.13245033112582782 0.01718213058419244
0.13245033112582782 0.01718213058419244
0.13245033112582782 0.01718213058419244
0.13245033112582782 0.01718213058419244
0.13245033112582782 0.01718213058419244
0.13245033112582782 0.01718213058419244
0.13245033112582782 0.01718213058419244
0.13245033112582782 0.01718213058419244
0.13245033112582782 0.01718213058419244
0.13245033112582782 0.01718213058419244
0.13245033112582782 0.01718213058419244
0.13245033112582782 0.01718213058419244
0.13157894736842105 0.01718213058419244
0.13157894736842105 0.01718213058419244
0.13157894736842105 0.01718213058419244
0.13071895424836602 0.01718213058419244
0.13071895424836602 0.01718213058419244
0.13071895424836602 0.01718213058419244
0.12987012987012986 0.01718213058419244
0.12987012987012986 0.01718213058419244
0.12903225806451613 0.01718213058419244
0.12903225806451613 0.01718213058419244
0.12903225806451613 0.01718213058419244
0.1282051282051282 0.01718213058419244
0.1282051282051282 0.01718213058419244
0.12738853503184713 0.01718213058419244
0.12658227848101267 0.01718213058419244
0.12658227848101267 0.01718213058419244
0.12658227848101267 0.01718213058419244
0.12578616352201258 0.01718213058419244
0.125 0.01718213058419244
0.125 0.01718213058419244
0.12422360248447205 0.01718213058419244
0.12345679012345678 0.01718213058419244
0.12345679012345678 0.01718213058419244
0.12269938650306748 0.01718213058419244
0.12269938650306748 0.01718213058419244
0.12269938650306748 0.01718213058419244
0.12269938650306748 0.01718213058419244
0.12195121951219512 0.01718213058419244
0.12195121951219512 0.01718213058419244
0.12195121951219512 0.01718213058419244
0.12195121951219512 0.01718213058419244
0.12195121951219512 0.01718213058419244
0.12195121951219512 0.01718213058419244
0.12195121951219512 0.01718213058419244
0.12195121951219512 0.01718213058419244
0.12121212121212122 0.01718213058419244
0.12121212121212122 0.01718213058419244
0.12121212121212122 0.01718213058419244
0.12121212121212122 0.01718213058419244
0.12121212121212122 0.01718213058419244
0.12121212121212122 0.01718213058419244
0.12121212121212122 0.01718213058419244
0.12121212121212122 0.01718213058419244
0.12048192771084337 0.01718213058419244
0.12048192771084337 0.01718213058419244
0.12048192771084337 0.01718213058419244
0.12048192771084337 0.01718213058419244
0.12048192771084337 0.01718213058419244
0.12048192771084337 0.01718213058419244
0.12048192771084337 0.01718213058419244
0.12048192771084337 0.01718213058419244
0.11976047904191617 0.01718213058419244
0.11904761904761904 0.01718213058419244
0.11904761904761904 0.01718213058419244
0.11904761904761904 0.01718213058419244
0.11904761904761904 0.01718213058419244
0.11904761904761904 0.01718213058419244
0.11834319526627218 0.01718213058419244
0.11834319526627218 0.01718213058419244
0.11764705882352941 0.01718213058419244
0.11764705882352941 0.01718213058419244
0.11764705882352941 0.01718213058419244
0.11764705882352941 0.01718213058419244
0.11764705882352941 0.01718213058419244
0.11764705882352941 0.01718213058419244
0.11764705882352941 0.01718213058419244
0.11695906432748537 0.01718213058419244
0.11695906432748537 0.01718213058419244
0.11695906432748537 0.01718213058419244
0.11695906432748537 0.01718213058419244
0.11695906432748537 0.01718213058419244
0.11627906976744186 0.01718213058419244
0.11627906976744186 0.01718213058419244
0.11627906976744186 0.01718213058419244
0.11627906976744186 0.01718213058419244
0.11627906976744186 0.01718213058419244
0.11560693641618497 0.01718213058419244
0.11560693641618497 0.01718213058419244
0.11560693641618497 0.01718213058419244
0.11494252873563218 0.01718213058419244
0.11494252873563218 0.01718213058419244
0.11494252873563218 0.01718213058419244
0.11494252873563218 0.01718213058419244
0.11494252873563218 0.01718213058419244
0.11494252873563218 0.01718213058419244
0.11494252873563218 0.01718213058419244
0.11494252873563218 0.01718213058419244
0.11428571428571428 0.01718213058419244
0.11363636363636363 0.01718213058419244
0.11363636363636363 0.01718213058419244
0.11299435028248588 0.01718213058419244
0.11235955056179775 0.01718213058419244
0.11235955056179775 0.01718213058419244
0.11173184357541899 0.01718213058419244
0.11173184357541899 0.01718213058419244
0.11173184357541899 0.01718213058419244
0.11173184357541899 0.01718213058419244
0.11173184357541899 0.01718213058419244
0.1111111111111111 0.01718213058419244
0.1111111111111111 0.01718213058419244
0.1111111111111111 0.01718213058419244
0.1111111111111111 0.01718213058419244
0.11049723756906077 0.01718213058419244
0.11049723756906077 0.01718213058419244
0.10989010989010989 0.01718213058419244
0.10989010989010989 0.01718213058419244
0.10989010989010989 0.01718213058419244
0.10989010989010989 0.01718213058419244
0.1092896174863388 0.01718213058419244
0.1092896174863388 0.01718213058419244
0.1092896174863388 0.01718213058419244
0.1092896174863388 0.01718213058419244
0.1092896174863388 0.01718213058419244
0.10869565217391304 0.01718213058419244
0.10869565217391304 0.01718213058419244
0.10869565217391304 0.01718213058419244
0.10869565217391304 0.01718213058419244
0.10810810810810811 0.01718213058419244
0.10810810810810811 0.01718213058419244
0.10810810810810811 0.01718213058419244
0.10752688172043011 0.01718213058419244
0.10752688172043011 0.01718213058419244
0.10752688172043011 0.01718213058419244
0.10752688172043011 0.01718213058419244
0.10752688172043011 0.01718213058419244
0.10752688172043011 0.01718213058419244
0.10752688172043011 0.01718213058419244
0.10695187165775401 0.01718213058419244
0.11170212765957446 0.01804123711340206
0.1164021164021164 0.018900343642611683
0.1164021164021164 0.018900343642611683
0.1164021164021164 0.018900343642611683
0.12105263157894737 0.019759450171821305
0.1256544502617801 0.020618556701030927
0.1256544502617801 0.020618556701030927
0.1256544502617801 0.020618556701030927
0.1256544502617801 0.020618556701030927
0.1256544502617801 0.020618556701030927
0.1256544502617801 0.020618556701030927
0.1256544502617801 0.020618556701030927
0.1256544502617801 0.020618556701030927
0.1256544502617801 0.020618556701030927
0.1256544502617801 0.020618556701030927
0.1256544502617801 0.020618556701030927
0.1256544502617801 0.020618556701030927
0.1256544502617801 0.020618556701030927
0.1256544502617801 0.020618556701030927
0.1256544502617801 0.020618556701030927
0.1256544502617801 0.020618556701030927
0.1256544502617801 0.020618556701030927
0.1256544502617801 0.020618556701030927
0.1256544502617801 0.020618556701030927
0.1256544502617801 0.020618556701030927
0.1256544502617801 0.020618556701030927
0.1256544502617801 0.020618556701030927
0.1256544502617801 0.020618556701030927
0.1256544502617801 0.020618556701030927
0.125 0.020618556701030927
0.125 0.020618556701030927
0.125 0.020618556701030927
0.125 0.020618556701030927
0.125 0.020618556701030927
0.125 0.020618556701030927
0.125 0.020618556701030927
0.125 0.020618556701030927
0.125 0.020618556701030927
0.125 0.020618556701030927
0.12435233160621761 0.020618556701030927
0.12435233160621761 0.020618556701030927
0.12435233160621761 0.020618556701030927
0.12435233160621761 0.020618556701030927
0.12435233160621761 0.020618556701030927
0.12435233160621761 0.020618556701030927
0.12371134020618557 0.020618556701030927
0.12371134020618557 0.020618556701030927
0.12371134020618557 0.020618556701030927
0.12307692307692308 0.020618556701030927
0.12307692307692308 0.020618556701030927
0.12307692307692308 0.020618556701030927
0.12307692307692308 0.020618556701030927
0.12307692307692308 0.020618556701030927
0.12307692307692308 0.020618556701030927
0.12307692307692308 0.020618556701030927
0.12307692307692308 0.020618556701030927
0.12307692307692308 0.020618556701030927
0.12307692307692308 0.020618556701030927
0.12307692307692308 0.020618556701030927
0.12307692307692308 0.020618556701030927
0.12307692307692308 0.020618556701030927
0.12307692307692308 0.020618556701030927
0.12244897959183673 0.020618556701030927
0.12244897959183673 0.020618556701030927
0.12244897959183673 0.020618556701030927
0.12244897959183673 0.020618556701030927
0.1218274111675127 0.020618556701030927
0.1218274111675127 0.020618556701030927
0.12121212121212122 0.020618556701030927
0.12121212121212122 0.020618556701030927
0.12060301507537688 0.020618556701030927
0.12060301507537688 0.020618556701030927
0.12060301507537688 0.020618556701030927
0.12060301507537688 0.020618556701030927
0.12060301507537688 0.020618556701030927
0.12060301507537688 0.020618556701030927
0.12060301507537688 0.020618556701030927
0.12060301507537688 0.020618556701030927
0.12060301507537688 0.020618556701030927
0.125 0.02147766323024055
0.12935323383084577 0.022336769759450172
0.12935323383084577 0.022336769759450172
0.12935323383084577 0.022336769759450172
0.12935323383084577 0.022336769759450172
0.12935323383084577 0.022336769759450172
0.12871287128712872 0.022336769759450172
0.12871287128712872 0.022336769759450172
0.12871287128712872 0.022336769759450172
0.12871287128712872 0.022336769759450172
0.12871287128712872 0.022336769759450172
0.12807881773399016 0.022336769759450172
0.12807881773399016 0.022336769759450172
0.12807881773399016 0.022336769759450172
0.12807881773399016 0.022336769759450172
0.12807881773399016 0.022336769759450172
0.12807881773399016 0.022336769759450172
0.12745098039215685 0.022336769759450172
0.12745098039215685 0.022336769759450172
0.12745098039215685 0.022336769759450172
0.12745098039215685 0.022336769759450172
0.12745098039215685 0.022336769759450172
0.12745098039215685 0.022336769759450172
0.12745098039215685 0.022336769759450172
0.12745098039215685 0.022336769759450172
0.12745098039215685 0.022336769759450172
0.12682926829268293 0.022336769759450172
0.1262135922330097 0.022336769759450172
0.1262135922330097 0.022336769759450172
0.1262135922330097 0.022336769759450172
0.12560386473429952 0.022336769759450172
0.125 0.022336769759450172
0.125 0.022336769759450172
0.125 0.022336769759450172
0.12440191387559808 0.022336769759450172
0.12440191387559808 0.022336769759450172
0.12440191387559808 0.022336769759450172
0.12440191387559808 0.022336769759450172
0.12440191387559808 0.022336769759450172
0.12440191387559808 0.022336769759450172
0.12440191387559808 0.022336769759450172
0.12440191387559808 0.022336769759450172
0.12440191387559808 0.022336769759450172
0.12440191387559808 0.022336769759450172
0.12440191387559808 0.022336769759450172
0.12440191387559808 0.022336769759450172
0.12440191387559808 0.022336769759450172
0.12440191387559808 0.022336769759450172
0.12440191387559808 0.022336769759450172
0.12440191387559808 0.022336769759450172
0.12440191387559808 0.022336769759450172
0.12440191387559808 0.022336769759450172
0.12440191387559808 0.022336769759450172
0.12380952380952381 0.022336769759450172
0.12380952380952381 0.022336769759450172
0.12380952380952381 0.022336769759450172
0.12322274881516587 0.022336769759450172
0.12322274881516587 0.022336769759450172
0.12322274881516587 0.022336769759450172
0.12322274881516587 0.022336769759450172
0.12264150943396226 0.022336769759450172
0.12264150943396226 0.022336769759450172
0.12264150943396226 0.022336769759450172
0.12264150943396226 0.022336769759450172
0.12206572769953052 0.022336769759450172
0.12206572769953052 0.022336769759450172
0.12206572769953052 0.022336769759450172
0.12206572769953052 0.022336769759450172
0.12206572769953052 0.022336769759450172
0.12206572769953052 0.022336769759450172
0.12093023255813953 0.022336769759450172
0.12093023255813953 0.022336769759450172
0.12093023255813953 0.022336769759450172
0.12093023255813953 0.022336769759450172
0.12093023255813953 0.022336769759450172
0.12093023255813953 0.022336769759450172
0.12093023255813953 0.022336769759450172
0.12093023255813953 0.022336769759450172
0.12037037037037036 0.022336769759450172
0.11926605504587157 0.022336769759450172
0.11926605504587157 0.022336769759450172
0.11926605504587157 0.022336769759450172
0.1187214611872146 0.022336769759450172
0.1187214611872146 0.022336769759450172
0.1187214611872146 0.022336769759450172
0.1187214611872146 0.022336769759450172
0.1187214611872146 0.022336769759450172
0.1187214611872146 0.022336769759450172
0.1187214611872146 0.022336769759450172
0.1187214611872146 0.022336769759450172
0.11818181818181818 0.022336769759450172
0.11818181818181818 0.022336769759450172
0.11764705882352941 0.022336769759450172
0.11711711711711711 0.022336769759450172
0.11711711711711711 0.022336769759450172
0.11711711711711711 0.022336769759450172
0.11659192825112108 0.022336769759450172
0.11607142857142858 0.022336769759450172
0.11555555555555555 0.022336769759450172
0.11555555555555555 0.022336769759450172
0.11504424778761062 0.022336769759450172
0.11504424778761062 0.022336769759450172
0.11504424778761062 0.022336769759450172
0.1145374449339207 0.022336769759450172
0.1145374449339207 0.022336769759450172
0.1145374449339207 0.022336769759450172
0.1145374449339207 0.022336769759450172
0.1145374449339207 0.022336769759450172
0.11403508771929824 0.022336769759450172
0.11403508771929824 0.022336769759450172
0.11403508771929824 0.022336769759450172
0.11403508771929824 0.022336769759450172
0.11403508771929824 0.022336769759450172
0.11403508771929824 0.022336769759450172
0.11403508771929824 0.022336769759450172
0.11353711790393013 0.022336769759450172
0.11353711790393013 0.022336769759450172
0.11304347826086956 0.022336769759450172
0.11304347826086956 0.022336769759450172
0.11304347826086956 0.022336769759450172
0.11304347826086956 0.022336769759450172
0.11304347826086956 0.022336769759450172
0.11304347826086956 0.022336769759450172
0.11304347826086956 0.022336769759450172
0.11304347826086956 0.022336769759450172
0.11304347826086956 0.022336769759450172
0.11304347826086956 0.022336769759450172
0.11304347826086956 0.022336769759450172
0.11304347826086956 0.022336769759450172
0.11255411255411256 0.022336769759450172
0.11255411255411256 0.022336769759450172
0.11255411255411256 0.022336769759450172
0.11255411255411256 0.022336769759450172
0.11255411255411256 0.022336769759450172
0.11255411255411256 0.022336769759450172
0.11255411255411256 0.022336769759450172
0.11255411255411256 0.022336769759450172
0.11255411255411256 0.022336769759450172
0.11255411255411256 0.022336769759450172
0.11255411255411256 0.022336769759450172
0.11206896551724138 0.022336769759450172
0.11158798283261803 0.022336769759450172
0.11158798283261803 0.022336769759450172
0.11158798283261803 0.022336769759450172
0.11158798283261803 0.022336769759450172
0.1111111111111111 0.022336769759450172
0.1111111111111111 0.022336769759450172
0.1111111111111111 0.022336769759450172
0.1111111111111111 0.022336769759450172
0.1111111111111111 0.022336769759450172
0.1111111111111111 0.022336769759450172
0.1111111111111111 0.022336769759450172
0.1111111111111111 0.022336769759450172
0.1111111111111111 0.022336769759450172
0.1111111111111111 0.022336769759450172
0.11063829787234042 0.022336769759450172
0.11063829787234042 0.022336769759450172
0.11063829787234042 0.022336769759450172
0.11063829787234042 0.022336769759450172
0.11063829787234042 0.022336769759450172
0.11063829787234042 0.022336769759450172
0.11063829787234042 0.022336769759450172
