1.0 0.0045871559633027525
1.0 0.0045871559633027525
1.0 0.009174311926605505
1.0 0.009174311926605505
1.0 0.009174311926605505
1.0 0.009174311926605505
1.0 0.009174311926605505
1.0 0.009174311926605505
1.0 0.009174311926605505
1.0 0.009174311926605505
1.0 0.009174311926605505
1.0 0.009174311926605505
1.0 0.009174311926605505
1.0 0.009174311926605505
1.0 0.013761467889908258
1.0 0.013761467889908258
1.0 0.013761467889908258
1.0 0.01834862385321101
1.0 0.022935779816513763
1.0 0.022935779816513763
1.0 0.027522935779816515
1.0 0.027522935779816515
0.8571428571428571 0.027522935779816515
0.875 0.03211009174311927
0.8888888888888888 0.03669724770642202
0.8888888888888888 0.03669724770642202
0.8888888888888888 0.03669724770642202
0.9 0.04128440366972477
0.9 0.04128440366972477
0.9090909090909091 0.045871559633027525
0.9166666666666666 0.05045871559633028
0.9166666666666666 0.05045871559633028
0.9166666666666666 0.05045871559633028
0.9166666666666666 0.05045871559633028
0.9166666666666666 0.05045871559633028
0.9166666666666666 0.05045871559633028
0.9166666666666666 0.05045871559633028
0.9166666666666666 0.05045871559633028
0.9166666666666666 0.05045871559633028
0.9166666666666666 0.05045871559633028
0.9166666666666666 0.05045871559633028
0.9166666666666666 0.05045871559633028
0.9166666666666666 0.05045871559633028
0.9166666666666666 0.05045871559633028
0.9166666666666666 0.05045871559633028
0.9166666666666666 0.05045871559633028
0.8461538461538461 0.05045871559633028
0.8461538461538461 0.05045871559633028
0.8461538461538461 0.05045871559633028
0.8461538461538461 0.05045871559633028
0.8461538461538461 0.05045871559633028
0.8461538461538461 0.05045871559633028
0.8461538461538461 0.05045871559633028
0.8461538461538461 0.05045871559633028
0.8461538461538461 0.05045871559633028
0.8461538461538461 0.05045871559633028
0.8461538461538461 0.05045871559633028
0.8461538461538461 0.05045871559633028
0.8461538461538461 0.05045871559633028
0.8461538461538461 0.05045871559633028
0.8461538461538461 0.05045871559633028
0.8461538461538461 0.05045871559633028
0.8461538461538461 0.05045871559633028
0.8461538461538461 0.05045871559633028
0.8461538461538461 0.05045871559633028
0.8461538461538461 0.05045871559633028
0.8461538461538461 0.05045871559633028
0.8461538461538461 0.05045871559633028
0.8461538461538461 0.05045871559633028
0.8461538461538461 0.05045871559633028
0.8571428571428571 0.05504587155963303
0.8571428571428571 0.05504587155963303
0.8571428571428571 0.05504587155963303
0.8571428571428571 0.05504587155963303
0.8571428571428571 0.05504587155963303
0.8571428571428571 0.05504587155963303
0.8666666666666667 0.05963302752293578
0.8666666666666667 0.05963302752293578
0.8666666666666667 0.05963302752293578
0.875 0.06422018348623854
0.8823529411764706 0.06880733944954129
0.8888888888888888 0.07339449541284404
0.8888888888888888 0.07339449541284404
0.8947368421052632 0.0779816513761468
0.9 0.08256880733944955
0.9 0.08256880733944955
0.9 0.08256880733944955
0.9 0.08256880733944955
0.9 0.08256880733944955
0.9 0.08256880733944955
0.9 0.08256880733944955
0.9 0.08256880733944955
0.9 0.08256880733944955
0.9 0.08256880733944955
0.9 0.08256880733944955
0.9 0.08256880733944955
0.8571428571428571 0.08256880733944955
0.8571428571428571 0.08256880733944955
0.8571428571428571 0.08256880733944955
0.8571428571428571 0.08256880733944955
0.8571428571428571 0.08256880733944955
0.8571428571428571 0.08256880733944955
0.8571428571428571 0.08256880733944955
0.8571428571428571 0.08256880733944955
0.8571428571428571 0.08256880733944955
0.8571428571428571 0.08256880733944955
0.8571428571428571 0.08256880733944955
0.8571428571428571 0.08256880733944955
0.8571428571428571 0.08256880733944955
0.8571428571428571 0.08256880733944955
0.8571428571428571 0.08256880733944955
0.8571428571428571 0.08256880733944955
0.8571428571428571 0.08256880733944955
0.8571428571428571 0.08256880733944955
0.8571428571428571 0.08256880733944955
0.8571428571428571 0.08256880733944955
0.8571428571428571 0.08256880733944955
0.8571428571428571 0.08256880733944955
0.8571428571428571 0.08256880733944955
0.8571428571428571 0.08256880733944955
0.8571428571428571 0.08256880733944955
0.8571428571428571 0.08256880733944955
0.8571428571428571 0.08256880733944955
0.8571428571428571 0.08256880733944955
0.8571428571428571 0.08256880733944955
0.8571428571428571 0.08256880733944955
0.8571428571428571 0.08256880733944955
0.8571428571428571 0.08256880733944955
0.8571428571428571 0.08256880733944955
0.8571428571428571 0.08256880733944955
0.8571428571428571 0.08256880733944955
0.8571428571428571 0.08256880733944955
0.8571428571428571 0.08256880733944955
0.8571428571428571 0.08256880733944955
0.8571428571428571 0.08256880733944955
0.8571428571428571 0.08256880733944955
0.8571428571428571 0.08256880733944955
0.8636363636363636 0.0871559633027523
0.8636363636363636 0.0871559633027523
0.8636363636363636 0.0871559633027523
0.8636363636363636 0.0871559633027523
0.8636363636363636 0.0871559633027523
0.8260869565217391 0.0871559633027523
0.8260869565217391 0.0871559633027523
0.8260869565217391 0.0871559633027523
0.8260869565217391 0.0871559633027523
0.8260869565217391 0.0871559633027523
0.8260869565217391 0.0871559633027523
0.8260869565217391 0.0871559633027523
0.8260869565217391 0.0871559633027523
0.8260869565217391 0.0871559633027523
0.8260869565217391 0.0871559633027523
0.8260869565217391 0.0871559633027523
0.8260869565217391 0.0871559633027523
0.8260869565217391 0.0871559633027523
0.8260869565217391 0.0871559633027523
0.8260869565217391 0.0871559633027523
0.8260869565217391 0.0871559633027523
0.8260869565217391 0.0871559633027523
0.8260869565217391 0.0871559633027523
0.8260869565217391 0.0871559633027523
0.8260869565217391 0.0871559633027523
0.8333333333333334 0.09174311926605505
0.8333333333333334 0.09174311926605505
0.8333333333333334 0.09174311926605505
0.8333333333333334 0.09174311926605505
0.8333333333333334 0.09174311926605505
0.8333333333333334 0.09174311926605505
0.8333333333333334 0.09174311926605505
0.8333333333333334 0.09174311926605505
0.8333333333333334 0.09174311926605505
0.8333333333333334 0.09174311926605505
0.8 0.09174311926605505
0.8 0.09174311926605505
0.8 0.09174311926605505
0.8 0.09174311926605505
0.8 0.09174311926605505
0.8 0.09174311926605505
0.8 0.09174311926605505
0.8 0.09174311926605505
0.8 0.09174311926605505
0.8 0.09174311926605505
0.8 0.09174311926605505
0.8 0.09174311926605505
0.8 0.09174311926605505
0.8 0.09174311926605505
0.8 0.09174311926605505
0.8 0.09174311926605505
0.8 0.09174311926605505
0.8 0.09174311926605505
0.8 0.09174311926605505
0.8 0.09174311926605505
0.8 0.09174311926605505
0.8 0.09174311926605505
0.8 0.09174311926605505
0.8 0.09174311926605505
0.8 0.09174311926605505
0.8076923076923077 0.0963302752293578
0.8076923076923077 0.0963302752293578
0.8076923076923077 0.0963302752293578
0.8076923076923077 0.0963302752293578
0.8076923076923077 0.0963302752293578
0.8076923076923077 0.0963302752293578
0.7777777777777778 0.0963302752293578
0.7777777777777778 0.0963302752293578
0.7777777777777778 0.0963302752293578
0.7777777777777778 0.0963302752293578
0.7777777777777778 0.0963302752293578
0.7777777777777778 0.0963302752293578
0.7777777777777778 0.0963302752293578
0.7777777777777778 0.0963302752293578
0.7777777777777778 0.0963302752293578
0.7777777777777778 0.0963302752293578
0.7777777777777778 0.0963302752293578
0.7777777777777778 0.0963302752293578
0.7777777777777778 0.0963302752293578
0.7777777777777778 0.0963302752293578
0.7777777777777778 0.0963302752293578
0.7777777777777778 0.0963302752293578
0.7777777777777778 0.0963302752293578
0.7777777777777778 0.0963302752293578
0.7777777777777778 0.0963302752293578
0.7777777777777778 0.0963302752293578
0.7777777777777778 0.0963302752293578
0.7857142857142857 0.10091743119266056
0.7857142857142857 0.10091743119266056
0.7857142857142857 0.10091743119266056
0.7857142857142857 0.10091743119266056
0.7857142857142857 0.10091743119266056
0.7931034482758621 0.10550458715596331
0.7931034482758621 0.10550458715596331
0.7931034482758621 0.10550458715596331
0.7931034482758621 0.10550458715596331
0.7931034482758621 0.10550458715596331
0.7931034482758621 0.10550458715596331
0.7931034482758621 0.10550458715596331
0.7931034482758621 0.10550458715596331
0.7666666666666667 0.10550458715596331
0.7419354838709677 0.10550458715596331
0.7419354838709677 0.10550458715596331
0.71875 0.10550458715596331
0.71875 0.10550458715596331
0.71875 0.10550458715596331
0.71875 0.10550458715596331
0.696969696969697 0.10550458715596331
0.696969696969697 0.10550458715596331
0.6764705882352942 0.10550458715596331
0.6764705882352942 0.10550458715596331
0.6764705882352942 0.10550458715596331
0.6764705882352942 0.10550458715596331
0.6764705882352942 0.10550458715596331
0.6764705882352942 0.10550458715596331
0.6764705882352942 0.10550458715596331
0.6764705882352942 0.10550458715596331
0.6764705882352942 0.10550458715596331
0.6764705882352942 0.10550458715596331
0.6764705882352942 0.10550458715596331
0.6764705882352942 0.10550458715596331
0.6764705882352942 0.10550458715596331
0.6764705882352942 0.10550458715596331
0.6764705882352942 0.10550458715596331
0.6764705882352942 0.10550458715596331
0.6764705882352942 0.10550458715596331
0.6764705882352942 0.10550458715596331
0.6764705882352942 0.10550458715596331
0.6764705882352942 0.10550458715596331
0.6764705882352942 0.10550458715596331
0.6764705882352942 0.10550458715596331
0.6764705882352942 0.10550458715596331
0.6764705882352942 0.10550458715596331
0.6764705882352942 0.10550458715596331
0.6764705882352942 0.10550458715596331
0.6764705882352942 0.10550458715596331
0.6764705882352942 0.10550458715596331
0.6764705882352942 0.10550458715596331
0.6764705882352942 0.10550458715596331
0.6764705882352942 0.10550458715596331
0.6764705882352942 0.10550458715596331
0.6764705882352942 0.10550458715596331
0.6764705882352942 0.10550458715596331
0.6764705882352942 0.10550458715596331
0.6764705882352942 0.10550458715596331
0.6764705882352942 0.10550458715596331
0.6764705882352942 0.10550458715596331
0.6764705882352942 0.10550458715596331
0.6764705882352942 0.10550458715596331
0.6857142857142857 0.11009174311926606
0.6857142857142857 0.11009174311926606
0.6944444444444444 0.11467889908256881
0.7027027027027027 0.11926605504587157
0.7027027027027027 0.11926605504587157
0.7027027027027027 0.11926605504587157
0.7027027027027027 0.11926605504587157
0.7027027027027027 0.11926605504587157
0.7027027027027027 0.11926605504587157
0.7027027027027027 0.11926605504587157
0.7027027027027027 0.11926605504587157
0.7027027027027027 0.11926605504587157
0.7105263157894737 0.12385321100917432
0.717948717948718 0.12844036697247707
0.717948717948718 0.12844036697247707
0.717948717948718 0.12844036697247707
0.717948717948718 0.12844036697247707
0.717948717948718 0.12844036697247707
0.717948717948718 0.12844036697247707
0.717948717948718 0.12844036697247707
0.717948717948718 0.12844036697247707
0.717948717948718 0.12844036697247707
0.717948717948718 0.12844036697247707
0.717948717948718 0.12844036697247707
0.717948717948718 0.12844036697247707
0.717948717948718 0.12844036697247707
0.717948717948718 0.12844036697247707
0.717948717948718 0.12844036697247707
0.717948717948718 0.12844036697247707
0.717948717948718 0.12844036697247707
0.717948717948718 0.12844036697247707
0.717948717948718 0.12844036697247707
0.717948717948718 0.12844036697247707
0.717948717948718 0.12844036697247707
0.717948717948718 0.12844036697247707
0.717948717948718 0.12844036697247707
0.717948717948718 0.12844036697247707
0.7 0.12844036697247707
0.7 0.12844036697247707
0.7 0.12844036697247707
0.7 0.12844036697247707
0.7 0.12844036697247707
0.7 0.12844036697247707
0.7 0.12844036697247707
0.7 0.12844036697247707
0.7 0.12844036697247707
0.7 0.12844036697247707
0.7 0.12844036697247707
0.7073170731707317 0.13302752293577982
0.7073170731707317 0.13302752293577982
0.7073170731707317 0.13302752293577982
0.7142857142857143 0.13761467889908258
0.7209302325581395 0.14220183486238533
0.7209302325581395 0.14220183486238533
0.7209302325581395 0.14220183486238533
0.7209302325581395 0.14220183486238533
0.7209302325581395 0.14220183486238533
0.7209302325581395 0.14220183486238533
0.7209302325581395 0.14220183486238533
0.7209302325581395 0.14220183486238533
0.7209302325581395 0.14220183486238533
0.7209302325581395 0.14220183486238533
0.7209302325581395 0.14220183486238533
0.7209302325581395 0.14220183486238533
0.7272727272727273 0.14678899082568808
0.7333333333333333 0.15137614678899083
0.7391304347826086 0.1559633027522936
0.7391304347826086 0.1559633027522936
0.7391304347826086 0.1559633027522936
0.7391304347826086 0.1559633027522936
0.7391304347826086 0.1559633027522936
0.7391304347826086 0.1559633027522936
0.7391304347826086 0.1559633027522936
0.7391304347826086 0.1559633027522936
0.7391304347826086 0.1559633027522936
0.7391304347826086 0.1559633027522936
0.7391304347826086 0.1559633027522936
0.7391304347826086 0.1559633027522936
0.7391304347826086 0.1559633027522936
0.7391304347826086 0.1559633027522936
0.7391304347826086 0.1559633027522936
0.7391304347826086 0.1559633027522936
0.7391304347826086 0.1559633027522936
0.7391304347826086 0.1559633027522936
0.7391304347826086 0.1559633027522936
0.7391304347826086 0.1559633027522936
0.7391304347826086 0.1559633027522936
0.7391304347826086 0.1559633027522936
0.7391304347826086 0.1559633027522936
0.7391304347826086 0.1559633027522936
0.7391304347826086 0.1559633027522936
0.7391304347826086 0.1559633027522936
0.7391304347826086 0.1559633027522936
0.7391304347826086 0.1559633027522936
0.7391304347826086 0.1559633027522936
0.7391304347826086 0.1559633027522936
0.7391304347826086 0.1559633027522936
0.7391304347826086 0.1559633027522936
0.7391304347826086 0.1559633027522936
0.7391304347826086 0.1559633027522936
0.7391304347826086 0.1559633027522936
0.7391304347826086 0.1559633027522936
0.7391304347826086 0.1559633027522936
0.7391304347826086 0.1559633027522936
0.7391304347826086 0.1559633027522936
0.7391304347826086 0.1559633027522936
0.7391304347826086 0.1559633027522936
0.7391304347826086 0.1559633027522936
0.7391304347826086 0.1559633027522936
0.7391304347826086 0.1559633027522936
0.7391304347826086 0.1559633027522936
0.7391304347826086 0.1559633027522936
0.7391304347826086 0.1559633027522936
0.7391304347826086 0.1559633027522936
0.7391304347826086 0.1559633027522936
0.7391304347826086 0.1559633027522936
0.7391304347826086 0.1559633027522936
0.7391304347826086 0.1559633027522936
0.7391304347826086 0.1559633027522936
0.7391304347826086 0.1559633027522936
0.7391304347826086 0.1559633027522936
0.723404255319149 0.1559633027522936
0.723404255319149 0.1559633027522936
0.723404255319149 0.1559633027522936
0.723404255319149 0.1559633027522936
0.723404255319149 0.1559633027522936
0.723404255319149 0.1559633027522936
0.723404255319149 0.1559633027522936
0.723404255319149 0.1559633027522936
0.723404255319149 0.1559633027522936
0.723404255319149 0.1559633027522936
0.723404255319149 0.1559633027522936
0.723404255319149 0.1559633027522936
0.723404255319149 0.1559633027522936
0.723404255319149 0.1559633027522936
0.723404255319149 0.1559633027522936
0.723404255319149 0.1559633027522936
0.723404255319149 0.1559633027522936
0.723404255319149 0.1559633027522936
0.723404255319149 0.1559633027522936
0.723404255319149 0.1559633027522936
0.723404255319149 0.1559633027522936
0.723404255319149 0.1559633027522936
0.723404255319149 0.1559633027522936
0.723404255319149 0.1559633027522936
0.723404255319149 0.1559633027522936
0.723404255319149 0.1559633027522936
0.723404255319149 0.1559633027522936
0.723404255319149 0.1559633027522936
0.723404255319149 0.1559633027522936
0.7291666666666666 0.16055045871559634
0.7291666666666666 0.16055045871559634
0.7346938775510204 0.1651376146788991
0.74 0.16972477064220184
0.74 0.16972477064220184
0.74 0.16972477064220184
0.74 0.16972477064220184
0.74 0.16972477064220184
0.74 0.16972477064220184
0.74 0.16972477064220184
0.74 0.16972477064220184
0.74 0.16972477064220184
0.74 0.16972477064220184
0.74 0.16972477064220184
0.74 0.16972477064220184
0.74 0.16972477064220184
0.74 0.16972477064220184
0.74 0.16972477064220184
0.74 0.16972477064220184
0.74 0.16972477064220184
0.74 0.16972477064220184
0.74 0.16972477064220184
0.74 0.16972477064220184
0.74 0.16972477064220184
0.74 0.16972477064220184
0.74 0.16972477064220184
0.74 0.16972477064220184
0.74 0.16972477064220184
0.74 0.16972477064220184
0.74 0.16972477064220184
0.74 0.16972477064220184
0.74 0.16972477064220184
0.74 0.16972477064220184
0.74 0.16972477064220184
0.74 0.16972477064220184
0.74 0.16972477064220184
0.74 0.16972477064220184
0.74 0.16972477064220184
0.74 0.16972477064220184
0.74 0.16972477064220184
0.74 0.16972477064220184
0.74 0.16972477064220184
0.74 0.16972477064220184
0.74 0.16972477064220184
0.74 0.16972477064220184
0.74 0.16972477064220184
0.74 0.16972477064220184
0.74 0.16972477064220184
0.74 0.16972477064220184
0.74 0.16972477064220184
0.74 0.16972477064220184
0.74 0.16972477064220184
0.74 0.16972477064220184
0.74 0.16972477064220184
0.74 0.16972477064220184
0.74 0.16972477064220184
0.75 0.17889908256880735
0.7547169811320755 0.1834862385321101
0.7592592592592593 0.18807339449541285
0.7636363636363637 0.1926605504587156
0.7678571428571429 0.19724770642201836
0.7678571428571429 0.19724770642201836
0.7719298245614035 0.2018348623853211
0.7758620689655172 0.20642201834862386
0.7758620689655172 0.20642201834862386
0.7758620689655172 0.20642201834862386
0.7758620689655172 0.20642201834862386
0.7758620689655172 0.20642201834862386
0.7758620689655172 0.20642201834862386
0.7758620689655172 0.20642201834862386
0.7758620689655172 0.20642201834862386
0.7758620689655172 0.20642201834862386
0.7833333333333333 0.21559633027522937
0.7868852459016393 0.22018348623853212
0.7903225806451613 0.22477064220183487
0.7903225806451613 0.22477064220183487
0.796875 0.23394495412844038
0.8 0.23853211009174313
0.803030303030303 0.24311926605504589
0.8059701492537313 0.24770642201834864
0.8059701492537313 0.24770642201834864
0.8059701492537313 0.24770642201834864
0.8059701492537313 0.24770642201834864
0.8059701492537313 0.24770642201834864
0.8059701492537313 0.24770642201834864
0.8059701492537313 0.24770642201834864
0.8059701492537313 0.24770642201834864
0.8059701492537313 0.24770642201834864
0.8059701492537313 0.24770642201834864
0.8059701492537313 0.24770642201834864
0.8059701492537313 0.24770642201834864
0.8059701492537313 0.24770642201834864
0.8059701492537313 0.24770642201834864
0.8059701492537313 0.24770642201834864
0.8059701492537313 0.24770642201834864
0.8059701492537313 0.24770642201834864
0.8059701492537313 0.24770642201834864
0.8059701492537313 0.24770642201834864
0.8059701492537313 0.24770642201834864
0.8059701492537313 0.24770642201834864
0.8059701492537313 0.24770642201834864
0.8059701492537313 0.24770642201834864
0.8059701492537313 0.24770642201834864
0.8059701492537313 0.24770642201834864
0.8059701492537313 0.24770642201834864
0.8059701492537313 0.24770642201834864
0.8059701492537313 0.24770642201834864
0.8059701492537313 0.24770642201834864
0.8059701492537313 0.24770642201834864
0.8059701492537313 0.24770642201834864
0.8059701492537313 0.24770642201834864
0.8059701492537313 0.24770642201834864
0.8059701492537313 0.24770642201834864
0.8059701492537313 0.24770642201834864
0.8059701492537313 0.24770642201834864
0.7941176470588235 0.24770642201834864
0.7941176470588235 0.24770642201834864
0.7941176470588235 0.24770642201834864
0.7941176470588235 0.24770642201834864
0.7941176470588235 0.24770642201834864
0.7941176470588235 0.24770642201834864
0.7941176470588235 0.24770642201834864
0.7941176470588235 0.24770642201834864
0.7941176470588235 0.24770642201834864
0.7941176470588235 0.24770642201834864
0.7941176470588235 0.24770642201834864
0.7941176470588235 0.24770642201834864
0.7941176470588235 0.24770642201834864
0.7941176470588235 0.24770642201834864
0.7941176470588235 0.24770642201834864
0.7941176470588235 0.24770642201834864
0.7941176470588235 0.24770642201834864
0.7941176470588235 0.24770642201834864
0.7941176470588235 0.24770642201834864
0.7941176470588235 0.24770642201834864
0.7941176470588235 0.24770642201834864
0.7941176470588235 0.24770642201834864
0.7941176470588235 0.24770642201834864
0.7941176470588235 0.24770642201834864
0.7941176470588235 0.24770642201834864
0.7941176470588235 0.24770642201834864
0.7941176470588235 0.24770642201834864
0.7941176470588235 0.24770642201834864
0.7941176470588235 0.24770642201834864
0.7941176470588235 0.24770642201834864
0.7941176470588235 0.24770642201834864
0.7941176470588235 0.24770642201834864
0.7941176470588235 0.24770642201834864
0.7941176470588235 0.24770642201834864
0.782608695652174 0.24770642201834864
0.782608695652174 0.24770642201834864
0.782608695652174 0.24770642201834864
0.782608695652174 0.24770642201834864
0.782608695652174 0.24770642201834864
0.782608695652174 0.24770642201834864
0.782608695652174 0.24770642201834864
0.782608695652174 0.24770642201834864
0.782608695652174 0.24770642201834864
0.782608695652174 0.24770642201834864
0.782608695652174 0.24770642201834864
0.782608695652174 0.24770642201834864
0.782608695652174 0.24770642201834864
0.782608695652174 0.24770642201834864
0.782608695652174 0.24770642201834864
0.782608695652174 0.24770642201834864
0.782608695652174 0.24770642201834864
0.782608695652174 0.24770642201834864
0.782608695652174 0.24770642201834864
0.782608695652174 0.24770642201834864
0.782608695652174 0.24770642201834864
0.782608695652174 0.24770642201834864
0.782608695652174 0.24770642201834864
0.782608695652174 0.24770642201834864
0.782608695652174 0.24770642201834864
0.782608695652174 0.24770642201834864
0.782608695652174 0.24770642201834864
0.782608695652174 0.24770642201834864
0.782608695652174 0.24770642201834864
0.782608695652174 0.24770642201834864
0.782608695652174 0.24770642201834864
0.782608695652174 0.24770642201834864
0.782608695652174 0.24770642201834864
0.782608695652174 0.24770642201834864
0.782608695652174 0.24770642201834864
0.782608695652174 0.24770642201834864
0.782608695652174 0.24770642201834864
0.782608695652174 0.24770642201834864
0.782608695652174 0.24770642201834864
0.782608695652174 0.24770642201834864
0.782608695652174 0.24770642201834864
0.782608695652174 0.24770642201834864
0.782608695652174 0.24770642201834864
0.782608695652174 0.24770642201834864
0.782608695652174 0.24770642201834864
0.782608695652174 0.24770642201834864
0.782608695652174 0.24770642201834864
0.782608695652174 0.24770642201834864
0.782608695652174 0.24770642201834864
0.782608695652174 0.24770642201834864
0.782608695652174 0.24770642201834864
0.782608695652174 0.24770642201834864
0.782608695652174 0.24770642201834864
0.782608695652174 0.24770642201834864
0.782608695652174 0.24770642201834864
0.782608695652174 0.24770642201834864
0.782608695652174 0.24770642201834864
0.782608695652174 0.24770642201834864
0.782608695652174 0.24770642201834864
0.782608695652174 0.24770642201834864
0.782608695652174 0.24770642201834864
0.782608695652174 0.24770642201834864
0.782608695652174 0.24770642201834864
0.782608695652174 0.24770642201834864
0.782608695652174 0.24770642201834864
0.782608695652174 0.24770642201834864
0.782608695652174 0.24770642201834864
0.782608695652174 0.24770642201834864
0.782608695652174 0.24770642201834864
0.782608695652174 0.24770642201834864
0.782608695652174 0.24770642201834864
0.782608695652174 0.24770642201834864
0.7857142857142857 0.25229357798165136
0.7887323943661971 0.25688073394495414
0.7916666666666666 0.26146788990825687
0.7916666666666666 0.26146788990825687
0.7916666666666666 0.26146788990825687
0.7916666666666666 0.26146788990825687
0.7916666666666666 0.26146788990825687
0.7916666666666666 0.26146788990825687
0.7916666666666666 0.26146788990825687
0.7916666666666666 0.26146788990825687
0.7837837837837838 0.26605504587155965
0.7837837837837838 0.26605504587155965
0.7866666666666666 0.2706422018348624
0.7763157894736842 0.2706422018348624
0.7763157894736842 0.2706422018348624
0.7763157894736842 0.2706422018348624
0.7763157894736842 0.2706422018348624
0.7763157894736842 0.2706422018348624
0.7763157894736842 0.2706422018348624
0.7763157894736842 0.2706422018348624
0.7763157894736842 0.2706422018348624
0.7763157894736842 0.2706422018348624
0.7763157894736842 0.2706422018348624
0.7763157894736842 0.2706422018348624
0.7763157894736842 0.2706422018348624
0.7763157894736842 0.2706422018348624
0.7662337662337663 0.2706422018348624
0.7662337662337663 0.2706422018348624
0.7662337662337663 0.2706422018348624
0.7662337662337663 0.2706422018348624
0.7564102564102564 0.2706422018348624
0.7564102564102564 0.2706422018348624
0.7564102564102564 0.2706422018348624
0.7564102564102564 0.2706422018348624
0.7564102564102564 0.2706422018348624
0.7564102564102564 0.2706422018348624
0.7564102564102564 0.2706422018348624
0.7564102564102564 0.2706422018348624
0.7468354430379747 0.2706422018348624
0.7375 0.2706422018348624
0.7375 0.2706422018348624
0.7375 0.2706422018348624
0.7375 0.2706422018348624
0.7375 0.2706422018348624
0.7375 0.2706422018348624
0.7375 0.2706422018348624
0.7375 0.2706422018348624
0.7375 0.2706422018348624
0.7375 0.2706422018348624
0.7375 0.2706422018348624
0.7375 0.2706422018348624
0.7375 0.2706422018348624
0.7375 0.2706422018348624
0.7375 0.2706422018348624
0.7375 0.2706422018348624
0.7375 0.2706422018348624
0.7375 0.2706422018348624
0.7375 0.2706422018348624
0.7375 0.2706422018348624
0.7375 0.2706422018348624
0.7375 0.2706422018348624
0.7375 0.2706422018348624
0.7375 0.2706422018348624
0.7375 0.2706422018348624
0.7375 0.2706422018348624
0.7375 0.2706422018348624
0.7375 0.2706422018348624
0.7375 0.2706422018348624
0.7375 0.2706422018348624
0.7375 0.2706422018348624
0.7375 0.2706422018348624
0.7375 0.2706422018348624
0.7375 0.2706422018348624
0.7375 0.2706422018348624
0.7375 0.2706422018348624
0.7375 0.2706422018348624
0.7375 0.2706422018348624
0.7375 0.2706422018348624
0.7375 0.2706422018348624
0.7375 0.2706422018348624
0.7375 0.2706422018348624
0.7375 0.2706422018348624
0.7375 0.2706422018348624
0.7375 0.2706422018348624
0.7375 0.2706422018348624
0.7375 0.2706422018348624
0.7375 0.2706422018348624
0.7375 0.2706422018348624
0.7375 0.2706422018348624
0.7375 0.2706422018348624
0.7375 0.2706422018348624
0.7375 0.2706422018348624
0.7375 0.2706422018348624
0.7375 0.2706422018348624
0.7283950617283951 0.2706422018348624
0.7283950617283951 0.2706422018348624
0.7283950617283951 0.2706422018348624
0.7283950617283951 0.2706422018348624
0.7283950617283951 0.2706422018348624
0.7283950617283951 0.2706422018348624
0.7283950617283951 0.2706422018348624
0.7283950617283951 0.2706422018348624
0.7283950617283951 0.2706422018348624
0.7283950617283951 0.2706422018348624
0.7283950617283951 0.2706422018348624
0.7283950617283951 0.2706422018348624
0.7283950617283951 0.2706422018348624
0.7283950617283951 0.2706422018348624
0.7283950617283951 0.2706422018348624
0.7283950617283951 0.2706422018348624
0.7283950617283951 0.2706422018348624
0.7283950617283951 0.2706422018348624
0.7283950617283951 0.2706422018348624
0.7283950617283951 0.2706422018348624
0.7283950617283951 0.2706422018348624
0.7283950617283951 0.2706422018348624
0.7283950617283951 0.2706422018348624
0.7283950617283951 0.2706422018348624
0.7283950617283951 0.2706422018348624
0.7195121951219512 0.2706422018348624
0.7195121951219512 0.2706422018348624
0.7195121951219512 0.2706422018348624
0.7195121951219512 0.2706422018348624
0.7195121951219512 0.2706422018348624
0.7195121951219512 0.2706422018348624
0.7195121951219512 0.2706422018348624
0.7195121951219512 0.2706422018348624
0.7195121951219512 0.2706422018348624
0.7195121951219512 0.2706422018348624
0.7195121951219512 0.2706422018348624
0.7195121951219512 0.2706422018348624
0.7195121951219512 0.2706422018348624
0.7195121951219512 0.2706422018348624
0.7195121951219512 0.2706422018348624
0.7195121951219512 0.2706422018348624
0.7195121951219512 0.2706422018348624
0.7228915662650602 0.27522935779816515
0.7261904761904762 0.2798165137614679
0.7294117647058823 0.28440366972477066
0.7294117647058823 0.28440366972477066
0.7294117647058823 0.28440366972477066
0.7294117647058823 0.28440366972477066
0.7294117647058823 0.28440366972477066
0.7294117647058823 0.28440366972477066
0.7294117647058823 0.28440366972477066
0.7294117647058823 0.28440366972477066
0.7294117647058823 0.28440366972477066
0.7294117647058823 0.28440366972477066
0.7294117647058823 0.28440366972477066
0.7294117647058823 0.28440366972477066
0.7294117647058823 0.28440366972477066
0.7294117647058823 0.28440366972477066
0.7294117647058823 0.28440366972477066
0.7294117647058823 0.28440366972477066
0.7294117647058823 0.28440366972477066
0.7294117647058823 0.28440366972477066
0.7294117647058823 0.28440366972477066
0.7294117647058823 0.28440366972477066
0.7294117647058823 0.28440366972477066
0.7241379310344828 0.2889908256880734
0.7272727272727273 0.29357798165137616
0.7303370786516854 0.2981651376146789
0.7333333333333333 0.30275229357798167
0.7333333333333333 0.30275229357798167
0.7362637362637363 0.3073394495412844
0.7391304347826086 0.3119266055045872
0.7391304347826086 0.3119266055045872
0.7391304347826086 0.3119266055045872
0.7391304347826086 0.3119266055045872
0.7391304347826086 0.3119266055045872
0.7391304347826086 0.3119266055045872
0.7391304347826086 0.3119266055045872
0.7391304347826086 0.3119266055045872
0.7311827956989247 0.3119266055045872
0.7311827956989247 0.3119266055045872
0.7340425531914894 0.3165137614678899
0.7368421052631579 0.3211009174311927
0.7395833333333334 0.3256880733944954
0.7422680412371134 0.3302752293577982
0.7422680412371134 0.3302752293577982
0.7422680412371134 0.3302752293577982
0.7448979591836735 0.3348623853211009
0.7474747474747475 0.3394495412844037
0.7474747474747475 0.3394495412844037
0.7474747474747475 0.3394495412844037
0.7474747474747475 0.3394495412844037
0.7474747474747475 0.3394495412844037
0.7474747474747475 0.3394495412844037
0.7474747474747475 0.3394495412844037
0.7474747474747475 0.3394495412844037
0.7474747474747475 0.3394495412844037
0.7474747474747475 0.3394495412844037
0.74 0.3394495412844037
0.74 0.3394495412844037
0.74 0.3394495412844037
0.74 0.3394495412844037
0.74 0.3394495412844037
0.74 0.3394495412844037
0.74 0.3394495412844037
0.74 0.3394495412844037
0.74 0.3394495412844037
0.74 0.3394495412844037
0.74 0.3394495412844037
0.74 0.3394495412844037
0.74 0.3394495412844037
0.74 0.3394495412844037
0.74 0.3394495412844037
0.74 0.3394495412844037
0.74 0.3394495412844037
0.74 0.3394495412844037
0.74 0.3394495412844037
0.7326732673267327 0.3394495412844037
0.7326732673267327 0.3394495412844037
0.7326732673267327 0.3394495412844037
0.7326732673267327 0.3394495412844037
0.7326732673267327 0.3394495412844037
0.7326732673267327 0.3394495412844037
0.7326732673267327 0.3394495412844037
0.7326732673267327 0.3394495412844037
0.7326732673267327 0.3394495412844037
0.7326732673267327 0.3394495412844037
0.7326732673267327 0.3394495412844037
0.7326732673267327 0.3394495412844037
0.7326732673267327 0.3394495412844037
0.7326732673267327 0.3394495412844037
0.7326732673267327 0.3394495412844037
0.7326732673267327 0.3394495412844037
0.7326732673267327 0.3394495412844037
0.7326732673267327 0.3394495412844037
0.7326732673267327 0.3394495412844037
0.7326732673267327 0.3394495412844037
0.7326732673267327 0.3394495412844037
0.7326732673267327 0.3394495412844037
0.7326732673267327 0.3394495412844037
0.7326732673267327 0.3394495412844037
0.7326732673267327 0.3394495412844037
0.7254901960784313 0.3394495412844037
0.7254901960784313 0.3394495412844037
0.7254901960784313 0.3394495412844037
0.7254901960784313 0.3394495412844037
0.7254901960784313 0.3394495412844037
0.7254901960784313 0.3394495412844037
0.7254901960784313 0.3394495412844037
0.7254901960784313 0.3394495412844037
0.7254901960784313 0.3394495412844037
0.7254901960784313 0.3394495412844037
0.7254901960784313 0.3394495412844037
0.7254901960784313 0.3394495412844037
0.7254901960784313 0.3394495412844037
0.7254901960784313 0.3394495412844037
0.7254901960784313 0.3394495412844037
0.7254901960784313 0.3394495412844037
0.7254901960784313 0.3394495412844037
0.7254901960784313 0.3394495412844037
0.7254901960784313 0.3394495412844037
0.7254901960784313 0.3394495412844037
0.7184466019417476 0.3394495412844037
0.7184466019417476 0.3394495412844037
0.7184466019417476 0.3394495412844037
0.7184466019417476 0.3394495412844037
0.7184466019417476 0.3394495412844037
0.7184466019417476 0.3394495412844037
0.7184466019417476 0.3394495412844037
0.7184466019417476 0.3394495412844037
0.7184466019417476 0.3394495412844037
0.7184466019417476 0.3394495412844037
0.7184466019417476 0.3394495412844037
0.7184466019417476 0.3394495412844037
0.7184466019417476 0.3394495412844037
0.7115384615384616 0.3394495412844037
0.7115384615384616 0.3394495412844037
0.7115384615384616 0.3394495412844037
0.7115384615384616 0.3394495412844037
0.7115384615384616 0.3394495412844037
0.7047619047619048 0.3394495412844037
0.7047619047619048 0.3394495412844037
0.7047619047619048 0.3394495412844037
0.7047619047619048 0.3394495412844037
0.7047619047619048 0.3394495412844037
0.7047619047619048 0.3394495412844037
0.7047619047619048 0.3394495412844037
0.7047619047619048 0.3394495412844037
0.7047619047619048 0.3394495412844037
0.7047619047619048 0.3394495412844037
0.7047619047619048 0.3394495412844037
0.6981132075471698 0.3394495412844037
0.6981132075471698 0.3394495412844037
0.6981132075471698 0.3394495412844037
0.6981132075471698 0.3394495412844037
0.6981132075471698 0.3394495412844037
0.6981132075471698 0.3394495412844037
0.6981132075471698 0.3394495412844037
0.6981132075471698 0.3394495412844037
0.6981132075471698 0.3394495412844037
0.6981132075471698 0.3394495412844037
0.6981132075471698 0.3394495412844037
0.6981132075471698 0.3394495412844037
0.6981132075471698 0.3394495412844037
0.6981132075471698 0.3394495412844037
0.6981132075471698 0.3394495412844037
0.6915887850467289 0.3394495412844037
0.6915887850467289 0.3394495412844037
0.6915887850467289 0.3394495412844037
0.6915887850467289 0.3394495412844037
0.6915887850467289 0.3394495412844037
0.6915887850467289 0.3394495412844037
0.6915887850467289 0.3394495412844037
0.6915887850467289 0.3394495412844037
0.6915887850467289 0.3394495412844037
0.6915887850467289 0.3394495412844037
0.6915887850467289 0.3394495412844037
0.6915887850467289 0.3394495412844037
0.6915887850467289 0.3394495412844037
0.6851851851851852 0.3394495412844037
0.6851851851851852 0.3394495412844037
0.6851851851851852 0.3394495412844037
0.6851851851851852 0.3394495412844037
0.6851851851851852 0.3394495412844037
0.6851851851851852 0.3394495412844037
0.6851851851851852 0.3394495412844037
0.6851851851851852 0.3394495412844037
0.6851851851851852 0.3394495412844037
0.6851851851851852 0.3394495412844037
0.6851851851851852 0.3394495412844037
0.6851851851851852 0.3394495412844037
0.6851851851851852 0.3394495412844037
0.6851851851851852 0.3394495412844037
0.6851851851851852 0.3394495412844037
0.6851851851851852 0.3394495412844037
0.6851851851851852 0.3394495412844037
0.6880733944954128 0.3440366972477064
0.6909090909090909 0.3486238532110092
0.6936936936936937 0.3532110091743119
0.6936936936936937 0.3532110091743119
0.6936936936936937 0.3532110091743119
0.6936936936936937 0.3532110091743119
0.6936936936936937 0.3532110091743119
0.6936936936936937 0.3532110091743119
0.6936936936936937 0.3532110091743119
0.6936936936936937 0.3532110091743119
0.6936936936936937 0.3532110091743119
0.6936936936936937 0.3532110091743119
0.6936936936936937 0.3532110091743119
0.6936936936936937 0.3532110091743119
0.6936936936936937 0.3532110091743119
0.6936936936936937 0.3532110091743119
0.6936936936936937 0.3532110091743119
0.6936936936936937 0.3532110091743119
0.6936936936936937 0.3532110091743119
0.6936936936936937 0.3532110091743119
0.6936936936936937 0.3532110091743119
0.6936936936936937 0.3532110091743119
0.6936936936936937 0.3532110091743119
0.6936936936936937 0.3532110091743119
0.6936936936936937 0.3532110091743119
0.6936936936936937 0.3532110091743119
0.6936936936936937 0.3532110091743119
0.6936936936936937 0.3532110091743119
0.6936936936936937 0.3532110091743119
0.6936936936936937 0.3532110091743119
0.6936936936936937 0.3532110091743119
0.6936936936936937 0.3532110091743119
0.6936936936936937 0.3532110091743119
0.6936936936936937 0.3532110091743119
0.6936936936936937 0.3532110091743119
0.6936936936936937 0.3532110091743119
0.6936936936936937 0.3532110091743119
0.6936936936936937 0.3532110091743119
0.6936936936936937 0.3532110091743119
0.6936936936936937 0.3532110091743119
0.6936936936936937 0.3532110091743119
0.6936936936936937 0.3532110091743119
0.6936936936936937 0.3532110091743119
0.6936936936936937 0.3532110091743119
0.6936936936936937 0.3532110091743119
0.6936936936936937 0.3532110091743119
0.6936936936936937 0.3532110091743119
0.6964285714285714 0.3577981651376147
0.6991150442477876 0.3623853211009174
0.7017543859649122 0.3669724770642202
0.7017543859649122 0.3669724770642202
0.7017543859649122 0.3669724770642202
0.7017543859649122 0.3669724770642202
0.7043478260869566 0.37155963302752293
0.7043478260869566 0.37155963302752293
0.7068965517241379 0.3761467889908257
0.7094017094017094 0.38073394495412843
0.7094017094017094 0.38073394495412843
0.7094017094017094 0.38073394495412843
0.7094017094017094 0.38073394495412843
0.7094017094017094 0.38073394495412843
0.7094017094017094 0.38073394495412843
0.7094017094017094 0.38073394495412843
0.7094017094017094 0.38073394495412843
0.7094017094017094 0.38073394495412843
0.7094017094017094 0.38073394495412843
0.7094017094017094 0.38073394495412843
0.7033898305084746 0.38073394495412843
0.7033898305084746 0.38073394495412843
0.7033898305084746 0.38073394495412843
0.7033898305084746 0.38073394495412843
0.7033898305084746 0.38073394495412843
0.7033898305084746 0.38073394495412843
0.7033898305084746 0.38073394495412843
0.7033898305084746 0.38073394495412843
0.7033898305084746 0.38073394495412843
0.7033898305084746 0.38073394495412843
0.7033898305084746 0.38073394495412843
0.7033898305084746 0.38073394495412843
0.6974789915966386 0.38073394495412843
0.6974789915966386 0.38073394495412843
0.6974789915966386 0.38073394495412843
0.6916666666666667 0.38073394495412843
0.6916666666666667 0.38073394495412843
0.6916666666666667 0.38073394495412843
0.6916666666666667 0.38073394495412843
0.6916666666666667 0.38073394495412843
0.6916666666666667 0.38073394495412843
0.6916666666666667 0.38073394495412843
0.6916666666666667 0.38073394495412843
0.6916666666666667 0.38073394495412843
0.6916666666666667 0.38073394495412843
0.6916666666666667 0.38073394495412843
0.6916666666666667 0.38073394495412843
0.6916666666666667 0.38073394495412843
0.6916666666666667 0.38073394495412843
0.6916666666666667 0.38073394495412843
0.6916666666666667 0.38073394495412843
0.6916666666666667 0.38073394495412843
0.6916666666666667 0.38073394495412843
0.6916666666666667 0.38073394495412843
0.6916666666666667 0.38073394495412843
0.6916666666666667 0.38073394495412843
0.6916666666666667 0.38073394495412843
0.6859504132231405 0.38073394495412843
0.6859504132231405 0.38073394495412843
0.6859504132231405 0.38073394495412843
0.6859504132231405 0.38073394495412843
0.6859504132231405 0.38073394495412843
0.680327868852459 0.38073394495412843
0.680327868852459 0.38073394495412843
0.680327868852459 0.38073394495412843
0.680327868852459 0.38073394495412843
0.680327868852459 0.38073394495412843
0.680327868852459 0.38073394495412843
0.680327868852459 0.38073394495412843
0.6747967479674797 0.38073394495412843
0.6747967479674797 0.38073394495412843
0.6747967479674797 0.38073394495412843
0.6747967479674797 0.38073394495412843
0.6747967479674797 0.38073394495412843
0.6747967479674797 0.38073394495412843
0.6747967479674797 0.38073394495412843
0.6747967479674797 0.38073394495412843
0.6747967479674797 0.38073394495412843
0.6747967479674797 0.38073394495412843
0.6747967479674797 0.38073394495412843
0.6747967479674797 0.38073394495412843
0.6747967479674797 0.38073394495412843
0.6747967479674797 0.38073394495412843
0.6747967479674797 0.38073394495412843
0.6747967479674797 0.38073394495412843
0.6747967479674797 0.38073394495412843
0.6747967479674797 0.38073394495412843
0.6747967479674797 0.38073394495412843
0.6747967479674797 0.38073394495412843
0.6747967479674797 0.38073394495412843
0.6747967479674797 0.38073394495412843
0.6747967479674797 0.38073394495412843
0.6774193548387096 0.3853211009174312
0.68 0.38990825688073394
0.6825396825396826 0.3944954128440367
0.6825396825396826 0.3944954128440367
0.6771653543307087 0.3944954128440367
0.6771653543307087 0.3944954128440367
0.671875 0.3944954128440367
0.671875 0.3944954128440367
0.671875 0.3944954128440367
0.671875 0.3944954128440367
0.671875 0.3944954128440367
0.671875 0.3944954128440367
0.671875 0.3944954128440367
0.671875 0.3944954128440367
0.671875 0.3944954128440367
0.671875 0.3944954128440367
0.671875 0.3944954128440367
0.671875 0.3944954128440367
0.671875 0.3944954128440367
0.671875 0.3944954128440367
0.671875 0.3944954128440367
0.671875 0.3944954128440367
0.671875 0.3944954128440367
0.671875 0.3944954128440367
0.671875 0.3944954128440367
0.671875 0.3944954128440367
0.671875 0.3944954128440367
0.671875 0.3944954128440367
0.671875 0.3944954128440367
0.671875 0.3944954128440367
0.671875 0.3944954128440367
0.671875 0.3944954128440367
0.671875 0.3944954128440367
0.671875 0.3944954128440367
0.671875 0.3944954128440367
0.671875 0.3944954128440367
0.671875 0.3944954128440367
0.671875 0.3944954128440367
0.671875 0.3944954128440367
0.671875 0.3944954128440367
0.671875 0.3944954128440367
0.671875 0.3944954128440367
0.671875 0.3944954128440367
0.671875 0.3944954128440367
0.671875 0.3944954128440367
0.671875 0.3944954128440367
0.671875 0.3944954128440367
0.671875 0.3944954128440367
0.671875 0.3944954128440367
0.671875 0.3944954128440367
0.671875 0.3944954128440367
0.671875 0.3944954128440367
0.671875 0.3944954128440367
0.671875 0.3944954128440367
0.671875 0.3944954128440367
0.671875 0.3944954128440367
0.671875 0.3944954128440367
0.671875 0.3944954128440367
0.6666666666666666 0.3944954128440367
0.6666666666666666 0.3944954128440367
0.6666666666666666 0.3944954128440367
0.6666666666666666 0.3944954128440367
0.6666666666666666 0.3944954128440367
0.6666666666666666 0.3944954128440367
0.6666666666666666 0.3944954128440367
0.6666666666666666 0.3944954128440367
0.6666666666666666 0.3944954128440367
0.6666666666666666 0.3944954128440367
0.6666666666666666 0.3944954128440367
0.6666666666666666 0.3944954128440367
0.6666666666666666 0.3944954128440367
0.6666666666666666 0.3944954128440367
0.6666666666666666 0.3944954128440367
0.6666666666666666 0.3944954128440367
0.6666666666666666 0.3944954128440367
0.6666666666666666 0.3944954128440367
0.6666666666666666 0.3944954128440367
0.6666666666666666 0.3944954128440367
0.6666666666666666 0.3944954128440367
0.6666666666666666 0.3944954128440367
0.6666666666666666 0.3944954128440367
0.6666666666666666 0.3944954128440367
0.6666666666666666 0.3944954128440367
0.6666666666666666 0.3944954128440367
0.6666666666666666 0.3944954128440367
0.6666666666666666 0.3944954128440367
0.6666666666666666 0.3944954128440367
0.6666666666666666 0.3944954128440367
0.6666666666666666 0.3944954128440367
0.6666666666666666 0.3944954128440367
0.6666666666666666 0.3944954128440367
0.6666666666666666 0.3944954128440367
0.6666666666666666 0.3944954128440367
0.6666666666666666 0.3944954128440367
0.6666666666666666 0.3944954128440367
0.6615384615384615 0.3944954128440367
0.6615384615384615 0.3944954128440367
0.6615384615384615 0.3944954128440367
0.6615384615384615 0.3944954128440367
0.6615384615384615 0.3944954128440367
0.6615384615384615 0.3944954128440367
0.6615384615384615 0.3944954128440367
0.6615384615384615 0.3944954128440367
0.6615384615384615 0.3944954128440367
0.6615384615384615 0.3944954128440367
0.6615384615384615 0.3944954128440367
0.6615384615384615 0.3944954128440367
0.6615384615384615 0.3944954128440367
0.6615384615384615 0.3944954128440367
0.6615384615384615 0.3944954128440367
0.6615384615384615 0.3944954128440367
0.6615384615384615 0.3944954128440367
0.6615384615384615 0.3944954128440367
0.6615384615384615 0.3944954128440367
0.6615384615384615 0.3944954128440367
0.6615384615384615 0.3944954128440367
0.6615384615384615 0.3944954128440367
0.6615384615384615 0.3944954128440367
0.6615384615384615 0.3944954128440367
0.6615384615384615 0.3944954128440367
0.6564885496183206 0.3944954128440367
0.6564885496183206 0.3944954128440367
0.6564885496183206 0.3944954128440367
0.6564885496183206 0.3944954128440367
0.6564885496183206 0.3944954128440367
0.6564885496183206 0.3944954128440367
0.6564885496183206 0.3944954128440367
0.6564885496183206 0.3944954128440367
0.6564885496183206 0.3944954128440367
0.6564885496183206 0.3944954128440367
0.6564885496183206 0.3944954128440367
0.6564885496183206 0.3944954128440367
0.6564885496183206 0.3944954128440367
0.6564885496183206 0.3944954128440367
0.6564885496183206 0.3944954128440367
0.6564885496183206 0.3944954128440367
0.6564885496183206 0.3944954128440367
0.6564885496183206 0.3944954128440367
0.6564885496183206 0.3944954128440367
0.6564885496183206 0.3944954128440367
0.6564885496183206 0.3944954128440367
0.6564885496183206 0.3944954128440367
0.6564885496183206 0.3944954128440367
0.6564885496183206 0.3944954128440367
0.6564885496183206 0.3944954128440367
0.6564885496183206 0.3944954128440367
0.6564885496183206 0.3944954128440367
0.6564885496183206 0.3944954128440367
0.6564885496183206 0.3944954128440367
0.6564885496183206 0.3944954128440367
0.6564885496183206 0.3944954128440367
0.6564885496183206 0.3944954128440367
0.6564885496183206 0.3944954128440367
0.6564885496183206 0.3944954128440367
0.6564885496183206 0.3944954128440367
0.6564885496183206 0.3944954128440367
0.6564885496183206 0.3944954128440367
0.6564885496183206 0.3944954128440367
0.6564885496183206 0.3944954128440367
0.6564885496183206 0.3944954128440367
0.6564885496183206 0.3944954128440367
0.6564885496183206 0.3944954128440367
0.6564885496183206 0.3944954128440367
0.6564885496183206 0.3944954128440367
0.6564885496183206 0.3944954128440367
0.6564885496183206 0.3944954128440367
0.6564885496183206 0.3944954128440367
0.6564885496183206 0.3944954128440367
0.6564885496183206 0.3944954128440367
0.6564885496183206 0.3944954128440367
0.6564885496183206 0.3944954128440367
0.6515151515151515 0.3944954128440367
0.6515151515151515 0.3944954128440367
0.6515151515151515 0.3944954128440367
0.6515151515151515 0.3944954128440367
0.6515151515151515 0.3944954128440367
0.6515151515151515 0.3944954128440367
0.6515151515151515 0.3944954128440367
0.6515151515151515 0.3944954128440367
0.6515151515151515 0.3944954128440367
0.6515151515151515 0.3944954128440367
0.6515151515151515 0.3944954128440367
0.6515151515151515 0.3944954128440367
0.6515151515151515 0.3944954128440367
0.6515151515151515 0.3944954128440367
0.6515151515151515 0.3944954128440367
0.6515151515151515 0.3944954128440367
0.6515151515151515 0.3944954128440367
0.6515151515151515 0.3944954128440367
0.6515151515151515 0.3944954128440367
0.6515151515151515 0.3944954128440367
0.6515151515151515 0.3944954128440367
0.6515151515151515 0.3944954128440367
0.6515151515151515 0.3944954128440367
0.6515151515151515 0.3944954128440367
0.6515151515151515 0.3944954128440367
0.6515151515151515 0.3944954128440367
0.6515151515151515 0.3944954128440367
0.6515151515151515 0.3944954128440367
0.6515151515151515 0.3944954128440367
0.6515151515151515 0.3944954128440367
0.6515151515151515 0.3944954128440367
0.6515151515151515 0.3944954128440367
0.6515151515151515 0.3944954128440367
0.6515151515151515 0.3944954128440367
0.6515151515151515 0.3944954128440367
0.6515151515151515 0.3944954128440367
0.6515151515151515 0.3944954128440367
0.6515151515151515 0.3944954128440367
0.6515151515151515 0.3944954128440367
0.6515151515151515 0.3944954128440367
0.6515151515151515 0.3944954128440367
0.6515151515151515 0.3944954128440367
0.6515151515151515 0.3944954128440367
0.6515151515151515 0.3944954128440367
0.6515151515151515 0.3944954128440367
0.6515151515151515 0.3944954128440367
0.6515151515151515 0.3944954128440367
0.6515151515151515 0.3944954128440367
0.6515151515151515 0.3944954128440367
0.6515151515151515 0.3944954128440367
0.6515151515151515 0.3944954128440367
0.6515151515151515 0.3944954128440367
0.6466165413533834 0.3944954128440367
0.6466165413533834 0.3944954128440367
0.6466165413533834 0.3944954128440367
0.6466165413533834 0.3944954128440367
0.6466165413533834 0.3944954128440367
0.6466165413533834 0.3944954128440367
0.6466165413533834 0.3944954128440367
0.6466165413533834 0.3944954128440367
0.6466165413533834 0.3944954128440367
0.6466165413533834 0.3944954128440367
0.6466165413533834 0.3944954128440367
0.6466165413533834 0.3944954128440367
0.6466165413533834 0.3944954128440367
0.6466165413533834 0.3944954128440367
