0.0 0.0
0.0 0.0
0.3333333333333333 0.008130081300813009
0.25 0.008130081300813009
0.2 0.008130081300813009
0.3333333333333333 0.016260162601626018
0.42857142857142855 0.024390243902439025
0.5 0.032520325203252036
0.4444444444444444 0.032520325203252036
0.4 0.032520325203252036
0.36363636363636365 0.032520325203252036
0.3333333333333333 0.032520325203252036
0.3076923076923077 0.032520325203252036
0.2857142857142857 0.032520325203252036
0.26666666666666666 0.032520325203252036
0.25 0.032520325203252036
0.23529411764705882 0.032520325203252036
0.2222222222222222 0.032520325203252036
0.21052631578947367 0.032520325203252036
0.2 0.032520325203252036
0.19047619047619047 0.032520325203252036
0.18181818181818182 0.032520325203252036
0.17391304347826086 0.032520325203252036
0.16666666666666666 0.032520325203252036
0.16 0.032520325203252036
0.15384615384615385 0.032520325203252036
0.14814814814814814 0.032520325203252036
0.14285714285714285 0.032520325203252036
0.13793103448275862 0.032520325203252036
0.13333333333333333 0.032520325203252036
0.12903225806451613 0.032520325203252036
0.125 0.032520325203252036
0.12121212121212122 0.032520325203252036
0.11764705882352941 0.032520325203252036
0.11428571428571428 0.032520325203252036
0.1111111111111111 0.032520325203252036
0.10810810810810811 0.032520325203252036
0.10526315789473684 0.032520325203252036
0.10256410256410256 0.032520325203252036
0.1 0.032520325203252036
0.0975609756097561 0.032520325203252036
0.09523809523809523 0.032520325203252036
0.09302325581395349 0.032520325203252036
0.09090909090909091 0.032520325203252036
0.08888888888888889 0.032520325203252036
0.08695652173913043 0.032520325203252036
0.0851063829787234 0.032520325203252036
0.08333333333333333 0.032520325203252036
0.08163265306122448 0.032520325203252036
0.08 0.032520325203252036
0.0784313725490196 0.032520325203252036
0.07692307692307693 0.032520325203252036
0.07547169811320754 0.032520325203252036
0.07407407407407407 0.032520325203252036
0.07272727272727272 0.032520325203252036
0.07142857142857142 0.032520325203252036
0.07017543859649122 0.032520325203252036
0.06896551724137931 0.032520325203252036
0.06779661016949153 0.032520325203252036
0.06666666666666667 0.032520325203252036
0.06557377049180328 0.032520325203252036
0.06451612903225806 0.032520325203252036
0.06349206349206349 0.032520325203252036
0.0625 0.032520325203252036
0.06153846153846154 0.032520325203252036
0.06060606060606061 0.032520325203252036
0.05970149253731343 0.032520325203252036
0.058823529411764705 0.032520325203252036
0.057971014492753624 0.032520325203252036
0.05714285714285714 0.032520325203252036
0.056338028169014086 0.032520325203252036
0.05555555555555555 0.032520325203252036
0.0547945205479452 0.032520325203252036
0.05405405405405406 0.032520325203252036
0.05333333333333334 0.032520325203252036
0.05263157894736842 0.032520325203252036
0.05194805194805195 0.032520325203252036
0.05128205128205128 0.032520325203252036
0.05063291139240506 0.032520325203252036
0.0625 0.04065040650406504
0.07407407407407407 0.04878048780487805
0.08536585365853659 0.056910569105691054
0.0963855421686747 0.06504065040650407
0.09523809523809523 0.06504065040650407
0.09411764705882353 0.06504065040650407
0.09302325581395349 0.06504065040650407
0.09195402298850575 0.06504065040650407
0.09090909090909091 0.06504065040650407
0.0898876404494382 0.06504065040650407
0.08888888888888889 0.06504065040650407
0.08791208791208792 0.06504065040650407
0.08695652173913043 0.06504065040650407
0.08602150537634409 0.06504065040650407
0.0851063829787234 0.06504065040650407
0.08421052631578947 0.06504065040650407
0.08333333333333333 0.06504065040650407
0.08247422680412371 0.06504065040650407
0.08163265306122448 0.06504065040650407
0.08080808080808081 0.06504065040650407
0.08 0.06504065040650407
0.07920792079207921 0.06504065040650407
0.0784313725490196 0.06504065040650407
0.07766990291262135 0.06504065040650407
0.07692307692307693 0.06504065040650407
0.0761904761904762 0.06504065040650407
0.07547169811320754 0.06504065040650407
0.07476635514018691 0.06504065040650407
0.07407407407407407 0.06504065040650407
0.07339449541284404 0.06504065040650407
0.07272727272727272 0.06504065040650407
0.07207207207207207 0.06504065040650407
0.07142857142857142 0.06504065040650407
0.07079646017699115 0.06504065040650407
0.07017543859649122 0.06504065040650407
0.06956521739130435 0.06504065040650407
0.06896551724137931 0.06504065040650407
0.06837606837606838 0.06504065040650407
0.06779661016949153 0.06504065040650407
0.06722689075630252 0.06504065040650407
0.06666666666666667 0.06504065040650407
0.06611570247933884 0.06504065040650407
0.06557377049180328 0.06504065040650407
0.06504065040650407 0.06504065040650407
0.06451612903225806 0.06504065040650407
0.064 0.06504065040650407
0.06349206349206349 0.06504065040650407
0.06299212598425197 0.06504065040650407
0.0625 0.06504065040650407
0.06201550387596899 0.06504065040650407
0.06153846153846154 0.06504065040650407
0.061068702290076333 0.06504065040650407
0.06060606060606061 0.06504065040650407
0.06015037593984962 0.06504065040650407
0.05970149253731343 0.06504065040650407
0.05925925925925926 0.06504065040650407
0.058823529411764705 0.06504065040650407
0.058394160583941604 0.06504065040650407
0.057971014492753624 0.06504065040650407
0.05755395683453238 0.06504065040650407
0.05714285714285714 0.06504065040650407
0.05673758865248227 0.06504065040650407
0.056338028169014086 0.06504065040650407
0.055944055944055944 0.06504065040650407
0.05555555555555555 0.06504065040650407
0.05517241379310345 0.06504065040650407
0.0547945205479452 0.06504065040650407
0.05442176870748299 0.06504065040650407
0.05405405405405406 0.06504065040650407
0.053691275167785234 0.06504065040650407
0.05333333333333334 0.06504065040650407
0.052980132450331126 0.06504065040650407
0.05263157894736842 0.06504065040650407
0.05228758169934641 0.06504065040650407
0.05194805194805195 0.06504065040650407
0.05161290322580645 0.06504065040650407
0.05128205128205128 0.06504065040650407
0.050955414012738856 0.06504065040650407
0.05063291139240506 0.06504065040650407
0.050314465408805034 0.06504065040650407
0.05 0.06504065040650407
0.049689440993788817 0.06504065040650407
0.04938271604938271 0.06504065040650407
0.049079754601226995 0.06504065040650407
0.04878048780487805 0.06504065040650407
0.048484848484848485 0.06504065040650407
0.04819277108433735 0.06504065040650407
0.04790419161676647 0.06504065040650407
0.047619047619047616 0.06504065040650407
0.047337278106508875 0.06504065040650407
0.047058823529411764 0.06504065040650407
0.04678362573099415 0.06504065040650407
0.046511627906976744 0.06504065040650407
0.046242774566473986 0.06504065040650407
0.04597701149425287 0.06504065040650407
0.045714285714285714 0.06504065040650407
0.045454545454545456 0.06504065040650407
0.04519774011299435 0.06504065040650407
0.0449438202247191 0.06504065040650407
0.0446927374301676 0.06504065040650407
0.044444444444444446 0.06504065040650407
0.04419889502762431 0.06504065040650407
0.04395604395604396 0.06504065040650407
0.04371584699453552 0.06504065040650407
0.043478260869565216 0.06504065040650407
0.043243243243243246 0.06504065040650407
0.043010752688172046 0.06504065040650407
0.0427807486631016 0.06504065040650407
0.0425531914893617 0.06504065040650407
0.042328042328042326 0.06504065040650407
0.042105263157894736 0.06504065040650407
0.041884816753926704 0.06504065040650407
0.041666666666666664 0.06504065040650407
0.04145077720207254 0.06504065040650407
0.041237113402061855 0.06504065040650407
0.041025641025641026 0.06504065040650407
0.04081632653061224 0.06504065040650407
0.04060913705583756 0.06504065040650407
0.04040404040404041 0.06504065040650407
0.04020100502512563 0.06504065040650407
0.04 0.06504065040650407
0.03980099502487562 0.06504065040650407
0.039603960396039604 0.06504065040650407
0.03940886699507389 0.06504065040650407
0.0392156862745098 0.06504065040650407
0.03902439024390244 0.06504065040650407
0.038834951456310676 0.06504065040650407
0.03864734299516908 0.06504065040650407
0.038461538461538464 0.06504065040650407
0.03827751196172249 0.06504065040650407
0.0380952380952381 0.06504065040650407
0.037914691943127965 0.06504065040650407
0.03773584905660377 0.06504065040650407
0.03755868544600939 0.06504065040650407
0.037383177570093455 0.06504065040650407
0.037209302325581395 0.06504065040650407
0.037037037037037035 0.06504065040650407
0.03686635944700461 0.06504065040650407
0.03669724770642202 0.06504065040650407
0.0365296803652968 0.06504065040650407
0.03636363636363636 0.06504065040650407
0.03619909502262444 0.06504065040650407
0.036036036036036036 0.06504065040650407
0.03587443946188341 0.06504065040650407
0.03571428571428571 0.06504065040650407
0.035555555555555556 0.06504065040650407
0.035398230088495575 0.06504065040650407
0.03524229074889868 0.06504065040650407
0.03508771929824561 0.06504065040650407
0.034934497816593885 0.06504065040650407
0.034782608695652174 0.06504065040650407
0.03463203463203463 0.06504065040650407
0.034482758620689655 0.06504065040650407
0.034334763948497854 0.06504065040650407
0.03418803418803419 0.06504065040650407
0.03404255319148936 0.06504065040650407
0.03389830508474576 0.06504065040650407
0.03375527426160337 0.06504065040650407
0.03361344537815126 0.06504065040650407
0.03347280334728033 0.06504065040650407
0.03333333333333333 0.06504065040650407
0.03319502074688797 0.06504065040650407
0.03305785123966942 0.06504065040650407
0.03292181069958848 0.06504065040650407
0.03278688524590164 0.06504065040650407
0.0326530612244898 0.06504065040650407
0.032520325203252036 0.06504065040650407
0.032388663967611336 0.06504065040650407
0.03225806451612903 0.06504065040650407
0.0321285140562249 0.06504065040650407
0.032 0.06504065040650407
0.03187250996015936 0.06504065040650407
0.031746031746031744 0.06504065040650407
0.03162055335968379 0.06504065040650407
0.031496062992125984 0.06504065040650407
0.03529411764705882 0.07317073170731707
0.03515625 0.07317073170731707
0.03501945525291829 0.07317073170731707
0.03488372093023256 0.07317073170731707
0.03474903474903475 0.07317073170731707
0.03461538461538462 0.07317073170731707
0.034482758620689655 0.07317073170731707
0.03435114503816794 0.07317073170731707
0.034220532319391636 0.07317073170731707
0.03409090909090909 0.07317073170731707
0.033962264150943396 0.07317073170731707
0.03383458646616541 0.07317073170731707
0.033707865168539325 0.07317073170731707
0.033582089552238806 0.07317073170731707
0.03345724907063197 0.07317073170731707
0.03333333333333333 0.07317073170731707
0.033210332103321034 0.07317073170731707
0.03308823529411765 0.07317073170731707
0.03296703296703297 0.07317073170731707
0.032846715328467155 0.07317073170731707
0.03272727272727273 0.07317073170731707
0.03260869565217391 0.07317073170731707
0.032490974729241874 0.07317073170731707
0.03237410071942446 0.07317073170731707
0.03225806451612903 0.07317073170731707
0.03214285714285714 0.07317073170731707
0.03202846975088968 0.07317073170731707
0.031914893617021274 0.07317073170731707
0.03180212014134275 0.07317073170731707
0.03169014084507042 0.07317073170731707
0.031578947368421054 0.07317073170731707
0.03146853146853147 0.07317073170731707
0.0313588850174216 0.07317073170731707
0.03125 0.07317073170731707
0.031141868512110725 0.07317073170731707
0.03103448275862069 0.07317073170731707
0.030927835051546393 0.07317073170731707
0.030821917808219176 0.07317073170731707
0.030716723549488054 0.07317073170731707
0.030612244897959183 0.07317073170731707
0.030508474576271188 0.07317073170731707
0.030405405405405407 0.07317073170731707
0.030303030303030304 0.07317073170731707
0.030201342281879196 0.07317073170731707
0.030100334448160536 0.07317073170731707
0.03 0.07317073170731707
0.029900332225913623 0.07317073170731707
0.029801324503311258 0.07317073170731707
0.0297029702970297 0.07317073170731707
0.029605263157894735 0.07317073170731707
0.029508196721311476 0.07317073170731707
0.029411764705882353 0.07317073170731707
0.03257328990228013 0.08130081300813008
0.032467532467532464 0.08130081300813008
0.032362459546925564 0.08130081300813008
0.03225806451612903 0.08130081300813008
0.03215434083601286 0.08130081300813008
0.03205128205128205 0.08130081300813008
0.03194888178913738 0.08130081300813008
0.03503184713375796 0.08943089430894309
0.03492063492063492 0.08943089430894309
0.03481012658227848 0.08943089430894309
0.03470031545741325 0.08943089430894309
0.03459119496855346 0.08943089430894309
0.034482758620689655 0.08943089430894309
0.034375 0.08943089430894309
0.03426791277258567 0.08943089430894309
0.034161490683229816 0.08943089430894309
0.034055727554179564 0.08943089430894309
0.033950617283950615 0.08943089430894309
0.033846153846153845 0.08943089430894309
0.03374233128834356 0.08943089430894309
0.03363914373088685 0.08943089430894309
0.03353658536585366 0.08943089430894309
0.03343465045592705 0.08943089430894309
0.03333333333333333 0.08943089430894309
0.03323262839879154 0.08943089430894309
0.03313253012048193 0.08943089430894309
0.03303303303303303 0.08943089430894309
0.03293413173652695 0.08943089430894309
0.03283582089552239 0.08943089430894309
0.03273809523809524 0.08943089430894309
0.032640949554896145 0.08943089430894309
0.03254437869822485 0.08943089430894309
0.032448377581120944 0.08943089430894309
0.03235294117647059 0.08943089430894309
0.03225806451612903 0.08943089430894309
0.03216374269005848 0.08943089430894309
0.03206997084548105 0.08943089430894309
0.03197674418604651 0.08943089430894309
0.03188405797101449 0.08943089430894309
0.031791907514450865 0.08943089430894309
0.03170028818443804 0.08943089430894309
0.031609195402298854 0.08943089430894309
0.03151862464183381 0.08943089430894309
0.03142857142857143 0.08943089430894309
0.03133903133903134 0.08943089430894309
0.03125 0.08943089430894309
0.031161473087818695 0.08943089430894309
0.031073446327683617 0.08943089430894309
0.030985915492957747 0.08943089430894309
0.03089887640449438 0.08943089430894309
0.03081232492997199 0.08943089430894309
0.030726256983240222 0.08943089430894309
0.03064066852367688 0.08943089430894309
0.030555555555555555 0.08943089430894309
0.030470914127423823 0.08943089430894309
0.03038674033149171 0.08943089430894309
0.030303030303030304 0.08943089430894309
0.03021978021978022 0.08943089430894309
0.030136986301369864 0.08943089430894309
0.030054644808743168 0.08943089430894309
0.02997275204359673 0.08943089430894309
0.029891304347826088 0.08943089430894309
0.02981029810298103 0.08943089430894309
0.02972972972972973 0.08943089430894309
0.029649595687331536 0.08943089430894309
0.02956989247311828 0.08943089430894309
0.029490616621983913 0.08943089430894309
0.029411764705882353 0.08943089430894309
0.029333333333333333 0.08943089430894309
0.02925531914893617 0.08943089430894309
0.029177718832891247 0.08943089430894309
0.0291005291005291 0.08943089430894309
0.029023746701846966 0.08943089430894309
0.02894736842105263 0.08943089430894309
0.028871391076115485 0.08943089430894309
0.028795811518324606 0.08943089430894309
0.028720626631853787 0.08943089430894309
0.028645833333333332 0.08943089430894309
0.02857142857142857 0.08943089430894309
0.02849740932642487 0.08943089430894309
0.028423772609819122 0.08943089430894309
0.028350515463917526 0.08943089430894309
0.028277634961439587 0.08943089430894309
0.028205128205128206 0.08943089430894309
0.028132992327365727 0.08943089430894309
0.02806122448979592 0.08943089430894309
0.027989821882951654 0.08943089430894309
0.027918781725888325 0.08943089430894309
0.027848101265822784 0.08943089430894309
0.027777777777777776 0.08943089430894309
0.027707808564231738 0.08943089430894309
0.02763819095477387 0.08943089430894309
0.02756892230576441 0.08943089430894309
0.0275 0.08943089430894309
0.02743142144638404 0.08943089430894309
0.02736318407960199 0.08943089430894309
0.02729528535980149 0.08943089430894309
0.027227722772277228 0.08943089430894309
0.027160493827160494 0.08943089430894309
0.027093596059113302 0.08943089430894309
0.02702702702702703 0.08943089430894309
0.02696078431372549 0.08943089430894309
0.02689486552567237 0.08943089430894309
0.026829268292682926 0.08943089430894309
0.0267639902676399 0.08943089430894309
0.02669902912621359 0.08943089430894309
0.026634382566585957 0.08943089430894309
0.026570048309178744 0.08943089430894309
0.02650602409638554 0.08943089430894309
0.026442307692307692 0.08943089430894309
0.026378896882494004 0.08943089430894309
0.02631578947368421 0.08943089430894309
0.026252983293556086 0.08943089430894309
0.02619047619047619 0.08943089430894309
0.026128266033254157 0.08943089430894309
0.026066350710900472 0.08943089430894309
0.026004728132387706 0.08943089430894309
0.025943396226415096 0.08943089430894309
0.02588235294117647 0.08943089430894309
0.025821596244131457 0.08943089430894309
0.02576112412177986 0.08943089430894309
0.02570093457943925 0.08943089430894309
0.02564102564102564 0.08943089430894309
0.02558139534883721 0.08943089430894309
0.025522041763341066 0.08943089430894309
0.02546296296296296 0.08943089430894309
0.025404157043879907 0.08943089430894309
0.02534562211981567 0.08943089430894309
0.02528735632183908 0.08943089430894309
0.02522935779816514 0.08943089430894309
0.02517162471395881 0.08943089430894309
0.02511415525114155 0.08943089430894309
0.025056947608200455 0.08943089430894309
0.025 0.08943089430894309
0.024943310657596373 0.08943089430894309
0.024886877828054297 0.08943089430894309
0.024830699774266364 0.08943089430894309
0.024774774774774775 0.08943089430894309
0.024719101123595506 0.08943089430894309
0.02466367713004484 0.08943089430894309
0.024608501118568233 0.08943089430894309
0.024553571428571428 0.08943089430894309
0.024498886414253896 0.08943089430894309
0.024444444444444446 0.08943089430894309
0.024390243902439025 0.08943089430894309
0.024336283185840708 0.08943089430894309
0.024282560706401765 0.08943089430894309
0.024229074889867842 0.08943089430894309
0.024175824175824177 0.08943089430894309
0.02412280701754386 0.08943089430894309
0.024070021881838075 0.08943089430894309
0.024017467248908297 0.08943089430894309
0.023965141612200435 0.08943089430894309
0.02391304347826087 0.08943089430894309
0.02386117136659436 0.08943089430894309
0.023809523809523808 0.08943089430894309
0.023758099352051837 0.08943089430894309
0.023706896551724137 0.08943089430894309
0.023655913978494623 0.08943089430894309
0.023605150214592276 0.08943089430894309
0.023554603854389723 0.08943089430894309
0.023504273504273504 0.08943089430894309
0.023454157782515993 0.08943089430894309
0.023404255319148935 0.08943089430894309
0.02335456475583864 0.08943089430894309
0.023305084745762712 0.08943089430894309
0.023255813953488372 0.08943089430894309
0.023206751054852322 0.08943089430894309
0.023157894736842106 0.08943089430894309
0.023109243697478993 0.08943089430894309
0.023060796645702306 0.08943089430894309
0.02301255230125523 0.08943089430894309
0.022964509394572025 0.08943089430894309
0.022916666666666665 0.08943089430894309
0.02286902286902287 0.08943089430894309
0.022821576763485476 0.08943089430894309
0.022774327122153208 0.08943089430894309
0.022727272727272728 0.08943089430894309
0.02268041237113402 0.08943089430894309
0.02263374485596708 0.08943089430894309
0.022587268993839837 0.08943089430894309
0.022540983606557378 0.08943089430894309
0.022494887525562373 0.08943089430894309
0.022448979591836733 0.08943089430894309
0.02240325865580448 0.08943089430894309
0.022357723577235773 0.08943089430894309
0.02231237322515213 0.08943089430894309
0.022267206477732792 0.08943089430894309
0.022222222222222223 0.08943089430894309
0.02217741935483871 0.08943089430894309
0.022132796780684104 0.08943089430894309
0.02208835341365462 0.08943089430894309
0.022044088176352707 0.08943089430894309
0.022 0.08943089430894309
0.021956087824351298 0.08943089430894309
0.021912350597609563 0.08943089430894309
0.02186878727634195 0.08943089430894309
0.021825396825396824 0.08943089430894309
0.02178217821782178 0.08943089430894309
0.021739130434782608 0.08943089430894309
0.021696252465483234 0.08943089430894309
0.021653543307086614 0.08943089430894309
0.021611001964636542 0.08943089430894309
0.021568627450980392 0.08943089430894309
0.021526418786692758 0.08943089430894309
0.021484375 0.08943089430894309
0.021442495126705652 0.08943089430894309
0.021400778210116732 0.08943089430894309
0.021359223300970873 0.08943089430894309
0.02131782945736434 0.08943089430894309
0.02127659574468085 0.08943089430894309
0.021235521235521235 0.08943089430894309
0.02119460500963391 0.08943089430894309
0.021153846153846155 0.08943089430894309
0.02111324376199616 0.08943089430894309
0.0210727969348659 0.08943089430894309
0.021032504780114723 0.08943089430894309
0.02099236641221374 0.08943089430894309
0.02095238095238095 0.08943089430894309
0.02091254752851711 0.08943089430894309
0.020872865275142316 0.08943089430894309
0.020833333333333332 0.08943089430894309
0.020793950850661626 0.08943089430894309
0.020754716981132074 0.08943089430894309
0.02071563088512241 0.08943089430894309
0.020676691729323307 0.08943089430894309
0.020637898686679174 0.08943089430894309
0.020599250936329586 0.08943089430894309
0.020560747663551402 0.08943089430894309
0.020522388059701493 0.08943089430894309
0.020484171322160148 0.08943089430894309
0.020446096654275093 0.08943089430894309
0.02040816326530612 0.08943089430894309
0.020370370370370372 0.08943089430894309
0.02033271719038817 0.08943089430894309
0.02029520295202952 0.08943089430894309
0.020257826887661142 0.08943089430894309
0.02022058823529412 0.08943089430894309
0.02018348623853211 0.08943089430894309
0.020146520146520148 0.08943089430894309
0.02010968921389397 0.08943089430894309
0.020072992700729927 0.08943089430894309
0.020036429872495445 0.08943089430894309
0.02 0.08943089430894309
0.019963702359346643 0.08943089430894309
0.019927536231884056 0.08943089430894309
0.019891500904159132 0.08943089430894309
0.019855595667870037 0.08943089430894309
0.01981981981981982 0.08943089430894309
0.019784172661870502 0.08943089430894309
0.019748653500897665 0.08943089430894309
0.01971326164874552 0.08943089430894309
0.01967799642218247 0.08943089430894309
0.019642857142857142 0.08943089430894309
0.0196078431372549 0.08943089430894309
0.019572953736654804 0.08943089430894309
0.019538188277087035 0.08943089430894309
0.01950354609929078 0.08943089430894309
0.019469026548672566 0.08943089430894309
0.019434628975265017 0.08943089430894309
0.019400352733686066 0.08943089430894309
0.01936619718309859 0.08943089430894309
0.019332161687170474 0.08943089430894309
0.01929824561403509 0.08943089430894309
0.01926444833625219 0.08943089430894309
0.019230769230769232 0.08943089430894309
0.019197207678883072 0.08943089430894309
0.01916376306620209 0.08943089430894309
0.019130434782608695 0.08943089430894309
0.019097222222222224 0.08943089430894309
0.019064124783362217 0.08943089430894309
0.01903114186851211 0.08943089430894309
0.018998272884283247 0.08943089430894309
0.01896551724137931 0.08943089430894309
0.0189328743545611 0.08943089430894309
0.018900343642611683 0.08943089430894309
0.018867924528301886 0.08943089430894309
0.018835616438356163 0.08943089430894309
0.018803418803418803 0.08943089430894309
0.01877133105802048 0.08943089430894309
0.018739352640545145 0.08943089430894309
0.01870748299319728 0.08943089430894309
0.01867572156196944 0.08943089430894309
0.01864406779661017 0.08943089430894309
0.018612521150592216 0.08943089430894309
0.018581081081081082 0.08943089430894309
0.01854974704890388 0.08943089430894309
0.018518518518518517 0.08943089430894309
0.018487394957983194 0.08943089430894309
0.018456375838926176 0.08943089430894309
0.018425460636515914 0.08943089430894309
0.01839464882943144 0.08943089430894309
0.018363939899833055 0.08943089430894309
0.018333333333333333 0.08943089430894309
0.018302828618968387 0.08943089430894309
0.018272425249169437 0.08943089430894309
0.01824212271973466 0.08943089430894309
0.018211920529801324 0.08943089430894309
0.01818181818181818 0.08943089430894309
0.018151815181518153 0.08943089430894309
0.018121911037891267 0.08943089430894309
0.018092105263157895 0.08943089430894309
0.0180623973727422 0.08943089430894309
0.018032786885245903 0.08943089430894309
0.01800327332242226 0.08943089430894309
0.017973856209150325 0.08943089430894309
0.01794453507340946 0.08943089430894309
0.017915309446254073 0.08943089430894309
0.01788617886178862 0.08943089430894309
0.017857142857142856 0.08943089430894309
0.019448946515397084 0.0975609756097561
0.019417475728155338 0.0975609756097561
0.01938610662358643 0.0975609756097561
0.020967741935483872 0.10569105691056911
0.020933977455716585 0.10569105691056911
0.02090032154340836 0.10569105691056911
0.02086677367576244 0.10569105691056911
0.020833333333333332 0.10569105691056911
0.0208 0.10569105691056911
0.020766773162939296 0.10569105691056911
0.02073365231259968 0.10569105691056911
0.020700636942675158 0.10569105691056911
0.02066772655007949 0.10569105691056911
0.020634920634920634 0.10569105691056911
0.020602218700475437 0.10569105691056911
0.020569620253164556 0.10569105691056911
0.020537124802527645 0.10569105691056911
0.02050473186119874 0.10569105691056911
0.02047244094488189 0.10569105691056911
0.020440251572327043 0.10569105691056911
0.02040816326530612 0.10569105691056911
0.02037617554858934 0.10569105691056911
0.02034428794992175 0.10569105691056911
0.0203125 0.10569105691056911
0.0202808112324493 0.10569105691056911
0.020249221183800622 0.10569105691056911
0.02021772939346812 0.10569105691056911
0.020186335403726708 0.10569105691056911
0.020155038759689922 0.10569105691056911
0.020123839009287926 0.10569105691056911
0.02009273570324575 0.10569105691056911
0.020061728395061727 0.10569105691056911
0.020030816640986132 0.10569105691056911
0.02 0.10569105691056911
0.019969278033794162 0.10569105691056911
0.019938650306748466 0.10569105691056911
0.019908116385911178 0.10569105691056911
0.019877675840978593 0.10569105691056911
0.01984732824427481 0.10569105691056911
0.019817073170731708 0.10569105691056911
0.0197869101978691 0.10569105691056911
0.019756838905775075 0.10569105691056911
0.019726858877086494 0.10569105691056911
0.019696969696969695 0.10569105691056911
0.019667170953101363 0.10569105691056911
0.019637462235649546 0.10569105691056911
0.0196078431372549 0.10569105691056911
0.01957831325301205 0.10569105691056911
0.019548872180451128 0.10569105691056911
0.01951951951951952 0.10569105691056911
0.019490254872563718 0.10569105691056911
0.019461077844311378 0.10569105691056911
0.01943198804185351 0.10569105691056911
0.019402985074626865 0.10569105691056911
0.019374068554396422 0.10569105691056911
0.019345238095238096 0.10569105691056911
0.019316493313521546 0.10569105691056911
0.019287833827893175 0.10569105691056911
0.01925925925925926 0.10569105691056911
0.019230769230769232 0.10569105691056911
0.019202363367799114 0.10569105691056911
0.019174041297935103 0.10569105691056911
0.01914580265095729 0.10569105691056911
0.01911764705882353 0.10569105691056911
0.01908957415565345 0.10569105691056911
0.01906158357771261 0.10569105691056911
0.01903367496339678 0.10569105691056911
0.019005847953216373 0.10569105691056911
0.01897810218978102 0.10569105691056911
0.018950437317784258 0.10569105691056911
0.018922852983988356 0.10569105691056911
0.0188953488372093 0.10569105691056911
0.018867924528301886 0.10569105691056911
0.01884057971014493 0.10569105691056911
0.01881331403762663 0.10569105691056911
0.01878612716763006 0.10569105691056911
0.01875901875901876 0.10569105691056911
0.018731988472622477 0.10569105691056911
0.01870503597122302 0.10569105691056911
0.01867816091954023 0.10569105691056911
0.018651362984218076 0.10569105691056911
0.01862464183381089 0.10569105691056911
0.01859799713876967 0.10569105691056911
0.018571428571428572 0.10569105691056911
0.018544935805991442 0.10569105691056911
0.018518518518518517 0.10569105691056911
0.01849217638691323 0.10569105691056911
0.018465909090909092 0.10569105691056911
0.018439716312056736 0.10569105691056911
0.018413597733711047 0.10569105691056911
0.018387553041018388 0.10569105691056911
0.018361581920903956 0.10569105691056911
0.018335684062059238 0.10569105691056911
0.018309859154929577 0.10569105691056911
0.01828410689170183 0.10569105691056911
0.018258426966292134 0.10569105691056911
0.0182328190743338 0.10569105691056911
0.018207282913165267 0.10569105691056911
0.01818181818181818 0.10569105691056911
0.018156424581005588 0.10569105691056911
0.01813110181311018 0.10569105691056911
0.018105849582172703 0.10569105691056911
0.01808066759388039 0.10569105691056911
0.018055555555555554 0.10569105691056911
0.018030513176144243 0.10569105691056911
0.018005540166204988 0.10569105691056911
0.017980636237897647 0.10569105691056911
0.017955801104972375 0.10569105691056911
0.01793103448275862 0.10569105691056911
0.01790633608815427 0.10569105691056911
0.017881705639614855 0.10569105691056911
0.017857142857142856 0.10569105691056911
0.01783264746227709 0.10569105691056911
0.01780821917808219 0.10569105691056911
0.017783857729138167 0.10569105691056911
0.017759562841530054 0.10569105691056911
0.017735334242837655 0.10569105691056911
0.017711171662125342 0.10569105691056911
0.017687074829931974 0.10569105691056911
0.017663043478260868 0.10569105691056911
0.017639077340569877 0.10569105691056911
0.017615176151761516 0.10569105691056911
0.017591339648173207 0.10569105691056911
0.01756756756756757 0.10569105691056911
0.017543859649122806 0.10569105691056911
0.01752021563342318 0.10569105691056911
0.017496635262449527 0.10569105691056911
0.01747311827956989 0.10569105691056911
0.0174496644295302 0.10569105691056911
0.01742627345844504 0.10569105691056911
0.01740294511378849 0.10569105691056911
0.017379679144385027 0.10569105691056911
0.017356475300400534 0.10569105691056911
0.017333333333333333 0.10569105691056911
0.017310252996005325 0.10569105691056911
0.017287234042553192 0.10569105691056911
0.017264276228419653 0.10569105691056911
0.017241379310344827 0.10569105691056911
0.017218543046357615 0.10569105691056911
0.017195767195767195 0.10569105691056911
0.017173051519154558 0.10569105691056911
0.017150395778364115 0.10569105691056911
0.017127799736495388 0.10569105691056911
0.017105263157894738 0.10569105691056911
0.017082785808147174 0.10569105691056911
0.01706036745406824 0.10569105691056911
0.01703800786369594 0.10569105691056911
0.017015706806282723 0.10569105691056911
0.01699346405228758 0.10569105691056911
0.016971279373368148 0.10569105691056911
0.01694915254237288 0.10569105691056911
0.016927083333333332 0.10569105691056911
0.016905071521456438 0.10569105691056911
0.016883116883116882 0.10569105691056911
0.016861219195849545 0.10569105691056911
0.01683937823834197 0.10569105691056911
0.016817593790426907 0.10569105691056911
0.016795865633074936 0.10569105691056911
0.016774193548387096 0.10569105691056911
0.01675257731958763 0.10569105691056911
0.01673101673101673 0.10569105691056911
0.016709511568123392 0.10569105691056911
0.01668806161745828 0.10569105691056911
0.016666666666666666 0.10569105691056911
0.016645326504481434 0.10569105691056911
0.016624040920716114 0.10569105691056911
0.016602809706257982 0.10569105691056911
0.016581632653061226 0.10569105691056911
0.016560509554140127 0.10569105691056911
0.01653944020356234 0.10569105691056911
0.016518424396442185 0.10569105691056911
0.01649746192893401 0.10569105691056911
0.016476552598225603 0.10569105691056911
0.016455696202531647 0.10569105691056911
0.01643489254108723 0.10569105691056911
0.016414141414141416 0.10569105691056911
0.01639344262295082 0.10569105691056911
0.0163727959697733 0.10569105691056911
0.016352201257861635 0.10569105691056911
0.016331658291457288 0.10569105691056911
0.01631116687578419 0.10569105691056911
0.016290726817042606 0.10569105691056911
0.016270337922403004 0.10569105691056911
0.01625 0.10569105691056911
0.016229712858926344 0.10569105691056911
0.016209476309226933 0.10569105691056911
0.0161892901618929 0.10569105691056911
0.01616915422885572 0.10569105691056911
0.016149068322981366 0.10569105691056911
0.016129032258064516 0.10569105691056911
0.0161090458488228 0.10569105691056911
0.01608910891089109 0.10569105691056911
0.016069221260815822 0.10569105691056911
0.016049382716049384 0.10569105691056911
0.016029593094944512 0.10569105691056911
0.01600985221674877 0.10569105691056911
0.015990159901599015 0.10569105691056911
0.01597051597051597 0.10569105691056911
0.015950920245398775 0.10569105691056911
0.015931372549019607 0.10569105691056911
0.01591187270501836 0.10569105691056911
0.01589242053789731 0.10569105691056911
0.015873015873015872 0.10569105691056911
0.015853658536585366 0.10569105691056911
0.015834348355663823 0.10569105691056911
0.015815085158150853 0.10569105691056911
0.015795868772782502 0.10569105691056911
0.015776699029126214 0.10569105691056911
0.01575757575757576 0.10569105691056911
0.015738498789346248 0.10569105691056911
0.015719467956469165 0.10569105691056911
0.01570048309178744 0.10569105691056911
0.015681544028950542 0.10569105691056911
0.01566265060240964 0.10569105691056911
0.015643802647412757 0.10569105691056911
0.015625 0.10569105691056911
0.015606242496998799 0.10569105691056911
0.015587529976019185 0.10569105691056911
0.015568862275449102 0.10569105691056911
0.01555023923444976 0.10569105691056911
0.015531660692951015 0.10569105691056911
0.015513126491646777 0.10569105691056911
0.015494636471990465 0.10569105691056911
0.015476190476190477 0.10569105691056911
0.015457788347205707 0.10569105691056911
0.015439429928741092 0.10569105691056911
0.01542111506524318 0.10569105691056911
0.015402843601895734 0.10569105691056911
0.015384615384615385 0.10569105691056911
0.015366430260047281 0.10569105691056911
0.015348288075560802 0.10569105691056911
0.015330188679245283 0.10569105691056911
0.015312131919905771 0.10569105691056911
0.015294117647058824 0.10569105691056911
0.01527614571092832 0.10569105691056911
0.015258215962441314 0.10569105691056911
0.015240328253223915 0.10569105691056911
0.01522248243559719 0.10569105691056911
0.0152046783625731 0.10569105691056911
0.015186915887850467 0.10569105691056911
0.015169194865810968 0.10569105691056911
0.015151515151515152 0.10569105691056911
0.015133876600698487 0.10569105691056911
0.015116279069767442 0.10569105691056911
0.015098722415795587 0.10569105691056911
0.015081206496519721 0.10569105691056911
0.015063731170336037 0.10569105691056911
0.015046296296296295 0.10569105691056911
0.015028901734104046 0.10569105691056911
0.015011547344110854 0.10569105691056911
0.014994232987312572 0.10569105691056911
0.014976958525345621 0.10569105691056911
0.014959723820483314 0.10569105691056911
0.014942528735632184 0.10569105691056911
0.014925373134328358 0.10569105691056911
0.014908256880733946 0.10569105691056911
0.014891179839633447 0.10569105691056911
0.014874141876430207 0.10569105691056911
0.014857142857142857 0.10569105691056911
0.014840182648401826 0.10569105691056911
0.014823261117445839 0.10569105691056911
0.014806378132118452 0.10569105691056911
0.01478953356086462 0.10569105691056911
0.014772727272727272 0.10569105691056911
0.014755959137343927 0.10569105691056911
0.01473922902494331 0.10569105691056911
0.014722536806342015 0.10569105691056911
0.014705882352941176 0.10569105691056911
0.014689265536723164 0.10569105691056911
0.014672686230248307 0.10569105691056911
0.014656144306651634 0.10569105691056911
0.01463963963963964 0.10569105691056911
0.014623172103487065 0.10569105691056911
0.014606741573033709 0.10569105691056911
0.014590347923681257 0.10569105691056911
0.014573991031390135 0.10569105691056911
0.014557670772676373 0.10569105691056911
0.0145413870246085 0.10569105691056911
0.01452513966480447 0.10569105691056911
0.014508928571428572 0.10569105691056911
0.014492753623188406 0.10569105691056911
0.014476614699331848 0.10569105691056911
0.014460511679644048 0.10569105691056911
0.014444444444444444 0.10569105691056911
0.014428412874583796 0.10569105691056911
0.014412416851441241 0.10569105691056911
0.014396456256921373 0.10569105691056911
0.014380530973451327 0.10569105691056911
0.014364640883977901 0.10569105691056911
0.01434878587196468 0.10569105691056911
0.014332965821389196 0.10569105691056911
0.014317180616740088 0.10569105691056911
0.014301430143014302 0.10569105691056911
0.014285714285714285 0.10569105691056911
0.014270032930845226 0.10569105691056911
0.01425438596491228 0.10569105691056911
0.014238773274917854 0.10569105691056911
0.014223194748358862 0.10569105691056911
0.014207650273224045 0.10569105691056911
0.014192139737991267 0.10569105691056911
0.014176663031624863 0.10569105691056911
0.014161220043572984 0.10569105691056911
0.014145810663764961 0.10569105691056911
0.014130434782608696 0.10569105691056911
0.014115092290988056 0.10569105691056911
0.014099783080260303 0.10569105691056911
0.014084507042253521 0.10569105691056911
0.01406926406926407 0.10569105691056911
0.014054054054054054 0.10569105691056911
0.014038876889848811 0.10569105691056911
0.014023732470334413 0.10569105691056911
0.014008620689655173 0.10569105691056911
0.013993541442411194 0.10569105691056911
0.013978494623655914 0.10569105691056911
0.013963480128893663 0.10569105691056911
0.013948497854077254 0.10569105691056911
0.013933547695605574 0.10569105691056911
0.013918629550321198 0.10569105691056911
0.013903743315508022 0.10569105691056911
0.013888888888888888 0.10569105691056911
0.013874066168623266 0.10569105691056911
0.013859275053304905 0.10569105691056911
0.013844515441959531 0.10569105691056911
0.013829787234042552 0.10569105691056911
0.01381509032943677 0.10569105691056911
0.013800424628450107 0.10569105691056911
0.013785790031813362 0.10569105691056911
0.013771186440677966 0.10569105691056911
0.013756613756613757 0.10569105691056911
0.013742071881606765 0.10569105691056911
0.013727560718057022 0.10569105691056911
0.013713080168776372 0.10569105691056911
0.0136986301369863 0.10569105691056911
0.01368421052631579 0.10569105691056911
0.013669821240799159 0.10569105691056911
0.01365546218487395 0.10569105691056911
0.013641133263378805 0.10569105691056911
0.013626834381551363 0.10569105691056911
0.013612565445026177 0.10569105691056911
0.013598326359832637 0.10569105691056911
0.013584117032392894 0.10569105691056911
0.013569937369519834 0.10569105691056911
0.013555787278415016 0.10569105691056911
0.013541666666666667 0.10569105691056911
0.013527575442247659 0.10569105691056911
0.013513513513513514 0.10569105691056911
0.013499480789200415 0.10569105691056911
0.013485477178423237 0.10569105691056911
0.013471502590673576 0.10569105691056911
0.013457556935817806 0.10569105691056911
0.01344364012409514 0.10569105691056911
0.013429752066115703 0.10569105691056911
0.013415892672858616 0.10569105691056911
0.013402061855670102 0.10569105691056911
0.013388259526261586 0.10569105691056911
0.013374485596707819 0.10569105691056911
0.013360739979445015 0.10569105691056911
0.013347022587268994 0.10569105691056911
0.013333333333333334 0.10569105691056911
0.01331967213114754 0.10569105691056911
0.01330603889457523 0.10569105691056911
0.013292433537832311 0.10569105691056911
0.013278855975485188 0.10569105691056911
0.013265306122448979 0.10569105691056911
0.013251783893985729 0.10569105691056911
0.013238289205702648 0.10569105691056911
0.013224821973550356 0.10569105691056911
0.013211382113821139 0.10569105691056911
0.013197969543147208 0.10569105691056911
0.013184584178498986 0.10569105691056911
0.013171225937183385 0.10569105691056911
0.013157894736842105 0.10569105691056911
0.01314459049544995 0.10569105691056911
0.013131313131313131 0.10569105691056911
0.013118062563067608 0.10569105691056911
0.01310483870967742 0.10569105691056911
0.013091641490433032 0.10569105691056911
0.013078470824949699 0.10569105691056911
0.01306532663316583 0.10569105691056911
0.013052208835341365 0.10569105691056911
0.013039117352056168 0.10569105691056911
0.013026052104208416 0.10569105691056911
0.013013013013013013 0.10569105691056911
0.013 0.10569105691056911
0.012987012987012988 0.10569105691056911
0.012974051896207584 0.10569105691056911
0.01296111665004985 0.10569105691056911
0.012948207171314742 0.10569105691056911
0.012935323383084577 0.10569105691056911
0.012922465208747515 0.10569105691056911
0.012909632571996028 0.10569105691056911
0.012896825396825396 0.10569105691056911
0.01288404360753221 0.10569105691056911
0.01287128712871287 0.10569105691056911
0.012858555885262116 0.10569105691056911
0.012845849802371542 0.10569105691056911
0.012833168805528134 0.10569105691056911
0.01282051282051282 0.10569105691056911
0.012807881773399015 0.10569105691056911
0.012795275590551181 0.10569105691056911
0.012782694198623401 0.10569105691056911
0.012770137524557957 0.10569105691056911
0.012757605495583905 0.10569105691056911
0.012745098039215686 0.10569105691056911
0.012732615083251714 0.10569105691056911
0.012720156555772993 0.10569105691056911
0.01270772238514174 0.10569105691056911
0.0126953125 0.10569105691056911
0.012682926829268294 0.10569105691056911
0.012670565302144249 0.10569105691056911
0.012658227848101266 0.10569105691056911
0.01264591439688716 0.10569105691056911
0.012633624878522837 0.10569105691056911
0.01262135922330097 0.10569105691056911
0.012609117361784675 0.10569105691056911
0.012596899224806201 0.10569105691056911
0.012584704743465635 0.10569105691056911
0.012572533849129593 0.10569105691056911
0.012560386473429951 0.10569105691056911
0.012548262548262547 0.10569105691056911
0.01253616200578592 0.10569105691056911
0.012524084778420038 0.10569105691056911
0.013474494706448507 0.11382113821138211
0.013461538461538462 0.11382113821138211
0.013448607108549471 0.11382113821138211
0.013435700575815739 0.11382113821138211
0.013422818791946308 0.11382113821138211
0.013409961685823755 0.11382113821138211
0.013397129186602871 0.11382113821138211
0.01338432122370937 0.11382113821138211
0.013371537726838587 0.11382113821138211
0.013358778625954198 0.11382113821138211
0.01334604385128694 0.11382113821138211
0.013333333333333334 0.11382113821138211
0.013320647002854425 0.11382113821138211
0.013307984790874524 0.11382113821138211
0.013295346628679962 0.11382113821138211
0.013282732447817837 0.11382113821138211
0.013270142180094787 0.11382113821138211
0.013257575757575758 0.11382113821138211
0.013245033112582781 0.11382113821138211
0.013232514177693762 0.11382113821138211
0.013220018885741265 0.11382113821138211
0.013207547169811321 0.11382113821138211
0.013195098963242224 0.11382113821138211
0.013182674199623353 0.11382113821138211
0.01317027281279398 0.11382113821138211
0.013157894736842105 0.11382113821138211
0.013145539906103286 0.11382113821138211
0.013133208255159476 0.11382113821138211
0.013120899718837863 0.11382113821138211
0.013108614232209739 0.11382113821138211
0.013096351730589336 0.11382113821138211
0.013084112149532711 0.11382113821138211
0.013071895424836602 0.11382113821138211
0.013059701492537313 0.11382113821138211
0.0130475302889096 0.11382113821138211
0.01303538175046555 0.11382113821138211
0.013023255813953489 0.11382113821138211
0.013011152416356878 0.11382113821138211
0.012999071494893221 0.11382113821138211
0.012987012987012988 0.11382113821138211
0.012974976830398516 0.11382113821138211
0.012962962962962963 0.11382113821138211
0.012950971322849213 0.11382113821138211
0.012939001848428836 0.11382113821138211
0.012927054478301015 0.11382113821138211
0.012915129151291513 0.11382113821138211
0.012903225806451613 0.11382113821138211
0.01289134438305709 0.11382113821138211
0.012879484820607176 0.11382113821138211
0.012867647058823529 0.11382113821138211
0.012855831037649219 0.11382113821138211
0.012844036697247707 0.11382113821138211
0.012832263978001834 0.11382113821138211
0.01282051282051282 0.11382113821138211
0.012808783165599268 0.11382113821138211
0.012797074954296161 0.11382113821138211
0.012785388127853882 0.11382113821138211
0.012773722627737226 0.11382113821138211
0.01276207839562443 0.11382113821138211
0.012750455373406194 0.11382113821138211
0.012738853503184714 0.11382113821138211
0.012727272727272728 0.11382113821138211
0.012715712988192553 0.11382113821138211
0.012704174228675136 0.11382113821138211
0.012692656391659111 0.11382113821138211
0.012681159420289856 0.11382113821138211
0.012669683257918552 0.11382113821138211
0.012658227848101266 0.11382113821138211
0.012646793134598013 0.11382113821138211
0.01263537906137184 0.11382113821138211
0.012623985572587917 0.11382113821138211
0.012612612612612612 0.11382113821138211
0.012601260126012601 0.11382113821138211
0.012589928057553957 0.11382113821138211
0.012578616352201259 0.11382113821138211
0.012567324955116697 0.11382113821138211
0.012556053811659192 0.11382113821138211
0.012544802867383513 0.11382113821138211
0.012533572068039392 0.11382113821138211
0.012522361359570662 0.11382113821138211
0.012511170688114389 0.11382113821138211
0.0125 0.11382113821138211
0.012488849241748439 0.11382113821138211
0.012477718360071301 0.11382113821138211
0.012466607301869992 0.11382113821138211
0.012455516014234875 0.11382113821138211
0.012444444444444444 0.11382113821138211
0.012433392539964476 0.11382113821138211
0.012422360248447204 0.11382113821138211
0.012411347517730497 0.11382113821138211
0.012400354295837024 0.11382113821138211
0.012389380530973451 0.11382113821138211
0.01237842617152962 0.11382113821138211
0.012367491166077738 0.11382113821138211
0.01235657546337158 0.11382113821138211
0.012345679012345678 0.11382113821138211
0.012334801762114538 0.11382113821138211
0.01232394366197183 0.11382113821138211
0.012313104661389622 0.11382113821138211
0.012302284710017574 0.11382113821138211
0.012291483757682178 0.11382113821138211
0.012280701754385965 0.11382113821138211
0.012269938650306749 0.11382113821138211
0.012259194395796848 0.11382113821138211
0.012248468941382326 0.11382113821138211
0.012237762237762238 0.11382113821138211
0.01222707423580786 0.11382113821138211
0.012216404886561954 0.11382113821138211
0.012205754141238012 0.11382113821138211
0.012195121951219513 0.11382113821138211
0.012184508268059183 0.11382113821138211
0.01217391304347826 0.11382113821138211
0.01216333622936577 0.11382113821138211
0.012152777777777778 0.11382113821138211
0.012142237640936688 0.11382113821138211
0.012131715771230503 0.11382113821138211
0.012121212121212121 0.11382113821138211
0.012110726643598616 0.11382113821138211
0.012100259291270527 0.11382113821138211
0.012089810017271158 0.11382113821138211
0.012079378774805867 0.11382113821138211
0.01206896551724138 0.11382113821138211
0.012058570198105082 0.11382113821138211
0.012048192771084338 0.11382113821138211
0.012037833190025795 0.11382113821138211
0.012027491408934709 0.11382113821138211
0.01201716738197425 0.11382113821138211
0.012006861063464836 0.11382113821138211
0.011996572407883462 0.11382113821138211
0.011986301369863013 0.11382113821138211
0.011976047904191617 0.11382113821138211
0.011965811965811967 0.11382113821138211
0.011955593509820665 0.11382113821138211
0.011945392491467578 0.11382113821138211
0.011935208866155157 0.11382113821138211
0.01192504258943782 0.11382113821138211
0.011914893617021277 0.11382113821138211
0.011904761904761904 0.11382113821138211
0.0118946474086661 0.11382113821138211
0.011884550084889643 0.11382113821138211
0.011874469889737066 0.11382113821138211
0.011864406779661017 0.11382113821138211
0.011854360711261643 0.11382113821138211
0.011844331641285956 0.11382113821138211
0.011834319526627219 0.11382113821138211
0.011824324324324325 0.11382113821138211
0.01181434599156118 0.11382113821138211
0.011804384485666104 0.11382113821138211
0.011794439764111205 0.11382113821138211
0.011784511784511785 0.11382113821138211
0.011774600504625737 0.11382113821138211
0.011764705882352941 0.11382113821138211
0.011754827875734676 0.11382113821138211
0.01174496644295302 0.11382113821138211
0.01173512154233026 0.11382113821138211
0.011725293132328308 0.11382113821138211
0.011715481171548118 0.11382113821138211
0.011705685618729096 0.11382113821138211
0.011695906432748537 0.11382113821138211
0.011686143572621035 0.11382113821138211
0.011676396997497914 0.11382113821138211
0.011666666666666667 0.11382113821138211
0.011656952539550375 0.11382113821138211
0.011647254575707155 0.11382113821138211
0.011637572734829594 0.11382113821138211
0.011627906976744186 0.11382113821138211
0.011618257261410789 0.11382113821138211
0.011608623548922056 0.11382113821138211
0.0115990057995029 0.11382113821138211
0.011589403973509934 0.11382113821138211
0.011579818031430935 0.11382113821138211
0.011570247933884297 0.11382113821138211
0.011560693641618497 0.11382113821138211
0.01155115511551155 0.11382113821138211
0.011541632316570486 0.11382113821138211
0.011532125205930808 0.11382113821138211
0.011522633744855968 0.11382113821138211
0.011513157894736841 0.11382113821138211
0.011503697617091208 0.11382113821138211
0.011494252873563218 0.11382113821138211
0.011484823625922888 0.11382113821138211
0.011475409836065573 0.11382113821138211
0.011466011466011465 0.11382113821138211
0.011456628477905073 0.11382113821138211
0.011447260834014717 0.11382113821138211
0.011437908496732025 0.11382113821138211
0.011428571428571429 0.11382113821138211
0.011419249592169658 0.11382113821138211
0.011409942950285249 0.11382113821138211
0.011400651465798045 0.11382113821138211
0.011391375101708706 0.11382113821138211
0.011382113821138212 0.11382113821138211
0.011372867587327376 0.11382113821138211
0.011363636363636364 0.11382113821138211
0.0113544201135442 0.11382113821138211
0.011345218800648298 0.11382113821138211
0.011336032388663968 0.11382113821138211
0.011326860841423949 0.11382113821138211
0.01131770412287793 0.11382113821138211
0.011308562197092083 0.11382113821138211
0.011299435028248588 0.11382113821138211
0.01129032258064516 0.11382113821138211
0.011281224818694601 0.11382113821138211
0.011272141706924315 0.11382113821138211
0.011263073209975865 0.11382113821138211
0.011254019292604502 0.11382113821138211
0.011244979919678716 0.11382113821138211
0.011235955056179775 0.11382113821138211
0.011226944667201283 0.11382113821138211
0.011217948717948718 0.11382113821138211
0.01120896717373899 0.11382113821138211
0.0112 0.11382113821138211
0.011191047162270184 0.11382113821138211
0.011182108626198083 0.11382113821138211
0.0111731843575419 0.11382113821138211
0.011164274322169059 0.11382113821138211
0.011155378486055778 0.11382113821138211
0.011146496815286623 0.11382113821138211
0.011137629276054098 0.11382113821138211
0.011128775834658187 0.11382113821138211
0.011119936457505957 0.11382113821138211
0.011111111111111112 0.11382113821138211
0.011102299762093577 0.11382113821138211
0.011093502377179081 0.11382113821138211
0.011084718923198733 0.11382113821138211
0.011075949367088608 0.11382113821138211
0.011067193675889328 0.11382113821138211
0.011058451816745656 0.11382113821138211
0.011049723756906077 0.11382113821138211
0.011041009463722398 0.11382113821138211
0.01103230890464933 0.11382113821138211
0.011023622047244094 0.11382113821138211
0.011014948859166011 0.11382113821138211
0.0110062893081761 0.11382113821138211
0.010997643362136685 0.11382113821138211
0.01098901098901099 0.11382113821138211
0.010980392156862745 0.11382113821138211
0.0109717868338558 0.11382113821138211
0.01096319498825372 0.11382113821138211
0.010954616588419406 0.11382113821138211
0.0109460516028147 0.11382113821138211
0.0109375 0.11382113821138211
0.01092896174863388 0.11382113821138211
0.0109204368174727 0.11382113821138211
0.010911925175370226 0.11382113821138211
0.010903426791277258 0.11382113821138211
0.010894941634241245 0.11382113821138211
0.01088646967340591 0.11382113821138211
0.010878010878010878 0.11382113821138211
0.010869565217391304 0.11382113821138211
0.010861132660977503 0.11382113821138211
0.010852713178294573 0.11382113821138211
0.010844306738962044 0.11382113821138211
0.010835913312693499 0.11382113821138211
0.01160092807424594 0.12195121951219512
0.011591962905718702 0.12195121951219512
0.011583011583011582 0.12195121951219512
0.011574074074074073 0.12195121951219512
0.01156515034695451 0.12195121951219512
0.011556240369799691 0.12195121951219512
0.011547344110854504 0.12195121951219512
0.011538461538461539 0.12195121951219512
0.011529592621060722 0.12195121951219512
0.01152073732718894 0.12195121951219512
0.011511895625479662 0.12195121951219512
0.011503067484662576 0.12195121951219512
0.011494252873563218 0.12195121951219512
0.011485451761102604 0.12195121951219512
0.011476664116296864 0.12195121951219512
0.011467889908256881 0.12195121951219512
0.01145912910618793 0.12195121951219512
0.011450381679389313 0.12195121951219512
0.011441647597254004 0.12195121951219512
0.011432926829268292 0.12195121951219512
0.011424219345011425 0.12195121951219512
0.01141552511415525 0.12195121951219512
0.011406844106463879 0.12195121951219512
0.011398176291793313 0.12195121951219512
0.011389521640091117 0.12195121951219512
0.011380880121396054 0.12195121951219512
0.011372251705837756 0.12195121951219512
0.011363636363636364 0.12195121951219512
0.011355034065102196 0.12195121951219512
0.0113464447806354 0.12195121951219512
0.011337868480725623 0.12195121951219512
0.011329305135951661 0.12195121951219512
0.011320754716981131 0.12195121951219512
0.011312217194570135 0.12195121951219512
0.011303692539562924 0.12195121951219512
0.011295180722891566 0.12195121951219512
0.011286681715575621 0.12195121951219512
0.011278195488721804 0.12195121951219512
0.011269722013523666 0.12195121951219512
0.01126126126126126 0.12195121951219512
0.011252813203300824 0.12195121951219512
0.011244377811094454 0.12195121951219512
0.011235955056179775 0.12195121951219512
0.01122754491017964 0.12195121951219512
0.011219147344801795 0.12195121951219512
0.011210762331838564 0.12195121951219512
0.011202389843166542 0.12195121951219512
0.011194029850746268 0.12195121951219512
0.011185682326621925 0.12195121951219512
0.011177347242921014 0.12195121951219512
0.011169024571854059 0.12195121951219512
0.011160714285714286 0.12195121951219512
0.011152416356877323 0.12195121951219512
0.011144130757800892 0.12195121951219512
0.011135857461024499 0.12195121951219512
0.01112759643916914 0.12195121951219512
0.01111934766493699 0.12195121951219512
0.011111111111111112 0.12195121951219512
0.011102886750555145 0.12195121951219512
0.011094674556213017 0.12195121951219512
0.011086474501108648 0.12195121951219512
0.011078286558345642 0.12195121951219512
0.01107011070110701 0.12195121951219512
0.011061946902654867 0.12195121951219512
0.01105379513633014 0.12195121951219512
0.011045655375552283 0.12195121951219512
0.011037527593818985 0.12195121951219512
0.011029411764705883 0.12195121951219512
0.011021307861866276 0.12195121951219512
0.011013215859030838 0.12195121951219512
0.011005135730007337 0.12195121951219512
0.010997067448680353 0.12195121951219512
0.01098901098901099 0.12195121951219512
0.010980966325036604 0.12195121951219512
0.010972933430870519 0.12195121951219512
0.010964912280701754 0.12195121951219512
0.01095690284879474 0.12195121951219512
0.010948905109489052 0.12195121951219512
0.010940919037199124 0.12195121951219512
0.010932944606413994 0.12195121951219512
0.010924981791697014 0.12195121951219512
0.010917030567685589 0.12195121951219512
0.01090909090909091 0.12195121951219512
0.010901162790697675 0.12195121951219512
0.010893246187363835 0.12195121951219512
0.01088534107402032 0.12195121951219512
0.010877447425670777 0.12195121951219512
0.010869565217391304 0.12195121951219512
0.010861694424330196 0.12195121951219512
0.01085383502170767 0.12195121951219512
0.010845986984815618 0.12195121951219512
0.01083815028901734 0.12195121951219512
0.010830324909747292 0.12195121951219512
0.010822510822510822 0.12195121951219512
0.010814708002883922 0.12195121951219512
0.010806916426512969 0.12195121951219512
0.01079913606911447 0.12195121951219512
0.01079136690647482 0.12195121951219512
0.010783608914450037 0.12195121951219512
0.010775862068965518 0.12195121951219512
0.010768126346015794 0.12195121951219512
0.010760401721664276 0.12195121951219512
0.010752688172043012 0.12195121951219512
0.010744985673352435 0.12195121951219512
0.010737294201861132 0.12195121951219512
0.01072961373390558 0.12195121951219512
0.010721944245889922 0.12195121951219512
0.010714285714285714 0.12195121951219512
0.010706638115631691 0.12195121951219512
0.010699001426533523 0.12195121951219512
0.010691375623663579 0.12195121951219512
0.010683760683760684 0.12195121951219512
0.010676156583629894 0.12195121951219512
0.010668563300142247 0.12195121951219512
0.010660980810234541 0.12195121951219512
0.01065340909090909 0.12195121951219512
0.0106458481192335 0.12195121951219512
0.010638297872340425 0.12195121951219512
0.010630758327427357 0.12195121951219512
0.010623229461756374 0.12195121951219512
0.010615711252653927 0.12195121951219512
0.010608203677510608 0.12195121951219512
0.01060070671378092 0.12195121951219512
0.01059322033898305 0.12195121951219512
0.01058574453069866 0.12195121951219512
0.010578279266572637 0.12195121951219512
0.010570824524312896 0.12195121951219512
0.01056338028169014 0.12195121951219512
0.01055594651653765 0.12195121951219512
0.010548523206751054 0.12195121951219512
0.010541110330288124 0.12195121951219512
0.010533707865168539 0.12195121951219512
0.010526315789473684 0.12195121951219512
0.010518934081346423 0.12195121951219512
0.01051156271899089 0.12195121951219512
0.01050420168067227 0.12195121951219512
0.010496850944716585 0.12195121951219512
0.01048951048951049 0.12195121951219512
0.010482180293501049 0.12195121951219512
0.01047486033519553 0.12195121951219512
0.0104675505931612 0.12195121951219512
0.010460251046025104 0.12195121951219512
0.010452961672473868 0.12195121951219512
0.010445682451253482 0.12195121951219512
0.010438413361169102 0.12195121951219512
0.01043115438108484 0.12195121951219512
0.010423905489923557 0.12195121951219512
0.010416666666666666 0.12195121951219512
0.010409437890353921 0.12195121951219512
0.010402219140083218 0.12195121951219512
0.010395010395010396 0.12195121951219512
0.01038781163434903 0.12195121951219512
0.010380622837370242 0.12195121951219512
0.01037344398340249 0.12195121951219512
0.010366275051831375 0.12195121951219512
0.010359116022099447 0.12195121951219512
0.010351966873706004 0.12195121951219512
0.010344827586206896 0.12195121951219512
0.010337698139214336 0.12195121951219512
0.010330578512396695 0.12195121951219512
0.01032346868547832 0.12195121951219512
0.01031636863823934 0.12195121951219512
0.010309278350515464 0.12195121951219512
0.010302197802197802 0.12195121951219512
0.01029512697323267 0.12195121951219512
0.0102880658436214 0.12195121951219512
0.01028101439342015 0.12195121951219512
0.010273972602739725 0.12195121951219512
0.01026694045174538 0.12195121951219512
0.010259917920656635 0.12195121951219512
0.010252904989747095 0.12195121951219512
0.010245901639344262 0.12195121951219512
0.010238907849829351 0.12195121951219512
0.010231923601637109 0.12195121951219512
0.010224948875255624 0.12195121951219512
0.010217983651226158 0.12195121951219512
0.010211027910142955 0.12195121951219512
0.01020408163265306 0.12195121951219512
0.010197144799456152 0.12195121951219512
0.010190217391304348 0.12195121951219512
0.010183299389002037 0.12195121951219512
0.0101763907734057 0.12195121951219512
0.010169491525423728 0.12195121951219512
0.01016260162601626 0.12195121951219512
0.010155721056194989 0.12195121951219512
0.010148849797023005 0.12195121951219512
0.010141987829614604 0.12195121951219512
0.010135135135135136 0.12195121951219512
0.01012829169480081 0.12195121951219512
0.010121457489878543 0.12195121951219512
0.010114632501685773 0.12195121951219512
0.010107816711590296 0.12195121951219512
0.010101010101010102 0.12195121951219512
0.010094212651413189 0.12195121951219512
0.010087424344317418 0.12195121951219512
0.010080645161290322 0.12195121951219512
0.010073875083948958 0.12195121951219512
0.010067114093959731 0.12195121951219512
0.01006036217303823 0.12195121951219512
0.010053619302949061 0.12195121951219512
0.010046885465505693 0.12195121951219512
0.010040160642570281 0.12195121951219512
0.010033444816053512 0.12195121951219512
0.010026737967914439 0.12195121951219512
0.01002004008016032 0.12195121951219512
0.010013351134846462 0.12195121951219512
0.01000667111407605 0.12195121951219512
0.01 0.12195121951219512
0.009993337774816789 0.12195121951219512
0.009986684420772303 0.12195121951219512
0.00998003992015968 0.12195121951219512
0.00997340425531915 0.12195121951219512
0.009966777408637873 0.12195121951219512
0.0099601593625498 0.12195121951219512
0.009953550099535502 0.12195121951219512
0.009946949602122016 0.12195121951219512
0.009940357852882704 0.12195121951219512
0.009933774834437087 0.12195121951219512
0.009927200529450696 0.12195121951219512
0.00992063492063492 0.12195121951219512
0.00991407799074686 0.12195121951219512
0.009907529722589167 0.12195121951219512
0.009900990099009901 0.12195121951219512
0.009894459102902375 0.12195121951219512
0.00988793671720501 0.12195121951219512
0.009881422924901186 0.12195121951219512
0.009874917709019092 0.12195121951219512
0.009868421052631578 0.12195121951219512
0.009861932938856016 0.12195121951219512
0.00985545335085414 0.12195121951219512
0.00984898227183191 0.12195121951219512
0.00984251968503937 0.12195121951219512
0.009836065573770493 0.12195121951219512
0.009829619921363041 0.12195121951219512
0.009823182711198428 0.12195121951219512
0.00981675392670157 0.12195121951219512
0.009810333551340745 0.12195121951219512
0.00980392156862745 0.12195121951219512
0.009797517962116264 0.12195121951219512
0.0097911227154047 0.12195121951219512
0.009784735812133072 0.12195121951219512
0.009778357235984355 0.12195121951219512
0.009771986970684038 0.12195121951219512
0.009765625 0.12195121951219512
0.009759271307742356 0.12195121951219512
0.00975292587776333 0.12195121951219512
0.009746588693957114 0.12195121951219512
0.00974025974025974 0.12195121951219512
0.00973393900064893 0.12195121951219512
0.009727626459143969 0.12195121951219512
0.009721322099805573 0.12195121951219512
0.009715025906735751 0.12195121951219512
0.009708737864077669 0.12195121951219512
