0.0 0.0
0.0 0.0
0.3333333333333333 0.004739336492890996
0.5 0.009478672985781991
0.4 0.009478672985781991
0.3333333333333333 0.009478672985781991
0.2857142857142857 0.009478672985781991
0.25 0.009478672985781991
0.2222222222222222 0.009478672985781991
0.2 0.009478672985781991
0.18181818181818182 0.009478672985781991
0.16666666666666666 0.009478672985781991
0.15384615384615385 0.009478672985781991
0.21428571428571427 0.014218009478672985
0.2 0.014218009478672985
0.1875 0.014218009478672985
0.17647058823529413 0.014218009478672985
0.16666666666666666 0.014218009478672985
0.15789473684210525 0.014218009478672985
0.15 0.014218009478672985
0.14285714285714285 0.014218009478672985
0.13636363636363635 0.014218009478672985
0.13043478260869565 0.014218009478672985
0.125 0.014218009478672985
0.12 0.014218009478672985
0.11538461538461539 0.014218009478672985
0.1111111111111111 0.014218009478672985
0.10714285714285714 0.014218009478672985
0.10344827586206896 0.014218009478672985
0.1 0.014218009478672985
0.0967741935483871 0.014218009478672985
0.09375 0.014218009478672985
0.09090909090909091 0.014218009478672985
0.08823529411764706 0.014218009478672985
0.08571428571428572 0.014218009478672985
0.08333333333333333 0.014218009478672985
0.08108108108108109 0.014218009478672985
0.07894736842105263 0.014218009478672985
0.07692307692307693 0.014218009478672985
0.075 0.014218009478672985
0.07317073170731707 0.014218009478672985
0.09523809523809523 0.018957345971563982
0.11627906976744186 0.023696682464454975
0.11363636363636363 0.023696682464454975
0.1111111111111111 0.023696682464454975
0.10869565217391304 0.023696682464454975
0.10638297872340426 0.023696682464454975
0.10416666666666667 0.023696682464454975
0.10204081632653061 0.023696682464454975
0.1 0.023696682464454975
0.09803921568627451 0.023696682464454975
0.09615384615384616 0.023696682464454975
0.11320754716981132 0.02843601895734597
0.1111111111111111 0.02843601895734597
0.10909090909090909 0.02843601895734597
0.125 0.03317535545023697
0.12280701754385964 0.03317535545023697
0.1206896551724138 0.03317535545023697
0.13559322033898305 0.037914691943127965
0.13333333333333333 0.037914691943127965
0.13114754098360656 0.037914691943127965
0.12903225806451613 0.037914691943127965
0.12698412698412698 0.037914691943127965
0.140625 0.04265402843601896
0.15384615384615385 0.04739336492890995
0.15151515151515152 0.04739336492890995
0.14925373134328357 0.04739336492890995
0.14705882352941177 0.04739336492890995
0.14492753623188406 0.04739336492890995
0.14285714285714285 0.04739336492890995
0.14084507042253522 0.04739336492890995
0.1388888888888889 0.04739336492890995
0.136986301369863 0.04739336492890995
0.13513513513513514 0.04739336492890995
0.13333333333333333 0.04739336492890995
0.13157894736842105 0.04739336492890995
0.12987012987012986 0.04739336492890995
0.1282051282051282 0.04739336492890995
0.12658227848101267 0.04739336492890995
0.125 0.04739336492890995
0.12345679012345678 0.04739336492890995
0.12195121951219512 0.04739336492890995
0.13253012048192772 0.052132701421800945
0.13095238095238096 0.052132701421800945
0.12941176470588237 0.052132701421800945
0.12790697674418605 0.052132701421800945
0.13793103448275862 0.05687203791469194
0.14772727272727273 0.061611374407582936
0.14606741573033707 0.061611374407582936
0.15555555555555556 0.06635071090047394
0.15384615384615385 0.06635071090047394
0.15217391304347827 0.06635071090047394
0.15053763440860216 0.06635071090047394
0.14893617021276595 0.06635071090047394
0.14736842105263157 0.06635071090047394
0.14583333333333334 0.06635071090047394
0.14432989690721648 0.06635071090047394
0.14285714285714285 0.06635071090047394
0.1414141414141414 0.06635071090047394
0.14 0.06635071090047394
0.13861386138613863 0.06635071090047394
0.13725490196078433 0.06635071090047394
0.13592233009708737 0.06635071090047394
0.1346153846153846 0.06635071090047394
0.13333333333333333 0.06635071090047394
0.1320754716981132 0.06635071090047394
0.1308411214953271 0.06635071090047394
0.12962962962962962 0.06635071090047394
0.12844036697247707 0.06635071090047394
0.12727272727272726 0.06635071090047394
0.12612612612612611 0.06635071090047394
0.125 0.06635071090047394
0.12389380530973451 0.06635071090047394
0.12280701754385964 0.06635071090047394
0.12173913043478261 0.06635071090047394
0.1206896551724138 0.06635071090047394
0.11965811965811966 0.06635071090047394
0.11864406779661017 0.06635071090047394
0.11764705882352941 0.06635071090047394
0.11666666666666667 0.06635071090047394
0.11570247933884298 0.06635071090047394
0.11475409836065574 0.06635071090047394
0.11382113821138211 0.06635071090047394
0.11290322580645161 0.06635071090047394
0.112 0.06635071090047394
0.1111111111111111 0.06635071090047394
0.11023622047244094 0.06635071090047394
0.109375 0.06635071090047394
0.10852713178294573 0.06635071090047394
0.1076923076923077 0.06635071090047394
0.10687022900763359 0.06635071090047394
0.10606060606060606 0.06635071090047394
0.10526315789473684 0.06635071090047394
0.1044776119402985 0.06635071090047394
0.1037037037037037 0.06635071090047394
0.10294117647058823 0.06635071090047394
0.10218978102189781 0.06635071090047394
0.10144927536231885 0.06635071090047394
0.10071942446043165 0.06635071090047394
0.1 0.06635071090047394
0.09929078014184398 0.06635071090047394
0.09859154929577464 0.06635071090047394
0.0979020979020979 0.06635071090047394
0.09722222222222222 0.06635071090047394
0.09655172413793103 0.06635071090047394
0.10273972602739725 0.07109004739336493
0.10204081632653061 0.07109004739336493
0.10135135135135136 0.07109004739336493
0.10738255033557047 0.07582938388625593
0.10666666666666667 0.07582938388625593
0.10596026490066225 0.07582938388625593
0.10526315789473684 0.07582938388625593
0.1111111111111111 0.08056872037914692
0.11038961038961038 0.08056872037914692
0.10967741935483871 0.08056872037914692
0.10897435897435898 0.08056872037914692
0.11464968152866242 0.08530805687203792
0.12025316455696203 0.09004739336492891
0.11949685534591195 0.09004739336492891
0.125 0.0947867298578199
0.12422360248447205 0.0947867298578199
0.12345679012345678 0.0947867298578199
0.12269938650306748 0.0947867298578199
0.12195121951219512 0.0947867298578199
0.12121212121212122 0.0947867298578199
0.12048192771084337 0.0947867298578199
0.11976047904191617 0.0947867298578199
0.11904761904761904 0.0947867298578199
0.11834319526627218 0.0947867298578199
0.11764705882352941 0.0947867298578199
0.11695906432748537 0.0947867298578199
0.11627906976744186 0.0947867298578199
0.11560693641618497 0.0947867298578199
0.11494252873563218 0.0947867298578199
0.11428571428571428 0.0947867298578199
0.11363636363636363 0.0947867298578199
0.11299435028248588 0.0947867298578199
0.11235955056179775 0.0947867298578199
0.11173184357541899 0.0947867298578199
0.1111111111111111 0.0947867298578199
0.11602209944751381 0.0995260663507109
0.11538461538461539 0.0995260663507109
0.11475409836065574 0.0995260663507109
0.11413043478260869 0.0995260663507109
0.11351351351351352 0.0995260663507109
0.11290322580645161 0.0995260663507109
0.11229946524064172 0.0995260663507109
0.11170212765957446 0.0995260663507109
0.1111111111111111 0.0995260663507109
0.11052631578947368 0.0995260663507109
0.1099476439790576 0.0995260663507109
0.109375 0.0995260663507109
0.10880829015544041 0.0995260663507109
0.10824742268041238 0.0995260663507109
0.1076923076923077 0.0995260663507109
0.10714285714285714 0.0995260663507109
0.1065989847715736 0.0995260663507109
0.10606060606060606 0.0995260663507109
0.10552763819095477 0.0995260663507109
0.105 0.0995260663507109
0.1044776119402985 0.0995260663507109
0.10396039603960396 0.0995260663507109
0.10344827586206896 0.0995260663507109
0.10294117647058823 0.0995260663507109
0.1024390243902439 0.0995260663507109
0.10194174757281553 0.0995260663507109
0.10144927536231885 0.0995260663507109
0.10096153846153846 0.0995260663507109
0.10047846889952153 0.0995260663507109
0.1 0.0995260663507109
0.0995260663507109 0.0995260663507109
0.09905660377358491 0.0995260663507109
0.09859154929577464 0.0995260663507109
0.09813084112149532 0.0995260663507109
0.09767441860465116 0.0995260663507109
0.09722222222222222 0.0995260663507109
0.0967741935483871 0.0995260663507109
0.0963302752293578 0.0995260663507109
0.0958904109589041 0.0995260663507109
0.09545454545454546 0.0995260663507109
0.09502262443438914 0.0995260663507109
0.0945945945945946 0.0995260663507109
0.09417040358744394 0.0995260663507109
0.09375 0.0995260663507109
0.09333333333333334 0.0995260663507109
0.09292035398230089 0.0995260663507109
0.09251101321585903 0.0995260663507109
0.09210526315789473 0.0995260663507109
0.09170305676855896 0.0995260663507109
0.09130434782608696 0.0995260663507109
0.09090909090909091 0.0995260663507109
0.09051724137931035 0.0995260663507109
0.09012875536480687 0.0995260663507109
0.08974358974358974 0.0995260663507109
0.08936170212765958 0.0995260663507109
0.08898305084745763 0.0995260663507109
0.08860759493670886 0.0995260663507109
0.08823529411764706 0.0995260663507109
0.08786610878661087 0.0995260663507109
0.0875 0.0995260663507109
0.08713692946058091 0.0995260663507109
0.08677685950413223 0.0995260663507109
0.08641975308641975 0.0995260663507109
0.0860655737704918 0.0995260663507109
0.08571428571428572 0.0995260663507109
0.08536585365853659 0.0995260663507109
0.08502024291497975 0.0995260663507109
0.0846774193548387 0.0995260663507109
0.08433734939759036 0.0995260663507109
0.084 0.0995260663507109
0.08366533864541832 0.0995260663507109
0.08333333333333333 0.0995260663507109
0.08300395256916997 0.0995260663507109
0.08267716535433071 0.0995260663507109
0.08235294117647059 0.0995260663507109
0.08203125 0.0995260663507109
0.08171206225680934 0.0995260663507109
0.08139534883720931 0.0995260663507109
0.08108108108108109 0.0995260663507109
0.08076923076923077 0.0995260663507109
0.08045977011494253 0.0995260663507109
0.08015267175572519 0.0995260663507109
0.08365019011406843 0.10426540284360189
0.08333333333333333 0.10426540284360189
0.0830188679245283 0.10426540284360189
0.08270676691729323 0.10426540284360189
0.08239700374531835 0.10426540284360189
0.08582089552238806 0.10900473933649289
0.08550185873605948 0.10900473933649289
0.08518518518518518 0.10900473933649289
0.08487084870848709 0.10900473933649289
0.08455882352941177 0.10900473933649289
0.08424908424908426 0.10900473933649289
0.08394160583941605 0.10900473933649289
0.08363636363636363 0.10900473933649289
0.08695652173913043 0.11374407582938388
0.08664259927797834 0.11374407582938388
0.08633093525179857 0.11374407582938388
0.08602150537634409 0.11374407582938388
0.08928571428571429 0.11848341232227488
0.08896797153024912 0.11848341232227488
0.08865248226950355 0.11848341232227488
0.08833922261484099 0.11848341232227488
0.0880281690140845 0.11848341232227488
0.08771929824561403 0.11848341232227488
0.08741258741258741 0.11848341232227488
0.08710801393728224 0.11848341232227488
0.09027777777777778 0.12322274881516587
0.08996539792387544 0.12322274881516587
0.0896551724137931 0.12322274881516587
0.08934707903780069 0.12322274881516587
0.08904109589041095 0.12322274881516587
0.08873720136518772 0.12322274881516587
0.09183673469387756 0.12796208530805686
0.09152542372881356 0.12796208530805686
0.09121621621621621 0.12796208530805686
0.09090909090909091 0.12796208530805686
0.09060402684563758 0.12796208530805686
0.0903010033444816 0.12796208530805686
0.09 0.12796208530805686
0.08970099667774087 0.12796208530805686
0.08940397350993377 0.12796208530805686
0.0891089108910891 0.12796208530805686
0.08881578947368421 0.12796208530805686
0.08852459016393442 0.12796208530805686
0.08823529411764706 0.12796208530805686
0.08794788273615635 0.12796208530805686
0.08766233766233766 0.12796208530805686
0.08737864077669903 0.12796208530805686
0.08709677419354839 0.12796208530805686
0.08681672025723473 0.12796208530805686
0.08653846153846154 0.12796208530805686
0.08626198083067092 0.12796208530805686
0.08598726114649681 0.12796208530805686
0.08571428571428572 0.12796208530805686
0.08544303797468354 0.12796208530805686
0.08517350157728706 0.12796208530805686
0.08490566037735849 0.12796208530805686
0.08463949843260188 0.12796208530805686
0.084375 0.12796208530805686
0.08411214953271028 0.12796208530805686
0.08385093167701864 0.12796208530805686
0.08359133126934984 0.12796208530805686
0.08333333333333333 0.12796208530805686
0.08615384615384615 0.13270142180094788
0.08588957055214724 0.13270142180094788
0.0856269113149847 0.13270142180094788
0.08536585365853659 0.13270142180094788
0.0851063829787234 0.13270142180094788
0.08484848484848485 0.13270142180094788
0.08459214501510574 0.13270142180094788
0.08433734939759036 0.13270142180094788
0.08408408408408409 0.13270142180094788
0.08383233532934131 0.13270142180094788
0.08358208955223881 0.13270142180094788
0.08333333333333333 0.13270142180094788
0.0830860534124629 0.13270142180094788
0.08284023668639054 0.13270142180094788
0.08259587020648967 0.13270142180094788
0.08235294117647059 0.13270142180094788
0.08211143695014662 0.13270142180094788
0.08187134502923976 0.13270142180094788
0.08163265306122448 0.13270142180094788
0.08139534883720931 0.13270142180094788
0.08115942028985507 0.13270142180094788
0.08092485549132948 0.13270142180094788
0.08069164265129683 0.13270142180094788
0.08045977011494253 0.13270142180094788
0.08022922636103152 0.13270142180094788
0.08 0.13270142180094788
0.07977207977207977 0.13270142180094788
0.07954545454545454 0.13270142180094788
0.07932011331444759 0.13270142180094788
0.07909604519774012 0.13270142180094788
0.07887323943661972 0.13270142180094788
0.07865168539325842 0.13270142180094788
0.0784313725490196 0.13270142180094788
0.0782122905027933 0.13270142180094788
0.07799442896935933 0.13270142180094788
0.07777777777777778 0.13270142180094788
0.07756232686980609 0.13270142180094788
0.07734806629834254 0.13270142180094788
0.07713498622589532 0.13270142180094788
0.07692307692307693 0.13270142180094788
0.07671232876712329 0.13270142180094788
0.07650273224043716 0.13270142180094788
0.07629427792915532 0.13270142180094788
0.07608695652173914 0.13270142180094788
0.07588075880758807 0.13270142180094788
0.07567567567567568 0.13270142180094788
0.07547169811320754 0.13270142180094788
0.07526881720430108 0.13270142180094788
0.07506702412868632 0.13270142180094788
0.0748663101604278 0.13270142180094788
0.07466666666666667 0.13270142180094788
0.07446808510638298 0.13270142180094788
0.07427055702917772 0.13270142180094788
0.07407407407407407 0.13270142180094788
0.07387862796833773 0.13270142180094788
0.07368421052631578 0.13270142180094788
0.07349081364829396 0.13270142180094788
0.07329842931937172 0.13270142180094788
0.0731070496083551 0.13270142180094788
0.07291666666666667 0.13270142180094788
0.07272727272727272 0.13270142180094788
0.07253886010362694 0.13270142180094788
0.07235142118863049 0.13270142180094788
0.07216494845360824 0.13270142180094788
0.07197943444730077 0.13270142180094788
0.07179487179487179 0.13270142180094788
0.07161125319693094 0.13270142180094788
0.07142857142857142 0.13270142180094788
0.07124681933842239 0.13270142180094788
0.07106598984771574 0.13270142180094788
0.07088607594936709 0.13270142180094788
0.07323232323232323 0.13744075829383887
0.07304785894206549 0.13744075829383887
0.0728643216080402 0.13744075829383887
0.07268170426065163 0.13744075829383887
0.0725 0.13744075829383887
0.07231920199501247 0.13744075829383887
0.07213930348258707 0.13744075829383887
0.07196029776674938 0.13744075829383887
0.07178217821782178 0.13744075829383887
0.07160493827160494 0.13744075829383887
0.07142857142857142 0.13744075829383887
0.07125307125307126 0.13744075829383887
0.07107843137254902 0.13744075829383887
0.07090464547677261 0.13744075829383887
0.07073170731707316 0.13744075829383887
0.0705596107055961 0.13744075829383887
0.0703883495145631 0.13744075829383887
0.07021791767554479 0.13744075829383887
0.07004830917874397 0.13744075829383887
0.06987951807228916 0.13744075829383887
0.06971153846153846 0.13744075829383887
0.06954436450839328 0.13744075829383887
0.06937799043062201 0.13744075829383887
0.06921241050119331 0.13744075829383887
0.06904761904761905 0.13744075829383887
0.0688836104513064 0.13744075829383887
0.06872037914691943 0.13744075829383887
0.06855791962174941 0.13744075829383887
0.06839622641509434 0.13744075829383887
0.06823529411764706 0.13744075829383887
0.06807511737089202 0.13744075829383887
0.06791569086651054 0.13744075829383887
0.06775700934579439 0.13744075829383887
0.0675990675990676 0.13744075829383887
0.06744186046511629 0.13744075829383887
0.06960556844547564 0.14218009478672985
0.07175925925925926 0.14691943127962084
0.07390300230946882 0.15165876777251186
0.07373271889400922 0.15165876777251186
0.0735632183908046 0.15165876777251186
0.07339449541284404 0.15165876777251186
0.07322654462242563 0.15165876777251186
0.0730593607305936 0.15165876777251186
0.07289293849658314 0.15165876777251186
0.07272727272727272 0.15165876777251186
0.07256235827664399 0.15165876777251186
0.07239819004524888 0.15165876777251186
0.07223476297968397 0.15165876777251186
0.07207207207207207 0.15165876777251186
0.07191011235955057 0.15165876777251186
0.07174887892376682 0.15165876777251186
0.07158836689038031 0.15165876777251186
0.07142857142857142 0.15165876777251186
0.07126948775055679 0.15165876777251186
0.07111111111111111 0.15165876777251186
0.07095343680709534 0.15165876777251186
0.07079646017699115 0.15165876777251186
0.0706401766004415 0.15165876777251186
0.07048458149779736 0.15165876777251186
0.07032967032967033 0.15165876777251186
0.07017543859649122 0.15165876777251186
0.0700218818380744 0.15165876777251186
0.06986899563318777 0.15165876777251186
0.06971677559912855 0.15165876777251186
0.06956521739130435 0.15165876777251186
0.06941431670281996 0.15165876777251186
0.06926406926406926 0.15165876777251186
0.06911447084233262 0.15165876777251186
0.06896551724137931 0.15165876777251186
0.06881720430107527 0.15165876777251186
0.06866952789699571 0.15165876777251186
0.06852248394004283 0.15165876777251186
0.06837606837606838 0.15165876777251186
0.06823027718550106 0.15165876777251186
0.06808510638297872 0.15165876777251186
0.06794055201698514 0.15165876777251186
0.06779661016949153 0.15165876777251186
0.06765327695560254 0.15165876777251186
0.06751054852320675 0.15165876777251186
0.06736842105263158 0.15165876777251186
0.06722689075630252 0.15165876777251186
0.06708595387840671 0.15165876777251186
0.06694560669456066 0.15165876777251186
0.06680584551148225 0.15165876777251186
0.06666666666666667 0.15165876777251186
0.06652806652806653 0.15165876777251186
0.06639004149377593 0.15165876777251186
0.06625258799171843 0.15165876777251186
0.06611570247933884 0.15165876777251186
0.06597938144329897 0.15165876777251186
0.06584362139917696 0.15165876777251186
0.06570841889117043 0.15165876777251186
0.06557377049180328 0.15165876777251186
0.065439672801636 0.15165876777251186
0.0653061224489796 0.15165876777251186
0.06517311608961303 0.15165876777251186
0.06504065040650407 0.15165876777251186
0.06490872210953347 0.15165876777251186
0.06477732793522267 0.15165876777251186
0.06464646464646465 0.15165876777251186
0.06451612903225806 0.15165876777251186
0.06438631790744467 0.15165876777251186
0.0642570281124498 0.15165876777251186
0.06412825651302605 0.15165876777251186
0.064 0.15165876777251186
0.06387225548902195 0.15165876777251186
0.06374501992031872 0.15165876777251186
0.0636182902584493 0.15165876777251186
0.06349206349206349 0.15165876777251186
0.06336633663366337 0.15165876777251186
0.06324110671936758 0.15165876777251186
0.0631163708086785 0.15165876777251186
0.06299212598425197 0.15165876777251186
0.06286836935166994 0.15165876777251186
0.06274509803921569 0.15165876777251186
0.06262230919765166 0.15165876777251186
0.0625 0.15165876777251186
0.06237816764132553 0.15165876777251186
0.0622568093385214 0.15165876777251186
0.062135922330097085 0.15165876777251186
0.06201550387596899 0.15165876777251186
0.061895551257253385 0.15165876777251186
0.06177606177606178 0.15165876777251186
0.06165703275529865 0.15165876777251186
0.06153846153846154 0.15165876777251186
0.061420345489443376 0.15165876777251186
0.06130268199233716 0.15165876777251186
0.06118546845124283 0.15165876777251186
0.061068702290076333 0.15165876777251186
0.06095238095238095 0.15165876777251186
0.060836501901140684 0.15165876777251186
0.06072106261859583 0.15165876777251186
0.06060606060606061 0.15165876777251186
0.06049149338374291 0.15165876777251186
0.06037735849056604 0.15165876777251186
0.060263653483992465 0.15165876777251186
0.06015037593984962 0.15165876777251186
0.0600375234521576 0.15165876777251186
0.0599250936329588 0.15165876777251186
0.059813084112149535 0.15165876777251186
0.05970149253731343 0.15165876777251186
0.0595903165735568 0.15165876777251186
0.05947955390334572 0.15165876777251186
0.059369202226345084 0.15165876777251186
0.05925925925925926 0.15165876777251186
0.059149722735674676 0.15165876777251186
0.05904059040590406 0.15165876777251186
0.058931860036832415 0.15165876777251186
0.06066176470588235 0.15639810426540285
0.062385321100917435 0.16113744075829384
0.0641025641025641 0.16587677725118483
0.06398537477148081 0.16587677725118483
0.06569343065693431 0.17061611374407584
0.06557377049180328 0.17061611374407584
0.06545454545454546 0.17061611374407584
0.06533575317604355 0.17061611374407584
0.06521739130434782 0.17061611374407584
0.0650994575045208 0.17061611374407584
0.06498194945848375 0.17061611374407584
0.06486486486486487 0.17061611374407584
0.06474820143884892 0.17061611374407584
0.06463195691202872 0.17061611374407584
0.06451612903225806 0.17061611374407584
0.06440071556350627 0.17061611374407584
0.06428571428571428 0.17061611374407584
0.06417112299465241 0.17061611374407584
0.06583629893238434 0.17535545023696683
0.06571936056838366 0.17535545023696683
0.06560283687943262 0.17535545023696683
0.06548672566371681 0.17535545023696683
0.06537102473498234 0.17535545023696683
0.06525573192239859 0.17535545023696683
0.06514084507042253 0.17535545023696683
0.06502636203866433 0.17535545023696683
0.06491228070175438 0.17535545023696683
0.0647985989492119 0.17535545023696683
0.06468531468531469 0.17535545023696683
0.06457242582897033 0.17535545023696683
0.06445993031358885 0.17535545023696683
0.06434782608695652 0.17535545023696683
0.0642361111111111 0.17535545023696683
0.06412478336221837 0.17535545023696683
0.06401384083044982 0.17535545023696683
0.06390328151986183 0.17535545023696683
0.06379310344827586 0.17535545023696683
0.06368330464716007 0.17535545023696683
0.06357388316151202 0.17535545023696683
0.0634648370497427 0.17535545023696683
0.06335616438356165 0.17535545023696683
0.06324786324786325 0.17535545023696683
0.06313993174061433 0.17535545023696683
0.06303236797274275 0.17535545023696683
0.06292517006802721 0.17535545023696683
0.06281833616298811 0.17535545023696683
0.06271186440677966 0.17535545023696683
0.06260575296108291 0.17535545023696683
0.0625 0.17535545023696683
0.06239460370994941 0.17535545023696683
0.06228956228956229 0.17535545023696683
0.06218487394957983 0.17535545023696683
0.06208053691275168 0.17535545023696683
0.06197654941373534 0.17535545023696683
0.061872909698996656 0.17535545023696683
0.06176961602671119 0.17535545023696683
0.06166666666666667 0.17535545023696683
0.06156405990016639 0.17535545023696683
0.061461794019933555 0.17535545023696683
0.06135986733001658 0.17535545023696683
0.061258278145695365 0.17535545023696683
0.06115702479338843 0.17535545023696683
0.06105610561056106 0.17535545023696683
0.060955518945634266 0.17535545023696683
0.06085526315789474 0.17535545023696683
0.060755336617405585 0.17535545023696683
0.060655737704918035 0.17535545023696683
0.060556464811783964 0.17535545023696683
0.06045751633986928 0.17535545023696683
0.06035889070146819 0.17535545023696683
0.06026058631921824 0.17535545023696683
0.06016260162601626 0.17535545023696683
0.060064935064935064 0.17535545023696683
0.059967585089141004 0.17535545023696683
0.059870550161812294 0.17535545023696683
0.05977382875605816 0.17535545023696683
0.05967741935483871 0.17535545023696683
0.05958132045088567 0.17535545023696683
0.0594855305466238 0.17535545023696683
0.0593900481540931 0.17535545023696683
0.05929487179487179 0.17535545023696683
0.0592 0.17535545023696683
0.05910543130990415 0.17535545023696683
0.05901116427432217 0.17535545023696683
0.0589171974522293 0.17535545023696683
0.058823529411764705 0.17535545023696683
0.05873015873015873 0.17535545023696683
0.058637083993660855 0.17535545023696683
0.058544303797468354 0.17535545023696683
0.05845181674565561 0.17535545023696683
0.0583596214511041 0.17535545023696683
0.05826771653543307 0.17535545023696683
0.05817610062893082 0.17535545023696683
0.058084772370486655 0.17535545023696683
0.05799373040752351 0.17535545023696683
0.057902973395931145 0.17535545023696683
0.0578125 0.17535545023696683
0.057722308892355696 0.17535545023696683
0.05763239875389408 0.17535545023696683
0.05754276827371695 0.17535545023696683
0.05745341614906832 0.17535545023696683
0.05736434108527132 0.17535545023696683
0.05727554179566564 0.17535545023696683
0.0571870170015456 0.17535545023696683
0.05709876543209876 0.17535545023696683
0.05701078582434515 0.17535545023696683
0.05692307692307692 0.17535545023696683
0.05683563748079877 0.17535545023696683
0.05674846625766871 0.17535545023696683
0.05666156202143951 0.17535545023696683
0.05657492354740061 0.17535545023696683
0.05648854961832061 0.17535545023696683
0.056402439024390245 0.17535545023696683
0.0563165905631659 0.17535545023696683
0.05623100303951368 0.17535545023696683
0.05614567526555387 0.17535545023696683
0.05606060606060606 0.17535545023696683
0.05597579425113464 0.17535545023696683
0.055891238670694864 0.17535545023696683
0.05580693815987934 0.17535545023696683
0.05572289156626506 0.17535545023696683
0.055639097744360905 0.17535545023696683
0.057057057057057055 0.18009478672985782
0.05697151424287856 0.18009478672985782
0.05688622754491018 0.18009478672985782
0.05680119581464873 0.18009478672985782
0.058208955223880594 0.1848341232227488
0.05961251862891207 0.1895734597156398
0.06101190476190476 0.1943127962085308
0.06092124814264487 0.1943127962085308
0.06231454005934718 0.1990521327014218
0.06222222222222222 0.1990521327014218
0.0621301775147929 0.1990521327014218
0.0620384047267356 0.1990521327014218
0.061946902654867256 0.1990521327014218
0.061855670103092786 0.1990521327014218
0.061764705882352944 0.1990521327014218
0.06167400881057269 0.1990521327014218
0.06158357771260997 0.1990521327014218
0.06149341142020498 0.1990521327014218
0.06140350877192982 0.1990521327014218
0.061313868613138686 0.1990521327014218
0.061224489795918366 0.1990521327014218
0.0611353711790393 0.1990521327014218
0.061046511627906974 0.1990521327014218
0.06095791001451379 0.1990521327014218
0.06086956521739131 0.1990521327014218
0.060781476121562955 0.1990521327014218
0.06069364161849711 0.1990521327014218
0.06060606060606061 0.1990521327014218
0.06051873198847262 0.1990521327014218
0.060431654676258995 0.1990521327014218
0.0617816091954023 0.2037914691943128
0.06169296987087518 0.2037914691943128
0.06160458452722063 0.2037914691943128
0.06294706723891273 0.20853080568720378
0.06285714285714286 0.20853080568720378
0.06276747503566334 0.20853080568720378
0.06267806267806268 0.20853080568720378
0.06258890469416785 0.20853080568720378
0.0625 0.20853080568720378
0.062411347517730496 0.20853080568720378
0.06232294617563739 0.20853080568720378
0.06223479490806223 0.20853080568720378
0.062146892655367235 0.20853080568720378
0.06205923836389281 0.20853080568720378
0.061971830985915494 0.20853080568720378
0.06188466947960619 0.20853080568720378
0.06179775280898876 0.20853080568720378
0.061711079943899017 0.20853080568720378
0.06162464985994398 0.20853080568720378
0.06153846153846154 0.20853080568720378
0.061452513966480445 0.20853080568720378
0.061366806136680614 0.20853080568720378
0.06128133704735376 0.20853080568720378
0.061196105702364396 0.20853080568720378
0.06111111111111111 0.20853080568720378
0.06241331484049931 0.2132701421800948
0.06371191135734072 0.21800947867298578
0.0636237897648686 0.21800947867298578
0.06353591160220995 0.21800947867298578
0.06344827586206897 0.21800947867298578
0.06336088154269973 0.21800947867298578
0.06327372764786796 0.21800947867298578
0.06318681318681318 0.21800947867298578
0.06310013717421124 0.21800947867298578
0.06301369863013699 0.21800947867298578
0.06292749658002736 0.21800947867298578
0.06284153005464481 0.21800947867298578
0.06275579809004093 0.21800947867298578
0.06267029972752043 0.21800947867298578
0.06258503401360545 0.21800947867298578
0.0625 0.21800947867298578
0.06241519674355495 0.21800947867298578
0.06233062330623306 0.21800947867298578
0.06224627875507442 0.21800947867298578
0.062162162162162166 0.21800947867298578
0.0620782726045884 0.21800947867298578
0.06199460916442048 0.21800947867298578
0.06191117092866756 0.21800947867298578
0.06182795698924731 0.21800947867298578
0.06174496644295302 0.21800947867298578
0.06166219839142091 0.21800947867298578
0.06157965194109773 0.21800947867298578
0.06149732620320856 0.21800947867298578
0.06141522029372497 0.21800947867298578
0.06133333333333333 0.21800947867298578
0.06125166444740346 0.21800947867298578
0.061170212765957445 0.21800947867298578
0.06108897742363878 0.21800947867298578
0.0610079575596817 0.21800947867298578
0.060927152317880796 0.21800947867298578
0.06084656084656084 0.21800947867298578
0.0607661822985469 0.21800947867298578
0.06068601583113457 0.21800947867298578
0.06060606060606061 0.21800947867298578
0.060526315789473685 0.21800947867298578
0.06044678055190539 0.21800947867298578
0.06036745406824147 0.21800947867298578
0.06028833551769332 0.21800947867298578
0.060209424083769635 0.21800947867298578
0.06013071895424837 0.21800947867298578
0.06005221932114883 0.21800947867298578
0.05997392438070404 0.21800947867298578
0.059895833333333336 0.21800947867298578
0.05981794538361508 0.21800947867298578
0.05974025974025974 0.21800947867298578
0.05966277561608301 0.21800947867298578
0.05958549222797927 0.21800947867298578
0.059508408796895215 0.21800947867298578
0.059431524547803614 0.21800947867298578
0.05935483870967742 0.21800947867298578
0.059278350515463915 0.21800947867298578
0.059202059202059204 0.21800947867298578
0.05912596401028278 0.21800947867298578
0.059050064184852376 0.21800947867298578
0.05897435897435897 0.21800947867298578
0.058898847631242 0.21800947867298578
0.058823529411764705 0.21800947867298578
0.05874840357598978 0.21800947867298578
0.058673469387755105 0.21800947867298578
0.05859872611464968 0.21800947867298578
0.058524173027989825 0.21800947867298578
0.05844980940279543 0.21800947867298578
0.0583756345177665 0.21800947867298578
0.058301647655259824 0.21800947867298578
0.05822784810126582 0.21800947867298578
0.05815423514538559 0.21800947867298578
0.05808080808080808 0.21800947867298578
0.058007566204287514 0.21800947867298578
0.05793450881612091 0.21800947867298578
0.05786163522012579 0.21800947867298578
0.05778894472361809 0.21800947867298578
0.05771643663739021 0.21800947867298578
0.05764411027568922 0.21800947867298578
0.057571964956195244 0.21800947867298578
0.0575 0.21800947867298578
0.05742821473158552 0.21800947867298578
0.057356608478802994 0.21800947867298578
0.057285180572851806 0.21800947867298578
0.05845771144278607 0.22274881516587677
0.058385093167701865 0.22274881516587677
0.05831265508684864 0.22274881516587677
0.058240396530359353 0.22274881516587677
0.0594059405940594 0.22748815165876776
0.059332509270704575 0.22748815165876776
0.06049382716049383 0.23222748815165878
0.06165228113440197 0.23696682464454977
0.06157635467980296 0.23696682464454977
0.06150061500615006 0.23696682464454977
0.06142506142506143 0.23696682464454977
0.06134969325153374 0.23696682464454977
0.061274509803921566 0.23696682464454977
0.06119951040391677 0.23696682464454977
0.061124694376528114 0.23696682464454977
0.06105006105006105 0.23696682464454977
0.06097560975609756 0.23696682464454977
0.06090133982947625 0.23696682464454977
0.06082725060827251 0.23696682464454977
0.060753341433778855 0.23696682464454977
0.06067961165048544 0.23696682464454977
0.06060606060606061 0.23696682464454977
0.06053268765133172 0.23696682464454977
0.060459492140266025 0.23696682464454977
0.06038647342995169 0.23696682464454977
0.06031363088057901 0.23696682464454977
0.060240963855421686 0.23696682464454977
0.06016847172081829 0.23696682464454977
0.06009615384615385 0.23696682464454977
0.060024009603841535 0.23696682464454977
0.05995203836930456 0.23696682464454977
0.059880239520958084 0.23696682464454977
0.05980861244019139 0.23696682464454977
0.05973715651135006 0.23696682464454977
0.059665871121718374 0.23696682464454977
0.05959475566150179 0.23696682464454977
0.05952380952380952 0.23696682464454977
0.059453032104637336 0.23696682464454977
0.05938242280285035 0.23696682464454977
0.05931198102016608 0.23696682464454977
0.05924170616113744 0.23696682464454977
0.05917159763313609 0.23696682464454977
0.0591016548463357 0.23696682464454977
0.0590318772136954 0.23696682464454977
0.0589622641509434 0.23696682464454977
0.05889281507656066 0.23696682464454977
0.058823529411764705 0.23696682464454977
0.05875440658049354 0.23696682464454977
0.05868544600938967 0.23696682464454977
0.05861664712778429 0.23696682464454977
0.0585480093676815 0.23696682464454977
0.05847953216374269 0.23696682464454977
0.05841121495327103 0.23696682464454977
0.058343057176196034 0.23696682464454977
0.05827505827505827 0.23696682464454977
0.05820721769499418 0.23696682464454977
0.05813953488372093 0.23696682464454977
0.05807200929152149 0.23696682464454977
0.058004640371229696 0.23696682464454977
0.05793742757821553 0.23696682464454977
0.05787037037037037 0.23696682464454977
0.057803468208092484 0.23696682464454977
0.057736720554272515 0.23696682464454977
0.05767012687427912 0.23696682464454977
0.0576036866359447 0.23696682464454977
0.05753739930955121 0.23696682464454977
0.05747126436781609 0.23696682464454977
0.0574052812858783 0.23696682464454977
0.05733944954128441 0.23696682464454977
0.0572737686139748 0.23696682464454977
0.057208237986270026 0.23696682464454977
0.05714285714285714 0.23696682464454977
0.05707762557077625 0.23696682464454977
0.05701254275940707 0.23696682464454977
0.05694760820045558 0.23696682464454977
0.05688282138794084 0.23696682464454977
0.056818181818181816 0.23696682464454977
0.056753688989784334 0.23696682464454977
0.05668934240362812 0.23696682464454977
0.056625141562853906 0.23696682464454977
0.05656108597285068 0.23696682464454977
0.05649717514124294 0.23696682464454977
0.056433408577878104 0.23696682464454977
0.05636978579481398 0.23696682464454977
0.05630630630630631 0.23696682464454977
0.0562429696287964 0.23696682464454977
0.056179775280898875 0.23696682464454977
0.05611672278338945 0.23696682464454977
0.05717488789237668 0.24170616113744076
0.05711086226203808 0.24170616113744076
0.058165548098434 0.24644549763033174
0.05810055865921788 0.24644549763033174
0.05915178571428571 0.25118483412322273
0.059085841694537344 0.25118483412322273
0.05902004454342984 0.25118483412322273
0.060066740823136816 0.2559241706161137
0.06 0.2559241706161137
0.06104328523862375 0.26066350710900477
0.06097560975609756 0.26066350710900477
0.06090808416389812 0.26066350710900477
0.061946902654867256 0.26540284360189575
0.06298342541436464 0.27014218009478674
0.06291390728476821 0.27014218009478674
0.06284454244762955 0.27014218009478674
0.06277533039647577 0.27014218009478674
0.0627062706270627 0.27014218009478674
0.06263736263736264 0.27014218009478674
0.06256860592755215 0.27014218009478674
0.0625 0.27014218009478674
0.0624315443592552 0.27014218009478674
0.06236323851203501 0.27014218009478674
0.06229508196721312 0.27014218009478674
0.06222707423580786 0.27014218009478674
0.062159214830970554 0.27014218009478674
0.06209150326797386 0.27014218009478674
0.062023939064200215 0.27014218009478674
0.06195652173913044 0.27014218009478674
0.06188925081433225 0.27014218009478674
0.06182212581344902 0.27014218009478674
0.06175514626218852 0.27014218009478674
0.06168831168831169 0.27014218009478674
0.061621621621621624 0.27014218009478674
0.061555075593952485 0.27014218009478674
0.061488673139158574 0.27014218009478674
0.061422413793103446 0.27014218009478674
0.061356297093649086 0.27014218009478674
0.06129032258064516 0.27014218009478674
0.061224489795918366 0.27014218009478674
0.0611587982832618 0.27014218009478674
0.06109324758842444 0.27014218009478674
0.061027837259100645 0.27014218009478674
0.06096256684491978 0.27014218009478674
0.060897435897435896 0.27014218009478674
0.060832443970117396 0.27014218009478674
0.060767590618336885 0.27014218009478674
0.06070287539936102 0.27014218009478674
0.06063829787234042 0.27014218009478674
0.06057385759829968 0.27014218009478674
0.06050955414012739 0.27014218009478674
0.060445387062566275 0.27014218009478674
0.06038135593220339 0.27014218009478674
0.06031746031746032 0.27014218009478674
0.06025369978858351 0.27014218009478674
0.06019007391763464 0.27014218009478674
0.060126582278481014 0.27014218009478674
0.06006322444678609 0.27014218009478674
0.06 0.27014218009478674
0.05993690851735016 0.27014218009478674
0.059873949579831935 0.27014218009478674
0.05981112277019937 0.27014218009478674
0.059748427672955975 0.27014218009478674
0.05968586387434555 0.27014218009478674
0.0596234309623431 0.27014218009478674
0.05956112852664577 0.27014218009478674
0.059498956158663886 0.27014218009478674
0.05943691345151199 0.27014218009478674
0.059375 0.27014218009478674
0.05931321540062435 0.27014218009478674
0.059251559251559255 0.27014218009478674
0.059190031152647975 0.27014218009478674
0.05912863070539419 0.27014218009478674
0.05906735751295337 0.27014218009478674
0.059006211180124224 0.27014218009478674
0.05894519131334023 0.27014218009478674
0.058884297520661155 0.27014218009478674
0.058823529411764705 0.27014218009478674
0.058762886597938144 0.27014218009478674
0.05870236869207003 0.27014218009478674
0.05864197530864197 0.27014218009478674
0.05858170606372045 0.27014218009478674
0.058521560574948665 0.27014218009478674
0.05846153846153846 0.27014218009478674
0.0584016393442623 0.27014218009478674
0.05834186284544524 0.27014218009478674
0.05828220858895705 0.27014218009478674
0.05822267620020429 0.27014218009478674
0.058163265306122446 0.27014218009478674
0.0581039755351682 0.27014218009478674
0.05804480651731161 0.27014218009478674
0.05798575788402848 0.27014218009478674
0.057926829268292686 0.27014218009478674
0.05786802030456853 0.27014218009478674
0.057809330628803245 0.27014218009478674
0.057750759878419454 0.27014218009478674
0.057692307692307696 0.27014218009478674
0.057633973710819006 0.27014218009478674
0.05757575757575758 0.27014218009478674
0.05751765893037336 0.27014218009478674
0.057459677419354836 0.27014218009478674
0.05740181268882175 0.27014218009478674
0.05734406438631791 0.27014218009478674
0.05728643216080402 0.27014218009478674
0.0572289156626506 0.27014218009478674
0.05717151454363089 0.27014218009478674
0.05711422845691383 0.27014218009478674
0.057057057057057055 0.27014218009478674
0.057 0.27014218009478674
0.056943056943056944 0.27014218009478674
0.05688622754491018 0.27014218009478674
0.05782652043868395 0.27488151658767773
0.05876494023904383 0.2796208530805687
0.05870646766169154 0.2796208530805687
0.05864811133200795 0.2796208530805687
0.05858987090367428 0.2796208530805687
0.05853174603174603 0.2796208530805687
0.05847373637264618 0.2796208530805687
0.05841584158415842 0.2796208530805687
0.058358061325420374 0.2796208530805687
0.058300395256917 0.2796208530805687
0.05824284304047384 0.2796208530805687
0.05818540433925049 0.2796208530805687
0.05812807881773399 0.2796208530805687
0.058070866141732284 0.2796208530805687
0.05801376597836775 0.2796208530805687
0.05795677799607073 0.2796208530805687
0.05789990186457311 0.2796208530805687
0.05784313725490196 0.2796208530805687
0.05778648383937316 0.2796208530805687
0.057729941291585124 0.2796208530805687
0.05767350928641251 0.2796208530805687
0.0576171875 0.2796208530805687
0.0575609756097561 0.2796208530805687
0.057504873294346975 0.2796208530805687
0.05744888023369036 0.2796208530805687
0.057392996108949414 0.2796208530805687
0.057337220602526724 0.2796208530805687
0.05728155339805825 0.2796208530805687
0.05722599418040737 0.2796208530805687
0.05717054263565891 0.2796208530805687
0.057115198451113264 0.2796208530805687
0.05705996131528046 0.2796208530805687
0.057004830917874394 0.2796208530805687
0.05791505791505792 0.2843601895734597
0.05785920925747348 0.2843601895734597
0.057803468208092484 0.2843601895734597
0.05774783445620789 0.2843601895734597
0.057692307692307696 0.2843601895734597
0.05763688760806916 0.2843601895734597
0.05758157389635317 0.2843601895734597
0.05752636625119847 0.2843601895734597
0.05747126436781609 0.2843601895734597
0.05741626794258373 0.2843601895734597
0.05736137667304015 0.2843601895734597
0.05730659025787966 0.2843601895734597
0.05725190839694656 0.2843601895734597
0.057197330791229746 0.2843601895734597
0.05714285714285714 0.2843601895734597
0.05708848715509039 0.2843601895734597
0.057034220532319393 0.2843601895734597
0.05698005698005698 0.2843601895734597
0.056925996204933584 0.2843601895734597
0.05687203791469194 0.2843601895734597
0.056818181818181816 0.2843601895734597
0.05676442762535478 0.2843601895734597
0.05671077504725898 0.2843601895734597
0.056657223796033995 0.2843601895734597
0.05660377358490566 0.2843601895734597
0.05655042412818096 0.2843601895734597
0.05649717514124294 0.2843601895734597
0.05644402634054563 0.2843601895734597
0.05639097744360902 0.2843601895734597
0.056338028169014086 0.2843601895734597
0.05628517823639775 0.2843601895734597
0.056232427366447985 0.2843601895734597
0.056179775280898875 0.2843601895734597
0.05612722170252572 0.2843601895734597
0.056074766355140186 0.2843601895734597
0.056022408963585436 0.2843601895734597
0.055970149253731345 0.2843601895734597
0.05591798695246971 0.2843601895734597
0.055865921787709494 0.2843601895734597
0.05581395348837209 0.2843601895734597
0.055762081784386616 0.2843601895734597
0.055710306406685235 0.2843601895734597
0.055658627087198514 0.2843601895734597
0.05560704355885079 0.2843601895734597
0.05555555555555555 0.2843601895734597
0.05550416281221091 0.2843601895734597
0.05545286506469501 0.2843601895734597
0.055401662049861494 0.2843601895734597
0.055350553505535055 0.2843601895734597
0.055299539170506916 0.2843601895734597
0.055248618784530384 0.2843601895734597
0.05519779208831647 0.2843601895734597
0.05514705882352941 0.2843601895734597
0.05509641873278237 0.2843601895734597
0.05504587155963303 0.2843601895734597
0.054995417048579284 0.2843601895734597
0.054945054945054944 0.2843601895734597
0.05489478499542543 0.2843601895734597
0.054844606946983544 0.2843601895734597
0.0547945205479452 0.2843601895734597
0.05474452554744526 0.2843601895734597
0.054694621695533276 0.2843601895734597
0.0546448087431694 0.2843601895734597
0.0545950864422202 0.2843601895734597
0.05454545454545454 0.2843601895734597
0.05449591280653951 0.2843601895734597
0.0544464609800363 0.2843601895734597
0.05439709882139619 0.2843601895734597
0.05434782608695652 0.2843601895734597
0.05429864253393665 0.2843601895734597
0.054249547920433995 0.2843601895734597
0.05420054200542006 0.2843601895734597
0.05415162454873646 0.2843601895734597
0.05410279531109107 0.2843601895734597
0.05405405405405406 0.2843601895734597
0.054005400540054004 0.2843601895734597
0.0539568345323741 0.2843601895734597
0.05390835579514825 0.2843601895734597
0.05385996409335727 0.2843601895734597
0.053811659192825115 0.2843601895734597
0.053763440860215055 0.2843601895734597
0.05371530886302596 0.2843601895734597
0.05366726296958855 0.2843601895734597
0.05361930294906166 0.2843601895734597
0.05357142857142857 0.2843601895734597
0.05352363960749331 0.2843601895734597
0.053475935828877004 0.2843601895734597
0.053428317008014245 0.2843601895734597
0.05338078291814947 0.2843601895734597
0.05333333333333334 0.2843601895734597
0.05328596802841918 0.2843601895734597
0.05323868677905945 0.2843601895734597
0.05319148936170213 0.2843601895734597
0.053144375553587246 0.2843601895734597
0.05309734513274336 0.2843601895734597
0.05305039787798409 0.2843601895734597
0.053003533568904596 0.2843601895734597
0.0529567519858782 0.2843601895734597
0.05291005291005291 0.2843601895734597
0.05286343612334802 0.2843601895734597
0.0528169014084507 0.2843601895734597
0.052770448548812667 0.2843601895734597
0.05272407732864675 0.2843601895734597
0.05267778753292362 0.2843601895734597
0.05263157894736842 0.2843601895734597
0.05258545135845749 0.2843601895734597
0.05253940455341506 0.2843601895734597
0.05249343832020997 0.2843601895734597
0.05332167832167832 0.2890995260663507
0.05414847161572053 0.2938388625592417
0.0549738219895288 0.2985781990521327
0.05579773321708806 0.3033175355450237
0.05574912891986063 0.3033175355450237
0.05657093124456049 0.3080568720379147
0.05652173913043478 0.3080568720379147
0.05734144222415291 0.3127962085308057
0.057291666666666664 0.3127962085308057
0.05724197745013009 0.3127962085308057
0.05719237435008666 0.3127962085308057
0.05714285714285714 0.3127962085308057
0.05709342560553633 0.3127962085308057
0.05704407951598963 0.3127962085308057
0.05699481865284974 0.3127962085308057
0.056945642795513375 0.3127962085308057
0.056896551724137934 0.3127962085308057
0.05770887166236004 0.3175355450236967
0.0576592082616179 0.3175355450236967
0.05760963026655202 0.3175355450236967
0.05756013745704467 0.3175355450236967
0.05751072961373391 0.3175355450236967
0.057461406518010294 0.3175355450236967
0.05741216795201371 0.3175355450236967
0.05736301369863014 0.3175355450236967
0.05731394354148845 0.3175355450236967
0.05726495726495726 0.3175355450236967
0.05721605465414176 0.3175355450236967
0.05716723549488054 0.3175355450236967
0.05711849957374254 0.3175355450236967
0.05706984667802385 0.3175355450236967
0.05702127659574468 0.3175355450236967
0.05697278911564626 0.3175355450236967
0.05692438402718777 0.3175355450236967
0.056876061120543296 0.3175355450236967
0.056827820186598814 0.3175355450236967
0.05677966101694915 0.3175355450236967
0.056731583403895 0.3175355450236967
0.05668358714043993 0.3175355450236967
0.0566356720202874 0.3175355450236967
0.056587837837837836 0.3175355450236967
0.056540084388185655 0.3175355450236967
0.05649241146711636 0.3175355450236967
0.05644481887110362 0.3175355450236967
0.0563973063973064 0.3175355450236967
0.056349873843566024 0.3175355450236967
0.05630252100840336 0.3175355450236967
0.056255247691015954 0.3175355450236967
0.05620805369127517 0.3175355450236967
0.056160938809723386 0.3175355450236967
0.05611390284757119 0.3175355450236967
0.05606694560669456 0.3175355450236967
0.056020066889632104 0.3175355450236967
0.055973266499582286 0.3175355450236967
0.055926544240400666 0.3175355450236967
0.05587989991659716 0.3175355450236967
0.05583333333333333 0.3175355450236967
0.05578684429641965 0.3175355450236967
0.05574043261231281 0.3175355450236967
0.05569409808811305 0.3175355450236967
0.05564784053156146 0.3175355450236967
0.05560165975103734 0.3175355450236967
0.05555555555555555 0.3175355450236967
0.05550952775476388 0.3175355450236967
0.055463576158940396 0.3175355450236967
0.055417700578990904 0.3175355450236967
0.05537190082644628 0.3175355450236967
0.05532617671345995 0.3175355450236967
0.05528052805280528 0.3175355450236967
0.055234954657873044 0.3175355450236967
0.05518945634266886 0.3175355450236967
0.0551440329218107 0.3175355450236967
0.055098684210526314 0.3175355450236967
0.05505341002465078 0.3175355450236967
0.055008210180623976 0.3175355450236967
0.054963084495488104 0.3175355450236967
0.05491803278688524 0.3175355450236967
0.054873054873054876 0.3175355450236967
0.05482815057283143 0.3175355450236967
0.05478331970564186 0.3175355450236967
0.05473856209150327 0.3175355450236967
0.054693877551020405 0.3175355450236967
0.05464926590538336 0.3175355450236967
0.05460472697636512 0.3175355450236967
0.05456026058631922 0.3175355450236967
0.05451586655817738 0.3175355450236967
0.05447154471544716 0.3175355450236967
0.054427294882209584 0.3175355450236967
0.05438311688311688 0.3175355450236967
0.054339010543390104 0.3175355450236967
0.05429497568881685 0.3175355450236967
0.05425101214574899 0.3175355450236967
0.054207119741100325 0.3175355450236967
0.054163298302344384 0.3175355450236967
0.05411954765751212 0.3175355450236967
0.05407586763518967 0.3175355450236967
0.05403225806451613 0.3175355450236967
0.053988718775181306 0.3175355450236967
0.05394524959742351 0.3175355450236967
0.053901850362027354 0.3175355450236967
0.053858520900321546 0.3175355450236967
0.05381526104417671 0.3175355450236967
0.05377207062600321 0.3175355450236967
0.053728949478749 0.3175355450236967
0.05368589743589743 0.3175355450236967
0.053642914331465175 0.3175355450236967
0.0536 0.3175355450236967
0.053557154276578735 0.3175355450236967
0.05351437699680511 0.3175355450236967
0.053471667996807665 0.3175355450236967
0.05342902711323764 0.3175355450236967
0.05338645418326693 0.3175355450236967
0.05334394904458599 0.3175355450236967
0.053301511535401754 0.3175355450236967
0.05325914149443561 0.3175355450236967
0.05321683876092136 0.3175355450236967
0.05317460317460317 0.3175355450236967
0.05313243457573354 0.3175355450236967
0.05309033280507131 0.3175355450236967
0.05304829770387965 0.3175355450236967
0.05300632911392405 0.3175355450236967
0.052964426877470355 0.3175355450236967
0.05292259083728278 0.3175355450236967
0.05288082083662194 0.3175355450236967
0.0528391167192429 0.3175355450236967
0.05279747832939322 0.3175355450236967
0.05275590551181102 0.3175355450236967
0.05271439811172305 0.3175355450236967
0.05267295597484277 0.3175355450236967
0.05263157894736842 0.3175355450236967
0.05259026687598116 0.3175355450236967
0.05254901960784314 0.3175355450236967
0.052507836990595615 0.3175355450236967
0.052466718872357085 0.3175355450236967
0.05242566510172144 0.3175355450236967
0.05238467552775606 0.3175355450236967
0.05234375 0.3175355450236967
0.05230288836846214 0.3175355450236967
0.05226209048361934 0.3175355450236967
0.05222135619641465 0.3175355450236967
0.05218068535825545 0.3175355450236967
0.052140077821011675 0.3175355450236967
0.052099533437014 0.3175355450236967
0.052059052059052056 0.3175355450236967
0.05201863354037267 0.3175355450236967
0.051978277734678044 0.3175355450236967
0.05193798449612403 0.3175355450236967
0.052672347017815646 0.3222748815165877
0.053405572755417956 0.32701421800947866
0.054137664346481054 0.33175355450236965
0.05409582689335394 0.33175355450236965
0.054826254826254826 0.33649289099526064
0.05555555555555555 0.3412322274881517
0.05551272166538165 0.3412322274881517
0.05624036979969183 0.3459715639810427
0.056197074672825253 0.3459715639810427
0.05615384615384615 0.3459715639810427
0.056110684089162186 0.3459715639810427
0.05606758832565284 0.3459715639810427
0.056024558710667687 0.3459715639810427
0.05598159509202454 0.3459715639810427
0.055938697318007664 0.3459715639810427
0.055895865237366005 0.3459715639810427
0.0558530986993114 0.3459715639810427
0.05581039755351682 0.3459715639810427
0.05576776165011459 0.3459715639810427
0.055725190839694655 0.3459715639810427
0.05568268497330282 0.3459715639810427
0.055640243902439025 0.3459715639810427
0.055597867479055596 0.3459715639810427
0.05555555555555555 0.3459715639810427
0.05551330798479087 0.3459715639810427
0.05547112462006079 0.3459715639810427
0.0554290053151101 0.3459715639810427
0.05538694992412747 0.3459715639810427
0.05534495830174375 0.3459715639810427
0.055303030303030305 0.3459715639810427
0.05526116578349735 0.3459715639810427
0.05521936459909228 0.3459715639810427
0.05517762660619804 0.3459715639810427
0.05513595166163142 0.3459715639810427
0.05509433962264151 0.3459715639810427
0.05505279034690799 0.3459715639810427
0.055011303692539565 0.3459715639810427
0.054969879518072286 0.3459715639810427
0.05492851768246802 0.3459715639810427
0.05488721804511278 0.3459715639810427
0.054845980465815174 0.3459715639810427
0.054804804804804805 0.3459715639810427
0.05476369092273068 0.3459715639810427
0.05472263868065967 0.3459715639810427
0.05468164794007491 0.3459715639810427
0.05464071856287425 0.3459715639810427
0.054599850411368736 0.3459715639810427
0.05530642750373692 0.35071090047393366
0.05601194921583271 0.35545023696682465
0.056716417910447764 0.36018957345971564
0.05667412378821775 0.36018957345971564
0.05663189269746647 0.36018957345971564
0.05658972449739389 0.36018957345971564
0.05654761904761905 0.36018957345971564
0.05650557620817844 0.36018957345971564
0.05646359583952452 0.36018957345971564
0.05642167780252413 0.36018957345971564
0.05637982195845697 0.36018957345971564
0.056338028169014086 0.36018957345971564
0.056296296296296296 0.36018957345971564
0.056254626202812734 0.36018957345971564
0.05695266272189349 0.36492890995260663
0.056910569105691054 0.36492890995260663
0.0568685376661743 0.36492890995260663
