0.0 0.0
0.0 0.0
0.0 0.0
0.0 0.0
0.0 0.0
0.0 0.0
0.0 0.0
0.125 0.0011890606420927466
0.1111111111111111 0.0011890606420927466
0.2 0.0023781212841854932
0.2727272727272727 0.0035671819262782403
0.25 0.0035671819262782403
0.3076923076923077 0.0047562425683709865
0.35714285714285715 0.005945303210463734
0.3333333333333333 0.005945303210463734
0.3125 0.005945303210463734
0.29411764705882354 0.005945303210463734
0.2777777777777778 0.005945303210463734
0.2631578947368421 0.005945303210463734
0.3 0.007134363852556481
0.2857142857142857 0.007134363852556481
0.2727272727272727 0.007134363852556481
0.2608695652173913 0.007134363852556481
0.25 0.007134363852556481
0.24 0.007134363852556481
0.23076923076923078 0.007134363852556481
0.2222222222222222 0.007134363852556481
0.25 0.008323424494649227
0.27586206896551724 0.009512485136741973
0.3 0.01070154577883472
0.3225806451612903 0.011890606420927468
0.3125 0.011890606420927468
0.30303030303030304 0.011890606420927468
0.29411764705882354 0.011890606420927468
0.2857142857142857 0.011890606420927468
0.2777777777777778 0.011890606420927468
0.2702702702702703 0.011890606420927468
0.2631578947368421 0.011890606420927468
0.2564102564102564 0.011890606420927468
0.25 0.011890606420927468
0.24390243902439024 0.011890606420927468
0.23809523809523808 0.011890606420927468
0.23255813953488372 0.011890606420927468
0.22727272727272727 0.011890606420927468
0.2222222222222222 0.011890606420927468
0.21739130434782608 0.011890606420927468
0.2127659574468085 0.011890606420927468
0.20833333333333334 0.011890606420927468
0.22448979591836735 0.013079667063020214
0.22 0.013079667063020214
0.21568627450980393 0.013079667063020214
0.21153846153846154 0.013079667063020214
0.20754716981132076 0.013079667063020214
0.2037037037037037 0.013079667063020214
0.2 0.013079667063020214
0.19642857142857142 0.013079667063020214
0.21052631578947367 0.014268727705112961
0.20689655172413793 0.014268727705112961
0.2033898305084746 0.014268727705112961
0.2 0.014268727705112961
0.19672131147540983 0.014268727705112961
0.1935483870967742 0.014268727705112961
0.19047619047619047 0.014268727705112961
0.1875 0.014268727705112961
0.18461538461538463 0.014268727705112961
0.18181818181818182 0.014268727705112961
0.1791044776119403 0.014268727705112961
0.17647058823529413 0.014268727705112961
0.17391304347826086 0.014268727705112961
0.17142857142857143 0.014268727705112961
0.16901408450704225 0.014268727705112961
0.16666666666666666 0.014268727705112961
0.1643835616438356 0.014268727705112961
0.16216216216216217 0.014268727705112961
0.16 0.014268727705112961
0.15789473684210525 0.014268727705112961
0.15584415584415584 0.014268727705112961
0.15384615384615385 0.014268727705112961
0.1518987341772152 0.014268727705112961
0.15 0.014268727705112961
0.14814814814814814 0.014268727705112961
0.14634146341463414 0.014268727705112961
0.14457831325301204 0.014268727705112961
0.14285714285714285 0.014268727705112961
0.1411764705882353 0.014268727705112961
0.13953488372093023 0.014268727705112961
0.13793103448275862 0.014268727705112961
0.13636363636363635 0.014268727705112961
0.1348314606741573 0.014268727705112961
0.13333333333333333 0.014268727705112961
0.13186813186813187 0.014268727705112961
0.13043478260869565 0.014268727705112961
0.12903225806451613 0.014268727705112961
0.1276595744680851 0.014268727705112961
0.12631578947368421 0.014268727705112961
0.125 0.014268727705112961
0.12371134020618557 0.014268727705112961
0.12244897959183673 0.014268727705112961
0.12121212121212122 0.014268727705112961
0.12 0.014268727705112961
0.1188118811881188 0.014268727705112961
0.11764705882352941 0.014268727705112961
0.11650485436893204 0.014268727705112961
0.11538461538461539 0.014268727705112961
0.11428571428571428 0.014268727705112961
0.11320754716981132 0.014268727705112961
0.11214953271028037 0.014268727705112961
0.1111111111111111 0.014268727705112961
0.11009174311926606 0.014268727705112961
0.10909090909090909 0.014268727705112961
0.10810810810810811 0.014268727705112961
0.10714285714285714 0.014268727705112961
0.10619469026548672 0.014268727705112961
0.10526315789473684 0.014268727705112961
0.10434782608695652 0.014268727705112961
0.10344827586206896 0.014268727705112961
0.10256410256410256 0.014268727705112961
0.1016949152542373 0.014268727705112961
0.10084033613445378 0.014268727705112961
0.1 0.014268727705112961
0.09917355371900827 0.014268727705112961
0.09836065573770492 0.014268727705112961
0.0975609756097561 0.014268727705112961
0.0967741935483871 0.014268727705112961
0.096 0.014268727705112961
0.09523809523809523 0.014268727705112961
0.09448818897637795 0.014268727705112961
0.09375 0.014268727705112961
0.09302325581395349 0.014268727705112961
0.09230769230769231 0.014268727705112961
0.0916030534351145 0.014268727705112961
0.09090909090909091 0.014268727705112961
0.09022556390977443 0.014268727705112961
0.08955223880597014 0.014268727705112961
0.08888888888888889 0.014268727705112961
0.08823529411764706 0.014268727705112961
0.08759124087591241 0.014268727705112961
0.08695652173913043 0.014268727705112961
0.08633093525179857 0.014268727705112961
0.08571428571428572 0.014268727705112961
0.0851063829787234 0.014268727705112961
0.08450704225352113 0.014268727705112961
0.08391608391608392 0.014268727705112961
0.08333333333333333 0.014268727705112961
0.08275862068965517 0.014268727705112961
0.0821917808219178 0.014268727705112961
0.08163265306122448 0.014268727705112961
0.08108108108108109 0.014268727705112961
0.08053691275167785 0.014268727705112961
0.08 0.014268727705112961
0.07947019867549669 0.014268727705112961
0.07894736842105263 0.014268727705112961
0.0784313725490196 0.014268727705112961
0.07792207792207792 0.014268727705112961
0.07741935483870968 0.014268727705112961
0.07692307692307693 0.014268727705112961
0.08280254777070063 0.015457788347205707
0.08860759493670886 0.016646848989298454
0.0880503144654088 0.016646848989298454
0.0875 0.016646848989298454
0.08695652173913043 0.016646848989298454
0.08641975308641975 0.016646848989298454
0.08588957055214724 0.016646848989298454
0.08536585365853659 0.016646848989298454
0.09090909090909091 0.0178359096313912
0.09036144578313253 0.0178359096313912
0.08982035928143713 0.0178359096313912
0.08928571428571429 0.0178359096313912
0.08875739644970414 0.0178359096313912
0.08823529411764706 0.0178359096313912
0.08771929824561403 0.0178359096313912
0.0872093023255814 0.0178359096313912
0.08670520231213873 0.0178359096313912
0.08620689655172414 0.0178359096313912
0.08571428571428572 0.0178359096313912
0.08522727272727272 0.0178359096313912
0.0847457627118644 0.0178359096313912
0.08426966292134831 0.0178359096313912
0.08379888268156424 0.0178359096313912
0.08333333333333333 0.0178359096313912
0.08287292817679558 0.0178359096313912
0.08241758241758242 0.0178359096313912
0.08743169398907104 0.019024970273483946
0.08695652173913043 0.019024970273483946
0.0918918918918919 0.020214030915576695
0.0913978494623656 0.020214030915576695
0.09090909090909091 0.020214030915576695
0.09042553191489362 0.020214030915576695
0.08994708994708994 0.020214030915576695
0.08947368421052632 0.020214030915576695
0.08900523560209424 0.020214030915576695
0.08854166666666667 0.020214030915576695
0.08808290155440414 0.020214030915576695
0.08762886597938144 0.020214030915576695
0.08717948717948718 0.020214030915576695
0.08673469387755102 0.020214030915576695
0.08629441624365482 0.020214030915576695
0.08585858585858586 0.020214030915576695
0.08542713567839195 0.020214030915576695
0.085 0.020214030915576695
0.0845771144278607 0.020214030915576695
0.08415841584158416 0.020214030915576695
0.08374384236453201 0.020214030915576695
0.08333333333333333 0.020214030915576695
0.08292682926829269 0.020214030915576695
0.0825242718446602 0.020214030915576695
0.0821256038647343 0.020214030915576695
0.08653846153846154 0.02140309155766944
0.0861244019138756 0.02140309155766944
0.08571428571428572 0.02140309155766944
0.09004739336492891 0.022592152199762187
0.08962264150943396 0.022592152199762187
0.0892018779342723 0.022592152199762187
0.08878504672897196 0.022592152199762187
0.08837209302325581 0.022592152199762187
0.08796296296296297 0.022592152199762187
0.08755760368663594 0.022592152199762187
