0.0 0.0
0.0 0.0
0.0 0.0
0.0 0.0
0.0 0.0
0.0 0.0
0.0 0.0
0.0 0.0
0.0 0.0
0.0 0.0
0.0 0.0
0.0 0.0
0.0 0.0
0.0 0.0
0.0 0.0
0.0 0.0
0.0 0.0
0.0 0.0
0.0 0.0
0.0 0.0
0.0 0.0
0.0 0.0
0.0 0.0
0.0 0.0
0.03125 0.0037174721189591076
0.030303030303030304 0.0037174721189591076
0.05714285714285714 0.007434944237918215
0.08108108108108109 0.011152416356877323
0.10256410256410256 0.01486988847583643
0.0975609756097561 0.01486988847583643
0.11627906976744186 0.01858736059479554
0.13333333333333333 0.022304832713754646
0.14893617021276595 0.026022304832713755
0.14583333333333334 0.026022304832713755
0.14285714285714285 0.026022304832713755
0.14 0.026022304832713755
0.13725490196078433 0.026022304832713755
0.1346153846153846 0.026022304832713755
0.1320754716981132 0.026022304832713755
0.12962962962962962 0.026022304832713755
0.12727272727272726 0.026022304832713755
0.125 0.026022304832713755
0.12280701754385964 0.026022304832713755
0.1206896551724138 0.026022304832713755
0.11864406779661017 0.026022304832713755
0.11666666666666667 0.026022304832713755
0.11475409836065574 0.026022304832713755
0.1111111111111111 0.026022304832713755
0.10606060606060606 0.026022304832713755
0.1044776119402985 0.026022304832713755
0.10144927536231885 0.026022304832713755
0.1 0.026022304832713755
0.09722222222222222 0.026022304832713755
0.0945945945945946 0.026022304832713755
0.09333333333333334 0.026022304832713755
0.09210526315789473 0.026022304832713755
0.09090909090909091 0.026022304832713755
0.08974358974358974 0.026022304832713755
0.08860759493670886 0.026022304832713755
0.0875 0.026022304832713755
0.08641975308641975 0.026022304832713755
0.08536585365853659 0.026022304832713755
0.08333333333333333 0.026022304832713755
0.08235294117647059 0.026022304832713755
0.08139534883720931 0.026022304832713755
0.08045977011494253 0.026022304832713755
0.07954545454545454 0.026022304832713755
0.07865168539325842 0.026022304832713755
0.07777777777777778 0.026022304832713755
0.07692307692307693 0.026022304832713755
0.07526881720430108 0.026022304832713755
0.07368421052631578 0.026022304832713755
0.07142857142857142 0.026022304832713755
0.0707070707070707 0.026022304832713755
0.07 0.026022304832713755
0.06862745098039216 0.026022304832713755
0.0673076923076923 0.026022304832713755
0.06666666666666667 0.026022304832713755
0.0660377358490566 0.026022304832713755
0.06481481481481481 0.026022304832713755
0.06363636363636363 0.026022304832713755
0.06306306306306306 0.026022304832713755
0.061946902654867256 0.026022304832713755
0.06140350877192982 0.026022304832713755
0.05982905982905983 0.026022304832713755
0.058823529411764705 0.026022304832713755
0.058333333333333334 0.026022304832713755
0.05785123966942149 0.026022304832713755
0.056910569105691054 0.026022304832713755
0.056451612903225805 0.026022304832713755
0.056 0.026022304832713755
0.05555555555555555 0.026022304832713755
0.0546875 0.026022304832713755
0.05426356589147287 0.026022304832713755
0.05343511450381679 0.026022304832713755
0.05263157894736842 0.026022304832713755
0.05185185185185185 0.026022304832713755
0.051094890510948905 0.026022304832713755
0.050724637681159424 0.026022304832713755
0.050359712230215826 0.026022304832713755
0.05 0.026022304832713755
0.04964539007092199 0.026022304832713755
0.04929577464788732 0.026022304832713755
0.04895104895104895 0.026022304832713755
0.04827586206896552 0.026022304832713755
0.04794520547945205 0.026022304832713755
0.047619047619047616 0.026022304832713755
0.0472972972972973 0.026022304832713755
0.04666666666666667 0.026022304832713755
0.046052631578947366 0.026022304832713755
0.0457516339869281 0.026022304832713755
0.04516129032258064 0.026022304832713755
0.044585987261146494 0.026022304832713755
0.0440251572327044 0.026022304832713755
0.04375 0.026022304832713755
0.043478260869565216 0.026022304832713755
0.043209876543209874 0.026022304832713755
0.042682926829268296 0.026022304832713755
0.04242424242424243 0.026022304832713755
0.04216867469879518 0.026022304832713755
0.041916167664670656 0.026022304832713755
0.041666666666666664 0.026022304832713755
0.04142011834319527 0.026022304832713755
0.041176470588235294 0.026022304832713755
0.040697674418604654 0.026022304832713755
0.040229885057471264 0.026022304832713755
0.03977272727272727 0.026022304832713755
0.03932584269662921 0.026022304832713755
0.03910614525139665 0.026022304832713755
0.03888888888888889 0.026022304832713755
0.03867403314917127 0.026022304832713755
0.038461538461538464 0.026022304832713755
0.03825136612021858 0.026022304832713755
0.03804347826086957 0.026022304832713755
0.03763440860215054 0.026022304832713755
0.03723404255319149 0.026022304832713755
0.037037037037037035 0.026022304832713755
0.03684210526315789 0.026022304832713755
0.036458333333333336 0.026022304832713755
0.03608247422680412 0.026022304832713755
0.035897435897435895 0.026022304832713755
0.03571428571428571 0.026022304832713755
0.03535353535353535 0.026022304832713755
0.035175879396984924 0.026022304832713755
0.03482587064676617 0.026022304832713755
0.034653465346534656 0.026022304832713755
0.03431372549019608 0.026022304832713755
0.03414634146341464 0.026022304832713755
0.033816425120772944 0.026022304832713755
0.03365384615384615 0.026022304832713755
0.03349282296650718 0.026022304832713755
0.03333333333333333 0.026022304832713755
0.0330188679245283 0.026022304832713755
0.03271028037383177 0.026022304832713755
0.03255813953488372 0.026022304832713755
0.032407407407407406 0.026022304832713755
0.03225806451612903 0.026022304832713755
0.03211009174311927 0.026022304832713755
0.0319634703196347 0.026022304832713755
0.03167420814479638 0.026022304832713755
0.03139013452914798 0.026022304832713755
0.03111111111111111 0.026022304832713755
0.030837004405286344 0.026022304832713755
0.03056768558951965 0.026022304832713755
0.030434782608695653 0.026022304832713755
0.03017241379310345 0.026022304832713755
0.030042918454935622 0.026022304832713755
0.029914529914529916 0.026022304832713755
0.029661016949152543 0.026022304832713755
0.029535864978902954 0.026022304832713755
0.029288702928870293 0.026022304832713755
0.029166666666666667 0.026022304832713755
0.029045643153526972 0.026022304832713755
0.028925619834710745 0.026022304832713755
0.02880658436213992 0.026022304832713755
0.028688524590163935 0.026022304832713755
0.02857142857142857 0.026022304832713755
0.028455284552845527 0.026022304832713755
0.02834008097165992 0.026022304832713755
0.028112449799196786 0.026022304832713755
0.028 0.026022304832713755
0.027888446215139442 0.026022304832713755
0.027777777777777776 0.026022304832713755
0.02766798418972332 0.026022304832713755
0.027559055118110236 0.026022304832713755
0.027450980392156862 0.026022304832713755
0.02734375 0.026022304832713755
0.027237354085603113 0.026022304832713755
0.027131782945736434 0.026022304832713755
0.02702702702702703 0.026022304832713755
0.026923076923076925 0.026022304832713755
0.02681992337164751 0.026022304832713755
0.026717557251908396 0.026022304832713755
0.026615969581749048 0.026022304832713755
0.026515151515151516 0.026022304832713755
0.026415094339622643 0.026022304832713755
0.02631578947368421 0.026022304832713755
0.026119402985074626 0.026022304832713755
0.026022304832713755 0.026022304832713755
0.025925925925925925 0.026022304832713755
0.025830258302583026 0.026022304832713755
0.025735294117647058 0.026022304832713755
0.02564102564102564 0.026022304832713755
0.025547445255474453 0.026022304832713755
0.025454545454545455 0.026022304832713755
0.025362318840579712 0.026022304832713755
0.02527075812274368 0.026022304832713755
0.025179856115107913 0.026022304832713755
0.025089605734767026 0.026022304832713755
0.02491103202846975 0.026022304832713755
0.024822695035460994 0.026022304832713755
0.024734982332155476 0.026022304832713755
0.02464788732394366 0.026022304832713755
0.02456140350877193 0.026022304832713755
0.024475524475524476 0.026022304832713755
0.024390243902439025 0.026022304832713755
0.024305555555555556 0.026022304832713755
0.02422145328719723 0.026022304832713755
0.02413793103448276 0.026022304832713755
0.023972602739726026 0.026022304832713755
0.023809523809523808 0.026022304832713755
0.023728813559322035 0.026022304832713755
0.02364864864864865 0.026022304832713755
0.02356902356902357 0.026022304832713755
0.02348993288590604 0.026022304832713755
0.023411371237458192 0.026022304832713755
0.023255813953488372 0.026022304832713755
0.023178807947019868 0.026022304832713755
0.0231023102310231 0.026022304832713755
0.022950819672131147 0.026022304832713755
0.02287581699346405 0.026022304832713755
0.02280130293159609 0.026022304832713755
0.022727272727272728 0.026022304832713755
0.022653721682847898 0.026022304832713755
0.022508038585209004 0.026022304832713755
0.022364217252396165 0.026022304832713755
0.022222222222222223 0.026022304832713755
0.022082018927444796 0.026022304832713755
0.0220125786163522 0.026022304832713755
0.0219435736677116 0.026022304832713755
0.021875 0.026022304832713755
0.021806853582554516 0.026022304832713755
0.021739130434782608 0.026022304832713755
0.021671826625386997 0.026022304832713755
0.021604938271604937 0.026022304832713755
0.021538461538461538 0.026022304832713755
0.021406727828746176 0.026022304832713755
0.021341463414634148 0.026022304832713755
0.02127659574468085 0.026022304832713755
0.021212121212121213 0.026022304832713755
0.021148036253776436 0.026022304832713755
0.02108433734939759 0.026022304832713755
0.021021021021021023 0.026022304832713755
0.020895522388059702 0.026022304832713755
0.020833333333333332 0.026022304832713755
0.020771513353115726 0.026022304832713755
0.020710059171597635 0.026022304832713755
0.02064896755162242 0.026022304832713755
0.020527859237536656 0.026022304832713755
0.02046783625730994 0.026022304832713755
0.02040816326530612 0.026022304832713755
0.020348837209302327 0.026022304832713755
0.020289855072463767 0.026022304832713755
0.020172910662824207 0.026022304832713755
0.02005730659025788 0.026022304832713755
0.02 0.026022304832713755
0.019943019943019943 0.026022304832713755
0.019886363636363636 0.026022304832713755
0.019830028328611898 0.026022304832713755
0.01977401129943503 0.026022304832713755
0.01971830985915493 0.026022304832713755
0.0196078431372549 0.026022304832713755
0.019444444444444445 0.026022304832713755
0.019390581717451522 0.026022304832713755
0.01928374655647383 0.026022304832713755
0.019230769230769232 0.026022304832713755
0.019178082191780823 0.026022304832713755
0.01912568306010929 0.026022304832713755
0.01907356948228883 0.026022304832713755
0.019021739130434784 0.026022304832713755
0.018970189701897018 0.026022304832713755
0.018867924528301886 0.026022304832713755
0.021447721179624665 0.02973977695167286
0.02406417112299465 0.03345724907063197
0.02666666666666667 0.03717472118959108
0.02925531914893617 0.040892193308550186
0.03183023872679045 0.04460966542750929
0.03439153439153439 0.048327137546468404
0.036939313984168866 0.05204460966542751
0.03674540682414698 0.05204460966542751
0.03655352480417755 0.05204460966542751
0.03636363636363636 0.05204460966542751
0.03626943005181347 0.05204460966542751
0.03617571059431524 0.05204460966542751
0.03598971722365039 0.05204460966542751
0.035897435897435895 0.05204460966542751
0.03571428571428571 0.05204460966542751
0.035623409669211195 0.05204460966542751
0.035443037974683546 0.05204460966542751
0.03535353535353535 0.05204460966542751
0.035175879396984924 0.05204460966542751
0.035 0.05204460966542751
0.034912718204488775 0.05204460966542751
0.03482587064676617 0.05204460966542751
0.034653465346534656 0.05204460966542751
0.034482758620689655 0.05204460966542751
0.03431372549019608 0.05204460966542751
0.034229828850855744 0.05204460966542751
0.0340632603406326 0.05204460966542751
0.03389830508474576 0.05204460966542751
0.033734939759036145 0.05204460966542751
0.03365384615384615 0.05204460966542751
0.03357314148681055 0.05204460966542751
0.03341288782816229 0.05204460966542751
0.03333333333333333 0.05204460966542751
0.0332541567695962 0.05204460966542751
0.03317535545023697 0.05204460966542751
0.0330188679245283 0.05204460966542751
0.03294117647058824 0.05204460966542751
0.03278688524590164 0.05204460966542751
0.03263403263403263 0.05204460966542751
0.03255813953488372 0.05204460966542751
0.03248259860788863 0.05204460966542751
0.032407407407407406 0.05204460966542751
0.03233256351039261 0.05204460966542751
0.03225806451612903 0.05204460966542751
0.03218390804597701 0.05204460966542751
0.032036613272311214 0.05204460966542751
0.0319634703196347 0.05204460966542751
0.03189066059225513 0.05204460966542751
0.031818181818181815 0.05204460966542751
0.031746031746031744 0.05204460966542751
0.03167420814479638 0.05204460966542751
0.03153153153153153 0.05204460966542751
0.03146067415730337 0.05204460966542751
0.03139013452914798 0.05204460966542751
0.03125 0.05204460966542751
0.03111111111111111 0.05204460966542751
0.030973451327433628 0.05204460966542751
0.03090507726269316 0.05204460966542751
0.03076923076923077 0.05204460966542751
0.03070175438596491 0.05204460966542751
0.03056768558951965 0.05204460966542751
0.030501089324618737 0.05204460966542751
0.030434782608695653 0.05204460966542751
0.03036876355748373 0.05204460966542751
0.030303030303030304 0.05204460966542751
0.03023758099352052 0.05204460966542751
0.030107526881720432 0.05204460966542751
0.029978586723768737 0.05204460966542751
0.029914529914529916 0.05204460966542751
0.029787234042553193 0.05204460966542751
0.029723991507430998 0.05204460966542751
0.02959830866807611 0.05204460966542751
0.029535864978902954 0.05204460966542751
0.029473684210526315 0.05204460966542751
0.029411764705882353 0.05204460966542751
0.029350104821802937 0.05204460966542751
0.029288702928870293 0.05204460966542751
0.029227557411273485 0.05204460966542751
0.029166666666666667 0.05204460966542751
0.029045643153526972 0.05204460966542751
0.028985507246376812 0.05204460966542751
0.0288659793814433 0.05204460966542751
0.02880658436213992 0.05204460966542751
0.028747433264887063 0.05204460966542751
0.028629856850715747 0.05204460966542751
0.02857142857142857 0.05204460966542751
0.028455284552845527 0.05204460966542751
0.02834008097165992 0.05204460966542751
0.028282828282828285 0.05204460966542751
0.028225806451612902 0.05204460966542751
0.028112449799196786 0.05204460966542751
0.028 0.05204460966542751
0.027888446215139442 0.05204460966542751
0.027833001988071572 0.05204460966542751
0.027777777777777776 0.05204460966542751
0.02766798418972332 0.05204460966542751
0.027613412228796843 0.05204460966542751
0.027559055118110236 0.05204460966542751
0.0275049115913556 0.05204460966542751
0.027450980392156862 0.05204460966542751
0.0273972602739726 0.05204460966542751
0.02734375 0.05204460966542751
0.02729044834307992 0.05204460966542751
0.027237354085603113 0.05204460966542751
0.027184466019417475 0.05204460966542751
0.027131782945736434 0.05204460966542751
0.027079303675048357 0.05204460966542751
0.02697495183044316 0.05204460966542751
0.026923076923076925 0.05204460966542751
0.026871401151631478 0.05204460966542751
0.02681992337164751 0.05204460966542751
0.02676864244741874 0.05204460966542751
0.026717557251908396 0.05204460966542751
0.02666666666666667 0.05204460966542751
0.026565464895635674 0.05204460966542751
0.026515151515151516 0.05204460966542751
0.026465028355387523 0.05204460966542751
0.026415094339622643 0.05204460966542751
0.026365348399246705 0.05204460966542751
0.02631578947368421 0.05204460966542751
0.02626641651031895 0.05204460966542751
0.026217228464419477 0.05204460966542751
0.026168224299065422 0.05204460966542751
0.026119402985074626 0.05204460966542751
0.0260707635009311 0.05204460966542751
0.026022304832713755 0.05204460966542751
0.025974025974025976 0.05204460966542751
0.025925925925925925 0.05204460966542751
0.025878003696857672 0.05204460966542751
0.02578268876611418 0.05204460966542751
0.025735294117647058 0.05204460966542751
0.025688073394495414 0.05204460966542751
0.025594149908592323 0.05204460966542751
0.025547445255474453 0.05204460966542751
0.025454545454545455 0.05204460966542751
0.025408348457350273 0.05204460966542751
0.025362318840579712 0.05204460966542751
0.02531645569620253 0.05204460966542751
0.025225225225225224 0.05204460966542751
0.025179856115107913 0.05204460966542751
0.025134649910233394 0.05204460966542751
0.025089605734767026 0.05204460966542751
0.025 0.05204460966542751
0.024955436720142603 0.05204460966542751
0.02491103202846975 0.05204460966542751
0.02486678507992895 0.05204460966542751
0.024778761061946902 0.05204460966542751
0.024734982332155476 0.05204460966542751
0.024691358024691357 0.05204460966542751
0.02460456942003515 0.05204460966542751
0.02456140350877193 0.05204460966542751
0.024518388791593695 0.05204460966542751
0.02443280977312391 0.05204460966542751
0.024390243902439025 0.05204460966542751
0.02434782608695652 0.05204460966542751
0.024305555555555556 0.05204460966542751
0.024263431542461005 0.05204460966542751
0.024179620034542316 0.05204460966542751
0.024096385542168676 0.05204460966542751
0.024054982817869417 0.05204460966542751
0.023972602739726026 0.05204460966542751
0.023890784982935155 0.05204460966542751
0.023809523809523808 0.05204460966542751
0.023769100169779286 0.05204460966542751
0.023688663282571912 0.05204460966542751
0.02364864864864865 0.05204460966542751
0.02356902356902357 0.05204460966542751
0.023529411764705882 0.05204460966542751
0.023450586264656615 0.05204460966542751
0.023411371237458192 0.05204460966542751
0.023333333333333334 0.05204460966542751
0.023255813953488372 0.05204460966542751
0.02321724709784411 0.05204460966542751
0.023140495867768594 0.05204460966542751
0.0231023102310231 0.05204460966542751
0.023064250411861616 0.05204460966542751
0.023026315789473683 0.05204460966542751
0.022988505747126436 0.05204460966542751
0.022950819672131147 0.05204460966542751
0.022913256955810146 0.05204460966542751
0.02287581699346405 0.05204460966542751
0.022838499184339316 0.05204460966542751
0.022764227642276424 0.05204460966542751
0.022727272727272728 0.05204460966542751
0.022690437601296597 0.05204460966542751
0.022653721682847898 0.05204460966542751
0.02258064516129032 0.05204460966542751
0.022508038585209004 0.05204460966542751
0.02247191011235955 0.05204460966542751
0.0224 0.05204460966542751
0.022328548644338118 0.05204460966542751
0.022292993630573247 0.05204460966542751
0.022257551669316374 0.05204460966542751
0.022222222222222223 0.05204460966542751
0.022187004754358162 0.05204460966542751
0.022116903633491312 0.05204460966542751
0.02204724409448819 0.05204460966542751
0.02197802197802198 0.05204460966542751
0.0219435736677116 0.05204460966542751
0.02190923317683881 0.05204460966542751
0.021875 0.05204460966542751
0.0218408736349454 0.05204460966542751
0.021806853582554516 0.05204460966542751
0.02177293934681182 0.05204460966542751
0.021705426356589147 0.05204460966542751
0.021638330757341576 0.05204460966542751
0.02157164869029276 0.05204460966542751
0.021538461538461538 0.05204460966542751
0.021505376344086023 0.05204460966542751
0.021439509954058193 0.05204460966542751
0.021374045801526718 0.05204460966542751
0.02127659574468085 0.05204460966542751
0.02118003025718608 0.05204460966542751
0.021116138763197588 0.05204460966542751
0.02108433734939759 0.05204460966542751
0.021052631578947368 0.05204460966542751
0.021021021021021023 0.05204460966542751
0.020958083832335328 0.05204460966542751
0.02092675635276532 0.05204460966542751
0.020895522388059702 0.05204460966542751
0.020864381520119227 0.05204460966542751
0.020833333333333332 0.05204460966542751
0.020802377414561663 0.05204460966542751
0.020771513353115726 0.05204460966542751
0.02074074074074074 0.05204460966542751
0.022189349112426034 0.055762081784386616
0.023633677991137372 0.05947955390334572
0.02359882005899705 0.05947955390334572
0.023564064801178203 0.05947955390334572
0.023529411764705882 0.05947955390334572
0.023494860499265784 0.05947955390334572
0.02346041055718475 0.05947955390334572
0.02342606149341142 0.05947955390334572
0.023391812865497075 0.05947955390334572
0.024817518248175182 0.06319702602230483
0.02478134110787172 0.06319702602230483
0.024745269286754003 0.06319702602230483
0.024709302325581394 0.06319702602230483
0.02467343976777939 0.06319702602230483
0.02463768115942029 0.06319702602230483
0.024602026049204053 0.06319702602230483
0.024566473988439308 0.06319702602230483
0.024495677233429394 0.06319702602230483
0.02446043165467626 0.06319702602230483
0.02442528735632184 0.06319702602230483
0.024390243902439025 0.06319702602230483
0.024355300859598854 0.06319702602230483
0.024320457796852647 0.06319702602230483
0.024285714285714285 0.06319702602230483
0.024251069900142655 0.06319702602230483
0.024216524216524215 0.06319702602230483
0.02418207681365576 0.06319702602230483
0.024147727272727272 0.06319702602230483
0.024113475177304965 0.06319702602230483
0.024079320113314446 0.06319702602230483
0.024045261669024046 0.06319702602230483
0.02401129943502825 0.06319702602230483
0.023977433004231313 0.06319702602230483
0.023943661971830985 0.06319702602230483
0.02390998593530239 0.06319702602230483
0.023842917251051893 0.06319702602230483
0.023809523809523808 0.06319702602230483
0.023743016759776536 0.06319702602230483
0.023709902370990237 0.06319702602230483
0.023676880222841225 0.06319702602230483
0.02364394993045897 0.06319702602230483
0.02361111111111111 0.06319702602230483
0.023578363384188627 0.06319702602230483
0.023545706371191136 0.06319702602230483
0.02351313969571231 0.06319702602230483
0.023480662983425413 0.06319702602230483
0.023448275862068966 0.06319702602230483
0.023383768913342505 0.06319702602230483
0.023351648351648352 0.06319702602230483
0.023319615912208505 0.06319702602230483
0.023287671232876714 0.06319702602230483
0.023224043715846996 0.06319702602230483
0.02316076294277929 0.06319702602230483
0.02312925170068027 0.06319702602230483
0.02309782608695652 0.06319702602230483
0.023066485753052916 0.06319702602230483
0.023004059539918808 0.06319702602230483
0.022972972972972974 0.06319702602230483
0.022911051212938006 0.06319702602230483
0.0228494623655914 0.06319702602230483
0.022788203753351208 0.06319702602230483
0.022727272727272728 0.06319702602230483
0.022696929238985315 0.06319702602230483
0.02266666666666667 0.06319702602230483
0.022606382978723406 0.06319702602230483
0.022546419098143235 0.06319702602230483
0.022516556291390728 0.06319702602230483
0.022486772486772486 0.06319702602230483
0.022457067371202115 0.06319702602230483
0.022427440633245383 0.06319702602230483
0.022397891963109356 0.06319702602230483
0.022339027595269383 0.06319702602230483
0.02230971128608924 0.06319702602230483
0.022280471821756225 0.06319702602230483
0.02225130890052356 0.06319702602230483
0.022222222222222223 0.06319702602230483
0.022193211488250653 0.06319702602230483
0.02216427640156454 0.06319702602230483
0.022135416666666668 0.06319702602230483
0.022106631989596878 0.06319702602230483
0.02207792207792208 0.06319702602230483
0.022020725388601035 0.06319702602230483
0.02199223803363519 0.06319702602230483
0.021963824289405683 0.06319702602230483
0.02193548387096774 0.06319702602230483
0.02190721649484536 0.06319702602230483
0.021879021879021878 0.06319702602230483
0.021850899742930592 0.06319702602230483
0.021822849807445442 0.06319702602230483
0.021794871794871794 0.06319702602230483
0.021739130434782608 0.06319702602230483
0.021711366538952746 0.06319702602230483
0.021683673469387755 0.06319702602230483
0.02165605095541401 0.06319702602230483
0.021628498727735368 0.06319702602230483
0.021573604060913704 0.06319702602230483
0.021546261089987327 0.06319702602230483
0.021518987341772152 0.06319702602230483
0.021491782553729456 0.06319702602230483
0.021464646464646464 0.06319702602230483
0.021437578814627996 0.06319702602230483
0.021383647798742137 0.06319702602230483
0.02135678391959799 0.06319702602230483
0.02132998745294856 0.06319702602230483
0.02127659574468085 0.06319702602230483
0.02125 0.06319702602230483
0.02122347066167291 0.06319702602230483
0.02119700748129676 0.06319702602230483
0.021170610211706103 0.06319702602230483
0.021144278606965175 0.06319702602230483
0.02111801242236025 0.06319702602230483
0.02109181141439206 0.06319702602230483
0.021065675340768277 0.06319702602230483
0.02103960396039604 0.06319702602230483
0.021013597033374538 0.06319702602230483
0.020987654320987655 0.06319702602230483
0.02096177558569667 0.06319702602230483
0.020935960591133004 0.06319702602230483
0.020884520884520884 0.06319702602230483
0.020858895705521473 0.06319702602230483
0.020833333333333332 0.06319702602230483
0.0208078335373317 0.06319702602230483
0.02078239608801956 0.06319702602230483
0.020731707317073172 0.06319702602230483
0.020706455542021926 0.06319702602230483
0.02068126520681265 0.06319702602230483
0.020656136087484813 0.06319702602230483
0.02063106796116505 0.06319702602230483
0.020606060606060607 0.06319702602230483
0.020581113801452784 0.06319702602230483
0.020556227327690448 0.06319702602230483
0.020531400966183576 0.06319702602230483
0.020506634499396863 0.06319702602230483
0.020481927710843374 0.06319702602230483
0.020432692307692308 0.06319702602230483
0.02040816326530612 0.06319702602230483
0.02038369304556355 0.06319702602230483
0.02035928143712575 0.06319702602230483
0.02033492822966507 0.06319702602230483
0.02031063321385902 0.06319702602230483
0.02028639618138425 0.06319702602230483
0.02026221692491061 0.06319702602230483
0.02023809523809524 0.06319702602230483
0.020214030915576695 0.06319702602230483
0.020190023752969122 0.06319702602230483
0.020166073546856466 0.06319702602230483
0.02014218009478673 0.06319702602230483
0.020118343195266272 0.06319702602230483
0.02009456264775414 0.06319702602230483
0.020047169811320754 0.06319702602230483
0.020023557126030624 0.06319702602230483
0.02 0.06319702602230483
0.0199764982373678 0.06319702602230483
0.01992966002344666 0.06319702602230483
0.019883040935672516 0.06319702602230483
0.01985981308411215 0.06319702602230483
0.019836639439906652 0.06319702602230483
0.019813519813519812 0.06319702602230483
0.01979045401629802 0.06319702602230483
0.019767441860465116 0.06319702602230483
0.019744483159117306 0.06319702602230483
0.019721577726218097 0.06319702602230483
0.019698725376593278 0.06319702602230483
0.019675925925925927 0.06319702602230483
0.019653179190751446 0.06319702602230483
0.0196078431372549 0.06319702602230483
0.019585253456221197 0.06319702602230483
0.019562715765247412 0.06319702602230483
0.01954022988505747 0.06319702602230483
0.01951779563719862 0.06319702602230483
0.0194954128440367 0.06319702602230483
0.019450800915331808 0.06319702602230483
0.019406392694063926 0.06319702602230483
0.019384264538198404 0.06319702602230483
0.0193621867881549 0.06319702602230483
0.019340159271899887 0.06319702602230483
0.019318181818181818 0.06319702602230483
0.019296254256526674 0.06319702602230483
0.01927437641723356 0.06319702602230483
0.019230769230769232 0.06319702602230483
0.0192090395480226 0.06319702602230483
0.019187358916478554 0.06319702602230483
0.019165727170236752 0.06319702602230483
0.019122609673790775 0.06319702602230483
0.019101123595505618 0.06319702602230483
0.019079685746352413 0.06319702602230483
0.01905829596412556 0.06319702602230483
0.019036954087346025 0.06319702602230483
0.01901565995525727 0.06319702602230483
0.01899441340782123 0.06319702602230483
0.018973214285714284 0.06319702602230483
0.0189520624303233 0.06319702602230483
0.01893095768374165 0.06319702602230483
0.018909899888765295 0.06319702602230483
0.01888888888888889 0.06319702602230483
0.018867924528301886 0.06319702602230483
0.018847006651884702 0.06319702602230483
0.018826135105204873 0.06319702602230483
0.018805309734513276 0.06319702602230483
0.01878453038674033 0.06319702602230483
0.018763796909492272 0.06319702602230483
0.018743109151047408 0.06319702602230483
