1.0 0.006756756756756757
1.0 0.013513513513513514
0.6666666666666666 0.013513513513513514
0.5 0.013513513513513514
0.6 0.02027027027027027
0.5 0.02027027027027027
0.42857142857142855 0.02027027027027027
0.5 0.02702702702702703
0.4444444444444444 0.02702702702702703
0.4 0.02702702702702703
0.36363636363636365 0.02702702702702703
0.3333333333333333 0.02702702702702703
0.3076923076923077 0.02702702702702703
0.2857142857142857 0.02702702702702703
0.3333333333333333 0.033783783783783786
0.375 0.04054054054054054
0.35294117647058826 0.04054054054054054
0.3333333333333333 0.04054054054054054
0.3157894736842105 0.04054054054054054
0.3 0.04054054054054054
0.2857142857142857 0.04054054054054054
0.2727272727272727 0.04054054054054054
0.2608695652173913 0.04054054054054054
0.25 0.04054054054054054
0.24 0.04054054054054054
0.2692307692307692 0.0472972972972973
0.2962962962962963 0.05405405405405406
0.32142857142857145 0.060810810810810814
0.3103448275862069 0.060810810810810814
0.3333333333333333 0.06756756756756757
0.3548387096774194 0.07432432432432433
0.34375 0.07432432432432433
0.3333333333333333 0.07432432432432433
0.3235294117647059 0.07432432432432433
0.3142857142857143 0.07432432432432433
0.3055555555555556 0.07432432432432433
0.2972972972972973 0.07432432432432433
0.2894736842105263 0.07432432432432433
0.28205128205128205 0.07432432432432433
0.3 0.08108108108108109
0.3170731707317073 0.08783783783783784
0.3333333333333333 0.0945945945945946
0.3488372093023256 0.10135135135135136
0.36363636363636365 0.10810810810810811
0.37777777777777777 0.11486486486486487
0.391304347826087 0.12162162162162163
0.3829787234042553 0.12162162162162163
0.375 0.12162162162162163
0.3673469387755102 0.12162162162162163
0.36 0.12162162162162163
0.35294117647058826 0.12162162162162163
0.34615384615384615 0.12162162162162163
0.33962264150943394 0.12162162162162163
0.35185185185185186 0.12837837837837837
0.36363636363636365 0.13513513513513514
