0.0 0.0
0.5 0.007518796992481203
0.6666666666666666 0.015037593984962405
0.75 0.022556390977443608
0.6 0.022556390977443608
0.6666666666666666 0.03007518796992481
0.7142857142857143 0.03759398496240601
0.625 0.03759398496240601
0.5555555555555556 0.03759398496240601
0.6 0.045112781954887216
0.5454545454545454 0.045112781954887216
0.5833333333333334 0.05263157894736842
0.6153846153846154 0.06015037593984962
0.5714285714285714 0.06015037593984962
0.6 0.06766917293233082
0.625 0.07518796992481203
0.6470588235294118 0.08270676691729323
0.6666666666666666 0.09022556390977443
0.6842105263157895 0.09774436090225563
0.7 0.10526315789473684
0.7142857142857143 0.11278195488721804
0.7272727272727273 0.12030075187969924
0.7391304347826086 0.12781954887218044
0.75 0.13533834586466165
0.76 0.14285714285714285
0.7692307692307693 0.15037593984962405
0.7777777777777778 0.15789473684210525
0.7857142857142857 0.16541353383458646
0.7931034482758621 0.17293233082706766
0.8 0.18045112781954886
0.8064516129032258 0.18796992481203006
0.78125 0.18796992481203006
0.7878787878787878 0.19548872180451127
0.7941176470588235 0.20300751879699247
0.8 0.21052631578947367
0.8055555555555556 0.21804511278195488
0.7837837837837838 0.21804511278195488
0.7894736842105263 0.22556390977443608
0.7948717948717948 0.23308270676691728
0.775 0.23308270676691728
0.7804878048780488 0.24060150375939848
0.7857142857142857 0.24812030075187969
0.7674418604651163 0.24812030075187969
0.75 0.24812030075187969
0.7555555555555555 0.2556390977443609
0.7608695652173914 0.2631578947368421
0.7659574468085106 0.2706766917293233
0.75 0.2706766917293233
0.7346938775510204 0.2706766917293233
0.72 0.2706766917293233
0.7058823529411765 0.2706766917293233
0.6923076923076923 0.2706766917293233
0.6792452830188679 0.2706766917293233
0.6666666666666666 0.2706766917293233
0.6545454545454545 0.2706766917293233
0.6428571428571429 0.2706766917293233
0.631578947368421 0.2706766917293233
0.6206896551724138 0.2706766917293233
0.6101694915254238 0.2706766917293233
0.6 0.2706766917293233
0.5901639344262295 0.2706766917293233
0.5806451612903226 0.2706766917293233
0.5714285714285714 0.2706766917293233
0.5625 0.2706766917293233
0.5538461538461539 0.2706766917293233
0.5454545454545454 0.2706766917293233
0.5522388059701493 0.2781954887218045
0.5588235294117647 0.2857142857142857
0.5652173913043478 0.2932330827067669
0.5714285714285714 0.3007518796992481
0.5774647887323944 0.3082706766917293
0.5833333333333334 0.3157894736842105
0.589041095890411 0.3233082706766917
0.5945945945945946 0.3308270676691729
0.5866666666666667 0.3308270676691729
0.5789473684210527 0.3308270676691729
0.5714285714285714 0.3308270676691729
0.5641025641025641 0.3308270676691729
0.5569620253164557 0.3308270676691729
0.55 0.3308270676691729
0.5432098765432098 0.3308270676691729
0.5365853658536586 0.3308270676691729
0.5301204819277109 0.3308270676691729
0.5357142857142857 0.3383458646616541
0.5411764705882353 0.3458646616541353
0.5348837209302325 0.3458646616541353
0.5287356321839081 0.3458646616541353
0.5340909090909091 0.3533834586466165
0.5393258426966292 0.3609022556390977
0.5444444444444444 0.3684210526315789
0.5494505494505495 0.37593984962406013
0.5434782608695652 0.37593984962406013
0.5483870967741935 0.38345864661654133
0.5531914893617021 0.39097744360902253
0.5578947368421052 0.39849624060150374
0.5625 0.40601503759398494
0.5567010309278351 0.40601503759398494
0.5612244897959183 0.41353383458646614
0.5656565656565656 0.42105263157894735
0.56 0.42105263157894735
0.5544554455445545 0.42105263157894735
0.5490196078431373 0.42105263157894735
0.5436893203883495 0.42105263157894735
0.5384615384615384 0.42105263157894735
0.5333333333333333 0.42105263157894735
0.5283018867924528 0.42105263157894735
0.5233644859813084 0.42105263157894735
0.5185185185185185 0.42105263157894735
0.5137614678899083 0.42105263157894735
0.509090909090909 0.42105263157894735
0.5045045045045045 0.42105263157894735
0.5 0.42105263157894735
0.49557522123893805 0.42105263157894735
0.49122807017543857 0.42105263157894735
0.48695652173913045 0.42105263157894735
0.4827586206896552 0.42105263157894735
0.47863247863247865 0.42105263157894735
0.4745762711864407 0.42105263157894735
0.47058823529411764 0.42105263157894735
0.4666666666666667 0.42105263157894735
0.4628099173553719 0.42105263157894735
0.45901639344262296 0.42105263157894735
0.45528455284552843 0.42105263157894735
0.45161290322580644 0.42105263157894735
0.448 0.42105263157894735
0.4444444444444444 0.42105263157894735
0.4409448818897638 0.42105263157894735
0.4375 0.42105263157894735
0.4418604651162791 0.42857142857142855
0.4461538461538462 0.43609022556390975
0.45038167938931295 0.44360902255639095
0.44696969696969696 0.44360902255639095
0.45112781954887216 0.45112781954887216
0.44776119402985076 0.45112781954887216
0.4444444444444444 0.45112781954887216
0.4411764705882353 0.45112781954887216
0.43795620437956206 0.45112781954887216
0.43478260869565216 0.45112781954887216
0.4316546762589928 0.45112781954887216
0.42857142857142855 0.45112781954887216
0.425531914893617 0.45112781954887216
0.4225352112676056 0.45112781954887216
0.42657342657342656 0.45864661654135336
0.4305555555555556 0.46616541353383456
0.43448275862068964 0.47368421052631576
0.4383561643835616 0.48120300751879697
0.43537414965986393 0.48120300751879697
0.43243243243243246 0.48120300751879697
0.42953020134228187 0.48120300751879697
0.4266666666666667 0.48120300751879697
0.423841059602649 0.48120300751879697
0.42105263157894735 0.48120300751879697
0.41830065359477125 0.48120300751879697
0.4155844155844156 0.48120300751879697
0.4129032258064516 0.48120300751879697
0.41025641025641024 0.48120300751879697
0.40764331210191085 0.48120300751879697
0.4050632911392405 0.48120300751879697
0.4025157232704403 0.48120300751879697
0.4 0.48120300751879697
0.39751552795031053 0.48120300751879697
0.3950617283950617 0.48120300751879697
0.3987730061349693 0.48872180451127817
0.39634146341463417 0.48872180451127817
0.4 0.49624060150375937
0.4036144578313253 0.5037593984962406
0.40718562874251496 0.5112781954887218
0.4107142857142857 0.518796992481203
0.40828402366863903 0.518796992481203
0.40588235294117647 0.518796992481203
0.40350877192982454 0.518796992481203
0.4011627906976744 0.518796992481203
0.3988439306358382 0.518796992481203
0.39655172413793105 0.518796992481203
0.3942857142857143 0.518796992481203
0.39204545454545453 0.518796992481203
0.3898305084745763 0.518796992481203
0.38764044943820225 0.518796992481203
0.3854748603351955 0.518796992481203
0.38333333333333336 0.518796992481203
0.3812154696132597 0.518796992481203
0.3791208791208791 0.518796992481203
0.3770491803278688 0.518796992481203
0.375 0.518796992481203
0.372972972972973 0.518796992481203
0.3709677419354839 0.518796992481203
0.3689839572192513 0.518796992481203
0.3670212765957447 0.518796992481203
0.36507936507936506 0.518796992481203
0.3631578947368421 0.518796992481203
0.3612565445026178 0.518796992481203
0.3645833333333333 0.5263157894736842
0.36787564766839376 0.5338345864661654
0.3711340206185567 0.5413533834586466
0.36923076923076925 0.5413533834586466
0.3673469387755102 0.5413533834586466
0.36548223350253806 0.5413533834586466
0.36363636363636365 0.5413533834586466
0.36180904522613067 0.5413533834586466
0.36 0.5413533834586466
0.3582089552238806 0.5413533834586466
0.3564356435643564 0.5413533834586466
0.35467980295566504 0.5413533834586466
0.35294117647058826 0.5413533834586466
0.35121951219512193 0.5413533834586466
0.34951456310679613 0.5413533834586466
0.34782608695652173 0.5413533834586466
0.34615384615384615 0.5413533834586466
0.3444976076555024 0.5413533834586466
0.34285714285714286 0.5413533834586466
0.3412322274881517 0.5413533834586466
0.33962264150943394 0.5413533834586466
0.3380281690140845 0.5413533834586466
0.3364485981308411 0.5413533834586466
0.33488372093023255 0.5413533834586466
0.3333333333333333 0.5413533834586466
0.3317972350230415 0.5413533834586466
0.3302752293577982 0.5413533834586466
0.3287671232876712 0.5413533834586466
0.32727272727272727 0.5413533834586466
0.3257918552036199 0.5413533834586466
0.32432432432432434 0.5413533834586466
0.32286995515695066 0.5413533834586466
0.32142857142857145 0.5413533834586466
0.32 0.5413533834586466
0.3185840707964602 0.5413533834586466
0.31718061674008813 0.5413533834586466
0.3157894736842105 0.5413533834586466
0.314410480349345 0.5413533834586466
0.3130434782608696 0.5413533834586466
0.3116883116883117 0.5413533834586466
0.3103448275862069 0.5413533834586466
0.3133047210300429 0.5488721804511278
0.31196581196581197 0.5488721804511278
0.3148936170212766 0.556390977443609
0.3177966101694915 0.5639097744360902
0.3206751054852321 0.5714285714285714
0.31932773109243695 0.5714285714285714
0.3179916317991632 0.5714285714285714
0.31666666666666665 0.5714285714285714
0.3153526970954357 0.5714285714285714
0.3140495867768595 0.5714285714285714
0.31275720164609055 0.5714285714285714
0.3114754098360656 0.5714285714285714
0.31020408163265306 0.5714285714285714
0.3089430894308943 0.5714285714285714
0.3076923076923077 0.5714285714285714
0.3064516129032258 0.5714285714285714
0.30522088353413657 0.5714285714285714
0.304 0.5714285714285714
0.30278884462151395 0.5714285714285714
0.30158730158730157 0.5714285714285714
0.30039525691699603 0.5714285714285714
0.2992125984251969 0.5714285714285714
0.2980392156862745 0.5714285714285714
0.296875 0.5714285714285714
0.29571984435797666 0.5714285714285714
0.29457364341085274 0.5714285714285714
0.29343629343629346 0.5714285714285714
0.2923076923076923 0.5714285714285714
0.29118773946360155 0.5714285714285714
0.2900763358778626 0.5714285714285714
0.2889733840304182 0.5714285714285714
0.2878787878787879 0.5714285714285714
0.28679245283018867 0.5714285714285714
0.2857142857142857 0.5714285714285714
0.2846441947565543 0.5714285714285714
0.2835820895522388 0.5714285714285714
0.2825278810408922 0.5714285714285714
0.2814814814814815 0.5714285714285714
0.28044280442804426 0.5714285714285714
0.27941176470588236 0.5714285714285714
0.2783882783882784 0.5714285714285714
0.2773722627737226 0.5714285714285714
0.27636363636363637 0.5714285714285714
0.2753623188405797 0.5714285714285714
0.2743682310469314 0.5714285714285714
0.2733812949640288 0.5714285714285714
0.2724014336917563 0.5714285714285714
0.2714285714285714 0.5714285714285714
0.2704626334519573 0.5714285714285714
0.2695035460992908 0.5714285714285714
0.26855123674911663 0.5714285714285714
0.2676056338028169 0.5714285714285714
0.26666666666666666 0.5714285714285714
0.26573426573426573 0.5714285714285714
0.26480836236933797 0.5714285714285714
0.2638888888888889 0.5714285714285714
0.2629757785467128 0.5714285714285714
0.2620689655172414 0.5714285714285714
0.2611683848797251 0.5714285714285714
0.2602739726027397 0.5714285714285714
0.2593856655290102 0.5714285714285714
0.2585034013605442 0.5714285714285714
0.2576271186440678 0.5714285714285714
0.25675675675675674 0.5714285714285714
0.2558922558922559 0.5714285714285714
0.2550335570469799 0.5714285714285714
0.25418060200668896 0.5714285714285714
0.25333333333333335 0.5714285714285714
0.25249169435215946 0.5714285714285714
0.25165562913907286 0.5714285714285714
0.2508250825082508 0.5714285714285714
0.25 0.5714285714285714
0.24918032786885247 0.5714285714285714
0.24836601307189543 0.5714285714285714
0.247557003257329 0.5714285714285714
0.24675324675324675 0.5714285714285714
0.2459546925566343 0.5714285714285714
0.24516129032258063 0.5714285714285714
0.24437299035369775 0.5714285714285714
0.24358974358974358 0.5714285714285714
0.24281150159744408 0.5714285714285714
0.24203821656050956 0.5714285714285714
0.24126984126984127 0.5714285714285714
0.24050632911392406 0.5714285714285714
0.23974763406940064 0.5714285714285714
0.2389937106918239 0.5714285714285714
0.23824451410658307 0.5714285714285714
0.2375 0.5714285714285714
0.2367601246105919 0.5714285714285714
0.2360248447204969 0.5714285714285714
0.23529411764705882 0.5714285714285714
0.2345679012345679 0.5714285714285714
0.23384615384615384 0.5714285714285714
0.2331288343558282 0.5714285714285714
0.2324159021406728 0.5714285714285714
0.23170731707317074 0.5714285714285714
0.23100303951367782 0.5714285714285714
0.23030303030303031 0.5714285714285714
0.229607250755287 0.5714285714285714
0.2289156626506024 0.5714285714285714
0.22822822822822822 0.5714285714285714
0.2275449101796407 0.5714285714285714
0.22686567164179106 0.5714285714285714
0.2261904761904762 0.5714285714285714
0.22551928783382788 0.5714285714285714
0.22485207100591717 0.5714285714285714
0.22418879056047197 0.5714285714285714
0.2235294117647059 0.5714285714285714
0.22287390029325513 0.5714285714285714
0.2222222222222222 0.5714285714285714
0.22157434402332363 0.5714285714285714
0.22093023255813954 0.5714285714285714
0.22028985507246376 0.5714285714285714
0.21965317919075145 0.5714285714285714
0.21902017291066284 0.5714285714285714
0.21839080459770116 0.5714285714285714
0.2177650429799427 0.5714285714285714
0.21714285714285714 0.5714285714285714
0.21652421652421652 0.5714285714285714
0.2159090909090909 0.5714285714285714
0.21529745042492918 0.5714285714285714
0.21468926553672316 0.5714285714285714
0.2140845070422535 0.5714285714285714
0.21348314606741572 0.5714285714285714
0.21288515406162464 0.5714285714285714
0.2122905027932961 0.5714285714285714
0.2116991643454039 0.5714285714285714
0.2111111111111111 0.5714285714285714
0.21052631578947367 0.5714285714285714
0.20994475138121546 0.5714285714285714
0.209366391184573 0.5714285714285714
0.2087912087912088 0.5714285714285714
0.20821917808219179 0.5714285714285714
0.20765027322404372 0.5714285714285714
0.20708446866485014 0.5714285714285714
0.20652173913043478 0.5714285714285714
0.20596205962059622 0.5714285714285714
0.20540540540540542 0.5714285714285714
0.20485175202156333 0.5714285714285714
0.20430107526881722 0.5714285714285714
0.2037533512064343 0.5714285714285714
0.20320855614973263 0.5714285714285714
0.20266666666666666 0.5714285714285714
0.20212765957446807 0.5714285714285714
0.20159151193633953 0.5714285714285714
0.20105820105820105 0.5714285714285714
0.20052770448548812 0.5714285714285714
0.2 0.5714285714285714
0.1994750656167979 0.5714285714285714
0.19895287958115182 0.5714285714285714
0.19843342036553524 0.5714285714285714
0.19791666666666666 0.5714285714285714
0.1974025974025974 0.5714285714285714
0.19689119170984457 0.5714285714285714
0.19638242894056848 0.5714285714285714
0.1958762886597938 0.5714285714285714
0.1953727506426735 0.5714285714285714
0.19487179487179487 0.5714285714285714
0.19437340153452684 0.5714285714285714
0.19387755102040816 0.5714285714285714
0.19338422391857507 0.5714285714285714
0.19289340101522842 0.5714285714285714
0.19240506329113924 0.5714285714285714
0.1919191919191919 0.5714285714285714
0.19143576826196473 0.5714285714285714
0.19095477386934673 0.5714285714285714
0.19047619047619047 0.5714285714285714
0.19 0.5714285714285714
0.18952618453865336 0.5714285714285714
0.1890547263681592 0.5714285714285714
0.18858560794044665 0.5714285714285714
0.18811881188118812 0.5714285714285714
0.18765432098765433 0.5714285714285714
0.18719211822660098 0.5714285714285714
0.18673218673218672 0.5714285714285714
0.18627450980392157 0.5714285714285714
0.18581907090464547 0.5714285714285714
0.18536585365853658 0.5714285714285714
0.18491484184914841 0.5714285714285714
0.18446601941747573 0.5714285714285714
0.18401937046004843 0.5714285714285714
0.18357487922705315 0.5714285714285714
0.18313253012048192 0.5714285714285714
0.18269230769230768 0.5714285714285714
0.18225419664268586 0.5714285714285714
0.18181818181818182 0.5714285714285714
0.18138424821002386 0.5714285714285714
0.18095238095238095 0.5714285714285714
0.18052256532066507 0.5714285714285714
0.18009478672985782 0.5714285714285714
0.17966903073286053 0.5714285714285714
0.1792452830188679 0.5714285714285714
0.17882352941176471 0.5714285714285714
0.1784037558685446 0.5714285714285714
0.17798594847775176 0.5714285714285714
0.17757009345794392 0.5714285714285714
0.17715617715617715 0.5714285714285714
0.17674418604651163 0.5714285714285714
0.17633410672853828 0.5714285714285714
0.17592592592592593 0.5714285714285714
0.17551963048498845 0.5714285714285714
0.17511520737327188 0.5714285714285714
0.17471264367816092 0.5714285714285714
0.1743119266055046 0.5714285714285714
0.17391304347826086 0.5714285714285714
0.1735159817351598 0.5714285714285714
0.17312072892938496 0.5714285714285714
0.17272727272727273 0.5714285714285714
0.17233560090702948 0.5714285714285714
0.17194570135746606 0.5714285714285714
0.17155756207674944 0.5714285714285714
0.17117117117117117 0.5714285714285714
0.1707865168539326 0.5714285714285714
0.17040358744394618 0.5714285714285714
0.17002237136465326 0.5714285714285714
0.16964285714285715 0.5714285714285714
0.16926503340757237 0.5714285714285714
0.1688888888888889 0.5714285714285714
0.16851441241685144 0.5714285714285714
0.168141592920354 0.5714285714285714
0.16777041942604856 0.5714285714285714
0.16740088105726872 0.5714285714285714
0.16703296703296702 0.5714285714285714
0.16666666666666666 0.5714285714285714
0.16630196936542668 0.5714285714285714
0.16593886462882096 0.5714285714285714
0.1655773420479303 0.5714285714285714
0.16521739130434782 0.5714285714285714
0.1648590021691974 0.5714285714285714
0.1645021645021645 0.5714285714285714
0.16414686825053995 0.5714285714285714
0.16379310344827586 0.5714285714285714
0.16344086021505377 0.5714285714285714
0.1630901287553648 0.5714285714285714
0.16274089935760172 0.5714285714285714
0.1623931623931624 0.5714285714285714
0.16204690831556504 0.5714285714285714
0.16170212765957448 0.5714285714285714
0.1613588110403397 0.5714285714285714
0.16101694915254236 0.5714285714285714
0.160676532769556 0.5714285714285714
0.16033755274261605 0.5714285714285714
0.16 0.5714285714285714
0.15966386554621848 0.5714285714285714
0.15932914046121593 0.5714285714285714
0.1589958158995816 0.5714285714285714
0.15866388308977036 0.5714285714285714
0.15833333333333333 0.5714285714285714
0.158004158004158 0.5714285714285714
0.15767634854771784 0.5714285714285714
0.15734989648033126 0.5714285714285714
0.15702479338842976 0.5714285714285714
0.15670103092783505 0.5714285714285714
0.15637860082304528 0.5714285714285714
0.15605749486652978 0.5714285714285714
0.1557377049180328 0.5714285714285714
0.1554192229038855 0.5714285714285714
0.15510204081632653 0.5714285714285714
0.15478615071283094 0.5714285714285714
0.15447154471544716 0.5714285714285714
0.15415821501014199 0.5714285714285714
0.15384615384615385 0.5714285714285714
0.15353535353535352 0.5714285714285714
0.1532258064516129 0.5714285714285714
0.1529175050301811 0.5714285714285714
0.15261044176706828 0.5714285714285714
0.1523046092184369 0.5714285714285714
0.152 0.5714285714285714
0.15169660678642716 0.5714285714285714
0.15139442231075698 0.5714285714285714
0.15109343936381708 0.5714285714285714
0.15079365079365079 0.5714285714285714
0.1504950495049505 0.5714285714285714
0.15019762845849802 0.5714285714285714
0.14990138067061143 0.5714285714285714
0.14960629921259844 0.5714285714285714
0.14931237721021612 0.5714285714285714
0.14901960784313725 0.5714285714285714
0.1487279843444227 0.5714285714285714
0.1484375 0.5714285714285714
0.14814814814814814 0.5714285714285714
0.14785992217898833 0.5714285714285714
0.14757281553398058 0.5714285714285714
0.14728682170542637 0.5714285714285714
0.1470019342359768 0.5714285714285714
0.14671814671814673 0.5714285714285714
0.1464354527938343 0.5714285714285714
0.14615384615384616 0.5714285714285714
0.14587332053742802 0.5714285714285714
0.14559386973180077 0.5714285714285714
0.14531548757170173 0.5714285714285714
0.1450381679389313 0.5714285714285714
0.14476190476190476 0.5714285714285714
0.1444866920152091 0.5714285714285714
0.1442125237191651 0.5714285714285714
0.14393939393939395 0.5714285714285714
0.14366729678638943 0.5714285714285714
0.14339622641509434 0.5714285714285714
0.1431261770244821 0.5714285714285714
0.14285714285714285 0.5714285714285714
0.1425891181988743 0.5714285714285714
0.14232209737827714 0.5714285714285714
0.14205607476635515 0.5714285714285714
0.1417910447761194 0.5714285714285714
0.14152700186219738 0.5714285714285714
0.1412639405204461 0.5714285714285714
0.14100185528756956 0.5714285714285714
0.14074074074074075 0.5714285714285714
0.14048059149722736 0.5714285714285714
0.14022140221402213 0.5714285714285714
0.13996316758747698 0.5714285714285714
0.13970588235294118 0.5714285714285714
0.13944954128440368 0.5714285714285714
0.1391941391941392 0.5714285714285714
0.13893967093235832 0.5714285714285714
0.1386861313868613 0.5714285714285714
0.1384335154826958 0.5714285714285714
0.13818181818181818 0.5714285714285714
0.13793103448275862 0.5714285714285714
0.13768115942028986 0.5714285714285714
0.13743218806509946 0.5714285714285714
0.1371841155234657 0.5714285714285714
0.13693693693693693 0.5714285714285714
0.1366906474820144 0.5714285714285714
0.13644524236983843 0.5714285714285714
0.13620071684587814 0.5714285714285714
0.13595706618962433 0.5714285714285714
0.1357142857142857 0.5714285714285714
0.1354723707664884 0.5714285714285714
0.13523131672597866 0.5714285714285714
0.1349911190053286 0.5714285714285714
0.1347517730496454 0.5714285714285714
0.13451327433628318 0.5714285714285714
0.13427561837455831 0.5714285714285714
0.13403880070546736 0.5714285714285714
0.13380281690140844 0.5714285714285714
0.1335676625659051 0.5714285714285714
0.13333333333333333 0.5714285714285714
0.1330998248686515 0.5714285714285714
0.13286713286713286 0.5714285714285714
0.13263525305410123 0.5714285714285714
0.13240418118466898 0.5714285714285714
0.13217391304347825 0.5714285714285714
0.13194444444444445 0.5714285714285714
0.1317157712305026 0.5714285714285714
0.1314878892733564 0.5714285714285714
0.13126079447322972 0.5714285714285714
0.13275862068965516 0.5789473684210527
0.1342512908777969 0.5864661654135338
0.13402061855670103 0.5864661654135338
0.13550600343053174 0.5939849624060151
0.13527397260273974 0.5939849624060151
0.13504273504273503 0.5939849624060151
0.1348122866894198 0.5939849624060151
0.13458262350936967 0.5939849624060151
0.13435374149659865 0.5939849624060151
0.13412563667232597 0.5939849624060151
0.13389830508474576 0.5939849624060151
0.13367174280879865 0.5939849624060151
0.13344594594594594 0.5939849624060151
0.13322091062394603 0.5939849624060151
0.132996632996633 0.5939849624060151
0.13277310924369748 0.5939849624060151
0.1325503355704698 0.5939849624060151
0.1323283082077052 0.5939849624060151
0.13210702341137123 0.5939849624060151
0.1318864774624374 0.5939849624060151
0.13166666666666665 0.5939849624060151
0.1314475873544093 0.5939849624060151
0.13122923588039867 0.5939849624060151
0.1310116086235489 0.5939849624060151
0.13079470198675497 0.5939849624060151
0.1305785123966942 0.5939849624060151
0.13036303630363036 0.5939849624060151
0.1301482701812191 0.5939849624060151
0.1299342105263158 0.5939849624060151
0.1297208538587849 0.5939849624060151
0.12950819672131147 0.5939849624060151
0.12929623567921442 0.5939849624060151
0.12908496732026145 0.5939849624060151
0.12887438825448613 0.5939849624060151
0.12866449511400652 0.5939849624060151
0.12845528455284552 0.5939849624060151
0.12824675324675325 0.5939849624060151
0.1280388978930308 0.5939849624060151
0.127831715210356 0.5939849624060151
0.12762520193861066 0.5939849624060151
0.12741935483870967 0.5939849624060151
0.12721417069243157 0.5939849624060151
0.1270096463022508 0.5939849624060151
0.12680577849117175 0.5939849624060151
0.1266025641025641 0.5939849624060151
0.1264 0.5939849624060151
0.12619808306709265 0.5939849624060151
0.12599681020733652 0.5939849624060151
0.12579617834394904 0.5939849624060151
0.12559618441971382 0.5939849624060151
0.1253968253968254 0.5939849624060151
0.12519809825673534 0.5939849624060151
0.125 0.5939849624060151
0.12480252764612954 0.5939849624060151
0.12460567823343849 0.5939849624060151
0.12440944881889764 0.5939849624060151
0.12421383647798742 0.5939849624060151
0.12401883830455258 0.5939849624060151
0.1238244514106583 0.5939849624060151
0.12363067292644757 0.5939849624060151
0.1234375 0.5939849624060151
0.12324492979719189 0.5939849624060151
0.12305295950155763 0.5939849624060151
0.12286158631415241 0.5939849624060151
0.12267080745341614 0.5939849624060151
0.12248062015503876 0.5939849624060151
0.12229102167182662 0.5939849624060151
0.12210200927357033 0.5939849624060151
0.12345679012345678 0.6015037593984962
0.12480739599383667 0.6090225563909775
0.12461538461538461 0.6090225563909775
0.1259600614439324 0.6165413533834586
0.12576687116564417 0.6165413533834586
0.12557427258805512 0.6165413533834586
0.12538226299694188 0.6165413533834586
0.1251908396946565 0.6165413533834586
0.125 0.6165413533834586
0.1248097412480974 0.6165413533834586
0.12462006079027356 0.6165413533834586
0.1244309559939302 0.6165413533834586
0.12424242424242424 0.6165413533834586
0.12405446293494705 0.6165413533834586
0.12386706948640483 0.6165413533834586
0.12368024132730016 0.6165413533834586
0.12349397590361445 0.6165413533834586
0.12330827067669173 0.6165413533834586
0.12312312312312312 0.6165413533834586
0.12293853073463268 0.6165413533834586
0.12275449101796407 0.6165413533834586
0.12257100149476831 0.6165413533834586
0.12238805970149254 0.6165413533834586
0.12220566318926974 0.6165413533834586
0.12202380952380952 0.6165413533834586
0.12184249628528974 0.6165413533834586
0.12166172106824925 0.6165413533834586
0.12148148148148148 0.6165413533834586
0.12130177514792899 0.6165413533834586
0.12112259970457903 0.6165413533834586
0.12094395280235988 0.6165413533834586
0.12076583210603829 0.6165413533834586
0.12058823529411765 0.6165413533834586
0.12041116005873716 0.6165413533834586
0.12023460410557185 0.6165413533834586
0.12005856515373353 0.6165413533834586
0.11988304093567251 0.6165413533834586
0.11970802919708029 0.6165413533834586
0.119533527696793 0.6165413533834586
0.12081513828238719 0.6240601503759399
0.12209302325581395 0.631578947368421
0.12336719883889695 0.6390977443609023
0.12318840579710146 0.6390977443609023
0.12301013024602026 0.6390977443609023
0.12283236994219653 0.6390977443609023
0.12265512265512266 0.6390977443609023
0.12247838616714697 0.6390977443609023
0.1223021582733813 0.6390977443609023
0.1221264367816092 0.6390977443609023
0.12195121951219512 0.6390977443609023
0.12177650429799428 0.6390977443609023
0.12160228898426323 0.6390977443609023
0.12142857142857143 0.6390977443609023
0.12125534950071326 0.6390977443609023
0.12108262108262108 0.6390977443609023
0.12091038406827881 0.6390977443609023
0.12073863636363637 0.6390977443609023
0.12056737588652482 0.6390977443609023
0.12039660056657224 0.6390977443609023
0.12022630834512023 0.6390977443609023
0.12005649717514125 0.6390977443609023
0.11988716502115655 0.6390977443609023
0.11971830985915492 0.6390977443609023
0.11954992967651196 0.6390977443609023
0.11938202247191011 0.6390977443609023
0.11921458625525946 0.6390977443609023
0.11904761904761904 0.6390977443609023
0.11888111888111888 0.6390977443609023
0.11871508379888268 0.6390977443609023
0.11854951185495119 0.6390977443609023
0.11838440111420613 0.6390977443609023
0.11821974965229486 0.6390977443609023
0.11805555555555555 0.6390977443609023
0.11789181692094314 0.6390977443609023
0.11772853185595568 0.6390977443609023
0.11756569847856155 0.6390977443609023
0.11740331491712708 0.6390977443609023
0.11724137931034483 0.6390977443609023
0.11707988980716254 0.6390977443609023
0.11691884456671252 0.6390977443609023
0.11675824175824176 0.6390977443609023
0.11659807956104253 0.6390977443609023
0.11643835616438356 0.6390977443609023
0.11627906976744186 0.6390977443609023
0.11612021857923498 0.6390977443609023
0.11596180081855388 0.6390977443609023
0.11580381471389646 0.6390977443609023
0.11564625850340136 0.6390977443609023
0.11548913043478261 0.6390977443609023
0.11533242876526459 0.6390977443609023
0.11517615176151762 0.6390977443609023
0.11502029769959404 0.6390977443609023
0.11486486486486487 0.6390977443609023
0.11470985155195682 0.6390977443609023
0.11455525606469003 0.6390977443609023
0.11440107671601615 0.6390977443609023
0.11424731182795698 0.6390977443609023
0.11409395973154363 0.6390977443609023
0.11394101876675604 0.6390977443609023
0.11378848728246319 0.6390977443609023
0.11363636363636363 0.6390977443609023
0.11348464619492657 0.6390977443609023
0.11333333333333333 0.6390977443609023
0.11318242343541944 0.6390977443609023
0.11303191489361702 0.6390977443609023
0.11288180610889774 0.6390977443609023
0.11273209549071618 0.6390977443609023
0.11258278145695365 0.6390977443609023
0.11243386243386243 0.6390977443609023
0.11228533685601057 0.6390977443609023
0.11213720316622691 0.6390977443609023
0.11198945981554677 0.6390977443609023
0.1118421052631579 0.6390977443609023
0.1116951379763469 0.6390977443609023
0.1115485564304462 0.6390977443609023
0.11140235910878113 0.6390977443609023
0.11125654450261781 0.6390977443609023
0.1111111111111111 0.6390977443609023
0.11096605744125326 0.6390977443609023
0.11082138200782268 0.6390977443609023
0.11067708333333333 0.6390977443609023
0.11053315994798439 0.6390977443609023
0.11038961038961038 0.6390977443609023
0.11024643320363164 0.6390977443609023
0.11010362694300518 0.6390977443609023
0.10996119016817593 0.6390977443609023
0.10981912144702842 0.6390977443609023
0.10967741935483871 0.6390977443609023
0.1095360824742268 0.6390977443609023
0.1093951093951094 0.6390977443609023
0.10925449871465295 0.6390977443609023
0.10911424903722722 0.6390977443609023
0.10897435897435898 0.6390977443609023
0.1088348271446863 0.6390977443609023
0.10869565217391304 0.6390977443609023
0.10855683269476372 0.6390977443609023
0.10841836734693877 0.6390977443609023
0.10828025477707007 0.6390977443609023
0.10814249363867684 0.6390977443609023
0.10800508259212198 0.6390977443609023
0.10786802030456853 0.6390977443609023
0.10773130544993663 0.6390977443609023
0.10759493670886076 0.6390977443609023
0.10745891276864729 0.6390977443609023
0.10732323232323232 0.6390977443609023
0.10718789407313997 0.6390977443609023
0.1070528967254408 0.6390977443609023
0.1069182389937107 0.6390977443609023
0.10678391959798995 0.6390977443609023
0.10664993726474278 0.6390977443609023
0.10651629072681704 0.6390977443609023
0.10638297872340426 0.6390977443609023
0.10625 0.6390977443609023
0.10611735330836454 0.6390977443609023
0.1059850374064838 0.6390977443609023
0.10585305105853052 0.6390977443609023
0.10572139303482588 0.6390977443609023
0.10559006211180125 0.6390977443609023
0.1054590570719603 0.6390977443609023
0.10532837670384139 0.6390977443609023
0.1051980198019802 0.6390977443609023
0.10506798516687268 0.6390977443609023
0.10493827160493827 0.6390977443609023
0.10480887792848335 0.6390977443609023
0.10467980295566502 0.6390977443609023
0.1045510455104551 0.6390977443609023
0.10442260442260443 0.6390977443609023
0.10429447852760736 0.6390977443609023
0.10416666666666667 0.6390977443609023
0.10403916768665851 0.6390977443609023
0.1039119804400978 0.6390977443609023
0.10378510378510379 0.6390977443609023
0.10365853658536585 0.6390977443609023
0.10353227771010962 0.6390977443609023
0.10340632603406326 0.6390977443609023
0.10328068043742406 0.6390977443609023
0.10315533980582524 0.6390977443609023
0.10303030303030303 0.6390977443609023
0.10290556900726393 0.6390977443609023
0.10278113663845223 0.6390977443609023
0.10265700483091787 0.6390977443609023
0.10253317249698432 0.6390977443609023
0.10240963855421686 0.6390977443609023
0.1022864019253911 0.6390977443609023
0.10216346153846154 0.6390977443609023
0.10204081632653061 0.6390977443609023
0.10191846522781775 0.6390977443609023
0.10179640718562874 0.6390977443609023
0.10167464114832536 0.6390977443609023
0.1015531660692951 0.6390977443609023
0.10143198090692124 0.6390977443609023
0.10131108462455304 0.6390977443609023
0.10119047619047619 0.6390977443609023
0.10107015457788347 0.6390977443609023
0.10095011876484561 0.6390977443609023
0.10083036773428232 0.6390977443609023
0.10071090047393365 0.6390977443609023
0.10059171597633136 0.6390977443609023
0.10047281323877069 0.6390977443609023
0.10035419126328217 0.6390977443609023
0.10023584905660378 0.6390977443609023
0.10011778563015312 0.6390977443609023
0.1 0.6390977443609023
0.099882491186839 0.6390977443609023
0.09976525821596244 0.6390977443609023
0.09964830011723329 0.6390977443609023
0.09953161592505855 0.6390977443609023
0.09941520467836257 0.6390977443609023
0.09929906542056074 0.6390977443609023
0.09918319719953325 0.6390977443609023
0.09906759906759907 0.6390977443609023
0.0989522700814901 0.6390977443609023
0.09883720930232558 0.6390977443609023
0.09872241579558652 0.6390977443609023
0.09860788863109049 0.6390977443609023
0.0984936268829664 0.6390977443609023
0.09837962962962964 0.6390977443609023
0.09826589595375723 0.6390977443609023
0.09815242494226328 0.6390977443609023
0.09803921568627451 0.6390977443609023
0.097926267281106 0.6390977443609023
0.09781357882623705 0.6390977443609023
0.09770114942528736 0.6390977443609023
0.09758897818599312 0.6390977443609023
0.09747706422018348 0.6390977443609023
0.09736540664375716 0.6390977443609023
0.09725400457665904 0.6390977443609023
0.09714285714285714 0.6390977443609023
0.09703196347031963 0.6390977443609023
0.09692132269099202 0.6390977443609023
0.09681093394077449 0.6390977443609023
0.09670079635949944 0.6390977443609023
0.09659090909090909 0.6390977443609023
0.09648127128263337 0.6390977443609023
0.0963718820861678 0.6390977443609023
0.09626274065685164 0.6390977443609023
0.09615384615384616 0.6390977443609023
0.096045197740113 0.6390977443609023
0.09593679458239278 0.6390977443609023
0.09582863585118377 0.6390977443609023
0.09572072072072071 0.6390977443609023
0.09673790776152981 0.6466165413533834
0.09662921348314607 0.6466165413533834
0.09652076318742986 0.6466165413533834
0.09641255605381166 0.6466165413533834
0.09630459126539753 0.6466165413533834
0.09619686800894854 0.6466165413533834
0.09608938547486033 0.6466165413533834
0.09598214285714286 0.6466165413533834
0.09587513935340022 0.6466165413533834
0.0957683741648107 0.6466165413533834
0.0967741935483871 0.6541353383458647
0.09666666666666666 0.6541353383458647
0.09655937846836848 0.6541353383458647
0.09645232815964523 0.6541353383458647
0.09634551495016612 0.6541353383458647
0.09623893805309734 0.6541353383458647
0.09613259668508287 0.6541353383458647
0.09602649006622517 0.6541353383458647
0.09592061742006615 0.6541353383458647
0.09581497797356828 0.6541353383458647
0.09570957095709572 0.6541353383458647
0.0956043956043956 0.6541353383458647
0.09549945115257959 0.6541353383458647
0.09539473684210527 0.6541353383458647
0.09529025191675794 0.6541353383458647
0.09518599562363239 0.6541353383458647
0.09508196721311475 0.6541353383458647
0.09497816593886463 0.6541353383458647
0.09487459105779716 0.6541353383458647
0.09477124183006536 0.6541353383458647
0.09466811751904244 0.6541353383458647
0.09456521739130434 0.6541353383458647
0.09446254071661238 0.6541353383458647
0.09436008676789588 0.6541353383458647
0.09425785482123511 0.6541353383458647
0.09415584415584416 0.6541353383458647
0.09405405405405405 0.6541353383458647
0.0939524838012959 0.6541353383458647
0.09385113268608414 0.6541353383458647
0.09375 0.6541353383458647
0.09364908503767493 0.6541353383458647
0.0935483870967742 0.6541353383458647
0.09344790547798067 0.6541353383458647
0.09334763948497854 0.6541353383458647
0.0932475884244373 0.6541353383458647
0.09314775160599571 0.6541353383458647
0.09304812834224599 0.6541353383458647
0.09294871794871795 0.6541353383458647
0.09284951974386339 0.6541353383458647
0.09275053304904052 0.6541353383458647
0.0926517571884984 0.6541353383458647
0.0925531914893617 0.6541353383458647
0.0924548352816153 0.6541353383458647
0.09235668789808917 0.6541353383458647
0.09225874867444327 0.6541353383458647
0.09216101694915255 0.6541353383458647
0.09206349206349207 0.6541353383458647
0.0919661733615222 0.6541353383458647
0.09186906019007392 0.6541353383458647
0.09177215189873418 0.6541353383458647
0.0916754478398314 0.6541353383458647
0.09157894736842105 0.6541353383458647
0.0914826498422713 0.6541353383458647
0.09138655462184873 0.6541353383458647
0.0912906610703043 0.6541353383458647
0.09119496855345911 0.6541353383458647
0.09109947643979058 0.6541353383458647
0.09100418410041841 0.6541353383458647
0.09090909090909091 0.6541353383458647
0.09081419624217119 0.6541353383458647
0.09071949947862357 0.6541353383458647
0.090625 0.6541353383458647
0.09053069719042664 0.6541353383458647
0.09043659043659044 0.6541353383458647
0.09034267912772585 0.6541353383458647
0.09024896265560166 0.6541353383458647
0.09015544041450778 0.6541353383458647
0.09006211180124224 0.6541353383458647
0.08996897621509824 0.6541353383458647
0.08987603305785125 0.6541353383458647
0.08978328173374613 0.6541353383458647
0.08969072164948454 0.6541353383458647
0.08959835221421215 0.6541353383458647
0.08950617283950617 0.6541353383458647
0.08941418293936279 0.6541353383458647
0.08932238193018481 0.6541353383458647
0.08923076923076922 0.6541353383458647
0.08913934426229508 0.6541353383458647
0.08904810644831115 0.6541353383458647
0.08895705521472393 0.6541353383458647
0.0888661899897855 0.6541353383458647
0.08877551020408163 0.6541353383458647
0.08868501529051988 0.6541353383458647
0.08859470468431772 0.6541353383458647
0.08850457782299084 0.6541353383458647
0.08841463414634146 0.6541353383458647
0.0883248730964467 0.6541353383458647
0.08823529411764706 0.6541353383458647
0.08814589665653495 0.6541353383458647
0.08805668016194332 0.6541353383458647
0.08796764408493428 0.6541353383458647
0.08787878787878788 0.6541353383458647
0.08879919273461151 0.6616541353383458
0.08870967741935484 0.6616541353383458
0.08862034239677745 0.6616541353383458
0.08853118712273642 0.6616541353383458
0.08844221105527639 0.6616541353383458
0.08835341365461848 0.6616541353383458
0.08826479438314945 0.6616541353383458
0.08817635270541083 0.6616541353383458
0.08808808808808809 0.6616541353383458
0.088 0.6616541353383458
0.08791208791208792 0.6616541353383458
0.08782435129740519 0.6616541353383458
0.08773678963110668 0.6616541353383458
0.08764940239043825 0.6616541353383458
0.08756218905472637 0.6616541353383458
0.0874751491053678 0.6616541353383458
0.08738828202581926 0.6616541353383458
0.0873015873015873 0.6616541353383458
0.08721506442021804 0.6616541353383458
0.08712871287128712 0.6616541353383458
0.08704253214638971 0.6616541353383458
0.08695652173913043 0.6616541353383458
0.08687068114511352 0.6616541353383458
0.08678500986193294 0.6616541353383458
0.08669950738916256 0.6616541353383458
0.08661417322834646 0.6616541353383458
0.08652900688298919 0.6616541353383458
0.08644400785854617 0.6616541353383458
0.08635917566241413 0.6616541353383458
0.08627450980392157 0.6616541353383458
0.08619000979431929 0.6616541353383458
0.08610567514677103 0.6616541353383458
0.08602150537634409 0.6616541353383458
0.0859375 0.6616541353383458
0.08585365853658537 0.6616541353383458
0.08576998050682261 0.6616541353383458
0.08568646543330087 0.6616541353383458
0.08560311284046693 0.6616541353383458
0.08551992225461613 0.6616541353383458
0.0854368932038835 0.6616541353383458
0.08535402521823472 0.6616541353383458
0.08527131782945736 0.6616541353383458
0.08518877057115198 0.6616541353383458
0.0851063829787234 0.6616541353383458
0.08502415458937199 0.6616541353383458
0.08494208494208494 0.6616541353383458
0.08486017357762778 0.6616541353383458
0.08477842003853564 0.6616541353383458
0.0846968238691049 0.6616541353383458
0.08461538461538462 0.6616541353383458
0.0845341018251681 0.6616541353383458
0.08445297504798464 0.6616541353383458
0.08437200383509108 0.6616541353383458
0.0842911877394636 0.6616541353383458
0.08421052631578947 0.6616541353383458
0.0841300191204589 0.6616541353383458
0.08404966571155682 0.6616541353383458
0.08396946564885496 0.6616541353383458
0.08388941849380362 0.6616541353383458
0.0838095238095238 0.6616541353383458
0.08372978116079924 0.6616541353383458
0.08365019011406843 0.6616541353383458
0.0835707502374169 0.6616541353383458
0.08349146110056926 0.6616541353383458
0.08341232227488152 0.6616541353383458
0.08333333333333333 0.6616541353383458
0.08325449385052035 0.6616541353383458
0.0831758034026465 0.6616541353383458
0.08309726156751653 0.6616541353383458
0.0830188679245283 0.6616541353383458
0.08294062205466542 0.6616541353383458
0.08286252354048965 0.6616541353383458
0.08278457196613359 0.6616541353383458
0.08270676691729323 0.6616541353383458
0.08262910798122065 0.6616541353383458
0.0825515947467167 0.6616541353383458
0.08247422680412371 0.6616541353383458
0.08239700374531835 0.6616541353383458
0.0823199251637044 0.6616541353383458
0.08224299065420561 0.6616541353383458
0.08216619981325864 0.6616541353383458
0.08208955223880597 0.6616541353383458
0.08201304753028892 0.6616541353383458
0.08193668528864059 0.6616541353383458
0.08186046511627906 0.6616541353383458
0.08178438661710037 0.6616541353383458
0.08170844939647168 0.6616541353383458
0.08163265306122448 0.6616541353383458
0.08155699721964782 0.6616541353383458
0.08148148148148149 0.6616541353383458
0.08140610545790934 0.6616541353383458
0.08133086876155268 0.6616541353383458
0.08125577100646353 0.6616541353383458
0.08118081180811808 0.6616541353383458
0.08110599078341015 0.6616541353383458
0.08103130755064457 0.6616541353383458
0.08095676172953081 0.6616541353383458
0.08088235294117647 0.6616541353383458
0.08080808080808081 0.6616541353383458
0.08073394495412844 0.6616541353383458
0.08065994500458296 0.6616541353383458
0.08058608058608059 0.6616541353383458
0.08051235132662397 0.6616541353383458
0.08043875685557587 0.6616541353383458
0.08127853881278539 0.6691729323308271
0.08211678832116788 0.6766917293233082
0.0829535095715588 0.6842105263157895
0.08287795992714025 0.6842105263157895
0.08280254777070063 0.6842105263157895
0.08272727272727273 0.6842105263157895
0.08265213442325159 0.6842105263157895
0.08257713248638839 0.6842105263157895
0.08250226654578423 0.6842105263157895
0.08242753623188406 0.6842105263157895
0.08235294117647059 0.6842105263157895
0.08227848101265822 0.6842105263157895
0.08220415537488708 0.6842105263157895
0.08212996389891697 0.6842105263157895
0.08205590622182146 0.6842105263157895
0.08198198198198198 0.6842105263157895
0.0819081908190819 0.6842105263157895
0.08183453237410072 0.6842105263157895
0.08176100628930817 0.6842105263157895
0.08168761220825853 0.6842105263157895
0.08161434977578476 0.6842105263157895
0.08154121863799284 0.6842105263157895
0.08146821844225605 0.6842105263157895
0.08139534883720931 0.6842105263157895
0.08132260947274352 0.6842105263157895
0.08125 0.6842105263157895
0.08117752007136485 0.6842105263157895
0.08110516934046345 0.6842105263157895
0.08103294746215495 0.6842105263157895
0.0809608540925267 0.6842105263157895
0.08088888888888889 0.6842105263157895
0.08081705150976909 0.6842105263157895
0.08074534161490683 0.6842105263157895
0.08067375886524823 0.6842105263157895
0.08060230292294066 0.6842105263157895
0.08053097345132744 0.6842105263157895
0.08045977011494253 0.6842105263157895
0.0803886925795053 0.6842105263157895
0.08031774051191527 0.6842105263157895
0.08024691358024691 0.6842105263157895
0.0801762114537445 0.6842105263157895
0.0801056338028169 0.6842105263157895
0.08003518029903255 0.6842105263157895
0.07996485061511424 0.6842105263157895
0.07989464442493416 0.6842105263157895
0.07982456140350877 0.6842105263157895
0.07975460122699386 0.6842105263157895
0.0796847635726795 0.6842105263157895
0.07961504811898512 0.6842105263157895
0.07954545454545454 0.6842105263157895
0.0794759825327511 0.6842105263157895
0.07940663176265271 0.6842105263157895
0.07933740191804708 0.6842105263157895
0.07926829268292683 0.6842105263157895
0.07919930374238468 0.6842105263157895
0.0791304347826087 0.6842105263157895
0.0790616854908775 0.6842105263157895
0.07899305555555555 0.6842105263157895
0.07892454466608846 0.6842105263157895
0.07885615251299827 0.6842105263157895
0.07878787878787878 0.6842105263157895
0.078719723183391 0.6842105263157895
0.07865168539325842 0.6842105263157895
0.07858376511226252 0.6842105263157895
0.07851596203623813 0.6842105263157895
0.07844827586206897 0.6842105263157895
0.07838070628768304 0.6842105263157895
0.0783132530120482 0.6842105263157895
0.07824591573516768 0.6842105263157895
0.0781786941580756 0.6842105263157895
0.07811158798283262 0.6842105263157895
0.07804459691252144 0.6842105263157895
0.0779777206512425 0.6842105263157895
0.0779109589041096 0.6842105263157895
0.07784431137724551 0.6842105263157895
0.07777777777777778 0.6842105263157895
0.07771135781383433 0.6842105263157895
0.07764505119453925 0.6842105263157895
0.07757885763000852 0.6842105263157895
0.07751277683134583 0.6842105263157895
0.0774468085106383 0.6842105263157895
0.07738095238095238 0.6842105263157895
0.07731520815632965 0.6842105263157895
0.07724957555178268 0.6842105263157895
0.07718405428329092 0.6842105263157895
0.07711864406779662 0.6842105263157895
0.07705334462320068 0.6842105263157895
0.07698815566835872 0.6842105263157895
0.07692307692307693 0.6842105263157895
0.07685810810810811 0.6842105263157895
0.07679324894514768 0.6842105263157895
0.07672849915682968 0.6842105263157895
0.07666385846672283 0.6842105263157895
0.0765993265993266 0.6842105263157895
0.07653490328006729 0.6842105263157895
0.07647058823529412 0.6842105263157895
0.0764063811922754 0.6842105263157895
0.07634228187919463 0.6842105263157895
0.07627829002514669 0.6842105263157895
0.07705192629815745 0.6917293233082706
0.07782426778242678 0.6992481203007519
0.07859531772575251 0.706766917293233
0.0785296574770259 0.706766917293233
0.07846410684474124 0.706766917293233
0.07839866555462886 0.706766917293233
0.07833333333333334 0.706766917293233
0.07826810990840966 0.706766917293233
0.07820299500831947 0.706766917293233
0.07813798836242726 0.706766917293233
0.07807308970099668 0.706766917293233
0.07800829875518672 0.706766917293233
0.0779436152570481 0.706766917293233
0.07787903893951947 0.706766917293233
0.07781456953642384 0.706766917293233
0.07775020678246485 0.706766917293233
0.07768595041322314 0.706766917293233
0.07762180016515277 0.706766917293233
0.07755775577557755 0.706766917293233
0.07749381698268755 0.706766917293233
0.07742998352553541 0.706766917293233
0.07736625514403292 0.706766917293233
0.07730263157894737 0.706766917293233
0.07723911257189811 0.706766917293233
0.07717569786535304 0.706766917293233
0.0771123872026251 0.706766917293233
0.07704918032786885 0.706766917293233
0.07698607698607698 0.706766917293233
0.07692307692307693 0.706766917293233
0.07686017988552739 0.706766917293233
0.07679738562091504 0.706766917293233
0.07673469387755102 0.706766917293233
0.0766721044045677 0.706766917293233
0.07660961695191525 0.706766917293233
0.07654723127035831 0.706766917293233
0.07648494711147275 0.706766917293233
0.07642276422764227 0.706766917293233
0.07636068237205523 0.706766917293233
0.0762987012987013 0.706766917293233
0.07623682076236821 0.706766917293233
0.07617504051863858 0.706766917293233
0.07611336032388664 0.706766917293233
0.07605177993527508 0.706766917293233
0.07599029911075182 0.706766917293233
0.07592891760904685 0.706766917293233
0.07586763518966909 0.706766917293233
0.07580645161290323 0.706766917293233
0.0757453666398066 0.706766917293233
0.07568438003220612 0.706766917293233
0.0756234915526951 0.706766917293233
0.07556270096463022 0.706766917293233
0.07550200803212852 0.706766917293233
0.0754414125200642 0.706766917293233
0.07538091419406576 0.706766917293233
0.07532051282051282 0.706766917293233
0.07526020816653323 0.706766917293233
0.0752 0.706766917293233
0.07513988808952837 0.706766917293233
0.07507987220447285 0.706766917293233
0.07501995211492418 0.706766917293233
0.07496012759170653 0.706766917293233
0.0749003984063745 0.706766917293233
0.07484076433121019 0.706766917293233
0.07478122513922036 0.706766917293233
0.07472178060413355 0.706766917293233
0.07466243050039714 0.706766917293233
0.0746031746031746 0.706766917293233
0.07454401268834258 0.706766917293233
0.07448494453248812 0.706766917293233
0.07442596991290577 0.706766917293233
0.07436708860759493 0.706766917293233
0.07430830039525692 0.706766917293233
0.07424960505529225 0.706766917293233
0.07419100236779795 0.706766917293233
0.07413249211356467 0.706766917293233
0.07407407407407407 0.706766917293233
0.07401574803149606 0.706766917293233
0.07395751376868608 0.706766917293233
0.07389937106918239 0.706766917293233
0.07384131971720345 0.706766917293233
0.07378335949764521 0.706766917293233
0.07372549019607844 0.706766917293233
0.07366771159874608 0.706766917293233
0.07361002349256068 0.706766917293233
0.07355242566510173 0.706766917293233
0.07349491790461297 0.706766917293233
0.0734375 0.706766917293233
0.07338017174082748 0.706766917293233
0.07332293291731669 0.706766917293233
0.07326578332034295 0.706766917293233
0.07320872274143302 0.706766917293233
0.07315175097276265 0.706766917293233
0.07309486780715396 0.706766917293233
0.07303807303807304 0.706766917293233
0.07298136645962733 0.706766917293233
0.07292474786656322 0.706766917293233
0.07286821705426356 0.706766917293233
0.07281177381874517 0.706766917293233
0.07275541795665634 0.706766917293233
0.07269914926527456 0.706766917293233
0.07264296754250386 0.706766917293233
0.07258687258687259 0.706766917293233
0.07253086419753087 0.706766917293233
0.07247494217424827 0.706766917293233
0.0724191063174114 0.706766917293233
0.07236335642802155 0.706766917293233
0.07230769230769231 0.706766917293233
0.0722521137586472 0.706766917293233
0.07219662058371736 0.706766917293233
0.07214121258633922 0.706766917293233
0.07208588957055215 0.706766917293233
0.07203065134099616 0.706766917293233
0.07197549770290965 0.706766917293233
0.07192042846212701 0.706766917293233
0.07186544342507645 0.706766917293233
0.0718105423987777 0.706766917293233
0.0717557251908397 0.706766917293233
0.07170099160945843 0.706766917293233
0.07164634146341463 0.706766917293233
0.0715917745620716 0.706766917293233
0.07229832572298325 0.7142857142857143
0.07224334600760456 0.7142857142857143
0.07218844984802432 0.7142857142857143
0.0721336370539104 0.7142857142857143
0.07207890743550835 0.7142857142857143
0.07202426080363912 0.7142857142857143
0.07196969696969698 0.7142857142857143
0.07191521574564724 0.7142857142857143
0.0718608169440242 0.7142857142857143
0.07180650037792895 0.7142857142857143
0.07175226586102719 0.7142857142857143
0.07169811320754717 0.7142857142857143
0.07164404223227752 0.7142857142857143
0.07159005275056518 0.7142857142857143
0.07153614457831325 0.7142857142857143
0.07148231753197894 0.7142857142857143
0.07142857142857142 0.7142857142857143
0.07137490608564989 0.7142857142857143
0.07132132132132132 0.7142857142857143
0.07126781695423856 0.7142857142857143
0.0712143928035982 0.7142857142857143
0.07116104868913857 0.7142857142857143
0.07110778443113773 0.7142857142857143
0.07105459985041136 0.7142857142857143
0.07100149476831091 0.7142857142857143
0.07094846900672143 0.7142857142857143
0.07164179104477612 0.7218045112781954
0.07158836689038031 0.7218045112781954
0.07153502235469449 0.7218045112781954
0.07148175725986597 0.7218045112781954
0.07142857142857142 0.7218045112781954
0.07137546468401487 0.7218045112781954
0.0713224368499257 0.7218045112781954
0.07126948775055679 0.7218045112781954
0.07195845697329377 0.7293233082706767
0.07190511489992588 0.7293233082706767
0.07185185185185185 0.7293233082706767
0.07179866765358993 0.7293233082706767
0.07174556213017752 0.7293233082706767
0.07169253510716925 0.7293233082706767
0.07163958641063516 0.7293233082706767
0.07158671586715867 0.7293233082706767
0.0715339233038348 0.7293233082706767
0.07148120854826824 0.7293233082706767
0.07142857142857142 0.7293233082706767
0.07137601177336277 0.7293233082706767
0.0713235294117647 0.7293233082706767
0.07127112417340191 0.7293233082706767
0.07121879588839941 0.7293233082706767
0.07116654438738078 0.7293233082706767
0.07111436950146628 0.7293233082706767
0.07106227106227106 0.7293233082706767
0.07101024890190337 0.7293233082706767
0.07095830285296269 0.7293233082706767
0.07090643274853801 0.7293233082706767
0.07085463842220599 0.7293233082706767
0.0708029197080292 0.7293233082706767
0.07075127644055434 0.7293233082706767
0.0706997084548105 0.7293233082706767
0.07064821558630735 0.7293233082706767
0.07059679767103348 0.7293233082706767
0.07054545454545455 0.7293233082706767
0.07049418604651163 0.7293233082706767
0.07044299201161947 0.7293233082706767
0.07039187227866474 0.7293233082706767
0.07034082668600435 0.7293233082706767
0.07028985507246377 0.7293233082706767
0.07023895727733527 0.7293233082706767
0.07018813314037627 0.7293233082706767
0.07013738250180766 0.7293233082706767
0.07008670520231214 0.7293233082706767
0.07003610108303249 0.7293233082706767
0.06998556998556998 0.7293233082706767
0.06993511175198269 0.7293233082706767
0.06988472622478387 0.7293233082706767
0.06983441324694024 0.7293233082706767
0.06978417266187051 0.7293233082706767
0.06973400431344356 0.7293233082706767
0.07040229885057471 0.7368421052631579
0.07035175879396985 0.7368421052631579
0.0703012912482066 0.7368421052631579
0.07025089605734768 0.7368421052631579
0.07020057306590258 0.7368421052631579
0.07015032211882606 0.7368421052631579
0.07010014306151645 0.7368421052631579
0.07005003573981415 0.7368421052631579
0.07 0.7368421052631579
0.06995003568879372 0.7368421052631579
0.06990014265335236 0.7368421052631579
0.0698503207412687 0.7368421052631579
0.0698005698005698 0.7368421052631579
0.06975088967971531 0.7368421052631579
0.06970128022759602 0.7368421052631579
0.06965174129353234 0.7368421052631579
0.06960227272727272 0.7368421052631579
0.0695528743789922 0.7368421052631579
0.06950354609929078 0.7368421052631579
0.06945428773919206 0.7368421052631579
0.06940509915014165 0.7368421052631579
0.06935598018400566 0.7368421052631579
0.06930693069306931 0.7368421052631579
0.06925795053003533 0.7368421052631579
0.0692090395480226 0.7368421052631579
0.06916019760056458 0.7368421052631579
0.0691114245416079 0.7368421052631579
0.06906272022551092 0.7368421052631579
0.06901408450704226 0.7368421052631579
0.06896551724137931 0.7368421052631579
0.06891701828410689 0.7368421052631579
0.06886858749121574 0.7368421052631579
0.06882022471910113 0.7368421052631579
0.0687719298245614 0.7368421052631579
0.06872370266479663 0.7368421052631579
0.06867554309740714 0.7368421052631579
0.06862745098039216 0.7368421052631579
0.06857942617214835 0.7368421052631579
0.06853146853146853 0.7368421052631579
0.06848357791754019 0.7368421052631579
0.06843575418994413 0.7368421052631579
0.06838799720865317 0.7368421052631579
0.06834030683403068 0.7368421052631579
0.06829268292682927 0.7368421052631579
0.06824512534818941 0.7368421052631579
0.06819763395963814 0.7368421052631579
0.06815020862308763 0.7368421052631579
0.06810284920083391 0.7368421052631579
0.06805555555555555 0.7368421052631579
0.06800832755031229 0.7368421052631579
0.06796116504854369 0.7368421052631579
0.06791406791406791 0.7368421052631579
0.06786703601108034 0.7368421052631579
0.06782006920415225 0.7368421052631579
0.0677731673582296 0.7368421052631579
0.06772633033863165 0.7368421052631579
0.06767955801104972 0.7368421052631579
0.06763285024154589 0.7368421052631579
0.06758620689655172 0.7368421052631579
0.06753962784286699 0.7368421052631579
0.0674931129476584 0.7368421052631579
0.06744666207845836 0.7368421052631579
0.06740027510316368 0.7368421052631579
0.06735395189003436 0.7368421052631579
0.0673076923076923 0.7368421052631579
0.06726149622512011 0.7368421052631579
0.06721536351165981 0.7368421052631579
0.06716929403701165 0.7368421052631579
0.06712328767123288 0.7368421052631579
0.06707734428473648 0.7368421052631579
0.06703146374829001 0.7368421052631579
0.06698564593301436 0.7368421052631579
0.06693989071038252 0.7368421052631579
0.06689419795221843 0.7368421052631579
0.06684856753069578 0.7368421052631579
0.06680299931833675 0.7368421052631579
0.0667574931880109 0.7368421052631579
0.06671204901293397 0.7368421052631579
0.06666666666666667 0.7368421052631579
0.06662134602311352 0.7368421052631579
0.06657608695652174 0.7368421052631579
0.06653088934147998 0.7368421052631579
0.06648575305291723 0.7368421052631579
0.06644067796610169 0.7368421052631579
0.06639566395663957 0.7368421052631579
0.06635071090047394 0.7368421052631579
0.06630581867388363 0.7368421052631579
0.06626098715348208 0.7368421052631579
0.06621621621621622 0.7368421052631579
0.0661715057393653 0.7368421052631579
0.06612685560053981 0.7368421052631579
0.06608226567768037 0.7368421052631579
0.0660377358490566 0.7368421052631579
0.06599326599326599 0.7368421052631579
0.06594885598923284 0.7368421052631579
0.06590450571620712 0.7368421052631579
0.06586021505376344 0.7368421052631579
0.06581598388179986 0.7368421052631579
0.06577181208053691 0.7368421052631579
0.06572769953051644 0.7368421052631579
0.06568364611260054 0.7368421052631579
0.06563965170797052 0.7368421052631579
0.06559571619812583 0.7368421052631579
0.06555183946488294 0.7368421052631579
0.06550802139037433 0.7368421052631579
0.06546426185704743 0.7368421052631579
0.06542056074766354 0.7368421052631579
0.06537691794529686 0.7368421052631579
0.06533333333333333 0.7368421052631579
0.06528980679546968 0.7368421052631579
0.06524633821571238 0.7368421052631579
0.06520292747837658 0.7368421052631579
0.06515957446808511 0.7368421052631579
0.06511627906976744 0.7368421052631579
0.0650730411686587 0.7368421052631579
0.0650298606502986 0.7368421052631579
0.0649867374005305 0.7368421052631579
0.06494367130550033 0.7368421052631579
0.06490066225165562 0.7368421052631579
0.06485771012574454 0.7368421052631579
0.06481481481481481 0.7368421052631579
0.06477197620621282 0.7368421052631579
0.06472919418758256 0.7368421052631579
0.06468646864686468 0.7368421052631579
0.06464379947229551 0.7368421052631579
0.06460118655240607 0.7368421052631579
0.06455862977602109 0.7368421052631579
0.06451612903225806 0.7368421052631579
0.06447368421052632 0.7368421052631579
0.06443129520052597 0.7368421052631579
0.06438896189224705 0.7368421052631579
0.06434668417596848 0.7368421052631579
0.06430446194225722 0.7368421052631579
0.06426229508196721 0.7368421052631579
0.06422018348623854 0.7368421052631579
0.06417812704649639 0.7368421052631579
0.06413612565445026 0.7368421052631579
0.06409417920209287 0.7368421052631579
0.06405228758169934 0.7368421052631579
0.06401045068582625 0.7368421052631579
0.0639686684073107 0.7368421052631579
0.0639269406392694 0.7368421052631579
0.06388526727509779 0.7368421052631579
0.06384364820846905 0.7368421052631579
0.06380208333333333 0.7368421052631579
0.06376057254391672 0.7368421052631579
0.06371911573472042 0.7368421052631579
0.06367771280051981 0.7368421052631579
0.06363636363636363 0.7368421052631579
0.063595068137573 0.7368421052631579
0.06355382619974059 0.7368421052631579
0.06351263771872975 0.7368421052631579
0.06347150259067358 0.7368421052631579
0.0634304207119741 0.7368421052631579
0.06338939197930142 0.7368421052631579
0.06334841628959276 0.7368421052631579
0.06330749354005168 0.7368421052631579
0.0632666236281472 0.7368421052631579
0.06322580645161291 0.7368421052631579
0.06318504190844616 0.7368421052631579
0.06314432989690721 0.7368421052631579
0.06310367031551835 0.7368421052631579
0.06306306306306306 0.7368421052631579
0.06302250803858521 0.7368421052631579
0.06298200514138817 0.7368421052631579
0.06294155427103404 0.7368421052631579
0.06290115532734275 0.7368421052631579
0.06286080821039128 0.7368421052631579
0.06282051282051282 0.7368421052631579
0.06278026905829596 0.7368421052631579
0.06274007682458387 0.7368421052631579
0.06269993602047345 0.7368421052631579
0.06265984654731457 0.7368421052631579
0.06261980830670927 0.7368421052631579
0.06257982120051085 0.7368421052631579
0.06253988513082323 0.7368421052631579
0.0625 0.7368421052631579
0.06246016571064372 0.7368421052631579
0.062420382165605096 0.7368421052631579
0.062380649267982174 0.7368421052631579
0.062340966921119595 0.7368421052631579
0.062301335028607754 0.7368421052631579
0.062261753494282084 0.7368421052631579
0.06222222222222222 0.7368421052631579
0.06218274111675127 0.7368421052631579
0.062143310082435003 0.7368421052631579
0.062103929024081114 0.7368421052631579
0.06206459784673844 0.7368421052631579
0.0620253164556962 0.7368421052631579
0.06198608475648324 0.7368421052631579
0.061946902654867256 0.7368421052631579
0.06190777005685408 0.7368421052631579
0.06186868686868687 0.7368421052631579
0.061829652996845424 0.7368421052631579
0.0617906683480454 0.7368421052631579
0.06175173282923756 0.7368421052631579
0.061712846347607056 0.7368421052631579
0.062303335431088736 0.7443609022556391
0.062264150943396226 0.7443609022556391
0.06222501571338781 0.7443609022556391
0.062185929648241205 0.7443609022556391
0.062146892655367235 0.7443609022556391
0.062107904642409034 0.7443609022556391
0.06206896551724138 0.7443609022556391
0.06203007518796992 0.7443609022556391
0.061991233562930494 0.7443609022556391
0.06195244055068836 0.7443609022556391
0.06191369606003752 0.7443609022556391
0.061875 0.7443609022556391
0.06183635227982511 0.7443609022556391
0.06179775280898876 0.7443609022556391
0.061759201497192766 0.7443609022556391
0.06172069825436409 0.7443609022556391
0.0616822429906542 0.7443609022556391
0.06164383561643835 0.7443609022556391
0.06160547604231487 0.7443609022556391
0.061567164179104475 0.7443609022556391
0.061528899937849595 0.7443609022556391
0.061490683229813665 0.7443609022556391
0.061452513966480445 0.7443609022556391
0.06141439205955335 0.7443609022556391
0.06137631742095474 0.7443609022556391
0.06133828996282528 0.7443609022556391
0.06130030959752322 0.7443609022556391
0.06126237623762376 0.7443609022556391
0.061224489795918366 0.7443609022556391
0.06118665018541409 0.7443609022556391
0.06114885731933292 0.7443609022556391
0.06111111111111111 0.7443609022556391
0.06107341147439852 0.7443609022556391
0.06103575832305795 0.7443609022556391
0.06099815157116451 0.7443609022556391
0.06096059113300493 0.7443609022556391
0.06092307692307692 0.7443609022556391
0.06088560885608856 0.7443609022556391
0.06084818684695759 0.7443609022556391
0.060810810810810814 0.7443609022556391
0.06077348066298342 0.7443609022556391
0.06073619631901841 0.7443609022556391
0.06069895769466585 0.7443609022556391
0.06066176470588235 0.7443609022556391
0.06062461726883037 0.7443609022556391
0.0605875152998776 0.7443609022556391
0.060550458715596334 0.7443609022556391
0.06051344743276284 0.7443609022556391
0.06047648136835675 0.7443609022556391
0.06043956043956044 0.7443609022556391
0.06040268456375839 0.7443609022556391
0.060365853658536583 0.7443609022556391
0.0603290676416819 0.7443609022556391
0.06029232643118149 0.7443609022556391
0.060255629945222156 0.7443609022556391
0.060218978102189784 0.7443609022556391
0.06018237082066869 0.7443609022556391
0.06014580801944107 0.7443609022556391
0.060109289617486336 0.7443609022556391
0.060072815533980584 0.7443609022556391
0.06003638568829594 0.7443609022556391
0.06 0.7443609022556391
0.06056935190793458 0.7518796992481203
0.06053268765133172 0.7518796992481203
0.060496067755595885 0.7518796992481203
0.060459492140266025 0.7518796992481203
0.06042296072507553 0.7518796992481203
0.06038647342995169 0.7518796992481203
0.060350030175015085 0.7518796992481203
0.06031363088057901 0.7518796992481203
0.06027727546714889 0.7518796992481203
0.060240963855421686 0.7518796992481203
0.060204695966285374 0.7518796992481203
0.06016847172081829 0.7518796992481203
0.06013229104028864 0.7518796992481203
0.06009615384615385 0.7518796992481203
0.06006006006006006 0.7518796992481203
0.060024009603841535 0.7518796992481203
0.059988002399520096 0.7518796992481203
0.05995203836930456 0.7518796992481203
0.05991611743559017 0.7518796992481203
0.059880239520958084 0.7518796992481203
0.059844404548174746 0.7518796992481203
0.05980861244019139 0.7518796992481203
0.05977286312014345 0.7518796992481203
0.05973715651135006 0.7518796992481203
0.05970149253731343 0.7518796992481203
0.059665871121718374 0.7518796992481203
0.05963029218843172 0.7518796992481203
0.05959475566150179 0.7518796992481203
0.05955926146515783 0.7518796992481203
0.05952380952380952 0.7518796992481203
0.0594883997620464 0.7518796992481203
0.059453032104637336 0.7518796992481203
0.059417706476530004 0.7518796992481203
0.05938242280285035 0.7518796992481203
0.05934718100890208 0.7518796992481203
0.05931198102016608 0.7518796992481203
0.05927682276229994 0.7518796992481203
0.05924170616113744 0.7518796992481203
0.05920663114268798 0.7518796992481203
0.05917159763313609 0.7518796992481203
0.05913660555884092 0.7518796992481203
0.0591016548463357 0.7518796992481203
0.05906674542232723 0.7518796992481203
0.0590318772136954 0.7518796992481203
0.058997050147492625 0.7518796992481203
0.0589622641509434 0.7518796992481203
0.05892751915144372 0.7518796992481203
0.05889281507656066 0.7518796992481203
0.05885815185403178 0.7518796992481203
0.058823529411764705 0.7518796992481203
0.058788947677836566 0.7518796992481203
0.05875440658049354 0.7518796992481203
0.058719906048150326 0.7518796992481203
0.05868544600938967 0.7518796992481203
0.05865102639296188 0.7518796992481203
0.05861664712778429 0.7518796992481203
0.05858230814294083 0.7518796992481203
0.0585480093676815 0.7518796992481203
0.058513750731421885 0.7518796992481203
0.05847953216374269 0.7518796992481203
0.058445353594389245 0.7518796992481203
0.05841121495327103 0.7518796992481203
0.05837711617046118 0.7518796992481203
0.058343057176196034 0.7518796992481203
0.05830903790087463 0.7518796992481203
0.05827505827505827 0.7518796992481203
0.05824111822947001 0.7518796992481203
0.05820721769499418 0.7518796992481203
0.058173356602675974 0.7518796992481203
0.05813953488372093 0.7518796992481203
0.05810575246949448 0.7518796992481203
0.05807200929152149 0.7518796992481203
0.05803830528148578 0.7518796992481203
0.058004640371229696 0.7518796992481203
0.057971014492753624 0.7518796992481203
0.05793742757821553 0.7518796992481203
0.05790387955993052 0.7518796992481203
0.05787037037037037 0.7518796992481203
0.0578368999421631 0.7518796992481203
0.057803468208092484 0.7518796992481203
0.057770075101097634 0.7518796992481203
0.057736720554272515 0.7518796992481203
0.05770340450086555 0.7518796992481203
0.05767012687427912 0.7518796992481203
0.05763688760806916 0.7518796992481203
0.0576036866359447 0.7518796992481203
0.057570523891767415 0.7518796992481203
0.05753739930955121 0.7518796992481203
0.05750431282346176 0.7518796992481203
0.05747126436781609 0.7518796992481203
0.05743825387708214 0.7518796992481203
0.0574052812858783 0.7518796992481203
0.05737234652897304 0.7518796992481203
0.05733944954128441 0.7518796992481203
0.05730659025787966 0.7518796992481203
0.0572737686139748 0.7518796992481203
0.057240984544934176 0.7518796992481203
0.057208237986270026 0.7518796992481203
0.05717552887364208 0.7518796992481203
0.05714285714285714 0.7518796992481203
0.05711022272986865 0.7518796992481203
0.05707762557077625 0.7518796992481203
0.05704506560182544 0.7518796992481203
0.05701254275940707 0.7518796992481203
0.05698005698005698 0.7518796992481203
0.05694760820045558 0.7518796992481203
0.056915196357427436 0.7518796992481203
0.05688282138794084 0.7518796992481203
0.05685048322910745 0.7518796992481203
0.056818181818181816 0.7518796992481203
0.05678591709256105 0.7518796992481203
0.056753688989784334 0.7518796992481203
0.05672149744753262 0.7518796992481203
0.05668934240362812 0.7518796992481203
0.056657223796033995 0.7518796992481203
0.056625141562853906 0.7518796992481203
0.056593095642331635 0.7518796992481203
0.05656108597285068 0.7518796992481203
0.05652911249293386 0.7518796992481203
0.05649717514124294 0.7518796992481203
0.05646527385657821 0.7518796992481203
0.056433408577878104 0.7518796992481203
0.05640157924421884 0.7518796992481203
0.05636978579481398 0.7518796992481203
0.056338028169014086 0.7518796992481203
0.05630630630630631 0.7518796992481203
0.056274620146314014 0.7518796992481203
0.0562429696287964 0.7518796992481203
0.056211354693648116 0.7518796992481203
0.056179775280898875 0.7518796992481203
0.05614823133071308 0.7518796992481203
0.05611672278338945 0.7518796992481203
0.056085249579360626 0.7518796992481203
0.05605381165919283 0.7518796992481203
0.056022408963585436 0.7518796992481203
0.055991041433370664 0.7518796992481203
0.05595970900951315 0.7518796992481203
0.05592841163310962 0.7518796992481203
0.05589714924538849 0.7518796992481203
0.055865921787709494 0.7518796992481203
0.05583472920156337 0.7518796992481203
0.05580357142857143 0.7518796992481203
0.05577244841048522 0.7518796992481203
0.055741360089186176 0.7518796992481203
0.055710306406685235 0.7518796992481203
0.0556792873051225 0.7518796992481203
0.05564830272676683 0.7518796992481203
0.05561735261401557 0.7518796992481203
0.055586436909394105 0.7518796992481203
0.05555555555555555 0.7518796992481203
0.0555247084952804 0.7518796992481203
0.05549389567147614 0.7518796992481203
0.05546311702717693 0.7518796992481203
0.05543237250554324 0.7518796992481203
0.055401662049861494 0.7518796992481203
0.05537098560354374 0.7518796992481203
0.05534034311012728 0.7518796992481203
0.05530973451327434 0.7518796992481203
0.055279159756771695 0.7518796992481203
0.055248618784530384 0.7518796992481203
0.05521811154058531 0.7518796992481203
0.05518763796909492 0.7518796992481203
0.05515719801434087 0.7518796992481203
0.05512679162072767 0.7518796992481203
0.05509641873278237 0.7518796992481203
0.05506607929515418 0.7518796992481203
0.0550357732526142 0.7518796992481203
0.05500550055005501 0.7518796992481203
0.05497526113249038 0.7518796992481203
0.054945054945054944 0.7518796992481203
0.054914881933003847 0.7518796992481203
0.054884742041712405 0.7518796992481203
0.05485463521667581 0.7518796992481203
0.05482456140350877 0.7518796992481203
0.0547945205479452 0.7518796992481203
0.054764512595837894 0.7518796992481203
0.05473453749315818 0.7518796992481203
0.05470459518599562 0.7518796992481203
0.05467468562055768 0.7518796992481203
0.0546448087431694 0.7518796992481203
0.054614964500273075 0.7518796992481203
0.05458515283842795 0.7518796992481203
0.05455537370430987 0.7518796992481203
0.05452562704471101 0.7518796992481203
0.05449591280653951 0.7518796992481203
0.054466230936819175 0.7518796992481203
0.05443658138268917 0.7518796992481203
0.0544069640914037 0.7518796992481203
0.054377379010331704 0.7518796992481203
0.05434782608695652 0.7518796992481203
0.054318305268875614 0.7518796992481203
0.05428881650380022 0.7518796992481203
0.05425935973955507 0.7518796992481203
0.05422993492407809 0.7518796992481203
0.05420054200542006 0.7518796992481203
0.05417118093174431 0.7518796992481203
0.05414185165132648 0.7518796992481203
0.05411255411255411 0.7518796992481203
0.05408328826392644 0.7518796992481203
0.05405405405405406 0.7518796992481203
0.05402485143165856 0.7518796992481203
0.05399568034557235 0.7518796992481203
0.053966540744738264 0.7518796992481203
0.05393743257820928 0.7518796992481203
0.05390835579514825 0.7518796992481203
0.05387931034482758 0.7518796992481203
0.053850296176628974 0.7518796992481203
0.05382131324004306 0.7518796992481203
0.05379236148466918 0.7518796992481203
0.053763440860215055 0.7518796992481203
0.05373455131649651 0.7518796992481203
0.05370569280343716 0.7518796992481203
0.05367686527106817 0.7518796992481203
0.0536480686695279 0.7518796992481203
0.05361930294906166 0.7518796992481203
0.05359056806002144 0.7518796992481203
0.05356186395286556 0.7518796992481203
0.05353319057815846 0.7518796992481203
0.05350454788657036 0.7518796992481203
0.053475935828877004 0.7518796992481203
0.05344735435595938 0.7518796992481203
0.053418803418803416 0.7518796992481203
0.053390282968499736 0.7518796992481203
0.05336179295624333 0.7518796992481203
0.05333333333333334 0.7518796992481203
0.053304904051172705 0.7518796992481203
0.05327650506126798 0.7518796992481203
0.05324813631522897 0.7518796992481203
0.05321979776476849 0.7518796992481203
0.05319148936170213 0.7518796992481203
0.0531632110579479 0.7518796992481203
0.053134962805526036 0.7518796992481203
0.053106744556558685 0.7518796992481203
0.05307855626326964 0.7518796992481203
0.05305039787798409 0.7518796992481203
0.053022269353128315 0.7518796992481203
0.052994170641229466 0.7518796992481203
0.05296610169491525 0.7518796992481203
0.05293806246691371 0.7518796992481203
0.05291005291005291 0.7518796992481203
0.05288207297726071 0.7518796992481203
0.052854122621564484 0.7518796992481203
0.05282620179609086 0.7518796992481203
0.05279831045406547 0.7518796992481203
0.052770448548812667 0.7518796992481203
0.052742616033755275 0.7518796992481203
0.05271481286241434 0.7518796992481203
0.05268703898840885 0.7518796992481203
0.0526592943654555 0.7518796992481203
0.05263157894736842 0.7518796992481203
0.052603892688058915 0.7518796992481203
0.052576235541535225 0.7518796992481203
0.05254860746190226 0.7518796992481203
0.052521008403361345 0.7518796992481203
0.05249343832020997 0.7518796992481203
0.05246589716684155 0.7518796992481203
0.05243838489774515 0.7518796992481203
0.05241090146750524 0.7518796992481203
0.05238344683080147 0.7518796992481203
0.05235602094240838 0.7518796992481203
0.052328623757195186 0.7518796992481203
0.05230125523012552 0.7518796992481203
0.052273915316257184 0.7518796992481203
0.0522466039707419 0.7518796992481203
0.05221932114882506 0.7518796992481203
0.05219206680584551 0.7518796992481203
0.05216484089723526 0.7518796992481203
0.05213764337851929 0.7518796992481203
0.05211047420531527 0.7518796992481203
0.052083333333333336 0.7518796992481203
0.052056220718375845 0.7518796992481203
0.05202913631633715 0.7518796992481203
0.052002080083203325 0.7518796992481203
0.05197505197505198 0.7518796992481203
0.05194805194805195 0.7518796992481203
0.05192107995846314 0.7518796992481203
0.05189413596263622 0.7518796992481203
0.05186721991701245 0.7518796992481203
0.05184033177812338 0.7518796992481203
0.05181347150259067 0.7518796992481203
0.05178663904712584 0.7518796992481203
0.05227743271221532 0.7593984962406015
0.05225038799793068 0.7593984962406015
0.05222337125129266 0.7593984962406015
0.05219638242894057 0.7593984962406015
0.052169421487603305 0.7593984962406015
0.05214248838409912 0.7593984962406015
0.0521155830753354 0.7593984962406015
0.05208870551830841 0.7593984962406015
0.052061855670103095 0.7593984962406015
0.05203503348789284 0.7593984962406015
0.052008238928939236 0.7593984962406015
0.05198147195059187 0.7593984962406015
0.051954732510288065 0.7593984962406015
0.0519280205655527 0.7593984962406015
0.051901336073997946 0.7593984962406015
0.05187467899332306 0.7593984962406015
0.05184804928131417 0.7593984962406015
0.051821446895844024 0.7593984962406015
0.05179487179487179 0.7593984962406015
0.05176832393644285 0.7593984962406015
0.051741803278688527 0.7593984962406015
0.051715309779825906 0.7593984962406015
0.05168884339815762 0.7593984962406015
0.05166240409207161 0.7593984962406015
0.0516359918200409 0.7593984962406015
0.0516096065406234 0.7593984962406015
0.05158324821246169 0.7593984962406015
0.0515569167942828 0.7593984962406015
0.05153061224489796 0.7593984962406015
0.051504334523202445 0.7593984962406015
0.05147808358817533 0.7593984962406015
0.051451859398879266 0.7593984962406015
0.05142566191446028 0.7593984962406015
0.051399491094147584 0.7593984962406015
0.05137334689725331 0.7593984962406015
0.05134722928317234 0.7593984962406015
0.051321138211382115 0.7593984962406015
0.051295073641442354 0.7593984962406015
0.051269035532994923 0.7593984962406015
0.05124302384576357 0.7593984962406015
0.051217038539553755 0.7593984962406015
0.05119107957425241 0.7593984962406015
0.05116514690982776 0.7593984962406015
0.05113924050632911 0.7593984962406015
0.051113360323886636 0.7593984962406015
0.05108750632271118 0.7593984962406015
0.051061678463094035 0.7593984962406015
0.05103587670540677 0.7593984962406015
0.05101010101010101 0.7593984962406015
0.05098435133770823 0.7593984962406015
0.05095862764883956 0.7593984962406015
0.050932929904185575 0.7593984962406015
0.05090725806451613 0.7593984962406015
0.0508816120906801 0.7593984962406015
0.05085599194360524 0.7593984962406015
0.050830397584297936 0.7593984962406015
0.05080482897384306 0.7593984962406015
0.05077928607340372 0.7593984962406015
0.05075376884422111 0.7593984962406015
0.050728277247614265 0.7593984962406015
0.05070281124497992 0.7593984962406015
0.050677370797792276 0.7593984962406015
0.05065195586760281 0.7593984962406015
0.0506265664160401 0.7593984962406015
0.05060120240480962 0.7593984962406015
0.05057586379569354 0.7593984962406015
0.05055055055055055 0.7593984962406015
0.05052526263131566 0.7593984962406015
0.0505 0.7593984962406015
0.050474762618690654 0.7593984962406015
0.05044955044955045 0.7593984962406015
0.050424363454817774 0.7593984962406015
0.05039920159680639 0.7593984962406015
0.050374064837905234 0.7593984962406015
0.050348953140578266 0.7593984962406015
0.050323866467364226 0.7593984962406015
0.05029880478087649 0.7593984962406015
0.05027376804380289 0.7593984962406015
0.050248756218905476 0.7593984962406015
0.05022376926902039 0.7593984962406015
0.05019880715705766 0.7593984962406015
0.050173869846000994 0.7593984962406015
0.05014895729890765 0.7593984962406015
0.05012406947890819 0.7593984962406015
0.05009920634920635 0.7593984962406015
0.05007436787307883 0.7593984962406015
0.050049554013875126 0.7593984962406015
0.05002476473501734 0.7593984962406015
0.05 0.7593984962406015
0.0499752597723899 0.7593984962406015
0.049950544015825916 0.7593984962406015
0.04992585269401879 0.7593984962406015
0.04990118577075099 0.7593984962406015
0.04987654320987654 0.7593984962406015
0.04985192497532083 0.7593984962406015
0.04982733103108041 0.7593984962406015
0.04980276134122288 0.7593984962406015
0.04977821586988664 0.7593984962406015
0.04975369458128079 0.7593984962406015
0.050221565731166914 0.7669172932330827
0.05019685039370079 0.7669172932330827
0.05017215937038859 0.7669172932330827
0.05014749262536873 0.7669172932330827
0.05012285012285012 0.7669172932330827
0.05009823182711198 0.7669172932330827
0.050073637702503684 0.7669172932330827
0.050049067713444556 0.7669172932330827
0.05002452182442374 0.7669172932330827
0.05 0.7669172932330827
0.04997550220480157 0.7669172932330827
0.04995102840352596 0.7669172932330827
0.049926578560939794 0.7669172932330827
0.049902152641878667 0.7669172932330827
0.04987775061124694 0.7669172932330827
0.04985337243401759 0.7669172932330827
0.049829018075232046 0.7669172932330827
0.0498046875 0.7669172932330827
0.04978038067349927 0.7669172932330827
0.04975609756097561 0.7669172932330827
0.04973183812774257 0.7669172932330827
0.049707602339181284 0.7669172932330827
0.04968339016074038 0.7669172932330827
0.04965920155793573 0.7669172932330827
0.049635036496350364 0.7669172932330827
0.04961089494163424 0.7669172932330827
0.049586776859504134 0.7669172932330827
0.04956268221574344 0.7669172932330827
0.04953861097620204 0.7669172932330827
0.04951456310679612 0.7669172932330827
0.049490538573508006 0.7669172932330827
0.049466537342386034 0.7669172932330827
0.04944255937954435 0.7669172932330827
0.04941860465116279 0.7669172932330827
0.049394673123486686 0.7669172932330827
0.049370764762826716 0.7669172932330827
0.04934687953555878 0.7669172932330827
0.04932301740812379 0.7669172932330827
0.04929917834702755 0.7669172932330827
0.04927536231884058 0.7669172932330827
0.04925156929019797 0.7669172932330827
0.04922779922779923 0.7669172932330827
0.049204052098408106 0.7669172932330827
0.04918032786885246 0.7669172932330827
0.0491566265060241 0.7669172932330827
0.049132947976878616 0.7669172932330827
0.04910929224843524 0.7669172932330827
0.04908565928777671 0.7669172932330827
0.049062049062049064 0.7669172932330827
0.04903846153846154 0.7669172932330827
0.0490148966842864 0.7669172932330827
0.04899135446685879 0.7669172932330827
0.04896783485357657 0.7669172932330827
0.04894433781190019 0.7669172932330827
0.04892086330935252 0.7669172932330827
0.04937679769894535 0.7744360902255639
0.04935313847628174 0.7744360902255639
0.04932950191570881 0.7744360902255639
0.04930588798468167 0.7744360902255639
0.049282296650717705 0.7744360902255639
0.04925872788139646 0.7744360902255639
0.049235181644359464 0.7744360902255639
0.04921165790731008 0.7744360902255639
0.04918815663801337 0.7744360902255639
0.04916467780429594 0.7744360902255639
0.0491412213740458 0.7744360902255639
0.04911778731521221 0.7744360902255639
0.04909437559580553 0.7744360902255639
0.049070986183897096 0.7744360902255639
0.04904761904761905 0.7744360902255639
0.04902427415516421 0.7744360902255639
0.04900095147478592 0.7744360902255639
0.04897765097479791 0.7744360902255639
0.04895437262357415 0.7744360902255639
0.048931116389548696 0.7744360902255639
0.048907882241215575 0.7744360902255639
0.04888467014712862 0.7744360902255639
0.048861480075901326 0.7744360902255639
0.04883831199620673 0.7744360902255639
0.04881516587677725 0.7744360902255639
0.048792041686404546 0.7744360902255639
0.04876893939393939 0.7744360902255639
0.048745858968291526 0.7744360902255639
0.04872280037842952 0.7744360902255639
0.048699763593380616 0.7744360902255639
0.048676748582230624 0.7744360902255639
0.04865375531412376 0.7744360902255639
0.04863078375826251 0.7744360902255639
0.048607833883907506 0.7744360902255639
0.04858490566037736 0.7744360902255639
0.04856199905704856 0.7744360902255639
0.04853911404335533 0.7744360902255639
0.04851625058878945 0.7744360902255639
0.04849340866290019 0.7744360902255639
0.04847058823529412 0.7744360902255639
0.04844778927563499 0.7744360902255639
0.04842501175364363 0.7744360902255639
0.048402255639097745 0.7744360902255639
0.04837952090183185 0.7744360902255639
0.04835680751173709 0.7744360902255639
0.04833411543876114 0.7744360902255639
0.04831144465290807 0.7744360902255639
0.048288795124238164 0.7744360902255639
0.048266166822867856 0.7744360902255639
0.048243559718969556 0.7744360902255639
0.048220973782771535 0.7744360902255639
0.048198408984557795 0.7744360902255639
0.04817586529466791 0.7744360902255639
0.04815334268349696 0.7744360902255639
0.04813084112149533 0.7744360902255639
0.04810836057916861 0.7744360902255639
0.0480859010270775 0.7744360902255639
0.04806346243583761 0.7744360902255639
0.0480410447761194 0.7744360902255639
0.04801864801864802 0.7744360902255639
0.04799627213420317 0.7744360902255639
0.047973917093619006 0.7744360902255639
0.04795158286778398 0.7744360902255639
0.04792926942764077 0.7744360902255639
0.04790697674418604 0.7744360902255639
0.04788470478847048 0.7744360902255639
0.047862453531598514 0.7744360902255639
0.04784022294472828 0.7744360902255639
0.04781801299907149 0.7744360902255639
0.04779582366589327 0.7744360902255639
0.04777365491651206 0.7744360902255639
0.04775150672229949 0.7744360902255639
0.04772937905468026 0.7744360902255639
0.047707271885132005 0.7744360902255639
0.047685185185185185 0.7744360902255639
0.04766311892642295 0.7744360902255639
0.04764107308048104 0.7744360902255639
0.047619047619047616 0.7744360902255639
0.047597042513863215 0.7744360902255639
0.04757505773672056 0.7744360902255639
0.04755309325946445 0.7744360902255639
0.047531149053991695 0.7744360902255639
0.047509225092250924 0.7744360902255639
0.047487321346242506 0.7744360902255639
0.047465437788018434 0.7744360902255639
0.04744357438968217 0.7744360902255639
0.04742173112338858 0.7744360902255639
0.04739990796134377 0.7744360902255639
0.04737810487580497 0.7744360902255639
0.04735632183908046 0.7744360902255639
0.04733455882352941 0.7744360902255639
0.04731281580156178 0.7744360902255639
0.0472910927456382 0.7744360902255639
0.04726938962826985 0.7744360902255639
0.04724770642201835 0.7744360902255639
0.04722604309949564 0.7744360902255639
0.04720439963336388 0.7744360902255639
0.047182775996335316 0.7744360902255639
0.04716117216117216 0.7744360902255639
0.0471395881006865 0.7744360902255639
0.04711802378774017 0.7744360902255639
0.04709647919524463 0.7744360902255639
0.047074954296160876 0.7744360902255639
0.047053449063499314 0.7744360902255639
0.047031963470319633 0.7744360902255639
0.04701049748973072 0.7744360902255639
0.04698905109489051 0.7744360902255639
0.04696762425900593 0.7744360902255639
0.04694621695533273 0.7744360902255639
0.0469248291571754 0.7744360902255639
0.046903460837887066 0.7744360902255639
0.04688211197086937 0.7744360902255639
0.04686078252957234 0.7744360902255639
0.046839472487494316 0.7744360902255639
0.04681818181818182 0.7744360902255639
0.04679691049522944 0.7744360902255639
0.04677565849227974 0.7744360902255639
0.04675442578302315 0.7744360902255639
0.04673321234119782 0.7744360902255639
0.04671201814058957 0.7744360902255639
0.04669084315503173 0.7744360902255639
0.04666968735840508 0.7744360902255639
0.04664855072463768 0.7744360902255639
0.046627433227704844 0.7744360902255639
0.04660633484162896 0.7744360902255639
0.046585255540479424 0.7744360902255639
0.04656419529837252 0.7744360902255639
0.04654315408947131 0.7744360902255639
0.04652213188798555 0.7744360902255639
0.046501128668171555 0.7744360902255639
0.04648014440433213 0.7744360902255639
0.04645917907081642 0.7744360902255639
0.046438232642019836 0.7744360902255639
0.046417305092383954 0.7744360902255639
0.046396396396396394 0.7744360902255639
0.046375506528590724 0.7744360902255639
0.04635463546354635 0.7744360902255639
0.04633378317588844 0.7744360902255639
0.046312949640287766 0.7744360902255639
0.04629213483146068 0.7744360902255639
0.046271338724168914 0.7744360902255639
0.046250561293219576 0.7744360902255639
0.04622980251346499 0.7744360902255639
0.0462090623598026 0.7744360902255639
0.04618834080717489 0.7744360902255639
0.04616763783056925 0.7744360902255639
0.04614695340501792 0.7744360902255639
0.04612628750559785 0.7744360902255639
0.046105640107430616 0.7744360902255639
0.046085011185682326 0.7744360902255639
0.04606440071556351 0.7744360902255639
0.04604380867232901 0.7744360902255639
0.04602323503127793 0.7744360902255639
0.04600267976775346 0.7744360902255639
0.04598214285714286 0.7744360902255639
0.04596162427487729 0.7744360902255639
0.04594112399643176 0.7744360902255639
0.04592064199732501 0.7744360902255639
0.04590017825311943 0.7744360902255639
0.045879732739420934 0.7744360902255639
0.0458593054318789 0.7744360902255639
0.045838896306186025 0.7744360902255639
0.04581850533807829 0.7744360902255639
0.04579813250333482 0.7744360902255639
0.04577777777777778 0.7744360902255639
0.04575744113727232 0.7744360902255639
0.04573712255772647 0.7744360902255639
0.04571682201509099 0.7744360902255639
0.04569653948535936 0.7744360902255639
0.04567627494456763 0.7744360902255639
0.04565602836879433 0.7744360902255639
0.04563579973416039 0.7744360902255639
0.04561558901682905 0.7744360902255639
0.045595396193005754 0.7744360902255639
0.045575221238938056 0.7744360902255639
0.04555506413091552 0.7744360902255639
0.04553492484526967 0.7744360902255639
0.04551480335837384 0.7744360902255639
0.04549469964664311 0.7744360902255639
0.045474613686534215 0.7744360902255639
0.045454545454545456 0.7744360902255639
0.04543449492721659 0.7744360902255639
0.045414462081128745 0.7744360902255639
0.045394446892904367 0.7744360902255639
0.04537444933920705 0.7744360902255639
