1.0 0.00909090909090909
1.0 0.01818181818181818
1.0 0.02727272727272727
1.0 0.03636363636363636
1.0 0.045454545454545456
1.0 0.05454545454545454
1.0 0.06363636363636363
1.0 0.07272727272727272
0.8888888888888888 0.07272727272727272
0.9 0.08181818181818182
0.9090909090909091 0.09090909090909091
0.9166666666666666 0.1
0.9230769230769231 0.10909090909090909
0.9285714285714286 0.11818181818181818
0.9333333333333333 0.12727272727272726
0.9375 0.13636363636363635
0.9411764705882353 0.14545454545454545
0.9444444444444444 0.15454545454545454
0.9473684210526315 0.16363636363636364
0.95 0.17272727272727273
0.9523809523809523 0.18181818181818182
0.9545454545454546 0.19090909090909092
0.9565217391304348 0.2
0.9166666666666666 0.2
0.92 0.20909090909090908
0.9230769230769231 0.21818181818181817
0.9259259259259259 0.22727272727272727
0.9285714285714286 0.23636363636363636
0.9310344827586207 0.24545454545454545
0.9333333333333333 0.2545454545454545
0.9354838709677419 0.2636363636363636
0.90625 0.2636363636363636
0.8787878787878788 0.2636363636363636
0.8529411764705882 0.2636363636363636
0.8285714285714286 0.2636363636363636
0.8055555555555556 0.2636363636363636
0.7837837837837838 0.2636363636363636
0.7894736842105263 0.2727272727272727
0.7948717948717948 0.2818181818181818
0.8 0.2909090909090909
0.7804878048780488 0.2909090909090909
0.7619047619047619 0.2909090909090909
0.7441860465116279 0.2909090909090909
0.7272727272727273 0.2909090909090909
0.7111111111111111 0.2909090909090909
0.6956521739130435 0.2909090909090909
0.6808510638297872 0.2909090909090909
0.6666666666666666 0.2909090909090909
0.6530612244897959 0.2909090909090909
0.64 0.2909090909090909
0.6274509803921569 0.2909090909090909
0.6153846153846154 0.2909090909090909
0.6037735849056604 0.2909090909090909
0.5925925925925926 0.2909090909090909
0.5818181818181818 0.2909090909090909
0.5714285714285714 0.2909090909090909
0.5614035087719298 0.2909090909090909
0.5517241379310345 0.2909090909090909
0.5423728813559322 0.2909090909090909
0.5333333333333333 0.2909090909090909
0.5245901639344263 0.2909090909090909
0.5161290322580645 0.2909090909090909
