0.0 0.0
0.0 0.0
0.0 0.0
0.0 0.0
0.0 0.0
0.0 0.0
0.0 0.0
0.0 0.0
0.0 0.0
0.0 0.0
0.09090909090909091 0.00040617384240454913
0.16666666666666666 0.0008123476848090983
0.23076923076923078 0.0012185215272136475
0.2857142857142857 0.0016246953696181965
0.26666666666666666 0.0016246953696181965
0.3125 0.0020308692120227455
0.35294117647058826 0.002437043054427295
0.3333333333333333 0.002437043054427295
0.3684210526315789 0.002843216896831844
0.35 0.002843216896831844
0.38095238095238093 0.003249390739236393
0.36363636363636365 0.003249390739236393
0.391304347826087 0.0036555645816409425
0.4166666666666667 0.004061738424045491
0.44 0.004467912266450041
0.46153846153846156 0.00487408610885459
0.4444444444444444 0.00487408610885459
0.4642857142857143 0.005280259951259139
0.4827586206896552 0.005686433793663688
0.5 0.006092607636068237
0.5161290322580645 0.006498781478472786
0.53125 0.006904955320877335
0.5454545454545454 0.007311129163281885
0.5588235294117647 0.007717303005686434
0.5714285714285714 0.008123476848090982
0.5555555555555556 0.008123476848090982
0.5405405405405406 0.008123476848090982
0.5263157894736842 0.008123476848090982
0.5128205128205128 0.008123476848090982
0.5 0.008123476848090982
0.4878048780487805 0.008123476848090982
0.47619047619047616 0.008123476848090982
0.4883720930232558 0.008529650690495532
0.4772727272727273 0.008529650690495532
0.4888888888888889 0.008935824532900082
0.5 0.00934199837530463
0.5106382978723404 0.00974817221770918
0.5 0.00974817221770918
0.4897959183673469 0.00974817221770918
0.48 0.00974817221770918
0.47058823529411764 0.00974817221770918
0.4807692307692308 0.010154346060113728
0.49056603773584906 0.010560519902518278
0.5 0.010966693744922826
0.509090909090909 0.011372867587327376
0.5178571428571429 0.011779041429731926
0.5263157894736842 0.012185215272136474
0.5344827586206896 0.012591389114541024
0.5254237288135594 0.012591389114541024
0.5333333333333333 0.012997562956945572
0.5409836065573771 0.013403736799350122
0.5483870967741935 0.01380991064175467
0.5555555555555556 0.01421608448415922
0.546875 0.01421608448415922
0.5538461538461539 0.01462225832656377
0.5606060606060606 0.015028432168968318
0.5671641791044776 0.015434606011372868
0.5735294117647058 0.015840779853777416
0.5797101449275363 0.016246953696181964
0.5857142857142857 0.016653127538586516
0.5915492957746479 0.017059301380991064
0.5972222222222222 0.017465475223395612
0.6027397260273972 0.017871649065800164
0.6081081081081081 0.018277822908204712
0.6133333333333333 0.01868399675060926
0.618421052631579 0.019090170593013808
0.6233766233766234 0.01949634443541836
0.6282051282051282 0.019902518277822908
0.6329113924050633 0.020308692120227456
0.625 0.020308692120227456
0.6172839506172839 0.020308692120227456
0.6219512195121951 0.020714865962632008
0.6144578313253012 0.020714865962632008
0.6190476190476191 0.021121039805036556
0.6235294117647059 0.021527213647441104
0.6162790697674418 0.021527213647441104
0.6206896551724138 0.021933387489845652
0.6136363636363636 0.021933387489845652
0.6067415730337079 0.021933387489845652
0.6 0.021933387489845652
0.6043956043956044 0.022339561332250204
0.6086956521739131 0.022745735174654752
0.6129032258064516 0.0231519090170593
0.6170212765957447 0.023558082859463852
0.6210526315789474 0.0239642567018684
0.6145833333333334 0.0239642567018684
0.6185567010309279 0.024370430544272948
0.6224489795918368 0.024776604386677496
0.6262626262626263 0.025182778229082048
0.62 0.025182778229082048
0.6237623762376238 0.025588952071486596
0.6176470588235294 0.025588952071486596
0.6116504854368932 0.025588952071486596
0.6153846153846154 0.025995125913891144
0.6190476190476191 0.026401299756295696
0.6226415094339622 0.026807473598700244
0.6261682242990654 0.027213647441104792
0.6296296296296297 0.02761982128350934
0.6330275229357798 0.028025995125913892
0.6363636363636364 0.02843216896831844
0.6396396396396397 0.028838342810722988
0.6339285714285714 0.028838342810722988
0.6283185840707964 0.028838342810722988
0.631578947368421 0.02924451665312754
0.6347826086956522 0.029650690495532088
0.6293103448275862 0.029650690495532088
0.6324786324786325 0.030056864337936636
0.635593220338983 0.030463038180341188
0.6302521008403361 0.030463038180341188
0.625 0.030463038180341188
0.6198347107438017 0.030463038180341188
0.6147540983606558 0.030463038180341188
0.6178861788617886 0.030869212022745736
0.6209677419354839 0.03127538586515029
0.616 0.03127538586515029
0.6111111111111112 0.03127538586515029
0.6141732283464567 0.03168155970755483
0.6171875 0.032087733549959384
0.6201550387596899 0.03249390739236393
0.6230769230769231 0.03290008123476848
0.6259541984732825 0.03330625507717303
0.6287878787878788 0.033712428919577576
0.6240601503759399 0.033712428919577576
0.6194029850746269 0.033712428919577576
0.6148148148148148 0.033712428919577576
0.6176470588235294 0.03411860276198213
0.6204379562043796 0.03452477660438668
0.6159420289855072 0.03452477660438668
0.6115107913669064 0.03452477660438668
0.6071428571428571 0.03452477660438668
0.6028368794326241 0.03452477660438668
0.6056338028169014 0.034930950446791224
0.6083916083916084 0.035337124289195776
0.6111111111111112 0.03574329813160033
0.6137931034482759 0.03614947197400487
0.6095890410958904 0.03614947197400487
0.6054421768707483 0.03614947197400487
0.6013513513513513 0.03614947197400487
0.5973154362416108 0.03614947197400487
0.6 0.036555645816409424
0.6026490066225165 0.036961819658813976
0.5986842105263158 0.036961819658813976
0.5947712418300654 0.036961819658813976
0.5909090909090909 0.036961819658813976
0.5870967741935483 0.036961819658813976
0.5833333333333334 0.036961819658813976
0.5796178343949044 0.036961819658813976
0.5759493670886076 0.036961819658813976
0.5723270440251572 0.036961819658813976
0.56875 0.036961819658813976
0.5652173913043478 0.036961819658813976
0.5617283950617284 0.036961819658813976
0.558282208588957 0.036961819658813976
0.5609756097560976 0.03736799350121852
0.5636363636363636 0.03777416734362307
0.5602409638554217 0.03777416734362307
0.5568862275449101 0.03777416734362307
0.5535714285714286 0.03777416734362307
0.5502958579881657 0.03777416734362307
0.5470588235294118 0.03777416734362307
0.5497076023391813 0.038180341186027617
0.5523255813953488 0.03858651502843217
0.5549132947976878 0.03899268887083672
0.5574712643678161 0.039398862713241264
0.56 0.039805036555645816
0.5625 0.04021121039805037
0.559322033898305 0.04021121039805037
0.5617977528089888 0.04061738424045491
0.5642458100558659 0.041023558082859464
0.5611111111111111 0.041023558082859464
0.5580110497237569 0.041023558082859464
0.554945054945055 0.041023558082859464
0.5573770491803278 0.041429731925264016
0.5597826086956522 0.04183590576766856
0.5621621621621622 0.04224207961007311
0.5645161290322581 0.042648253452477664
0.5668449197860963 0.04305442729488221
0.5638297872340425 0.04305442729488221
0.5608465608465608 0.04305442729488221
0.5578947368421052 0.04305442729488221
0.5602094240837696 0.04346060113728676
0.5625 0.043866774979691305
0.5595854922279793 0.043866774979691305
0.5618556701030928 0.044272948822095856
0.558974358974359 0.044272948822095856
0.5561224489795918 0.044272948822095856
0.5583756345177665 0.04467912266450041
0.5606060606060606 0.04508529650690495
0.5577889447236181 0.04508529650690495
0.56 0.045491470349309504
0.5621890547263682 0.045897644191714056
0.5643564356435643 0.0463038180341186
0.5665024630541872 0.04670999187652315
0.5686274509803921 0.047116165718927704
0.5707317073170731 0.04752233956133225
0.5679611650485437 0.04752233956133225
0.5652173913043478 0.04752233956133225
0.5673076923076923 0.0479285134037368
0.569377990430622 0.04833468724614135
0.5714285714285714 0.048740861088545896
0.5687203791469194 0.048740861088545896
0.5707547169811321 0.04914703493095045
0.568075117370892 0.04914703493095045
0.5654205607476636 0.04914703493095045
0.5674418604651162 0.04955320877335499
0.5648148148148148 0.04955320877335499
0.5622119815668203 0.04955320877335499
0.5596330275229358 0.04955320877335499
0.5570776255707762 0.04955320877335499
0.5545454545454546 0.04955320877335499
0.5520361990950227 0.04955320877335499
0.5495495495495496 0.04955320877335499
0.547085201793722 0.04955320877335499
0.5491071428571429 0.049959382615759544
0.5511111111111111 0.050365556458164096
0.5530973451327433 0.05077173030056864
0.5550660792951542 0.05117790414297319
0.5570175438596491 0.051584077985377744
0.5589519650655022 0.05199025182778229
0.5608695652173913 0.05239642567018684
0.5627705627705628 0.05280259951259139
0.5646551724137931 0.053208773354995936
0.5665236051502146 0.05361494719740049
0.5683760683760684 0.05402112103980504
0.5702127659574469 0.054427294882209584
0.5720338983050848 0.054833468724614136
0.5738396624472574 0.05523964256701868
0.5756302521008403 0.05564581640942323
0.5732217573221757 0.05564581640942323
0.5708333333333333 0.05564581640942323
0.5684647302904564 0.05564581640942323
0.5661157024793388 0.05564581640942323
0.5679012345679012 0.056051990251827784
0.569672131147541 0.05645816409423233
0.5714285714285714 0.05686433793663688
0.573170731707317 0.05727051177904143
0.5748987854251012 0.057676685621445976
0.5766129032258065 0.05808285946385053
0.5783132530120482 0.05848903330625508
0.58 0.058895207148659624
0.5816733067729084 0.059301380991064176
0.5833333333333334 0.05970755483346873
0.5810276679841897 0.05970755483346873
0.5826771653543307 0.06011372867587327
0.5843137254901961 0.060519902518277824
0.5859375 0.060926076360682375
0.5875486381322957 0.06133225020308692
0.5891472868217055 0.06173842404549147
0.5868725868725869 0.06173842404549147
0.5846153846153846 0.06173842404549147
0.5862068965517241 0.062144597887896016
0.583969465648855 0.062144597887896016
0.5855513307984791 0.06255077173030058
0.5833333333333334 0.06255077173030058
0.5811320754716981 0.06255077173030058
0.5789473684210527 0.06255077173030058
0.5805243445692884 0.06295694557270512
0.582089552238806 0.06336311941510966
0.5799256505576208 0.06336311941510966
0.5777777777777777 0.06336311941510966
0.5756457564575646 0.06336311941510966
0.5735294117647058 0.06336311941510966
0.5714285714285714 0.06336311941510966
0.5693430656934306 0.06336311941510966
0.5672727272727273 0.06336311941510966
0.5652173913043478 0.06336311941510966
0.5631768953068592 0.06336311941510966
0.5611510791366906 0.06336311941510966
0.5591397849462365 0.06336311941510966
0.5571428571428572 0.06336311941510966
0.5551601423487544 0.06336311941510966
0.5531914893617021 0.06336311941510966
0.5512367491166078 0.06336311941510966
0.5492957746478874 0.06336311941510966
0.5473684210526316 0.06336311941510966
0.5454545454545454 0.06336311941510966
0.5435540069686411 0.06336311941510966
0.5416666666666666 0.06336311941510966
0.5397923875432526 0.06336311941510966
0.5379310344827586 0.06336311941510966
0.5360824742268041 0.06336311941510966
0.5342465753424658 0.06336311941510966
0.5324232081911263 0.06336311941510966
0.5306122448979592 0.06336311941510966
0.5288135593220339 0.06336311941510966
0.527027027027027 0.06336311941510966
0.5252525252525253 0.06336311941510966
0.5234899328859061 0.06336311941510966
0.5217391304347826 0.06336311941510966
0.52 0.06336311941510966
0.5182724252491694 0.06336311941510966
0.5165562913907285 0.06336311941510966
0.5148514851485149 0.06336311941510966
0.5131578947368421 0.06336311941510966
0.5114754098360655 0.06336311941510966
0.5098039215686274 0.06336311941510966
0.50814332247557 0.06336311941510966
0.5064935064935064 0.06336311941510966
0.5048543689320388 0.06336311941510966
0.5032258064516129 0.06336311941510966
0.5016077170418006 0.06336311941510966
0.5 0.06336311941510966
0.5015974440894568 0.06376929325751422
0.5031847133757962 0.06417546709991877
0.5047619047619047 0.06458164094232331
0.5063291139240507 0.06498781478472786
0.5078864353312302 0.06539398862713242
0.5094339622641509 0.06580016246953696
0.5109717868338558 0.0662063363119415
0.5125 0.06661251015434606
0.514018691588785 0.06701868399675061
0.515527950310559 0.06742485783915515
0.5170278637770898 0.06783103168155971
0.5185185185185185 0.06823720552396426
0.52 0.0686433793663688
0.5214723926380368 0.06904955320877336
0.5229357798165137 0.0694557270511779
0.524390243902439 0.06986190089358245
0.5258358662613982 0.07026807473598701
0.5272727272727272 0.07067424857839155
0.5287009063444109 0.0710804224207961
0.5301204819277109 0.07148659626320066
0.5315315315315315 0.0718927701056052
0.5329341317365269 0.07229894394800974
0.5343283582089552 0.0727051177904143
0.5357142857142857 0.07311129163281885
0.5370919881305638 0.07351746547522339
0.5384615384615384 0.07392363931762795
0.5368731563421829 0.07392363931762795
0.5352941176470588 0.07392363931762795
0.533724340175953 0.07392363931762795
0.5321637426900585 0.07392363931762795
0.5306122448979592 0.07392363931762795
0.5319767441860465 0.0743298131600325
0.5304347826086957 0.0743298131600325
0.5289017341040463 0.0743298131600325
0.5273775216138329 0.0743298131600325
0.5258620689655172 0.0743298131600325
0.5243553008595988 0.0743298131600325
0.5228571428571429 0.0743298131600325
0.5213675213675214 0.0743298131600325
0.5198863636363636 0.0743298131600325
0.5184135977337111 0.0743298131600325
0.5169491525423728 0.0743298131600325
0.5154929577464789 0.0743298131600325
0.5140449438202247 0.0743298131600325
0.5126050420168067 0.0743298131600325
0.5139664804469274 0.07473598700243704
0.5125348189415042 0.07473598700243704
0.5138888888888888 0.0751421608448416
0.5152354570637119 0.07554833468724614
0.5165745856353591 0.07595450852965069
0.5179063360881543 0.07636068237205523
0.5192307692307693 0.07676685621445979
0.5205479452054794 0.07717303005686434
0.5218579234972678 0.07757920389926888
0.5231607629427792 0.07798537774167344
0.5244565217391305 0.07839155158407798
0.5257452574525745 0.07879772542648253
0.527027027027027 0.07920389926888709
0.5256064690026954 0.07920389926888709
0.5241935483870968 0.07920389926888709
0.5227882037533512 0.07920389926888709
0.5213903743315508 0.07920389926888709
0.52 0.07920389926888709
0.5186170212765957 0.07920389926888709
0.5172413793103449 0.07920389926888709
0.5158730158730159 0.07920389926888709
0.5145118733509235 0.07920389926888709
0.5131578947368421 0.07920389926888709
0.5118110236220472 0.07920389926888709
0.5104712041884817 0.07920389926888709
0.5091383812010444 0.07920389926888709
0.5078125 0.07920389926888709
0.5064935064935064 0.07920389926888709
0.5051813471502591 0.07920389926888709
0.5038759689922481 0.07920389926888709
0.5025773195876289 0.07920389926888709
0.5012853470437018 0.07920389926888709
0.5 0.07920389926888709
0.49872122762148335 0.07920389926888709
0.49744897959183676 0.07920389926888709
0.4961832061068702 0.07920389926888709
0.4949238578680203 0.07920389926888709
0.4936708860759494 0.07920389926888709
0.49242424242424243 0.07920389926888709
0.491183879093199 0.07920389926888709
0.4899497487437186 0.07920389926888709
0.48872180451127817 0.07920389926888709
0.49 0.07961007311129163
0.4912718204488778 0.08001624695369618
0.4925373134328358 0.08042242079610074
0.49379652605459057 0.08082859463850528
0.49504950495049505 0.08123476848090982
0.4962962962962963 0.08164094232331438
0.4975369458128079 0.08204711616571893
0.4987714987714988 0.08245329000812347
0.5 0.08285946385052803
0.5012224938875306 0.08326563769293258
0.5024390243902439 0.08367181153533712
0.5036496350364964 0.08407798537774168
