0.0 0.0
0.5 0.0012330456226880395
0.3333333333333333 0.0012330456226880395
0.3333333333333333 0.0012330456226880395
0.3333333333333333 0.0012330456226880395
0.5 0.002466091245376079
0.5 0.002466091245376079
0.5 0.002466091245376079
0.4 0.002466091245376079
0.4 0.002466091245376079
0.5 0.0036991368680641184
0.42857142857142855 0.0036991368680641184
0.5 0.004932182490752158
0.5 0.004932182490752158
0.5555555555555556 0.006165228113440197
0.5555555555555556 0.006165228113440197
0.5555555555555556 0.006165228113440197
0.6 0.007398273736128237
0.6 0.007398273736128237
0.6363636363636364 0.008631319358816275
0.6363636363636364 0.008631319358816275
0.6666666666666666 0.009864364981504316
0.6923076923076923 0.011097410604192354
0.7142857142857143 0.012330456226880395
0.7333333333333333 0.013563501849568433
0.75 0.014796547472256474
0.7647058823529411 0.016029593094944512
0.7777777777777778 0.01726263871763255
0.7894736842105263 0.018495684340320593
0.8 0.01972872996300863
0.8095238095238095 0.02096177558569667
0.8181818181818182 0.02219482120838471
0.8260869565217391 0.02342786683107275
0.8333333333333334 0.02466091245376079
0.84 0.025893958076448828
0.8461538461538461 0.027127003699136867
0.8518518518518519 0.02836004932182491
0.8571428571428571 0.029593094944512947
0.8571428571428571 0.029593094944512947
0.8620689655172413 0.030826140567200986
0.8333333333333334 0.030826140567200986
0.8333333333333334 0.030826140567200986
0.8333333333333334 0.030826140567200986
0.8333333333333334 0.030826140567200986
0.8333333333333334 0.030826140567200986
0.8387096774193549 0.032059186189889025
0.8125 0.032059186189889025
0.7878787878787878 0.032059186189889025
0.7647058823529411 0.032059186189889025
0.7647058823529411 0.032059186189889025
0.7428571428571429 0.032059186189889025
0.75 0.03329223181257707
0.75 0.03329223181257707
0.7567567567567568 0.0345252774352651
0.7368421052631579 0.0345252774352651
0.7368421052631579 0.0345252774352651
0.7368421052631579 0.0345252774352651
0.717948717948718 0.0345252774352651
0.717948717948718 0.0345252774352651
0.717948717948718 0.0345252774352651
0.717948717948718 0.0345252774352651
0.717948717948718 0.0345252774352651
0.717948717948718 0.0345252774352651
0.717948717948718 0.0345252774352651
0.717948717948718 0.0345252774352651
0.717948717948718 0.0345252774352651
0.717948717948718 0.0345252774352651
0.717948717948718 0.0345252774352651
0.717948717948718 0.0345252774352651
0.717948717948718 0.0345252774352651
0.7 0.0345252774352651
0.7 0.0345252774352651
0.7 0.0345252774352651
0.6829268292682927 0.0345252774352651
0.6829268292682927 0.0345252774352651
0.6666666666666666 0.0345252774352651
0.6666666666666666 0.0345252774352651
0.6666666666666666 0.0345252774352651
0.6666666666666666 0.0345252774352651
0.6666666666666666 0.0345252774352651
0.6666666666666666 0.0345252774352651
0.6666666666666666 0.0345252774352651
0.6666666666666666 0.0345252774352651
0.6666666666666666 0.0345252774352651
0.6666666666666666 0.0345252774352651
0.6666666666666666 0.0345252774352651
0.6666666666666666 0.0345252774352651
0.6666666666666666 0.0345252774352651
0.6666666666666666 0.0345252774352651
0.6511627906976745 0.0345252774352651
0.6511627906976745 0.0345252774352651
0.6511627906976745 0.0345252774352651
0.6511627906976745 0.0345252774352651
0.6511627906976745 0.0345252774352651
0.6590909090909091 0.035758323057953144
0.6666666666666666 0.036991368680641186
0.6521739130434783 0.036991368680641186
0.6521739130434783 0.036991368680641186
0.6521739130434783 0.036991368680641186
0.6382978723404256 0.036991368680641186
0.625 0.036991368680641186
0.625 0.036991368680641186
0.6122448979591837 0.036991368680641186
0.6122448979591837 0.036991368680641186
0.6122448979591837 0.036991368680641186
0.6122448979591837 0.036991368680641186
0.6122448979591837 0.036991368680641186
0.6122448979591837 0.036991368680641186
0.6122448979591837 0.036991368680641186
0.62 0.03822441430332922
0.62 0.03822441430332922
0.62 0.03822441430332922
0.62 0.03822441430332922
0.62 0.03822441430332922
0.5961538461538461 0.03822441430332922
0.5961538461538461 0.03822441430332922
0.5961538461538461 0.03822441430332922
0.5961538461538461 0.03822441430332922
0.5961538461538461 0.03822441430332922
0.5961538461538461 0.03822441430332922
0.5961538461538461 0.03822441430332922
0.5961538461538461 0.03822441430332922
0.5961538461538461 0.03822441430332922
0.5849056603773585 0.03822441430332922
0.5849056603773585 0.03822441430332922
0.5740740740740741 0.03822441430332922
0.5740740740740741 0.03822441430332922
0.5636363636363636 0.03822441430332922
0.5636363636363636 0.03822441430332922
0.5636363636363636 0.03822441430332922
0.5636363636363636 0.03822441430332922
0.5614035087719298 0.03945745992601726
0.5614035087719298 0.03945745992601726
0.5614035087719298 0.03945745992601726
0.5614035087719298 0.03945745992601726
0.5689655172413793 0.040690505548705305
0.576271186440678 0.04192355117139334
0.5833333333333334 0.04315659679408138
0.5833333333333334 0.04315659679408138
0.5833333333333334 0.04315659679408138
0.5833333333333334 0.04315659679408138
0.5833333333333334 0.04315659679408138
0.5833333333333334 0.04315659679408138
0.5833333333333334 0.04315659679408138
0.5967741935483871 0.04562268803945746
0.5967741935483871 0.04562268803945746
0.5967741935483871 0.04562268803945746
0.5967741935483871 0.04562268803945746
0.5967741935483871 0.04562268803945746
0.5967741935483871 0.04562268803945746
0.5967741935483871 0.04562268803945746
0.5967741935483871 0.04562268803945746
0.5967741935483871 0.04562268803945746
0.5967741935483871 0.04562268803945746
0.5967741935483871 0.04562268803945746
0.5967741935483871 0.04562268803945746
0.5873015873015873 0.04562268803945746
0.59375 0.0468557336621455
0.59375 0.0468557336621455
0.59375 0.0468557336621455
0.5846153846153846 0.0468557336621455
0.5846153846153846 0.0468557336621455
0.5846153846153846 0.0468557336621455
0.5846153846153846 0.0468557336621455
0.5846153846153846 0.0468557336621455
0.5846153846153846 0.0468557336621455
0.5757575757575758 0.0468557336621455
0.5757575757575758 0.0468557336621455
0.5757575757575758 0.0468557336621455
0.5757575757575758 0.0468557336621455
0.5671641791044776 0.0468557336621455
0.5671641791044776 0.0468557336621455
0.5671641791044776 0.0468557336621455
0.5671641791044776 0.0468557336621455
0.5671641791044776 0.0468557336621455
0.5671641791044776 0.0468557336621455
0.5588235294117647 0.0468557336621455
0.5588235294117647 0.0468557336621455
0.5507246376811594 0.0468557336621455
0.5571428571428572 0.04808877928483354
0.5633802816901409 0.04932182490752158
0.5694444444444444 0.05055487053020962
0.5694444444444444 0.05055487053020962
0.5694444444444444 0.05055487053020962
0.5694444444444444 0.05055487053020962
0.5694444444444444 0.05055487053020962
0.5694444444444444 0.05055487053020962
0.5694444444444444 0.05055487053020962
0.5694444444444444 0.05055487053020962
0.5694444444444444 0.05055487053020962
0.5694444444444444 0.05055487053020962
0.5694444444444444 0.05055487053020962
0.5694444444444444 0.05055487053020962
0.5694444444444444 0.05055487053020962
0.5694444444444444 0.05055487053020962
0.5616438356164384 0.05055487053020962
0.5616438356164384 0.05055487053020962
0.5616438356164384 0.05055487053020962
0.5616438356164384 0.05055487053020962
0.5616438356164384 0.05055487053020962
0.5616438356164384 0.05055487053020962
0.5616438356164384 0.05055487053020962
0.5675675675675675 0.051787916152897656
0.5733333333333334 0.0530209617755857
0.5733333333333334 0.0530209617755857
0.5789473684210527 0.05425400739827373
0.5789473684210527 0.05425400739827373
0.5789473684210527 0.05425400739827373
0.5714285714285714 0.05425400739827373
0.5714285714285714 0.05425400739827373
0.5714285714285714 0.05425400739827373
0.5714285714285714 0.05425400739827373
0.5714285714285714 0.05425400739827373
0.5714285714285714 0.05425400739827373
0.5714285714285714 0.05425400739827373
0.5714285714285714 0.05425400739827373
0.5714285714285714 0.05425400739827373
0.5641025641025641 0.05425400739827373
0.5641025641025641 0.05425400739827373
0.5641025641025641 0.05425400739827373
0.5641025641025641 0.05425400739827373
0.5641025641025641 0.05425400739827373
0.55 0.05425400739827373
0.55 0.05425400739827373
0.55 0.05425400739827373
0.5432098765432098 0.05425400739827373
0.5432098765432098 0.05425400739827373
0.5365853658536586 0.05425400739827373
0.5365853658536586 0.05425400739827373
0.5365853658536586 0.05425400739827373
0.5365853658536586 0.05425400739827373
0.5365853658536586 0.05425400739827373
0.5365853658536586 0.05425400739827373
0.5365853658536586 0.05425400739827373
0.5301204819277109 0.05425400739827373
0.5238095238095238 0.05425400739827373
0.5238095238095238 0.05425400739827373
0.5238095238095238 0.05425400739827373
0.5238095238095238 0.05425400739827373
0.5238095238095238 0.05425400739827373
0.5238095238095238 0.05425400739827373
0.5238095238095238 0.05425400739827373
0.5238095238095238 0.05425400739827373
0.5238095238095238 0.05425400739827373
0.5238095238095238 0.05425400739827373
0.5238095238095238 0.05425400739827373
0.5238095238095238 0.05425400739827373
0.5294117647058824 0.055487053020961775
0.5294117647058824 0.055487053020961775
0.5294117647058824 0.055487053020961775
0.5294117647058824 0.055487053020961775
0.5294117647058824 0.055487053020961775
0.5294117647058824 0.055487053020961775
0.5232558139534884 0.055487053020961775
0.5232558139534884 0.055487053020961775
0.5232558139534884 0.055487053020961775
0.5172413793103449 0.055487053020961775
0.5113636363636364 0.055487053020961775
0.5113636363636364 0.055487053020961775
0.5113636363636364 0.055487053020961775
0.5113636363636364 0.055487053020961775
0.5113636363636364 0.055487053020961775
0.5113636363636364 0.055487053020961775
0.5113636363636364 0.055487053020961775
0.5113636363636364 0.055487053020961775
0.5168539325842697 0.05672009864364982
0.5168539325842697 0.05672009864364982
0.5111111111111111 0.05672009864364982
0.5164835164835165 0.05795314426633785
0.5217391304347826 0.059186189889025895
0.5217391304347826 0.059186189889025895
0.5217391304347826 0.059186189889025895
0.5217391304347826 0.059186189889025895
0.5217391304347826 0.059186189889025895
0.5217391304347826 0.059186189889025895
0.5217391304347826 0.059186189889025895
0.5217391304347826 0.059186189889025895
0.5217391304347826 0.059186189889025895
0.5268817204301075 0.06041923551171394
0.5268817204301075 0.06041923551171394
0.5268817204301075 0.06041923551171394
0.5268817204301075 0.06041923551171394
0.5268817204301075 0.06041923551171394
0.5268817204301075 0.06041923551171394
0.5268817204301075 0.06041923551171394
0.5268817204301075 0.06041923551171394
0.5268817204301075 0.06041923551171394
0.5268817204301075 0.06041923551171394
0.5268817204301075 0.06041923551171394
0.5268817204301075 0.06041923551171394
0.5268817204301075 0.06041923551171394
0.5268817204301075 0.06041923551171394
0.5268817204301075 0.06041923551171394
0.5268817204301075 0.06041923551171394
0.5268817204301075 0.06041923551171394
0.5268817204301075 0.06041923551171394
0.5268817204301075 0.06041923551171394
0.5212765957446809 0.06041923551171394
0.5157894736842106 0.06041923551171394
0.5157894736842106 0.06041923551171394
0.5157894736842106 0.06041923551171394
0.5157894736842106 0.06041923551171394
0.5157894736842106 0.06041923551171394
0.5157894736842106 0.06041923551171394
0.5157894736842106 0.06041923551171394
0.5157894736842106 0.06041923551171394
0.5157894736842106 0.06041923551171394
0.5157894736842106 0.06041923551171394
0.5157894736842106 0.06041923551171394
0.5157894736842106 0.06041923551171394
0.5208333333333334 0.06165228113440197
0.5208333333333334 0.06165228113440197
0.5208333333333334 0.06165228113440197
0.5257731958762887 0.06288532675709001
0.5257731958762887 0.06288532675709001
0.5257731958762887 0.06288532675709001
0.5204081632653061 0.06288532675709001
0.5204081632653061 0.06288532675709001
0.5204081632653061 0.06288532675709001
0.5204081632653061 0.06288532675709001
0.5151515151515151 0.06288532675709001
0.5151515151515151 0.06288532675709001
0.5151515151515151 0.06288532675709001
0.5151515151515151 0.06288532675709001
0.51 0.06288532675709001
0.51 0.06288532675709001
0.51 0.06288532675709001
0.51 0.06288532675709001
0.51 0.06288532675709001
0.51 0.06288532675709001
0.51 0.06288532675709001
0.51 0.06288532675709001
0.504950495049505 0.06288532675709001
0.504950495049505 0.06288532675709001
0.504950495049505 0.06288532675709001
0.504950495049505 0.06288532675709001
0.5 0.06288532675709001
0.5 0.06288532675709001
0.5 0.06288532675709001
0.49514563106796117 0.06288532675709001
0.49514563106796117 0.06288532675709001
0.49514563106796117 0.06288532675709001
0.49514563106796117 0.06288532675709001
0.5 0.06411837237977805
0.5047619047619047 0.06535141800246609
0.5047619047619047 0.06535141800246609
0.5047619047619047 0.06535141800246609
0.5047619047619047 0.06535141800246609
0.5047619047619047 0.06535141800246609
0.5047619047619047 0.06535141800246609
0.5047619047619047 0.06535141800246609
0.5047619047619047 0.06535141800246609
0.5047619047619047 0.06535141800246609
0.5047619047619047 0.06535141800246609
0.5047619047619047 0.06535141800246609
0.5047619047619047 0.06535141800246609
0.5047619047619047 0.06535141800246609
0.5047619047619047 0.06535141800246609
0.5047619047619047 0.06535141800246609
0.5047619047619047 0.06535141800246609
0.5047619047619047 0.06535141800246609
0.5047619047619047 0.06535141800246609
0.5047619047619047 0.06535141800246609
0.5047619047619047 0.06535141800246609
0.5047619047619047 0.06535141800246609
0.5047619047619047 0.06535141800246609
0.5047619047619047 0.06535141800246609
0.5047619047619047 0.06535141800246609
0.5 0.06535141800246609
0.5 0.06535141800246609
0.4953271028037383 0.06535141800246609
0.4953271028037383 0.06535141800246609
0.5 0.06658446362515413
0.5 0.06658446362515413
0.5045871559633027 0.06781750924784218
0.509090909090909 0.0690505548705302
0.509090909090909 0.0690505548705302
0.509090909090909 0.0690505548705302
0.509090909090909 0.0690505548705302
0.509090909090909 0.0690505548705302
0.5135135135135135 0.07028360049321825
0.5178571428571429 0.07151664611590629
0.5178571428571429 0.07151664611590629
0.5221238938053098 0.07274969173859433
0.5263157894736842 0.07398273736128237
0.5263157894736842 0.07398273736128237
0.5304347826086957 0.0752157829839704
0.5304347826086957 0.0752157829839704
0.5304347826086957 0.0752157829839704
0.5304347826086957 0.0752157829839704
0.5344827586206896 0.07644882860665844
0.5344827586206896 0.07644882860665844
0.5344827586206896 0.07644882860665844
0.5344827586206896 0.07644882860665844
0.5384615384615384 0.07768187422934648
0.5384615384615384 0.07768187422934648
0.5384615384615384 0.07768187422934648
0.5384615384615384 0.07768187422934648
0.5384615384615384 0.07768187422934648
0.5423728813559322 0.07891491985203453
0.5423728813559322 0.07891491985203453
0.5423728813559322 0.07891491985203453
0.5423728813559322 0.07891491985203453
0.5423728813559322 0.07891491985203453
0.5423728813559322 0.07891491985203453
0.5423728813559322 0.07891491985203453
0.5423728813559322 0.07891491985203453
0.5423728813559322 0.07891491985203453
0.5423728813559322 0.07891491985203453
0.5423728813559322 0.07891491985203453
0.5423728813559322 0.07891491985203453
0.5423728813559322 0.07891491985203453
0.5423728813559322 0.07891491985203453
0.5423728813559322 0.07891491985203453
0.5423728813559322 0.07891491985203453
0.5423728813559322 0.07891491985203453
0.5423728813559322 0.07891491985203453
0.5462184873949579 0.08014796547472257
0.5462184873949579 0.08014796547472257
0.5462184873949579 0.08014796547472257
0.5462184873949579 0.08014796547472257
0.5462184873949579 0.08014796547472257
0.5462184873949579 0.08014796547472257
0.5462184873949579 0.08014796547472257
0.5462184873949579 0.08014796547472257
0.5416666666666666 0.08014796547472257
0.5416666666666666 0.08014796547472257
0.5416666666666666 0.08014796547472257
0.5416666666666666 0.08014796547472257
0.5416666666666666 0.08014796547472257
0.5416666666666666 0.08014796547472257
0.5416666666666666 0.08014796547472257
0.5371900826446281 0.08014796547472257
0.5371900826446281 0.08014796547472257
0.5371900826446281 0.08014796547472257
0.5371900826446281 0.08014796547472257
0.5371900826446281 0.08014796547472257
0.5371900826446281 0.08014796547472257
0.5371900826446281 0.08014796547472257
0.5371900826446281 0.08014796547472257
0.5327868852459017 0.08014796547472257
0.5327868852459017 0.08014796547472257
0.5327868852459017 0.08014796547472257
0.5327868852459017 0.08014796547472257
0.5327868852459017 0.08014796547472257
0.5327868852459017 0.08014796547472257
0.5327868852459017 0.08014796547472257
0.5327868852459017 0.08014796547472257
0.5327868852459017 0.08014796547472257
0.5327868852459017 0.08014796547472257
0.5327868852459017 0.08014796547472257
0.5327868852459017 0.08014796547472257
0.5284552845528455 0.08014796547472257
0.5284552845528455 0.08014796547472257
0.5284552845528455 0.08014796547472257
0.5241935483870968 0.08014796547472257
0.528 0.08138101109741061
0.5317460317460317 0.08261405672009864
0.5354330708661418 0.08384710234278668
0.5390625 0.08508014796547472
0.5426356589147286 0.08631319358816276
0.5461538461538461 0.08754623921085081
0.549618320610687 0.08877928483353884
0.553030303030303 0.09001233045622688
0.556390977443609 0.09124537607891492
0.5597014925373134 0.09247842170160296
0.562962962962963 0.093711467324291
0.5661764705882353 0.09494451294697903
0.5693430656934306 0.09617755856966707
0.572463768115942 0.09741060419235512
0.5755395683453237 0.09864364981504316
0.5785714285714286 0.0998766954377312
0.574468085106383 0.0998766954377312
0.5704225352112676 0.0998766954377312
0.5704225352112676 0.0998766954377312
0.5704225352112676 0.0998766954377312
0.5664335664335665 0.0998766954377312
0.5664335664335665 0.0998766954377312
0.5664335664335665 0.0998766954377312
0.5625 0.0998766954377312
0.5625 0.0998766954377312
0.5625 0.0998766954377312
0.5586206896551724 0.0998766954377312
0.5586206896551724 0.0998766954377312
0.5586206896551724 0.0998766954377312
0.5586206896551724 0.0998766954377312
0.5586206896551724 0.0998766954377312
0.5586206896551724 0.0998766954377312
0.5586206896551724 0.0998766954377312
0.5586206896551724 0.0998766954377312
0.5586206896551724 0.0998766954377312
0.5586206896551724 0.0998766954377312
0.5547945205479452 0.0998766954377312
0.5547945205479452 0.0998766954377312
0.5578231292517006 0.10110974106041924
0.5608108108108109 0.10234278668310727
0.5637583892617449 0.10357583230579531
0.5637583892617449 0.10357583230579531
0.5637583892617449 0.10357583230579531
0.5666666666666667 0.10480887792848335
0.5695364238410596 0.1060419235511714
0.5723684210526315 0.10727496917385944
0.5723684210526315 0.10727496917385944
0.5723684210526315 0.10727496917385944
0.5723684210526315 0.10727496917385944
0.5686274509803921 0.10727496917385944
0.5686274509803921 0.10727496917385944
0.5686274509803921 0.10727496917385944
0.5686274509803921 0.10727496917385944
0.5686274509803921 0.10727496917385944
0.564935064935065 0.10727496917385944
0.564935064935065 0.10727496917385944
0.564935064935065 0.10727496917385944
0.5612903225806452 0.10727496917385944
0.5612903225806452 0.10727496917385944
0.5612903225806452 0.10727496917385944
0.5612903225806452 0.10727496917385944
0.5612903225806452 0.10727496917385944
0.5576923076923077 0.10727496917385944
0.554140127388535 0.10727496917385944
0.554140127388535 0.10727496917385944
0.554140127388535 0.10727496917385944
0.554140127388535 0.10727496917385944
0.5506329113924051 0.10727496917385944
0.5506329113924051 0.10727496917385944
0.5471698113207547 0.10727496917385944
0.5471698113207547 0.10727496917385944
0.5471698113207547 0.10727496917385944
0.5471698113207547 0.10727496917385944
0.54375 0.10727496917385944
0.54375 0.10727496917385944
0.546583850931677 0.10850801479654747
0.546583850931677 0.10850801479654747
0.5432098765432098 0.10850801479654747
0.5398773006134969 0.10850801479654747
0.5398773006134969 0.10850801479654747
0.5398773006134969 0.10850801479654747
0.5398773006134969 0.10850801479654747
0.5365853658536586 0.10850801479654747
0.5365853658536586 0.10850801479654747
0.5365853658536586 0.10850801479654747
0.5365853658536586 0.10850801479654747
0.5365853658536586 0.10850801479654747
0.5365853658536586 0.10850801479654747
