0.5 0.005376344086021506
0.25 0.005376344086021506
0.16666666666666666 0.005376344086021506
0.125 0.005376344086021506
0.1 0.005376344086021506
0.09090909090909091 0.005376344086021506
0.07692307692307693 0.005376344086021506
0.14285714285714285 0.010752688172043012
0.1875 0.016129032258064516
0.23529411764705882 0.021505376344086023
0.2777777777777778 0.026881720430107527
0.3157894736842105 0.03225806451612903
0.3 0.03225806451612903
0.2857142857142857 0.03225806451612903
0.2608695652173913 0.03225806451612903
0.25 0.03225806451612903
0.24 0.03225806451612903
0.25925925925925924 0.03763440860215054
0.25 0.03763440860215054
0.2413793103448276 0.03763440860215054
0.26666666666666666 0.043010752688172046
0.2727272727272727 0.04838709677419355
0.2647058823529412 0.04838709677419355
0.2571428571428571 0.04838709677419355
0.2702702702702703 0.053763440860215055
0.2894736842105263 0.05913978494623656
0.3076923076923077 0.06451612903225806
0.325 0.06989247311827956
0.3170731707317073 0.06989247311827956
0.3023255813953488 0.06989247311827956
0.28888888888888886 0.06989247311827956
0.2826086956521739 0.06989247311827956
0.2708333333333333 0.06989247311827956
0.2653061224489796 0.06989247311827956
0.2549019607843137 0.06989247311827956
0.25 0.06989247311827956
0.24074074074074073 0.06989247311827956
0.23636363636363636 0.06989247311827956
0.23214285714285715 0.06989247311827956
0.22807017543859648 0.06989247311827956
0.23728813559322035 0.07526881720430108
0.23333333333333334 0.07526881720430108
0.22580645161290322 0.07526881720430108
0.23809523809523808 0.08064516129032258
0.234375 0.08064516129032258
0.23076923076923078 0.08064516129032258
0.22388059701492538 0.08064516129032258
0.22058823529411764 0.08064516129032258
0.21739130434782608 0.08064516129032258
0.2112676056338028 0.08064516129032258
0.20833333333333334 0.08064516129032258
0.20270270270270271 0.08064516129032258
0.2 0.08064516129032258
0.19736842105263158 0.08064516129032258
0.19230769230769232 0.08064516129032258
0.2 0.08602150537634409
0.1927710843373494 0.08602150537634409
0.19047619047619047 0.08602150537634409
0.18823529411764706 0.08602150537634409
0.18604651162790697 0.08602150537634409
0.1839080459770115 0.08602150537634409
0.1797752808988764 0.08602150537634409
0.17777777777777778 0.08602150537634409
0.17391304347826086 0.08602150537634409
0.17204301075268819 0.08602150537634409
0.1702127659574468 0.08602150537634409
0.16842105263157894 0.08602150537634409
0.16666666666666666 0.08602150537634409
0.16494845360824742 0.08602150537634409
0.16326530612244897 0.08602150537634409
0.16161616161616163 0.08602150537634409
0.16 0.08602150537634409
0.1553398058252427 0.08602150537634409
0.1523809523809524 0.08602150537634409
0.14953271028037382 0.08602150537634409
0.14678899082568808 0.08602150537634409
0.14414414414414414 0.08602150537634409
0.14285714285714285 0.08602150537634409
0.1415929203539823 0.08602150537634409
0.13793103448275862 0.08602150537634409
0.13445378151260504 0.08602150537634409
0.13333333333333333 0.08602150537634409
0.1322314049586777 0.08602150537634409
0.13008130081300814 0.08602150537634409
0.128 0.08602150537634409
0.12598425196850394 0.08602150537634409
0.125 0.08602150537634409
0.12307692307692308 0.08602150537634409
0.12213740458015267 0.08602150537634409
0.12030075187969924 0.08602150537634409
0.11940298507462686 0.08602150537634409
0.11851851851851852 0.08602150537634409
0.125 0.0913978494623656
0.13138686131386862 0.0967741935483871
0.13043478260869565 0.0967741935483871
0.12857142857142856 0.0967741935483871
0.1267605633802817 0.0967741935483871
0.125 0.0967741935483871
0.1232876712328767 0.0967741935483871
0.12244897959183673 0.0967741935483871
0.12162162162162163 0.0967741935483871
0.12080536912751678 0.0967741935483871
0.11920529801324503 0.0967741935483871
0.11842105263157894 0.0967741935483871
0.11688311688311688 0.0967741935483871
0.11538461538461539 0.0967741935483871
0.11464968152866242 0.0967741935483871
0.11320754716981132 0.0967741935483871
0.11180124223602485 0.0967741935483871
0.11728395061728394 0.10215053763440861
0.11585365853658537 0.10215053763440861
0.11515151515151516 0.10215053763440861
0.1144578313253012 0.10215053763440861
0.11377245508982035 0.10215053763440861
0.11242603550295859 0.10215053763440861
0.11176470588235295 0.10215053763440861
0.1111111111111111 0.10215053763440861
0.10982658959537572 0.10215053763440861
0.10857142857142857 0.10215053763440861
0.10795454545454546 0.10215053763440861
0.10674157303370786 0.10215053763440861
0.10555555555555556 0.10215053763440861
0.10497237569060773 0.10215053763440861
0.10382513661202186 0.10215053763440861
0.10326086956521739 0.10215053763440861
0.10270270270270271 0.10215053763440861
0.10160427807486631 0.10215053763440861
0.10106382978723404 0.10215053763440861
0.10052910052910052 0.10215053763440861
0.1 0.10215053763440861
0.09947643979057591 0.10215053763440861
0.09844559585492228 0.10215053763440861
0.0979381443298969 0.10215053763440861
0.09693877551020408 0.10215053763440861
0.09595959595959595 0.10215053763440861
0.09547738693467336 0.10215053763440861
0.1 0.10752688172043011
0.09900990099009901 0.10752688172043011
0.09803921568627451 0.10752688172043011
0.0970873786407767 0.10752688172043011
0.09615384615384616 0.10752688172043011
0.09569377990430622 0.10752688172043011
0.09523809523809523 0.10752688172043011
0.09433962264150944 0.10752688172043011
0.09389671361502347 0.10752688172043011
0.09345794392523364 0.10752688172043011
0.09302325581395349 0.10752688172043011
0.09216589861751152 0.10752688172043011
0.091324200913242 0.10752688172043011
0.09090909090909091 0.10752688172043011
0.09049773755656108 0.10752688172043011
0.09009009009009009 0.10752688172043011
0.08928571428571429 0.10752688172043011
0.08849557522123894 0.10752688172043011
0.0881057268722467 0.10752688172043011
0.08733624454148471 0.10752688172043011
0.09090909090909091 0.11290322580645161
0.09012875536480687 0.11290322580645161
0.08974358974358974 0.11290322580645161
0.08936170212765958 0.11290322580645161
0.08860759493670886 0.11290322580645161
0.08823529411764706 0.11290322580645161
0.08786610878661087 0.11290322580645161
0.0875 0.11290322580645161
0.08713692946058091 0.11290322580645161
0.08677685950413223 0.11290322580645161
0.08641975308641975 0.11290322580645161
0.08571428571428572 0.11290322580645161
0.08536585365853659 0.11290322580645161
0.08502024291497975 0.11290322580645161
0.0846774193548387 0.11290322580645161
0.084 0.11290322580645161
0.08366533864541832 0.11290322580645161
0.08333333333333333 0.11290322580645161
0.08300395256916997 0.11290322580645161
0.08267716535433071 0.11290322580645161
0.08203125 0.11290322580645161
0.08139534883720931 0.11290322580645161
0.08076923076923077 0.11290322580645161
0.08015267175572519 0.11290322580645161
0.07984790874524715 0.11290322580645161
0.07954545454545454 0.11290322580645161
0.07924528301886792 0.11290322580645161
0.07865168539325842 0.11290322580645161
0.07806691449814127 0.11290322580645161
0.07777777777777778 0.11290322580645161
0.07749077490774908 0.11290322580645161
0.07720588235294118 0.11290322580645161
0.07664233576642336 0.11290322580645161
0.07636363636363637 0.11290322580645161
0.07581227436823104 0.11290322580645161
0.07526881720430108 0.11290322580645161
0.07473309608540925 0.11290322580645161
0.07420494699646643 0.11290322580645161
0.07394366197183098 0.11290322580645161
0.07368421052631578 0.11290322580645161
0.07317073170731707 0.11290322580645161
0.07291666666666667 0.11290322580645161
0.07241379310344828 0.11290322580645161
0.07216494845360824 0.11290322580645161
0.07167235494880546 0.11290322580645161
0.07142857142857142 0.11290322580645161
0.07094594594594594 0.11290322580645161
0.0707070707070707 0.11290322580645161
0.07046979865771812 0.11290322580645161
0.07 0.11290322580645161
0.06976744186046512 0.11290322580645161
0.0695364238410596 0.11290322580645161
0.06907894736842106 0.11290322580645161
0.06885245901639345 0.11290322580645161
0.06840390879478828 0.11290322580645161
0.06796116504854369 0.11290322580645161
0.06752411575562701 0.11290322580645161
0.0670926517571885 0.11290322580645161
0.06666666666666667 0.11290322580645161
0.06645569620253164 0.11290322580645161
0.0660377358490566 0.11290322580645161
0.06583072100313479 0.11290322580645161
0.06542056074766354 0.11290322580645161
0.06521739130434782 0.11290322580645161
0.06501547987616099 0.11290322580645161
0.06481481481481481 0.11290322580645161
0.06441717791411043 0.11290322580645161
0.06422018348623854 0.11290322580645161
0.06402439024390244 0.11290322580645161
0.06363636363636363 0.11290322580645161
0.06325301204819277 0.11290322580645161
0.06287425149700598 0.11290322580645161
0.0626865671641791 0.11290322580645161
0.06231454005934718 0.11290322580645161
0.0621301775147929 0.11290322580645161
0.061764705882352944 0.11290322580645161
0.06158357771260997 0.11290322580645161
0.06140350877192982 0.11290322580645161
0.061224489795918366 0.11290322580645161
0.06086956521739131 0.11290322580645161
0.06051873198847262 0.11290322580645161
0.0603448275862069 0.11290322580645161
0.06017191977077364 0.11290322580645161
0.06 0.11290322580645161
0.05982905982905983 0.11290322580645161
0.059490084985835696 0.11290322580645161
0.059322033898305086 0.11290322580645161
0.05898876404494382 0.11290322580645161
0.05865921787709497 0.11290322580645161
0.0584958217270195 0.11290322580645161
0.058333333333333334 0.11290322580645161
0.058011049723756904 0.11290322580645161
0.057692307692307696 0.11290322580645161
0.05737704918032787 0.11290322580645161
0.05722070844686648 0.11290322580645161
0.057065217391304345 0.11290322580645161
0.056910569105691054 0.11290322580645161
0.05660377358490566 0.11290322580645161
0.056451612903225805 0.11290322580645161
0.05630026809651475 0.11290322580645161
0.056 0.11290322580645161
0.05585106382978723 0.11290322580645161
0.05570291777188329 0.11290322580645161
0.055408970976253295 0.11290322580645161
0.05511811023622047 0.11290322580645161
0.0549738219895288 0.11290322580645161
0.05483028720626632 0.11290322580645161
0.05454545454545454 0.11290322580645161
0.054404145077720206 0.11290322580645161
0.05412371134020619 0.11290322580645161
0.05398457583547558 0.11290322580645161
0.05384615384615385 0.11290322580645161
0.05357142857142857 0.11290322580645161
0.05343511450381679 0.11290322580645161
0.053164556962025315 0.11290322580645161
0.05289672544080604 0.11290322580645161
0.052763819095477386 0.11290322580645161
0.0525 0.11290322580645161
0.05223880597014925 0.11290322580645161
0.052109181141439205 0.11290322580645161
0.05198019801980198 0.11290322580645161
0.05185185185185185 0.11290322580645161
0.051597051597051594 0.11290322580645161
0.051470588235294115 0.11290322580645161
0.05121951219512195 0.11290322580645161
0.0535279805352798 0.11827956989247312
0.053268765133171914 0.11827956989247312
0.05314009661835749 0.11827956989247312
0.052884615384615384 0.11827956989247312
0.05263157894736842 0.11827956989247312
0.05250596658711217 0.11827956989247312
0.052256532066508314 0.11827956989247312
0.052132701421800945 0.11827956989247312
0.05188679245283019 0.11827956989247312
0.05176470588235294 0.11827956989247312
0.051643192488262914 0.11827956989247312
0.0514018691588785 0.11827956989247312
0.05128205128205128 0.11827956989247312
0.05104408352668213 0.11827956989247312
0.05092592592592592 0.11827956989247312
0.05069124423963134 0.11827956989247312
0.05045871559633028 0.11827956989247312
0.05034324942791762 0.11827956989247312
0.05011389521640091 0.11827956989247312
0.05227272727272727 0.12365591397849462
0.05203619909502263 0.12365591397849462
0.0518018018018018 0.12365591397849462
0.051685393258426963 0.12365591397849462
0.0515695067264574 0.12365591397849462
0.05145413870246085 0.12365591397849462
0.051224944320712694 0.12365591397849462
0.050997782705099776 0.12365591397849462
0.05077262693156733 0.12365591397849462
0.05066079295154185 0.12365591397849462
0.05043859649122807 0.12365591397849462
0.05032822757111598 0.12365591397849462
0.05021834061135371 0.12365591397849462
0.05 0.12365591397849462
0.049891540130151846 0.12365591397849462
0.04967602591792657 0.12365591397849462
0.04956896551724138 0.12365591397849462
0.04935622317596566 0.12365591397849462
0.049145299145299144 0.12365591397849462
0.04904051172707889 0.12365591397849462
0.04893617021276596 0.12365591397849462
0.048728813559322036 0.12365591397849462
0.04852320675105485 0.12365591397849462
0.04831932773109244 0.12365591397849462
0.04811715481171548 0.12365591397849462
0.04801670146137787 0.12365591397849462
0.04791666666666667 0.12365591397849462
0.04781704781704782 0.12365591397849462
0.04771784232365145 0.12365591397849462
0.047520661157024795 0.12365591397849462
0.04742268041237113 0.12365591397849462
0.04722792607802875 0.12365591397849462
0.04703476482617587 0.12365591397849462
0.04693877551020408 0.12365591397849462
0.04684317718940937 0.12365591397849462
0.04665314401622718 0.12365591397849462
0.046464646464646465 0.12365591397849462
0.04627766599597585 0.12365591397849462
0.04609218436873747 0.12365591397849462
0.046 0.12365591397849462
0.045816733067729085 0.12365591397849462
0.04572564612326044 0.12365591397849462
0.04563492063492063 0.12365591397849462
0.04554455445544554 0.12365591397849462
0.045364891518737675 0.12365591397849462
0.04518664047151277 0.12365591397849462
0.045098039215686274 0.12365591397849462
0.044921875 0.12365591397849462
0.04474708171206226 0.12365591397849462
0.04466019417475728 0.12365591397849462
0.04448742746615087 0.12365591397849462
0.0444015444015444 0.12365591397849462
0.04423076923076923 0.12365591397849462
0.044061302681992334 0.12365591397849462
0.04389312977099236 0.12365591397849462
0.043726235741444866 0.12365591397849462
0.04364326375711575 0.12365591397849462
0.043560606060606064 0.12365591397849462
0.043478260869565216 0.12365591397849462
0.04331450094161959 0.12365591397849462
0.043151969981238276 0.12365591397849462
0.04307116104868914 0.12365591397849462
0.04299065420560748 0.12365591397849462
0.04283054003724395 0.12365591397849462
0.04267161410018553 0.12365591397849462
0.04251386321626617 0.12365591397849462
0.042435424354243544 0.12365591397849462
0.042279411764705885 0.12365591397849462
0.04220183486238532 0.12365591397849462
0.04204753199268738 0.12365591397849462
0.041970802919708027 0.12365591397849462
0.041742286751361164 0.12365591397849462
0.041666666666666664 0.12365591397849462
0.04151624548736462 0.12365591397849462
0.04144144144144144 0.12365591397849462
0.04129263913824058 0.12365591397849462
0.04121863799283154 0.12365591397849462
0.04107142857142857 0.12365591397849462
0.040998217468805706 0.12365591397849462
0.04092526690391459 0.12365591397849462
0.040780141843971635 0.12365591397849462
0.04070796460176991 0.12365591397849462
0.04063604240282685 0.12365591397849462
0.040492957746478875 0.12365591397849462
0.04035087719298246 0.12365591397849462
0.040280210157618214 0.12365591397849462
0.04013961605584642 0.12365591397849462
0.04006968641114982 0.12365591397849462
0.04 0.12365591397849462
0.03986135181975736 0.12365591397849462
0.039792387543252594 0.12365591397849462
0.039723661485319514 0.12365591397849462
0.039586919104991396 0.12365591397849462
0.03945111492281304 0.12365591397849462
0.039383561643835614 0.12365591397849462
0.03924914675767918 0.12365591397849462
0.0391156462585034 0.12365591397849462
0.03904923599320883 0.12365591397849462
0.038917089678511 0.12365591397849462
0.03885135135135135 0.12365591397849462
0.0387858347386172 0.12365591397849462
0.03872053872053872 0.12365591397849462
0.03865546218487395 0.12365591397849462
0.03859060402684564 0.12365591397849462
0.038525963149078725 0.12365591397849462
0.04006677796327212 0.12903225806451613
0.04 0.12903225806451613
0.03993344425956739 0.12903225806451613
0.03986710963455149 0.12903225806451613
0.03980099502487562 0.12903225806451613
0.041254125412541254 0.13440860215053763
0.04118616144975288 0.13440860215053763
0.04111842105263158 0.13440860215053763
0.041050903119868636 0.13440860215053763
0.040983606557377046 0.13440860215053763
0.04084967320261438 0.13440860215053763
0.04071661237785016 0.13440860215053763
0.04065040650406504 0.13440860215053763
0.040584415584415584 0.13440860215053763
0.04051863857374392 0.13440860215053763
0.040453074433656956 0.13440860215053763
0.04038772213247173 0.13440860215053763
0.04032258064516129 0.13440860215053763
0.04019292604501608 0.13440860215053763
0.04012841091492777 0.13440860215053763
0.04006410256410257 0.13440860215053763
0.04 0.13440860215053763
0.03987240829346093 0.13440860215053763
0.03980891719745223 0.13440860215053763
0.0397456279809221 0.13440860215053763
0.039619651347068144 0.13440860215053763
0.03949447077409163 0.13440860215053763
0.03943217665615142 0.13440860215053763
0.03937007874015748 0.13440860215053763
0.03930817610062893 0.13440860215053763
0.03918495297805643 0.13440860215053763
0.03912363067292645 0.13440860215053763
0.0390625 0.13440860215053763
0.0390015600624025 0.13440860215053763
0.03894080996884735 0.13440860215053763
0.03881987577639751 0.13440860215053763
0.03869969040247678 0.13440860215053763
0.03863987635239567 0.13440860215053763
0.038580246913580245 0.13440860215053763
0.038461538461538464 0.13440860215053763
0.03840245775729647 0.13440860215053763
0.03834355828220859 0.13440860215053763
0.03828483920367534 0.13440860215053763
0.0382262996941896 0.13440860215053763
0.03816793893129771 0.13440860215053763
0.038109756097560975 0.13440860215053763
0.0380517503805175 0.13440860215053763
0.037993920972644375 0.13440860215053763
0.03793626707132018 0.13440860215053763
0.03787878787878788 0.13440860215053763
0.037821482602118005 0.13440860215053763
0.03770739064856712 0.13440860215053763
0.03765060240963856 0.13440860215053763
0.03759398496240601 0.13440860215053763
0.03753753753753754 0.13440860215053763
0.037481259370314844 0.13440860215053763
0.0374251497005988 0.13440860215053763
0.03736920777279522 0.13440860215053763
0.03731343283582089 0.13440860215053763
0.037257824143070044 0.13440860215053763
0.03720238095238095 0.13440860215053763
0.03714710252600297 0.13440860215053763
0.037037037037037035 0.13440860215053763
0.038348082595870206 0.13978494623655913
0.03829160530191458 0.13978494623655913
0.0381791483113069 0.13978494623655913
0.03806734992679356 0.13978494623655913
0.03795620437956204 0.13978494623655913
0.03784570596797671 0.13978494623655913
0.0377906976744186 0.13978494623655913
0.03773584905660377 0.13978494623655913
0.03768115942028986 0.13978494623655913
0.03757225433526012 0.13978494623655913
0.037463976945244955 0.13978494623655913
0.03741007194244604 0.13978494623655913
0.03730272596843615 0.13978494623655913
0.03724928366762178 0.13978494623655913
0.03857142857142857 0.14516129032258066
0.03851640513552068 0.14516129032258066
0.038461538461538464 0.14516129032258066
0.03840682788051209 0.14516129032258066
0.03829787234042553 0.14516129032258066
0.03824362606232295 0.14516129032258066
0.038135593220338986 0.14516129032258066
0.0380818053596615 0.14516129032258066
0.038028169014084505 0.14516129032258066
0.03927068723702665 0.15053763440860216
0.040502793296089384 0.15591397849462366
0.04178272980501393 0.16129032258064516
0.04172461752433936 0.16129032258064516
0.041666666666666664 0.16129032258064516
0.04160887656033287 0.16129032258064516
0.04155124653739612 0.16129032258064516
0.04281767955801105 0.16666666666666666
0.04269972451790634 0.16666666666666666
0.04264099037138927 0.16666666666666666
0.042582417582417584 0.16666666666666666
0.04252400548696845 0.16666666666666666
0.04246575342465753 0.16666666666666666
0.04234972677595628 0.16666666666666666
0.04229195088676671 0.16666666666666666
0.04217687074829932 0.16666666666666666
0.04206241519674356 0.16666666666666666
0.04200542005420054 0.16666666666666666
0.04194857916102842 0.16666666666666666
0.041891891891891894 0.16666666666666666
0.04183535762483131 0.16666666666666666
0.04172274562584118 0.16666666666666666
0.041666666666666664 0.16666666666666666
0.042953020134228186 0.17204301075268819
0.04423592493297587 0.1774193548387097
0.04551539491298527 0.1827956989247312
0.045454545454545456 0.1827956989247312
0.04533333333333334 0.1827956989247312
0.045272969374167776 0.1827956989247312
0.04521276595744681 0.1827956989247312
0.0451527224435591 0.1827956989247312
0.04509283819628647 0.1827956989247312
0.045033112582781455 0.1827956989247312
0.04497354497354497 0.1827956989247312
0.044854881266490766 0.1827956989247312
0.0461133069828722 0.1881720430107527
0.045992115637319315 0.1881720430107527
0.045931758530183726 0.1881720430107527
0.045871559633027525 0.1881720430107527
0.04581151832460733 0.1881720430107527
0.047058823529411764 0.1935483870967742
0.0469361147327249 0.1935483870967742
0.046875 0.1935483870967742
0.04681404421326398 0.1935483870967742
0.046753246753246755 0.1935483870967742
0.04669260700389105 0.1935483870967742
0.046632124352331605 0.1935483870967742
0.04657179818887452 0.1935483870967742
0.04645161290322581 0.1935483870967742
0.04639175257731959 0.1935483870967742
0.04627249357326478 0.1935483870967742
0.046153846153846156 0.1935483870967742
0.046094750320102434 0.1935483870967742
0.04597701149425287 0.1935483870967742
0.04591836734693878 0.1935483870967742
0.045859872611464965 0.1935483870967742
0.045743329097839895 0.1935483870967742
0.04568527918781726 0.1935483870967742
0.045627376425855515 0.1935483870967742
0.04556962025316456 0.1935483870967742
0.045454545454545456 0.1935483870967742
0.04534005037783375 0.1935483870967742
0.04522613065326633 0.1935483870967742
0.045112781954887216 0.1935483870967742
0.04505632040050062 0.1935483870967742
0.045 0.1935483870967742
0.0449438202247191 0.1935483870967742
0.04488778054862843 0.1935483870967742
0.04477611940298507 0.1935483870967742
0.04472049689440994 0.1935483870967742
0.04466501240694789 0.1935483870967742
0.04455445544554455 0.1935483870967742
0.044444444444444446 0.1935483870967742
0.04438964241676942 0.1935483870967742
0.04428044280442804 0.1935483870967742
0.044226044226044224 0.1935483870967742
0.044171779141104296 0.1935483870967742
0.04411764705882353 0.1935483870967742
0.044063647490820076 0.1935483870967742
0.044009779951100246 0.1935483870967742
0.04395604395604396 0.1935483870967742
0.04390243902439024 0.1935483870967742
0.043795620437956206 0.1935483870967742
0.043689320388349516 0.1935483870967742
0.043583535108958835 0.1935483870967742
0.043478260869565216 0.1935483870967742
0.043373493975903614 0.1935483870967742
0.04332129963898917 0.1935483870967742
0.04326923076923077 0.1935483870967742
0.04321728691476591 0.1935483870967742
0.04316546762589928 0.1935483870967742
0.0430622009569378 0.1935483870967742
0.04295942720763723 0.1935483870967742
0.04290822407628129 0.1935483870967742
0.04285714285714286 0.1935483870967742
0.04280618311533888 0.1935483870967742
0.042704626334519574 0.1935483870967742
0.04265402843601896 0.1935483870967742
0.04260355029585799 0.1935483870967742
0.04250295159386069 0.1935483870967742
0.04240282685512368 0.1935483870967742
0.042352941176470586 0.1935483870967742
0.04225352112676056 0.1935483870967742
0.04220398593200469 0.1935483870967742
0.04215456674473068 0.1935483870967742
0.042105263157894736 0.1935483870967742
0.042007001166861145 0.1935483870967742
0.04190919674039581 0.1935483870967742
0.04186046511627907 0.1935483870967742
0.041811846689895474 0.1935483870967742
0.04176334106728538 0.1935483870967742
0.04171494785631518 0.1935483870967742
0.04161849710982659 0.1935483870967742
0.04152249134948097 0.1935483870967742
0.041474654377880185 0.1935483870967742
0.04142692750287687 0.1935483870967742
0.04133180252583238 0.1935483870967742
0.041237113402061855 0.1935483870967742
0.041189931350114416 0.1935483870967742
0.04114285714285714 0.1935483870967742
0.04104903078677309 0.1935483870967742
0.04100227790432802 0.1935483870967742
0.04090909090909091 0.1935483870967742
0.04086265607264472 0.1935483870967742
0.04081632653061224 0.1935483870967742
0.04077010192525481 0.1935483870967742
0.04072398190045249 0.1935483870967742
0.040632054176072234 0.1935483870967742
0.04171364148816235 0.1989247311827957
0.04279279279279279 0.20430107526881722
0.04274465691788527 0.20430107526881722
0.04264870931537598 0.20430107526881722
0.043721973094170405 0.20967741935483872
0.04479283314669653 0.21505376344086022
0.04586129753914989 0.22043010752688172
0.04692737430167598 0.22580645161290322
0.04799107142857143 0.23118279569892472
0.04905239687848383 0.23655913978494625
0.04899777282850779 0.23655913978494625
0.04888888888888889 0.23655913978494625
0.04878048780487805 0.23655913978494625
0.048726467331118496 0.23655913978494625
0.048672566371681415 0.23655913978494625
0.04856512141280353 0.23655913978494625
0.048458149779735685 0.23655913978494625
0.04835164835164835 0.23655913978494625
0.048298572996706916 0.23655913978494625
0.04824561403508772 0.23655913978494625
0.04814004376367615 0.23655913978494625
0.048087431693989074 0.23655913978494625
0.048034934497816595 0.23655913978494625
0.04798255179934569 0.23655913978494625
0.04787812840043525 0.23655913978494625
0.04782608695652174 0.23655913978494625
0.04777415852334419 0.23655913978494625
0.04772234273318872 0.23655913978494625
0.047619047619047616 0.23655913978494625
0.04756756756756757 0.23655913978494625
0.047516198704103674 0.23655913978494625
0.04746494066882417 0.23655913978494625
0.04736275565123789 0.23655913978494625
0.047311827956989246 0.23655913978494625
0.04721030042918455 0.23655913978494625
0.047058823529411764 0.23655913978494625
0.04695837780149413 0.23655913978494625
0.046908315565031986 0.23655913978494625
0.04680851063829787 0.23655913978494625
0.04675876726886291 0.23655913978494625
0.04665959703075292 0.23655913978494625
0.04656084656084656 0.23655913978494625
0.046462513199577615 0.23655913978494625
0.046413502109704644 0.23655913978494625
0.04631578947368421 0.23655913978494625
0.046267087276550996 0.23655913978494625
0.046218487394957986 0.23655913978494625
0.04612159329140461 0.23655913978494625
0.04607329842931937 0.23655913978494625
0.04597701149425287 0.23655913978494625
0.045881126173096975 0.23655913978494625
0.04583333333333333 0.23655913978494625
0.045785639958376693 0.23655913978494625
0.04569055036344756 0.23655913978494625
0.04559585492227979 0.23655913978494625
0.045548654244306416 0.23655913978494625
0.045454545454545456 0.23655913978494625
0.04536082474226804 0.23655913978494625
0.04526748971193416 0.23655913978494625
0.045220966084275435 0.23655913978494625
0.04512820512820513 0.23655913978494625
0.045081967213114756 0.23655913978494625
0.04503582395087001 0.23655913978494625
0.0449438202247191 0.23655913978494625
0.04485219164118247 0.23655913978494625
0.04480651731160896 0.23655913978494625
0.044760935910478125 0.23655913978494625
0.04467005076142132 0.23655913978494625
0.04462474645030426 0.23655913978494625
0.044534412955465584 0.23655913978494625
0.044444444444444446 0.23655913978494625
0.044399596367305755 0.23655913978494625
0.04435483870967742 0.23655913978494625
0.04426559356136821 0.23655913978494625
0.04417670682730924 0.23655913978494625
0.04408817635270541 0.23655913978494625
0.044 0.23655913978494625
0.04395604395604396 0.23655913978494625
0.04386839481555334 0.23655913978494625
0.04378109452736319 0.23655913978494625
0.04369414101290963 0.23655913978494625
0.04360753221010902 0.23655913978494625
0.043521266073194856 0.23655913978494625
0.043478260869565216 0.23655913978494625
0.04343534057255676 0.23655913978494625
0.04433497536945813 0.24193548387096775
0.04429133858267716 0.24193548387096775
0.04424778761061947 0.24193548387096775
0.04420432220039293 0.24193548387096775
0.04416094210009813 0.24193548387096775
0.04411764705882353 0.24193548387096775
0.04407443682664055 0.24193548387096775
0.04398826979472141 0.24193548387096775
0.0439453125 0.24193548387096775
0.04390243902439024 0.24193548387096775
0.043859649122807015 0.24193548387096775
0.043816942551119765 0.24193548387096775
0.043731778425655975 0.24193548387096775
0.043689320388349516 0.24193548387096775
0.04364694471387003 0.24193548387096775
0.0436046511627907 0.24193548387096775
0.04356243949661181 0.24193548387096775
0.043520309477756286 0.24193548387096775
0.04343629343629344 0.24193548387096775
0.04339440694310511 0.24193548387096775
0.04335260115606936 0.24193548387096775
0.04331087584215592 0.24193548387096775
0.04326923076923077 0.24193548387096775
0.043227665706051875 0.24193548387096775
0.04318618042226487 0.24193548387096775
0.04310344827586207 0.24193548387096775
0.0430622009569378 0.24193548387096775
0.04297994269340974 0.24193548387096775
0.042938931297709926 0.24193548387096775
0.04285714285714286 0.24193548387096775
0.04281636536631779 0.24193548387096775
0.042735042735042736 0.24193548387096775
0.04265402843601896 0.24193548387096775
0.04257332071901608 0.24193548387096775
0.042492917847025496 0.24193548387096775
0.04245283018867924 0.24193548387096775
0.0423728813559322 0.24193548387096775
0.042293233082706765 0.24193548387096775
0.04221388367729831 0.24193548387096775
0.04217432052483599 0.24193548387096775
0.042134831460674156 0.24193548387096775
0.042095416276894296 0.24193548387096775
0.04201680672268908 0.24193548387096775
0.04197761194029851 0.24193548387096775
0.04283054003724395 0.24731182795698925
0.04279069767441861 0.24731182795698925
0.0436397400185701 0.25268817204301075
0.04359925788497217 0.25268817204301075
0.04355885078776645 0.25268817204301075
0.043478260869565216 0.25268817204301075
0.04343807763401109 0.25268817204301075
0.04339796860572484 0.25268817204301075
0.04423963133640553 0.25806451612903225
0.04419889502762431 0.25806451612903225
0.04415823367065318 0.25806451612903225
0.04411764705882353 0.25806451612903225
0.0440771349862259 0.25806451612903225
0.044036697247706424 0.25806451612903225
0.043996333638863426 0.25806451612903225
0.04395604395604396 0.25806451612903225
0.04391582799634035 0.25806451612903225
0.043875685557586835 0.25806451612903225
0.043835616438356165 0.25806451612903225
0.043795620437956206 0.25806451612903225
0.04371584699453552 0.25806451612903225
0.04454545454545455 0.26344086021505375
0.04450499545867393 0.26344086021505375
0.04446460980036298 0.26344086021505375
0.044424297370806894 0.26344086021505375
0.044384057971014496 0.26344086021505375
0.044343891402714934 0.26344086021505375
0.04430379746835443 0.26344086021505375
0.044263775971093045 0.26344086021505375
0.04418394950405771 0.26344086021505375
0.044144144144144144 0.26344086021505375
0.04410441044104411 0.26344086021505375
0.044064748201438846 0.26344086021505375
0.0440251572327044 0.26344086021505375
0.04398563734290844 0.26344086021505375
0.04394618834080718 0.26344086021505375
0.04390681003584229 0.26344086021505375
0.04382826475849732 0.26344086021505375
0.04375 0.26344086021505375
0.043710972346119537 0.26344086021505375
0.04367201426024955 0.26344086021505375
0.04363312555654497 0.26344086021505375
0.04359430604982206 0.26344086021505375
0.043555555555555556 0.26344086021505375
0.043516873889875664 0.26344086021505375
0.043478260869565216 0.26344086021505375
0.04343971631205674 0.26344086021505375
0.043401240035429584 0.26344086021505375
0.04328621908127209 0.26344086021505375
0.04324801412180053 0.26344086021505375
0.043209876543209874 0.26344086021505375
0.04317180616740088 0.26344086021505375
0.043133802816901406 0.26344086021505375
0.04309586631486367 0.26344086021505375
0.04305799648506151 0.26344086021505375
0.04302019315188762 0.26344086021505375
0.04298245614035088 0.26344086021505375
0.042907180385288964 0.26344086021505375
0.04286964129483815 0.26344086021505375
0.04283216783216783 0.26344086021505375
0.04279475982532751 0.26344086021505375
0.04275741710296684 0.26344086021505375
0.042720139494333044 0.26344086021505375
0.042682926829268296 0.26344086021505375
0.04351610095735422 0.26881720430107525
0.043478260869565216 0.26881720430107525
0.043402777777777776 0.26881720430107525
0.04336513443191674 0.26881720430107525
0.043327556325823226 0.26881720430107525
0.04329004329004329 0.26881720430107525
0.04325259515570934 0.26881720430107525
0.043215211754537596 0.26881720430107525
0.04317789291882556 0.26881720430107525
0.04314063848144953 0.26881720430107525
0.04306632213608958 0.26881720430107525
0.04299226139294927 0.26881720430107525
0.0429553264604811 0.26881720430107525
0.04291845493562232 0.26881720430107525
0.04284490145672665 0.26881720430107525
0.04280821917808219 0.26881720430107525
0.0427715996578272 0.26881720430107525
0.042735042735042736 0.26881720430107525
0.04269854824935952 0.26881720430107525
0.042662116040955635 0.26881720430107525
0.042625745950554135 0.26881720430107525
0.04258943781942078 0.26881720430107525
0.0425531914893617 0.26881720430107525
0.04251700680272109 0.26881720430107525
0.04248088360237893 0.26881720430107525
0.042444821731748725 0.26881720430107525
0.04240882103477523 0.26881720430107525
0.0423728813559322 0.26881720430107525
0.04233700254022015 0.26881720430107525
0.04230118443316413 0.26881720430107525
0.042265426880811495 0.26881720430107525
0.04222972972972973 0.26881720430107525
0.04215851602023609 0.26881720430107525
0.04296545914069082 0.27419354838709675
0.04289318755256518 0.27419354838709675
0.04285714285714286 0.27419354838709675
0.042821158690176324 0.27419354838709675
0.04278523489932886 0.27419354838709675
0.04274937133277452 0.27419354838709675
0.04271356783919598 0.27419354838709675
0.042677824267782424 0.27419354838709675
0.042642140468227424 0.27419354838709675
0.042606516290726815 0.27419354838709675
0.04257095158597663 0.27419354838709675
0.042535446205170975 0.27419354838709675
0.042464612822647796 0.27419354838709675
0.042429284525790346 0.27419354838709675
0.04239401496259352 0.27419354838709675
0.04232365145228216 0.27419354838709675
0.04228855721393035 0.27419354838709675
0.04225352112676056 0.27419354838709675
0.042218543046357616 0.27419354838709675
0.04218362282878412 0.27419354838709675
0.04297520661157025 0.27956989247311825
0.0429042904290429 0.27956989247311825
0.04286892003297609 0.27956989247311825
0.042833607907743 0.27956989247311825
0.04279835390946502 0.27956989247311825
0.04276315789473684 0.27956989247311825
0.042692939244663386 0.27956989247311825
0.04265791632485644 0.27956989247311825
0.04262295081967213 0.27956989247311825
0.042588042588042586 0.27956989247311825
0.0425531914893617 0.27956989247311825
0.04251839738348324 0.27956989247311825
0.042483660130718956 0.27956989247311825
0.04244897959183674 0.27956989247311825
0.042379788101059496 0.27956989247311825
0.04231082180634662 0.27956989247311825
0.043089430894308944 0.2849462365591398
0.04305442729488221 0.2849462365591398
0.04301948051948052 0.2849462365591398
0.042984590429845905 0.2849462365591398
0.04294975688816856 0.2849462365591398
0.04291497975708502 0.2849462365591398
0.04288025889967637 0.2849462365591398
0.04281098546042003 0.2849462365591398
0.042741935483870966 0.2849462365591398
0.0427074939564867 0.2849462365591398
0.0426731078904992 0.2849462365591398
0.042638777152051485 0.2849462365591398
0.04257028112449799 0.2849462365591398
0.042502004811547714 0.2849462365591398
0.04246794871794872 0.2849462365591398
0.0424 0.2849462365591398
0.04233226837060703 0.2849462365591398
0.04229848363926576 0.2849462365591398
0.04223107569721116 0.2849462365591398
0.042163882259347654 0.2849462365591398
0.04213036565977742 0.2849462365591398
0.04209690230341541 0.2849462365591398
0.04203013481363997 0.2849462365591398
0.041996830427892234 0.2849462365591398
0.04196357878068092 0.2849462365591398
0.041930379746835444 0.2849462365591398
0.04189723320158103 0.2849462365591398
0.04186413902053712 0.2849462365591398
0.041831097079715863 0.2849462365591398
0.0417981072555205 0.2849462365591398
0.04176516942474389 0.2849462365591398
0.04173228346456693 0.2849462365591398
0.041699449252557044 0.2849462365591398
0.041666666666666664 0.2849462365591398
0.041633935585231735 0.2849462365591398
0.041601255886970175 0.2849462365591398
0.04156862745098039 0.2849462365591398
0.041536050156739814 0.2849462365591398
0.04150352388410337 0.2849462365591398
0.041471048513302036 0.2849462365591398
0.04143862392494136 0.2849462365591398
0.04137392661982826 0.2849462365591398
0.041341653666146644 0.2849462365591398
0.04127725856697819 0.2849462365591398
0.04124513618677043 0.2849462365591398
0.04121306376360809 0.2849462365591398
0.041181041181041184 0.2849462365591398
0.04114906832298137 0.2849462365591398
0.041117145073700546 0.2849462365591398
0.04108527131782946 0.2849462365591398
0.041053446940356314 0.2849462365591398
0.04102167182662539 0.2849462365591398
0.040989945862335654 0.2849462365591398
0.04095826893353941 0.2849462365591398
0.04089506172839506 0.2849462365591398
0.040832049306625574 0.2849462365591398
0.04080061585835258 0.2849462365591398
