0.0 0.0
0.0 0.0
0.0 0.0
0.0 0.0
0.0 0.0
0.0 0.0
0.0 0.0
0.0 0.0
0.0 0.0
0.0 0.0
0.0 0.0
0.0 0.0
0.0 0.0
0.0 0.0
0.0 0.0
0.0 0.0
0.0 0.0
0.0 0.0
0.0 0.0
0.0 0.0
0.0 0.0
0.0 0.0
0.0 0.0
0.0 0.0
0.0 0.0
0.0 0.0
0.0 0.0
0.0 0.0
0.0 0.0
0.0 0.0
0.0 0.0
0.0 0.0
0.0 0.0
0.0 0.0
0.0 0.0
0.0 0.0
0.0 0.0
0.0 0.0
0.0 0.0
0.0 0.0
0.0 0.0
0.0 0.0
0.0 0.0
0.0 0.0
0.0 0.0
0.0 0.0
0.0 0.0
0.0 0.0
0.0 0.0
0.0 0.0
0.0 0.0
0.0 0.0
0.0 0.0
0.0 0.0
0.0 0.0
0.0 0.0
0.0 0.0
0.0 0.0
0.0 0.0
0.0 0.0
0.0 0.0
0.0 0.0
0.0 0.0
0.0 0.0
0.0 0.0
0.0 0.0
0.0 0.0
0.0 0.0
0.0 0.0
0.0 0.0
0.0 0.0
0.0 0.0
0.0 0.0
0.0 0.0
0.0 0.0
0.0 0.0
0.0 0.0
0.0 0.0
0.0 0.0
0.0 0.0
0.0 0.0
0.0 0.0
0.0 0.0
0.0 0.0
0.0 0.0
0.0 0.0
0.0 0.0
0.0 0.0
0.0 0.0
0.0 0.0
0.0 0.0
0.0 0.0
0.0 0.0
0.0 0.0
0.0 0.0
0.0 0.0
0.0 0.0
0.0 0.0
0.0 0.0
0.0 0.0
0.0 0.0
0.0 0.0
0.0 0.0
0.0 0.0
0.0 0.0
0.0 0.0
0.0 0.0
0.0 0.0
0.0 0.0
0.0 0.0
0.0 0.0
0.0 0.0
0.0 0.0
0.0 0.0
0.0 0.0
0.0 0.0
0.0 0.0
0.0 0.0
0.0 0.0
0.0 0.0
0.0 0.0
0.0 0.0
0.0 0.0
0.0 0.0
0.0 0.0
0.0 0.0
0.0 0.0
0.0 0.0
0.0 0.0
0.0 0.0
0.0 0.0
0.0 0.0
0.0 0.0
0.0 0.0
0.0 0.0
0.0 0.0
0.0 0.0
0.0 0.0
0.0 0.0
0.0 0.0
0.0 0.0
0.0 0.0
0.0 0.0
0.0 0.0
0.0 0.0
0.0 0.0
0.0 0.0
0.0 0.0
0.01818181818181818 0.0007604562737642585
0.01818181818181818 0.0007604562737642585
0.01818181818181818 0.0007604562737642585
0.017857142857142856 0.0007604562737642585
0.017857142857142856 0.0007604562737642585
0.017857142857142856 0.0007604562737642585
0.017857142857142856 0.0007604562737642585
0.017857142857142856 0.0007604562737642585
0.03508771929824561 0.001520912547528517
0.03508771929824561 0.001520912547528517
0.034482758620689655 0.001520912547528517
0.03389830508474576 0.001520912547528517
0.05 0.0022813688212927757
0.05 0.0022813688212927757
0.05 0.0022813688212927757
0.05 0.0022813688212927757
0.05 0.0022813688212927757
0.05 0.0022813688212927757
0.05 0.0022813688212927757
0.05 0.0022813688212927757
0.06557377049180328 0.003041825095057034
0.06557377049180328 0.003041825095057034
0.06451612903225806 0.003041825095057034
0.06349206349206349 0.003041825095057034
0.06349206349206349 0.003041825095057034
0.0625 0.003041825095057034
0.0625 0.003041825095057034
0.0625 0.003041825095057034
0.06153846153846154 0.003041825095057034
0.06153846153846154 0.003041825095057034
0.06153846153846154 0.003041825095057034
0.06153846153846154 0.003041825095057034
0.06153846153846154 0.003041825095057034
0.06153846153846154 0.003041825095057034
0.06153846153846154 0.003041825095057034
0.06153846153846154 0.003041825095057034
0.06153846153846154 0.003041825095057034
0.06060606060606061 0.003041825095057034
0.058823529411764705 0.003041825095057034
0.058823529411764705 0.003041825095057034
0.057971014492753624 0.003041825095057034
0.057971014492753624 0.003041825095057034
0.057971014492753624 0.003041825095057034
0.05714285714285714 0.003041825095057034
0.05714285714285714 0.003041825095057034
0.05714285714285714 0.003041825095057034
0.05714285714285714 0.003041825095057034
0.05714285714285714 0.003041825095057034
0.05714285714285714 0.003041825095057034
0.05714285714285714 0.003041825095057034
0.056338028169014086 0.003041825095057034
0.05555555555555555 0.003041825095057034
0.05555555555555555 0.003041825095057034
0.0547945205479452 0.003041825095057034
0.05405405405405406 0.003041825095057034
0.05405405405405406 0.003041825095057034
0.05405405405405406 0.003041825095057034
0.05405405405405406 0.003041825095057034
0.05405405405405406 0.003041825095057034
0.05405405405405406 0.003041825095057034
0.05405405405405406 0.003041825095057034
0.05333333333333334 0.003041825095057034
0.05333333333333334 0.003041825095057034
0.05263157894736842 0.003041825095057034
0.05263157894736842 0.003041825095057034
0.05263157894736842 0.003041825095057034
0.05263157894736842 0.003041825095057034
0.05263157894736842 0.003041825095057034
0.05263157894736842 0.003041825095057034
0.05263157894736842 0.003041825095057034
0.05263157894736842 0.003041825095057034
0.05194805194805195 0.003041825095057034
0.05063291139240506 0.003041825095057034
0.05063291139240506 0.003041825095057034
0.0625 0.0038022813688212928
0.07407407407407407 0.0045627376425855515
0.07407407407407407 0.0045627376425855515
0.08536585365853659 0.00532319391634981
0.0963855421686747 0.006083650190114068
0.09523809523809523 0.006083650190114068
0.10588235294117647 0.006844106463878327
0.11627906976744186 0.0076045627376425855
0.11627906976744186 0.0076045627376425855
0.11627906976744186 0.0076045627376425855
0.11627906976744186 0.0076045627376425855
0.12643678160919541 0.008365019011406844
0.13636363636363635 0.009125475285171103
0.14606741573033707 0.00988593155893536
0.14606741573033707 0.00988593155893536
0.15555555555555556 0.01064638783269962
0.16483516483516483 0.011406844106463879
0.16483516483516483 0.011406844106463879
0.17391304347826086 0.012167300380228136
0.1827956989247312 0.012927756653992395
0.1827956989247312 0.012927756653992395
0.1827956989247312 0.012927756653992395
0.19148936170212766 0.013688212927756654
0.19148936170212766 0.013688212927756654
0.19148936170212766 0.013688212927756654
0.19148936170212766 0.013688212927756654
0.19148936170212766 0.013688212927756654
0.19148936170212766 0.013688212927756654
0.19148936170212766 0.013688212927756654
0.18947368421052632 0.013688212927756654
0.18947368421052632 0.013688212927756654
0.18556701030927836 0.013688212927756654
0.18556701030927836 0.013688212927756654
0.18556701030927836 0.013688212927756654
0.18556701030927836 0.013688212927756654
0.1836734693877551 0.013688212927756654
0.1836734693877551 0.013688212927756654
0.1836734693877551 0.013688212927756654
0.1836734693877551 0.013688212927756654
0.1836734693877551 0.013688212927756654
0.18181818181818182 0.013688212927756654
0.18 0.013688212927756654
0.18 0.013688212927756654
0.18 0.013688212927756654
0.18 0.013688212927756654
0.1782178217821782 0.013688212927756654
0.1782178217821782 0.013688212927756654
0.1782178217821782 0.013688212927756654
0.1782178217821782 0.013688212927756654
0.1782178217821782 0.013688212927756654
0.17647058823529413 0.013688212927756654
0.17647058823529413 0.013688212927756654
0.17647058823529413 0.013688212927756654
0.17647058823529413 0.013688212927756654
0.17475728155339806 0.013688212927756654
0.17475728155339806 0.013688212927756654
0.17475728155339806 0.013688212927756654
0.17475728155339806 0.013688212927756654
0.17475728155339806 0.013688212927756654
0.17475728155339806 0.013688212927756654
0.17307692307692307 0.013688212927756654
0.17142857142857143 0.013688212927756654
0.17142857142857143 0.013688212927756654
0.17142857142857143 0.013688212927756654
0.17142857142857143 0.013688212927756654
0.17142857142857143 0.013688212927756654
0.17142857142857143 0.013688212927756654
0.17142857142857143 0.013688212927756654
0.16981132075471697 0.013688212927756654
0.16981132075471697 0.013688212927756654
0.16822429906542055 0.013688212927756654
0.16822429906542055 0.013688212927756654
0.16822429906542055 0.013688212927756654
0.16666666666666666 0.013688212927756654
0.1651376146788991 0.013688212927756654
0.1651376146788991 0.013688212927756654
0.16363636363636364 0.013688212927756654
0.16216216216216217 0.013688212927756654
0.16216216216216217 0.013688212927756654
0.16216216216216217 0.013688212927756654
0.16216216216216217 0.013688212927756654
0.16071428571428573 0.013688212927756654
0.16071428571428573 0.013688212927756654
0.16071428571428573 0.013688212927756654
0.16071428571428573 0.013688212927756654
0.16071428571428573 0.013688212927756654
0.16071428571428573 0.013688212927756654
0.1592920353982301 0.013688212927756654
0.1592920353982301 0.013688212927756654
0.1592920353982301 0.013688212927756654
0.1592920353982301 0.013688212927756654
0.16666666666666666 0.014448669201520912
0.17391304347826086 0.015209125475285171
0.17391304347826086 0.015209125475285171
0.17391304347826086 0.015209125475285171
0.1724137931034483 0.015209125475285171
0.17094017094017094 0.015209125475285171
0.17094017094017094 0.015209125475285171
0.17094017094017094 0.015209125475285171
0.17094017094017094 0.015209125475285171
0.16806722689075632 0.015209125475285171
0.16806722689075632 0.015209125475285171
0.16806722689075632 0.015209125475285171
0.16666666666666666 0.015209125475285171
0.16666666666666666 0.015209125475285171
0.1652892561983471 0.015209125475285171
0.1721311475409836 0.01596958174904943
0.17886178861788618 0.016730038022813688
0.18548387096774194 0.01749049429657795
0.192 0.018250950570342206
0.19047619047619047 0.018250950570342206
0.1968503937007874 0.019011406844106463
0.1968503937007874 0.019011406844106463
0.1968503937007874 0.019011406844106463
0.1968503937007874 0.019011406844106463
0.203125 0.01977186311787072
0.203125 0.01977186311787072
0.20155038759689922 0.01977186311787072
0.20155038759689922 0.01977186311787072
0.20155038759689922 0.01977186311787072
0.20155038759689922 0.01977186311787072
0.20155038759689922 0.01977186311787072
0.20155038759689922 0.01977186311787072
0.20155038759689922 0.01977186311787072
0.20155038759689922 0.01977186311787072
0.20155038759689922 0.01977186311787072
0.20155038759689922 0.01977186311787072
0.20155038759689922 0.01977186311787072
0.20155038759689922 0.01977186311787072
0.20155038759689922 0.01977186311787072
0.2 0.01977186311787072
0.2 0.01977186311787072
0.2 0.01977186311787072
0.2 0.01977186311787072
0.2 0.01977186311787072
0.2 0.01977186311787072
0.2 0.01977186311787072
0.2 0.01977186311787072
0.2 0.01977186311787072
0.2 0.01977186311787072
0.2 0.01977186311787072
0.2 0.01977186311787072
0.2 0.01977186311787072
0.2 0.01977186311787072
0.2 0.01977186311787072
0.1984732824427481 0.01977186311787072
0.1984732824427481 0.01977186311787072
0.1984732824427481 0.01977186311787072
0.1984732824427481 0.01977186311787072
0.1984732824427481 0.01977186311787072
0.19696969696969696 0.01977186311787072
0.19548872180451127 0.01977186311787072
0.19402985074626866 0.01977186311787072
0.19402985074626866 0.01977186311787072
0.1925925925925926 0.01977186311787072
0.1925925925925926 0.01977186311787072
0.1925925925925926 0.01977186311787072
0.19117647058823528 0.01977186311787072
0.19117647058823528 0.01977186311787072
0.19117647058823528 0.01977186311787072
0.19117647058823528 0.01977186311787072
0.19117647058823528 0.01977186311787072
0.1897810218978102 0.01977186311787072
0.18840579710144928 0.01977186311787072
0.18840579710144928 0.01977186311787072
0.18840579710144928 0.01977186311787072
0.18705035971223022 0.01977186311787072
0.18705035971223022 0.01977186311787072
0.18705035971223022 0.01977186311787072
0.18705035971223022 0.01977186311787072
0.18705035971223022 0.01977186311787072
0.18705035971223022 0.01977186311787072
0.18705035971223022 0.01977186311787072
0.18571428571428572 0.01977186311787072
0.18439716312056736 0.01977186311787072
0.18439716312056736 0.01977186311787072
0.18439716312056736 0.01977186311787072
0.18439716312056736 0.01977186311787072
0.18309859154929578 0.01977186311787072
0.18309859154929578 0.01977186311787072
0.18309859154929578 0.01977186311787072
0.18181818181818182 0.01977186311787072
0.18181818181818182 0.01977186311787072
0.18181818181818182 0.01977186311787072
0.18181818181818182 0.01977186311787072
0.18181818181818182 0.01977186311787072
0.18181818181818182 0.01977186311787072
0.18181818181818182 0.01977186311787072
0.18181818181818182 0.01977186311787072
0.18181818181818182 0.01977186311787072
0.18181818181818182 0.01977186311787072
0.18181818181818182 0.01977186311787072
0.18181818181818182 0.01977186311787072
0.18181818181818182 0.01977186311787072
0.18055555555555555 0.01977186311787072
0.18055555555555555 0.01977186311787072
0.1793103448275862 0.01977186311787072
0.1780821917808219 0.01977186311787072
0.1780821917808219 0.01977186311787072
0.1780821917808219 0.01977186311787072
0.1780821917808219 0.01977186311787072
0.1780821917808219 0.01977186311787072
0.17687074829931973 0.01977186311787072
0.17687074829931973 0.01977186311787072
0.17567567567567569 0.01977186311787072
0.17567567567567569 0.01977186311787072
0.174496644295302 0.01977186311787072
0.174496644295302 0.01977186311787072
0.17333333333333334 0.01977186311787072
0.17333333333333334 0.01977186311787072
0.17218543046357615 0.01977186311787072
0.17218543046357615 0.01977186311787072
0.17218543046357615 0.01977186311787072
0.17218543046357615 0.01977186311787072
0.17218543046357615 0.01977186311787072
0.17218543046357615 0.01977186311787072
0.17218543046357615 0.01977186311787072
0.17218543046357615 0.01977186311787072
0.17105263157894737 0.01977186311787072
0.17105263157894737 0.01977186311787072
0.17105263157894737 0.01977186311787072
0.17105263157894737 0.01977186311787072
0.17105263157894737 0.01977186311787072
0.17105263157894737 0.01977186311787072
0.17105263157894737 0.01977186311787072
0.17105263157894737 0.01977186311787072
0.17105263157894737 0.01977186311787072
0.17105263157894737 0.01977186311787072
0.17105263157894737 0.01977186311787072
0.17105263157894737 0.01977186311787072
0.17105263157894737 0.01977186311787072
0.17105263157894737 0.01977186311787072
0.17105263157894737 0.01977186311787072
0.17105263157894737 0.01977186311787072
0.16993464052287582 0.01977186311787072
0.16993464052287582 0.01977186311787072
0.16993464052287582 0.01977186311787072
0.16993464052287582 0.01977186311787072
0.16993464052287582 0.01977186311787072
0.16993464052287582 0.01977186311787072
0.16993464052287582 0.01977186311787072
0.16883116883116883 0.01977186311787072
0.16883116883116883 0.01977186311787072
0.16883116883116883 0.01977186311787072
0.16883116883116883 0.01977186311787072
0.16883116883116883 0.01977186311787072
0.16883116883116883 0.01977186311787072
0.16883116883116883 0.01977186311787072
0.16774193548387098 0.01977186311787072
0.16774193548387098 0.01977186311787072
0.16774193548387098 0.01977186311787072
0.16774193548387098 0.01977186311787072
0.16774193548387098 0.01977186311787072
0.16774193548387098 0.01977186311787072
0.16774193548387098 0.01977186311787072
0.16774193548387098 0.01977186311787072
0.16774193548387098 0.01977186311787072
0.16774193548387098 0.01977186311787072
0.16774193548387098 0.01977186311787072
0.16666666666666666 0.01977186311787072
0.16666666666666666 0.01977186311787072
0.16666666666666666 0.01977186311787072
0.16560509554140126 0.01977186311787072
0.16560509554140126 0.01977186311787072
0.16560509554140126 0.01977186311787072
0.16560509554140126 0.01977186311787072
0.16560509554140126 0.01977186311787072
0.16560509554140126 0.01977186311787072
0.16560509554140126 0.01977186311787072
0.16455696202531644 0.01977186311787072
0.16455696202531644 0.01977186311787072
0.16455696202531644 0.01977186311787072
0.16455696202531644 0.01977186311787072
0.16455696202531644 0.01977186311787072
0.16455696202531644 0.01977186311787072
0.16455696202531644 0.01977186311787072
0.16455696202531644 0.01977186311787072
0.16455696202531644 0.01977186311787072
0.16455696202531644 0.01977186311787072
0.16455696202531644 0.01977186311787072
0.16455696202531644 0.01977186311787072
0.16455696202531644 0.01977186311787072
0.16455696202531644 0.01977186311787072
0.16455696202531644 0.01977186311787072
0.16455696202531644 0.01977186311787072
0.16455696202531644 0.01977186311787072
0.16455696202531644 0.01977186311787072
0.16455696202531644 0.01977186311787072
0.16352201257861634 0.01977186311787072
0.16352201257861634 0.01977186311787072
0.1625 0.01977186311787072
0.1625 0.01977186311787072
0.1625 0.01977186311787072
0.16149068322981366 0.01977186311787072
0.16149068322981366 0.01977186311787072
0.16149068322981366 0.01977186311787072
0.16149068322981366 0.01977186311787072
0.16149068322981366 0.01977186311787072
0.16149068322981366 0.01977186311787072
0.16149068322981366 0.01977186311787072
0.16149068322981366 0.01977186311787072
0.16149068322981366 0.01977186311787072
0.16149068322981366 0.01977186311787072
0.16149068322981366 0.01977186311787072
0.16149068322981366 0.01977186311787072
0.16149068322981366 0.01977186311787072
0.16049382716049382 0.01977186311787072
0.16049382716049382 0.01977186311787072
0.16049382716049382 0.01977186311787072
0.16049382716049382 0.01977186311787072
0.15950920245398773 0.01977186311787072
0.15950920245398773 0.01977186311787072
0.15950920245398773 0.01977186311787072
0.15950920245398773 0.01977186311787072
0.15950920245398773 0.01977186311787072
0.15950920245398773 0.01977186311787072
0.15950920245398773 0.01977186311787072
0.15853658536585366 0.01977186311787072
0.15853658536585366 0.01977186311787072
0.15853658536585366 0.01977186311787072
0.15853658536585366 0.01977186311787072
0.15853658536585366 0.01977186311787072
0.16363636363636364 0.02053231939163498
0.16363636363636364 0.02053231939163498
0.16363636363636364 0.02053231939163498
0.16363636363636364 0.02053231939163498
0.16363636363636364 0.02053231939163498
0.16363636363636364 0.02053231939163498
0.16363636363636364 0.02053231939163498
0.16363636363636364 0.02053231939163498
0.16363636363636364 0.02053231939163498
0.16363636363636364 0.02053231939163498
0.16363636363636364 0.02053231939163498
0.16265060240963855 0.02053231939163498
0.16167664670658682 0.02053231939163498
0.16167664670658682 0.02053231939163498
0.16167664670658682 0.02053231939163498
0.16167664670658682 0.02053231939163498
0.16167664670658682 0.02053231939163498
0.16167664670658682 0.02053231939163498
0.16167664670658682 0.02053231939163498
0.16167664670658682 0.02053231939163498
0.16167664670658682 0.02053231939163498
0.16167664670658682 0.02053231939163498
0.16167664670658682 0.02053231939163498
0.16167664670658682 0.02053231939163498
0.16167664670658682 0.02053231939163498
0.16167664670658682 0.02053231939163498
0.16167664670658682 0.02053231939163498
0.16167664670658682 0.02053231939163498
0.16167664670658682 0.02053231939163498
0.16167664670658682 0.02053231939163498
0.16071428571428573 0.02053231939163498
0.15976331360946747 0.02053231939163498
0.1588235294117647 0.02053231939163498
0.1588235294117647 0.02053231939163498
0.1588235294117647 0.02053231939163498
0.1588235294117647 0.02053231939163498
0.1588235294117647 0.02053231939163498
0.1588235294117647 0.02053231939163498
0.1588235294117647 0.02053231939163498
0.1588235294117647 0.02053231939163498
0.1588235294117647 0.02053231939163498
0.1588235294117647 0.02053231939163498
0.1588235294117647 0.02053231939163498
0.1588235294117647 0.02053231939163498
0.1588235294117647 0.02053231939163498
0.1569767441860465 0.02053231939163498
0.1569767441860465 0.02053231939163498
0.1569767441860465 0.02053231939163498
0.15517241379310345 0.02053231939163498
0.15428571428571428 0.02053231939163498
0.15428571428571428 0.02053231939163498
0.15428571428571428 0.02053231939163498
0.15428571428571428 0.02053231939163498
0.15428571428571428 0.02053231939163498
0.15428571428571428 0.02053231939163498
0.15428571428571428 0.02053231939163498
0.15428571428571428 0.02053231939163498
0.1534090909090909 0.02053231939163498
0.1534090909090909 0.02053231939163498
0.1534090909090909 0.02053231939163498
0.15254237288135594 0.02053231939163498
0.15254237288135594 0.02053231939163498
0.15254237288135594 0.02053231939163498
0.15254237288135594 0.02053231939163498
0.15254237288135594 0.02053231939163498
0.15254237288135594 0.02053231939163498
0.15168539325842698 0.02053231939163498
0.15168539325842698 0.02053231939163498
0.15168539325842698 0.02053231939163498
0.15168539325842698 0.02053231939163498
0.15168539325842698 0.02053231939163498
0.15168539325842698 0.02053231939163498
0.15168539325842698 0.02053231939163498
0.15168539325842698 0.02053231939163498
0.15083798882681565 0.02053231939163498
0.15083798882681565 0.02053231939163498
0.15083798882681565 0.02053231939163498
0.15 0.02053231939163498
0.14917127071823205 0.02053231939163498
0.14917127071823205 0.02053231939163498
0.14917127071823205 0.02053231939163498
0.14917127071823205 0.02053231939163498
0.14917127071823205 0.02053231939163498
0.14917127071823205 0.02053231939163498
0.14835164835164835 0.02053231939163498
0.14835164835164835 0.02053231939163498
0.14835164835164835 0.02053231939163498
0.14835164835164835 0.02053231939163498
0.14835164835164835 0.02053231939163498
0.14835164835164835 0.02053231939163498
0.14835164835164835 0.02053231939163498
0.14754098360655737 0.02053231939163498
0.14754098360655737 0.02053231939163498
0.14673913043478262 0.02053231939163498
0.14673913043478262 0.02053231939163498
0.14594594594594595 0.02053231939163498
0.14594594594594595 0.02053231939163498
0.14516129032258066 0.02053231939163498
0.14516129032258066 0.02053231939163498
0.14516129032258066 0.02053231939163498
0.14516129032258066 0.02053231939163498
0.14361702127659576 0.02053231939163498
0.14285714285714285 0.02053231939163498
0.14210526315789473 0.02053231939163498
0.14210526315789473 0.02053231939163498
0.14659685863874344 0.02129277566539924
0.14659685863874344 0.02129277566539924
0.14659685863874344 0.02129277566539924
0.14659685863874344 0.02129277566539924
0.14659685863874344 0.02129277566539924
0.14659685863874344 0.02129277566539924
0.14659685863874344 0.02129277566539924
0.14583333333333334 0.02129277566539924
0.14583333333333334 0.02129277566539924
0.14583333333333334 0.02129277566539924
0.14583333333333334 0.02129277566539924
0.14583333333333334 0.02129277566539924
0.14583333333333334 0.02129277566539924
0.14583333333333334 0.02129277566539924
0.14583333333333334 0.02129277566539924
0.14583333333333334 0.02129277566539924
0.14583333333333334 0.02129277566539924
0.14432989690721648 0.02129277566539924
0.14432989690721648 0.02129277566539924
0.14358974358974358 0.02129277566539924
0.14358974358974358 0.02129277566539924
0.14358974358974358 0.02129277566539924
0.14285714285714285 0.02129277566539924
0.14285714285714285 0.02129277566539924
0.14285714285714285 0.02129277566539924
0.14720812182741116 0.022053231939163497
0.14646464646464646 0.022053231939163497
0.14646464646464646 0.022053231939163497
0.14646464646464646 0.022053231939163497
0.14646464646464646 0.022053231939163497
0.14646464646464646 0.022053231939163497
0.14646464646464646 0.022053231939163497
0.14646464646464646 0.022053231939163497
0.14646464646464646 0.022053231939163497
0.14646464646464646 0.022053231939163497
0.14646464646464646 0.022053231939163497
0.1457286432160804 0.022053231939163497
0.1457286432160804 0.022053231939163497
0.1457286432160804 0.022053231939163497
0.1457286432160804 0.022053231939163497
0.1457286432160804 0.022053231939163497
0.1457286432160804 0.022053231939163497
0.1457286432160804 0.022053231939163497
0.1457286432160804 0.022053231939163497
0.145 0.022053231939163497
0.145 0.022053231939163497
0.14427860696517414 0.022053231939163497
0.14356435643564355 0.022053231939163497
0.14356435643564355 0.022053231939163497
0.14356435643564355 0.022053231939163497
0.14356435643564355 0.022053231939163497
0.14356435643564355 0.022053231939163497
0.1477832512315271 0.022813688212927757
0.1477832512315271 0.022813688212927757
0.1477832512315271 0.022813688212927757
0.1477832512315271 0.022813688212927757
0.14705882352941177 0.022813688212927757
0.14705882352941177 0.022813688212927757
0.14705882352941177 0.022813688212927757
0.14705882352941177 0.022813688212927757
0.14705882352941177 0.022813688212927757
0.14705882352941177 0.022813688212927757
0.14705882352941177 0.022813688212927757
0.14705882352941177 0.022813688212927757
0.14705882352941177 0.022813688212927757
0.14705882352941177 0.022813688212927757
0.15121951219512195 0.023574144486692015
0.1553398058252427 0.024334600760456272
0.15942028985507245 0.025095057034220533
0.16346153846153846 0.02585551330798479
0.16346153846153846 0.02585551330798479
0.16267942583732056 0.02585551330798479
0.16666666666666666 0.026615969581749048
0.17061611374407584 0.02737642585551331
0.17061611374407584 0.02737642585551331
0.17061611374407584 0.02737642585551331
0.17061611374407584 0.02737642585551331
0.16981132075471697 0.02737642585551331
0.16981132075471697 0.02737642585551331
0.16981132075471697 0.02737642585551331
0.16981132075471697 0.02737642585551331
0.16901408450704225 0.02737642585551331
0.16822429906542055 0.02737642585551331
0.16744186046511628 0.02737642585551331
0.16744186046511628 0.02737642585551331
0.16744186046511628 0.02737642585551331
0.1712962962962963 0.028136882129277566
0.17511520737327188 0.028897338403041824
0.17889908256880735 0.029657794676806085
0.17889908256880735 0.029657794676806085
0.17889908256880735 0.029657794676806085
0.1780821917808219 0.029657794676806085
0.1780821917808219 0.029657794676806085
0.1780821917808219 0.029657794676806085
0.17727272727272728 0.029657794676806085
0.17647058823529413 0.029657794676806085
0.17567567567567569 0.029657794676806085
0.17410714285714285 0.029657794676806085
0.17410714285714285 0.029657794676806085
0.17333333333333334 0.029657794676806085
0.17256637168141592 0.029657794676806085
0.17180616740088106 0.029657794676806085
0.17180616740088106 0.029657794676806085
0.17180616740088106 0.029657794676806085
0.17105263157894737 0.029657794676806085
0.17105263157894737 0.029657794676806085
0.1703056768558952 0.029657794676806085
0.1703056768558952 0.029657794676806085
0.1703056768558952 0.029657794676806085
0.1703056768558952 0.029657794676806085
0.1703056768558952 0.029657794676806085
0.1703056768558952 0.029657794676806085
0.1703056768558952 0.029657794676806085
0.1703056768558952 0.029657794676806085
0.1703056768558952 0.029657794676806085
0.16956521739130434 0.029657794676806085
0.16956521739130434 0.029657794676806085
0.16956521739130434 0.029657794676806085
0.16956521739130434 0.029657794676806085
0.16956521739130434 0.029657794676806085
0.16956521739130434 0.029657794676806085
0.16956521739130434 0.029657794676806085
0.16956521739130434 0.029657794676806085
0.16883116883116883 0.029657794676806085
0.16810344827586207 0.029657794676806085
0.16810344827586207 0.029657794676806085
0.16810344827586207 0.029657794676806085
0.16810344827586207 0.029657794676806085
0.16810344827586207 0.029657794676806085
0.16810344827586207 0.029657794676806085
0.16810344827586207 0.029657794676806085
0.16810344827586207 0.029657794676806085
0.16810344827586207 0.029657794676806085
0.16810344827586207 0.029657794676806085
0.16810344827586207 0.029657794676806085
0.16810344827586207 0.029657794676806085
0.16810344827586207 0.029657794676806085
0.16810344827586207 0.029657794676806085
0.16738197424892703 0.029657794676806085
0.16738197424892703 0.029657794676806085
0.16738197424892703 0.029657794676806085
0.16738197424892703 0.029657794676806085
0.16738197424892703 0.029657794676806085
0.16666666666666666 0.029657794676806085
0.16666666666666666 0.029657794676806085
0.16666666666666666 0.029657794676806085
0.16666666666666666 0.029657794676806085
0.16666666666666666 0.029657794676806085
0.1652542372881356 0.029657794676806085
0.1652542372881356 0.029657794676806085
0.1652542372881356 0.029657794676806085
0.1652542372881356 0.029657794676806085
0.1652542372881356 0.029657794676806085
0.1652542372881356 0.029657794676806085
0.1652542372881356 0.029657794676806085
0.16455696202531644 0.029657794676806085
0.16455696202531644 0.029657794676806085
0.1638655462184874 0.029657794676806085
0.1638655462184874 0.029657794676806085
0.1638655462184874 0.029657794676806085
0.1638655462184874 0.029657794676806085
0.1638655462184874 0.029657794676806085
0.1638655462184874 0.029657794676806085
0.16317991631799164 0.029657794676806085
0.16317991631799164 0.029657794676806085
0.1625 0.029657794676806085
0.1625 0.029657794676806085
0.16182572614107885 0.029657794676806085
0.16182572614107885 0.029657794676806085
0.16182572614107885 0.029657794676806085
0.16115702479338842 0.029657794676806085
0.16115702479338842 0.029657794676806085
0.16049382716049382 0.029657794676806085
0.16049382716049382 0.029657794676806085
0.1598360655737705 0.029657794676806085
0.1598360655737705 0.029657794676806085
0.1598360655737705 0.029657794676806085
0.1598360655737705 0.029657794676806085
0.1598360655737705 0.029657794676806085
0.1598360655737705 0.029657794676806085
0.1598360655737705 0.029657794676806085
0.1598360655737705 0.029657794676806085
0.1598360655737705 0.029657794676806085
0.1598360655737705 0.029657794676806085
0.1598360655737705 0.029657794676806085
0.1598360655737705 0.029657794676806085
0.1598360655737705 0.029657794676806085
0.1598360655737705 0.029657794676806085
0.1598360655737705 0.029657794676806085
0.1598360655737705 0.029657794676806085
0.15918367346938775 0.029657794676806085
0.15918367346938775 0.029657794676806085
0.15918367346938775 0.029657794676806085
0.15918367346938775 0.029657794676806085
0.15853658536585366 0.029657794676806085
0.15853658536585366 0.029657794676806085
0.15853658536585366 0.029657794676806085
0.15853658536585366 0.029657794676806085
0.15853658536585366 0.029657794676806085
0.15789473684210525 0.029657794676806085
0.15789473684210525 0.029657794676806085
0.15789473684210525 0.029657794676806085
0.15789473684210525 0.029657794676806085
0.15725806451612903 0.029657794676806085
0.15725806451612903 0.029657794676806085
0.15725806451612903 0.029657794676806085
0.15725806451612903 0.029657794676806085
0.15725806451612903 0.029657794676806085
0.15725806451612903 0.029657794676806085
0.15725806451612903 0.029657794676806085
0.15725806451612903 0.029657794676806085
0.15725806451612903 0.029657794676806085
0.15725806451612903 0.029657794676806085
0.15725806451612903 0.029657794676806085
0.15725806451612903 0.029657794676806085
0.15725806451612903 0.029657794676806085
0.15725806451612903 0.029657794676806085
0.1566265060240964 0.029657794676806085
0.156 0.029657794676806085
0.156 0.029657794676806085
0.15476190476190477 0.029657794676806085
0.15476190476190477 0.029657794676806085
0.15476190476190477 0.029657794676806085
0.15476190476190477 0.029657794676806085
0.1541501976284585 0.029657794676806085
0.1541501976284585 0.029657794676806085
0.1541501976284585 0.029657794676806085
0.1541501976284585 0.029657794676806085
0.1541501976284585 0.029657794676806085
0.15354330708661418 0.029657794676806085
0.15354330708661418 0.029657794676806085
0.15354330708661418 0.029657794676806085
0.15294117647058825 0.029657794676806085
0.15294117647058825 0.029657794676806085
0.15294117647058825 0.029657794676806085
0.15234375 0.029657794676806085
0.1517509727626459 0.029657794676806085
0.1517509727626459 0.029657794676806085
0.15503875968992248 0.030418250950570342
0.1583011583011583 0.0311787072243346
0.1583011583011583 0.0311787072243346
0.1576923076923077 0.0311787072243346
0.1576923076923077 0.0311787072243346
0.1576923076923077 0.0311787072243346
0.1576923076923077 0.0311787072243346
0.1576923076923077 0.0311787072243346
0.1576923076923077 0.0311787072243346
0.1576923076923077 0.0311787072243346
0.1576923076923077 0.0311787072243346
0.15708812260536398 0.0311787072243346
0.15708812260536398 0.0311787072243346
0.15708812260536398 0.0311787072243346
0.16030534351145037 0.03193916349809886
0.1634980988593156 0.03269961977186312
0.16666666666666666 0.033460076045627375
0.16981132075471697 0.034220532319391636
0.16981132075471697 0.034220532319391636
0.16981132075471697 0.034220532319391636
0.16981132075471697 0.034220532319391636
0.16981132075471697 0.034220532319391636
0.16981132075471697 0.034220532319391636
0.16981132075471697 0.034220532319391636
0.16981132075471697 0.034220532319391636
0.16917293233082706 0.034220532319391636
0.16853932584269662 0.034220532319391636
0.16791044776119404 0.034220532319391636
0.16791044776119404 0.034220532319391636
0.16791044776119404 0.034220532319391636
0.16791044776119404 0.034220532319391636
0.16791044776119404 0.034220532319391636
0.16791044776119404 0.034220532319391636
0.16791044776119404 0.034220532319391636
0.16791044776119404 0.034220532319391636
0.16791044776119404 0.034220532319391636
0.16791044776119404 0.034220532319391636
0.16791044776119404 0.034220532319391636
0.16791044776119404 0.034220532319391636
0.16791044776119404 0.034220532319391636
0.16728624535315986 0.034220532319391636
0.16728624535315986 0.034220532319391636
0.16728624535315986 0.034220532319391636
0.16728624535315986 0.034220532319391636
0.16728624535315986 0.034220532319391636
0.16728624535315986 0.034220532319391636
0.16728624535315986 0.034220532319391636
0.16728624535315986 0.034220532319391636
0.16728624535315986 0.034220532319391636
0.16666666666666666 0.034220532319391636
0.16666666666666666 0.034220532319391636
0.16666666666666666 0.034220532319391636
0.16666666666666666 0.034220532319391636
0.16605166051660517 0.034220532319391636
0.16605166051660517 0.034220532319391636
0.16605166051660517 0.034220532319391636
0.16605166051660517 0.034220532319391636
0.16605166051660517 0.034220532319391636
0.16605166051660517 0.034220532319391636
0.16605166051660517 0.034220532319391636
0.16605166051660517 0.034220532319391636
0.16605166051660517 0.034220532319391636
0.16544117647058823 0.034220532319391636
0.16483516483516483 0.034220532319391636
0.16483516483516483 0.034220532319391636
0.16483516483516483 0.034220532319391636
0.16483516483516483 0.034220532319391636
0.16483516483516483 0.034220532319391636
0.16483516483516483 0.034220532319391636
0.16483516483516483 0.034220532319391636
0.16423357664233576 0.034220532319391636
0.16423357664233576 0.034220532319391636
0.16423357664233576 0.034220532319391636
0.16423357664233576 0.034220532319391636
0.16423357664233576 0.034220532319391636
0.16423357664233576 0.034220532319391636
0.16423357664233576 0.034220532319391636
0.16423357664233576 0.034220532319391636
0.16423357664233576 0.034220532319391636
0.16423357664233576 0.034220532319391636
0.16363636363636364 0.034220532319391636
0.16304347826086957 0.034220532319391636
0.16304347826086957 0.034220532319391636
0.16304347826086957 0.034220532319391636
0.16304347826086957 0.034220532319391636
0.1624548736462094 0.034220532319391636
0.1624548736462094 0.034220532319391636
0.1624548736462094 0.034220532319391636
0.1624548736462094 0.034220532319391636
0.1618705035971223 0.034220532319391636
0.1618705035971223 0.034220532319391636
0.1618705035971223 0.034220532319391636
0.16129032258064516 0.034220532319391636
0.16129032258064516 0.034220532319391636
0.16071428571428573 0.034220532319391636
0.16071428571428573 0.034220532319391636
0.1601423487544484 0.034220532319391636
0.1601423487544484 0.034220532319391636
0.1601423487544484 0.034220532319391636
0.1595744680851064 0.034220532319391636
0.1595744680851064 0.034220532319391636
0.1595744680851064 0.034220532319391636
0.15901060070671377 0.034220532319391636
0.15901060070671377 0.034220532319391636
0.15845070422535212 0.034220532319391636
0.15845070422535212 0.034220532319391636
0.15845070422535212 0.034220532319391636
0.16140350877192983 0.0349809885931559
0.16083916083916083 0.0349809885931559
0.16083916083916083 0.0349809885931559
0.16083916083916083 0.0349809885931559
0.16083916083916083 0.0349809885931559
0.16083916083916083 0.0349809885931559
0.16083916083916083 0.0349809885931559
0.16083916083916083 0.0349809885931559
0.16083916083916083 0.0349809885931559
0.1602787456445993 0.0349809885931559
0.1602787456445993 0.0349809885931559
0.1602787456445993 0.0349809885931559
0.1597222222222222 0.0349809885931559
0.16262975778546712 0.03574144486692015
0.16262975778546712 0.03574144486692015
0.16262975778546712 0.03574144486692015
0.16262975778546712 0.03574144486692015
0.16262975778546712 0.03574144486692015
0.16262975778546712 0.03574144486692015
0.16206896551724137 0.03574144486692015
0.16206896551724137 0.03574144486692015
0.16206896551724137 0.03574144486692015
0.16151202749140894 0.03574144486692015
0.16095890410958905 0.03574144486692015
0.16095890410958905 0.03574144486692015
0.16095890410958905 0.03574144486692015
0.16095890410958905 0.03574144486692015
0.16095890410958905 0.03574144486692015
0.16095890410958905 0.03574144486692015
0.16095890410958905 0.03574144486692015
0.16095890410958905 0.03574144486692015
0.16095890410958905 0.03574144486692015
0.16095890410958905 0.03574144486692015
0.16095890410958905 0.03574144486692015
0.16095890410958905 0.03574144486692015
0.16095890410958905 0.03574144486692015
0.16040955631399317 0.03574144486692015
0.15932203389830507 0.03574144486692015
0.15932203389830507 0.03574144486692015
0.15932203389830507 0.03574144486692015
0.15932203389830507 0.03574144486692015
0.15878378378378377 0.03574144486692015
0.15878378378378377 0.03574144486692015
0.15878378378378377 0.03574144486692015
0.15824915824915825 0.03574144486692015
0.15824915824915825 0.03574144486692015
0.15824915824915825 0.03574144486692015
0.15824915824915825 0.03574144486692015
0.15824915824915825 0.03574144486692015
0.15771812080536912 0.03574144486692015
0.15719063545150502 0.03574144486692015
0.15719063545150502 0.03574144486692015
0.15719063545150502 0.03574144486692015
0.15666666666666668 0.03574144486692015
0.15614617940199335 0.03574144486692015
0.15614617940199335 0.03574144486692015
0.15614617940199335 0.03574144486692015
0.15614617940199335 0.03574144486692015
0.15614617940199335 0.03574144486692015
0.15562913907284767 0.03574144486692015
0.1551155115511551 0.03574144486692015
0.15460526315789475 0.03574144486692015
0.15460526315789475 0.03574144486692015
0.15460526315789475 0.03574144486692015
0.1540983606557377 0.03574144486692015
0.15359477124183007 0.03574144486692015
0.1525974025974026 0.03574144486692015
0.15210355987055016 0.03574144486692015
0.15210355987055016 0.03574144486692015
0.15210355987055016 0.03574144486692015
0.15210355987055016 0.03574144486692015
0.15210355987055016 0.03574144486692015
0.15210355987055016 0.03574144486692015
0.15210355987055016 0.03574144486692015
0.15210355987055016 0.03574144486692015
0.15161290322580645 0.03574144486692015
0.15112540192926044 0.03574144486692015
0.15112540192926044 0.03574144486692015
0.15112540192926044 0.03574144486692015
0.15064102564102563 0.03574144486692015
0.1501597444089457 0.03574144486692015
0.14968152866242038 0.03574144486692015
0.14968152866242038 0.03574144486692015
0.1492063492063492 0.03574144486692015
0.1492063492063492 0.03574144486692015
0.1492063492063492 0.03574144486692015
0.1492063492063492 0.03574144486692015
0.14873417721518986 0.03574144486692015
0.14873417721518986 0.03574144486692015
0.14873417721518986 0.03574144486692015
0.14826498422712933 0.03574144486692015
0.14779874213836477 0.03574144486692015
0.14779874213836477 0.03574144486692015
0.14733542319749215 0.03574144486692015
0.14733542319749215 0.03574144486692015
0.146875 0.03574144486692015
0.146875 0.03574144486692015
0.146875 0.03574144486692015
0.146875 0.03574144486692015
0.146875 0.03574144486692015
0.146875 0.03574144486692015
0.14641744548286603 0.03574144486692015
0.14641744548286603 0.03574144486692015
0.14641744548286603 0.03574144486692015
0.14596273291925466 0.03574144486692015
0.14596273291925466 0.03574144486692015
0.14596273291925466 0.03574144486692015
0.14596273291925466 0.03574144486692015
0.14596273291925466 0.03574144486692015
0.14551083591331268 0.03574144486692015
0.14551083591331268 0.03574144486692015
0.14506172839506173 0.03574144486692015
0.14506172839506173 0.03574144486692015
0.14506172839506173 0.03574144486692015
0.14506172839506173 0.03574144486692015
0.14506172839506173 0.03574144486692015
0.14506172839506173 0.03574144486692015
0.14461538461538462 0.03574144486692015
0.1441717791411043 0.03574144486692015
0.1441717791411043 0.03574144486692015
0.1441717791411043 0.03574144486692015
0.1441717791411043 0.03574144486692015
0.1441717791411043 0.03574144486692015
0.1441717791411043 0.03574144486692015
0.1441717791411043 0.03574144486692015
0.1441717791411043 0.03574144486692015
0.1441717791411043 0.03574144486692015
0.1441717791411043 0.03574144486692015
0.1441717791411043 0.03574144486692015
0.1437308868501529 0.03574144486692015
0.1437308868501529 0.03574144486692015
0.1437308868501529 0.03574144486692015
0.1437308868501529 0.03574144486692015
0.1437308868501529 0.03574144486692015
0.1437308868501529 0.03574144486692015
0.14329268292682926 0.03574144486692015
0.14329268292682926 0.03574144486692015
0.14329268292682926 0.03574144486692015
0.14329268292682926 0.03574144486692015
0.14329268292682926 0.03574144486692015
0.14285714285714285 0.03574144486692015
0.14285714285714285 0.03574144486692015
0.14285714285714285 0.03574144486692015
0.14285714285714285 0.03574144486692015
0.14242424242424243 0.03574144486692015
0.14242424242424243 0.03574144486692015
0.14242424242424243 0.03574144486692015
0.14242424242424243 0.03574144486692015
0.1419939577039275 0.03574144486692015
0.1419939577039275 0.03574144486692015
0.14156626506024098 0.03574144486692015
0.14156626506024098 0.03574144486692015
0.14114114114114115 0.03574144486692015
0.14114114114114115 0.03574144486692015
0.14114114114114115 0.03574144486692015
0.1407185628742515 0.03574144486692015
0.1407185628742515 0.03574144486692015
0.1407185628742515 0.03574144486692015
0.1407185628742515 0.03574144486692015
0.14029850746268657 0.03574144486692015
0.13988095238095238 0.03574144486692015
0.13988095238095238 0.03574144486692015
0.13988095238095238 0.03574144486692015
0.13988095238095238 0.03574144486692015
0.13988095238095238 0.03574144486692015
0.13988095238095238 0.03574144486692015
0.1394658753709199 0.03574144486692015
0.1394658753709199 0.03574144486692015
0.1394658753709199 0.03574144486692015
0.1394658753709199 0.03574144486692015
0.1394658753709199 0.03574144486692015
0.1394658753709199 0.03574144486692015
0.1394658753709199 0.03574144486692015
0.1390532544378698 0.03574144486692015
0.1390532544378698 0.03574144486692015
0.13864306784660768 0.03574144486692015
0.13864306784660768 0.03574144486692015
0.13823529411764707 0.03574144486692015
0.13823529411764707 0.03574144486692015
0.1378299120234604 0.03574144486692015
0.13742690058479531 0.03574144486692015
0.13742690058479531 0.03574144486692015
0.13702623906705538 0.03574144486692015
0.13702623906705538 0.03574144486692015
0.13662790697674418 0.03574144486692015
0.13623188405797101 0.03574144486692015
0.13583815028901733 0.03574144486692015
0.13544668587896252 0.03574144486692015
0.13544668587896252 0.03574144486692015
0.13544668587896252 0.03574144486692015
0.13505747126436782 0.03574144486692015
0.1346704871060172 0.03574144486692015
0.1346704871060172 0.03574144486692015
0.1346704871060172 0.03574144486692015
0.1346704871060172 0.03574144486692015
0.1346704871060172 0.03574144486692015
0.1346704871060172 0.03574144486692015
0.1346704871060172 0.03574144486692015
0.1346704871060172 0.03574144486692015
0.13428571428571429 0.03574144486692015
0.13428571428571429 0.03574144486692015
0.13428571428571429 0.03574144486692015
0.13428571428571429 0.03574144486692015
0.1339031339031339 0.03574144486692015
0.1339031339031339 0.03574144486692015
0.1339031339031339 0.03574144486692015
0.1339031339031339 0.03574144486692015
0.1339031339031339 0.03574144486692015
0.1339031339031339 0.03574144486692015
0.1339031339031339 0.03574144486692015
0.13352272727272727 0.03574144486692015
0.13314447592067988 0.03574144486692015
0.1327683615819209 0.03574144486692015
0.1327683615819209 0.03574144486692015
0.1327683615819209 0.03574144486692015
0.1327683615819209 0.03574144486692015
0.1327683615819209 0.03574144486692015
0.13202247191011235 0.03574144486692015
0.13202247191011235 0.03574144486692015
0.13202247191011235 0.03574144486692015
0.13165266106442577 0.03574144486692015
0.13128491620111732 0.03574144486692015
0.13128491620111732 0.03574144486692015
0.13128491620111732 0.03574144486692015
0.13128491620111732 0.03574144486692015
0.13128491620111732 0.03574144486692015
0.13128491620111732 0.03574144486692015
0.13128491620111732 0.03574144486692015
0.1309192200557103 0.03574144486692015
0.1309192200557103 0.03574144486692015
0.1309192200557103 0.03574144486692015
0.1309192200557103 0.03574144486692015
0.1309192200557103 0.03574144486692015
0.1309192200557103 0.03574144486692015
0.13055555555555556 0.03574144486692015
0.13055555555555556 0.03574144486692015
0.13055555555555556 0.03574144486692015
0.13055555555555556 0.03574144486692015
0.13055555555555556 0.03574144486692015
0.13055555555555556 0.03574144486692015
0.13055555555555556 0.03574144486692015
0.13019390581717452 0.03574144486692015
0.1298342541436464 0.03574144486692015
0.12947658402203857 0.03574144486692015
0.12947658402203857 0.03574144486692015
0.12947658402203857 0.03574144486692015
0.12947658402203857 0.03574144486692015
0.12947658402203857 0.03574144486692015
0.12947658402203857 0.03574144486692015
0.12912087912087913 0.03574144486692015
0.12876712328767123 0.03574144486692015
0.12876712328767123 0.03574144486692015
0.1284153005464481 0.03574144486692015
0.12806539509536785 0.03574144486692015
0.12806539509536785 0.03574144486692015
0.12806539509536785 0.03574144486692015
0.12771739130434784 0.03574144486692015
0.12771739130434784 0.03574144486692015
0.12737127371273713 0.03574144486692015
0.12737127371273713 0.03574144486692015
0.12737127371273713 0.03574144486692015
0.12702702702702703 0.03574144486692015
