1.0 0.005376344086021506
0.5 0.005376344086021506
0.6666666666666666 0.010752688172043012
0.5 0.010752688172043012
0.6 0.016129032258064516
0.6666666666666666 0.021505376344086023
0.7142857142857143 0.026881720430107527
0.75 0.03225806451612903
0.6666666666666666 0.03225806451612903
0.6 0.03225806451612903
0.6363636363636364 0.03763440860215054
0.5833333333333334 0.03763440860215054
0.5384615384615384 0.03763440860215054
0.5714285714285714 0.043010752688172046
0.6 0.04838709677419355
0.625 0.053763440860215055
0.5882352941176471 0.053763440860215055
0.6111111111111112 0.05913978494623656
0.631578947368421 0.06451612903225806
0.65 0.06989247311827956
0.6190476190476191 0.06989247311827956
0.5909090909090909 0.06989247311827956
0.6086956521739131 0.07526881720430108
0.625 0.08064516129032258
0.6 0.08064516129032258
0.5769230769230769 0.08064516129032258
0.5555555555555556 0.08064516129032258
0.5357142857142857 0.08064516129032258
0.5172413793103449 0.08064516129032258
0.5 0.08064516129032258
0.4838709677419355 0.08064516129032258
0.46875 0.08064516129032258
0.48484848484848486 0.08602150537634409
0.5 0.0913978494623656
0.4857142857142857 0.0913978494623656
0.5 0.0967741935483871
0.5135135135135135 0.10215053763440861
0.5 0.10215053763440861
0.48717948717948717 0.10215053763440861
0.475 0.10215053763440861
0.4634146341463415 0.10215053763440861
0.4523809523809524 0.10215053763440861
0.4418604651162791 0.10215053763440861
0.4318181818181818 0.10215053763440861
0.4222222222222222 0.10215053763440861
0.41304347826086957 0.10215053763440861
0.425531914893617 0.10752688172043011
0.4166666666666667 0.10752688172043011
0.40816326530612246 0.10752688172043011
0.42 0.11290322580645161
0.43137254901960786 0.11827956989247312
0.4230769230769231 0.11827956989247312
0.41509433962264153 0.11827956989247312
0.4074074074074074 0.11827956989247312
0.4 0.11827956989247312
0.4107142857142857 0.12365591397849462
0.42105263157894735 0.12903225806451613
0.43103448275862066 0.13440860215053763
0.4406779661016949 0.13978494623655913
0.45 0.14516129032258066
0.4426229508196721 0.14516129032258066
0.43548387096774194 0.14516129032258066
0.4444444444444444 0.15053763440860216
0.453125 0.15591397849462366
0.46153846153846156 0.16129032258064516
0.45454545454545453 0.16129032258064516
0.44776119402985076 0.16129032258064516
0.4411764705882353 0.16129032258064516
0.43478260869565216 0.16129032258064516
0.42857142857142855 0.16129032258064516
0.4225352112676056 0.16129032258064516
0.4166666666666667 0.16129032258064516
0.410958904109589 0.16129032258064516
0.40540540540540543 0.16129032258064516
0.41333333333333333 0.16666666666666666
0.40789473684210525 0.16666666666666666
0.4025974025974026 0.16666666666666666
0.3974358974358974 0.16666666666666666
0.3924050632911392 0.16666666666666666
0.3875 0.16666666666666666
0.3950617283950617 0.17204301075268819
0.3902439024390244 0.17204301075268819
0.3855421686746988 0.17204301075268819
0.38095238095238093 0.17204301075268819
0.3764705882352941 0.17204301075268819
0.37209302325581395 0.17204301075268819
0.367816091954023 0.17204301075268819
0.36363636363636365 0.17204301075268819
0.3595505617977528 0.17204301075268819
0.35555555555555557 0.17204301075268819
0.3516483516483517 0.17204301075268819
0.34782608695652173 0.17204301075268819
0.34408602150537637 0.17204301075268819
0.3404255319148936 0.17204301075268819
0.3368421052631579 0.17204301075268819
0.3333333333333333 0.17204301075268819
0.32989690721649484 0.17204301075268819
0.32653061224489793 0.17204301075268819
0.32323232323232326 0.17204301075268819
0.32 0.17204301075268819
0.31683168316831684 0.17204301075268819
0.3137254901960784 0.17204301075268819
0.3106796116504854 0.17204301075268819
0.3076923076923077 0.17204301075268819
0.3047619047619048 0.17204301075268819
0.3018867924528302 0.17204301075268819
0.29906542056074764 0.17204301075268819
0.2962962962962963 0.17204301075268819
0.29357798165137616 0.17204301075268819
0.2909090909090909 0.17204301075268819
0.2882882882882883 0.17204301075268819
0.2857142857142857 0.17204301075268819
0.2831858407079646 0.17204301075268819
0.2807017543859649 0.17204301075268819
0.2782608695652174 0.17204301075268819
0.27586206896551724 0.17204301075268819
0.27350427350427353 0.17204301075268819
0.2711864406779661 0.17204301075268819
0.2689075630252101 0.17204301075268819
0.26666666666666666 0.17204301075268819
0.2644628099173554 0.17204301075268819
0.26229508196721313 0.17204301075268819
0.2601626016260163 0.17204301075268819
0.25806451612903225 0.17204301075268819
0.256 0.17204301075268819
0.25396825396825395 0.17204301075268819
0.25196850393700787 0.17204301075268819
0.25 0.17204301075268819
0.24806201550387597 0.17204301075268819
0.24615384615384617 0.17204301075268819
0.24427480916030533 0.17204301075268819
0.24242424242424243 0.17204301075268819
0.24060150375939848 0.17204301075268819
0.23880597014925373 0.17204301075268819
0.23703703703703705 0.17204301075268819
0.23529411764705882 0.17204301075268819
0.23357664233576642 0.17204301075268819
0.2318840579710145 0.17204301075268819
0.2302158273381295 0.17204301075268819
0.22857142857142856 0.17204301075268819
0.22695035460992907 0.17204301075268819
0.22535211267605634 0.17204301075268819
0.22377622377622378 0.17204301075268819
0.2222222222222222 0.17204301075268819
0.2206896551724138 0.17204301075268819
0.2191780821917808 0.17204301075268819
0.21768707482993196 0.17204301075268819
0.21621621621621623 0.17204301075268819
0.21476510067114093 0.17204301075268819
0.21333333333333335 0.17204301075268819
0.2119205298013245 0.17204301075268819
0.21052631578947367 0.17204301075268819
0.20915032679738563 0.17204301075268819
0.2077922077922078 0.17204301075268819
0.2064516129032258 0.17204301075268819
0.20512820512820512 0.17204301075268819
0.20382165605095542 0.17204301075268819
0.20253164556962025 0.17204301075268819
0.20125786163522014 0.17204301075268819
0.2 0.17204301075268819
0.19875776397515527 0.17204301075268819
0.19753086419753085 0.17204301075268819
0.19631901840490798 0.17204301075268819
0.1951219512195122 0.17204301075268819
0.19393939393939394 0.17204301075268819
0.1927710843373494 0.17204301075268819
0.19161676646706588 0.17204301075268819
0.19047619047619047 0.17204301075268819
0.1893491124260355 0.17204301075268819
0.18823529411764706 0.17204301075268819
0.1871345029239766 0.17204301075268819
0.18604651162790697 0.17204301075268819
0.18497109826589594 0.17204301075268819
0.1839080459770115 0.17204301075268819
0.18285714285714286 0.17204301075268819
0.18181818181818182 0.17204301075268819
0.1807909604519774 0.17204301075268819
0.1797752808988764 0.17204301075268819
0.1787709497206704 0.17204301075268819
0.17777777777777778 0.17204301075268819
0.17679558011049723 0.17204301075268819
0.17582417582417584 0.17204301075268819
0.17486338797814208 0.17204301075268819
0.17391304347826086 0.17204301075268819
0.17297297297297298 0.17204301075268819
0.17204301075268819 0.17204301075268819
0.1711229946524064 0.17204301075268819
0.1702127659574468 0.17204301075268819
0.1693121693121693 0.17204301075268819
0.16842105263157894 0.17204301075268819
0.16753926701570682 0.17204301075268819
0.16666666666666666 0.17204301075268819
0.16580310880829016 0.17204301075268819
0.16494845360824742 0.17204301075268819
0.1641025641025641 0.17204301075268819
0.16326530612244897 0.17204301075268819
0.16243654822335024 0.17204301075268819
0.16161616161616163 0.17204301075268819
0.16080402010050251 0.17204301075268819
0.16 0.17204301075268819
0.15920398009950248 0.17204301075268819
0.15841584158415842 0.17204301075268819
0.15763546798029557 0.17204301075268819
0.1568627450980392 0.17204301075268819
0.15609756097560976 0.17204301075268819
0.1553398058252427 0.17204301075268819
0.15458937198067632 0.17204301075268819
0.15384615384615385 0.17204301075268819
0.15311004784688995 0.17204301075268819
0.1523809523809524 0.17204301075268819
0.15165876777251186 0.17204301075268819
0.1509433962264151 0.17204301075268819
0.15023474178403756 0.17204301075268819
0.14953271028037382 0.17204301075268819
0.14883720930232558 0.17204301075268819
0.14814814814814814 0.17204301075268819
0.14746543778801843 0.17204301075268819
0.14678899082568808 0.17204301075268819
0.1461187214611872 0.17204301075268819
0.14545454545454545 0.17204301075268819
0.14479638009049775 0.17204301075268819
0.14414414414414414 0.17204301075268819
0.14349775784753363 0.17204301075268819
0.14285714285714285 0.17204301075268819
0.14222222222222222 0.17204301075268819
0.1415929203539823 0.17204301075268819
0.14096916299559473 0.17204301075268819
0.14035087719298245 0.17204301075268819
0.13973799126637554 0.17204301075268819
0.1391304347826087 0.17204301075268819
0.13852813852813853 0.17204301075268819
0.13793103448275862 0.17204301075268819
0.13733905579399142 0.17204301075268819
0.13675213675213677 0.17204301075268819
0.13617021276595745 0.17204301075268819
0.13559322033898305 0.17204301075268819
0.1350210970464135 0.17204301075268819
0.13445378151260504 0.17204301075268819
0.13389121338912133 0.17204301075268819
0.13333333333333333 0.17204301075268819
0.13278008298755187 0.17204301075268819
0.1322314049586777 0.17204301075268819
0.13168724279835392 0.17204301075268819
0.13114754098360656 0.17204301075268819
0.1306122448979592 0.17204301075268819
0.13008130081300814 0.17204301075268819
0.12955465587044535 0.17204301075268819
0.12903225806451613 0.17204301075268819
0.1285140562248996 0.17204301075268819
0.128 0.17204301075268819
0.12749003984063745 0.17204301075268819
0.12698412698412698 0.17204301075268819
0.12648221343873517 0.17204301075268819
0.12598425196850394 0.17204301075268819
0.12549019607843137 0.17204301075268819
0.125 0.17204301075268819
0.1245136186770428 0.17204301075268819
0.12403100775193798 0.17204301075268819
0.12355212355212356 0.17204301075268819
0.12307692307692308 0.17204301075268819
0.12260536398467432 0.17204301075268819
0.12213740458015267 0.17204301075268819
0.12167300380228137 0.17204301075268819
0.12121212121212122 0.17204301075268819
0.12075471698113208 0.17204301075268819
0.12030075187969924 0.17204301075268819
0.1198501872659176 0.17204301075268819
0.11940298507462686 0.17204301075268819
0.11895910780669144 0.17204301075268819
0.11851851851851852 0.17204301075268819
0.11808118081180811 0.17204301075268819
0.11764705882352941 0.17204301075268819
0.11721611721611722 0.17204301075268819
0.11678832116788321 0.17204301075268819
0.11636363636363636 0.17204301075268819
0.11594202898550725 0.17204301075268819
0.11552346570397112 0.17204301075268819
0.11510791366906475 0.17204301075268819
0.11469534050179211 0.17204301075268819
0.11428571428571428 0.17204301075268819
0.11387900355871886 0.17204301075268819
0.11347517730496454 0.17204301075268819
0.11307420494699646 0.17204301075268819
0.11267605633802817 0.17204301075268819
0.11228070175438597 0.17204301075268819
0.11188811188811189 0.17204301075268819
0.11149825783972125 0.17204301075268819
0.1111111111111111 0.17204301075268819
0.11072664359861592 0.17204301075268819
0.1103448275862069 0.17204301075268819
0.10996563573883161 0.17204301075268819
0.1095890410958904 0.17204301075268819
0.10921501706484642 0.17204301075268819
0.10884353741496598 0.17204301075268819
0.10847457627118644 0.17204301075268819
0.10810810810810811 0.17204301075268819
0.10774410774410774 0.17204301075268819
0.10738255033557047 0.17204301075268819
0.10702341137123746 0.17204301075268819
0.10666666666666667 0.17204301075268819
0.10631229235880399 0.17204301075268819
0.10596026490066225 0.17204301075268819
0.10561056105610561 0.17204301075268819
0.10526315789473684 0.17204301075268819
0.10491803278688525 0.17204301075268819
0.10457516339869281 0.17204301075268819
0.10423452768729642 0.17204301075268819
0.1038961038961039 0.17204301075268819
0.10355987055016182 0.17204301075268819
0.1032258064516129 0.17204301075268819
0.10289389067524116 0.17204301075268819
0.10256410256410256 0.17204301075268819
0.10223642172523961 0.17204301075268819
0.10191082802547771 0.17204301075268819
0.10158730158730159 0.17204301075268819
0.10126582278481013 0.17204301075268819
0.10094637223974763 0.17204301075268819
0.10062893081761007 0.17204301075268819
0.10031347962382445 0.17204301075268819
0.1 0.17204301075268819
0.09968847352024922 0.17204301075268819
0.09937888198757763 0.17204301075268819
0.09907120743034056 0.17204301075268819
0.09876543209876543 0.17204301075268819
0.09846153846153846 0.17204301075268819
0.09815950920245399 0.17204301075268819
0.09785932721712538 0.17204301075268819
0.0975609756097561 0.17204301075268819
0.0972644376899696 0.17204301075268819
0.09696969696969697 0.17204301075268819
0.09667673716012085 0.17204301075268819
0.0963855421686747 0.17204301075268819
0.0960960960960961 0.17204301075268819
0.09580838323353294 0.17204301075268819
0.0955223880597015 0.17204301075268819
0.09523809523809523 0.17204301075268819
0.09495548961424333 0.17204301075268819
0.09467455621301775 0.17204301075268819
0.0943952802359882 0.17204301075268819
0.09411764705882353 0.17204301075268819
0.093841642228739 0.17204301075268819
0.0935672514619883 0.17204301075268819
0.09329446064139942 0.17204301075268819
0.09302325581395349 0.17204301075268819
0.0927536231884058 0.17204301075268819
0.09248554913294797 0.17204301075268819
0.09221902017291066 0.17204301075268819
0.09195402298850575 0.17204301075268819
0.09169054441260745 0.17204301075268819
0.09142857142857143 0.17204301075268819
0.09116809116809117 0.17204301075268819
0.09090909090909091 0.17204301075268819
0.0906515580736544 0.17204301075268819
0.0903954802259887 0.17204301075268819
0.09014084507042254 0.17204301075268819
0.0898876404494382 0.17204301075268819
0.0896358543417367 0.17204301075268819
0.0893854748603352 0.17204301075268819
0.08913649025069638 0.17204301075268819
0.08888888888888889 0.17204301075268819
0.0886426592797784 0.17204301075268819
0.08839779005524862 0.17204301075268819
0.0881542699724518 0.17204301075268819
0.08791208791208792 0.17204301075268819
0.08767123287671233 0.17204301075268819
0.08743169398907104 0.17204301075268819
0.08719346049046321 0.17204301075268819
0.08695652173913043 0.17204301075268819
0.08672086720867209 0.17204301075268819
0.08648648648648649 0.17204301075268819
0.0862533692722372 0.17204301075268819
0.08602150537634409 0.17204301075268819
0.08579088471849866 0.17204301075268819
0.0855614973262032 0.17204301075268819
0.08533333333333333 0.17204301075268819
0.0851063829787234 0.17204301075268819
0.08488063660477453 0.17204301075268819
0.08465608465608465 0.17204301075268819
0.08443271767810026 0.17204301075268819
0.08421052631578947 0.17204301075268819
0.08398950131233596 0.17204301075268819
0.08376963350785341 0.17204301075268819
0.0835509138381201 0.17204301075268819
0.08333333333333333 0.17204301075268819
0.08311688311688312 0.17204301075268819
0.08290155440414508 0.17204301075268819
0.082687338501292 0.17204301075268819
0.08247422680412371 0.17204301075268819
0.08226221079691516 0.17204301075268819
0.08205128205128205 0.17204301075268819
0.08184143222506395 0.17204301075268819
0.08163265306122448 0.17204301075268819
0.08142493638676845 0.17204301075268819
0.08121827411167512 0.17204301075268819
0.0810126582278481 0.17204301075268819
0.08080808080808081 0.17204301075268819
0.08060453400503778 0.17204301075268819
0.08040201005025126 0.17204301075268819
0.08020050125313283 0.17204301075268819
0.08 0.17204301075268819
0.0798004987531172 0.17204301075268819
0.07960199004975124 0.17204301075268819
0.0794044665012407 0.17204301075268819
0.07920792079207921 0.17204301075268819
0.07901234567901234 0.17204301075268819
0.07881773399014778 0.17204301075268819
0.07862407862407862 0.17204301075268819
0.0784313725490196 0.17204301075268819
0.07823960880195599 0.17204301075268819
0.07804878048780488 0.17204301075268819
0.07785888077858881 0.17204301075268819
0.07766990291262135 0.17204301075268819
0.0774818401937046 0.17204301075268819
0.07729468599033816 0.17204301075268819
0.07710843373493977 0.17204301075268819
0.07692307692307693 0.17204301075268819
0.07673860911270983 0.17204301075268819
0.07655502392344497 0.17204301075268819
0.07637231503579953 0.17204301075268819
0.0761904761904762 0.17204301075268819
0.07600950118764846 0.17204301075268819
0.07582938388625593 0.17204301075268819
0.07565011820330969 0.17204301075268819
0.07547169811320754 0.17204301075268819
0.07529411764705882 0.17204301075268819
0.07511737089201878 0.17204301075268819
0.07494145199063232 0.17204301075268819
0.07476635514018691 0.17204301075268819
0.07459207459207459 0.17204301075268819
0.07441860465116279 0.17204301075268819
0.07424593967517401 0.17204301075268819
0.07407407407407407 0.17204301075268819
0.07390300230946882 0.17204301075268819
0.07373271889400922 0.17204301075268819
0.0735632183908046 0.17204301075268819
0.07339449541284404 0.17204301075268819
0.07322654462242563 0.17204301075268819
0.0730593607305936 0.17204301075268819
0.07289293849658314 0.17204301075268819
0.07272727272727272 0.17204301075268819
0.07256235827664399 0.17204301075268819
0.07239819004524888 0.17204301075268819
0.07223476297968397 0.17204301075268819
0.07207207207207207 0.17204301075268819
0.07191011235955057 0.17204301075268819
0.07174887892376682 0.17204301075268819
0.07158836689038031 0.17204301075268819
0.07142857142857142 0.17204301075268819
0.07126948775055679 0.17204301075268819
0.07111111111111111 0.17204301075268819
0.07095343680709534 0.17204301075268819
0.07079646017699115 0.17204301075268819
0.0706401766004415 0.17204301075268819
0.07048458149779736 0.17204301075268819
0.07032967032967033 0.17204301075268819
0.07017543859649122 0.17204301075268819
0.0700218818380744 0.17204301075268819
0.06986899563318777 0.17204301075268819
0.06971677559912855 0.17204301075268819
0.06956521739130435 0.17204301075268819
0.06941431670281996 0.17204301075268819
0.06926406926406926 0.17204301075268819
0.06911447084233262 0.17204301075268819
0.06896551724137931 0.17204301075268819
0.06881720430107527 0.17204301075268819
0.06866952789699571 0.17204301075268819
0.06852248394004283 0.17204301075268819
0.06837606837606838 0.17204301075268819
0.06823027718550106 0.17204301075268819
0.06808510638297872 0.17204301075268819
0.06794055201698514 0.17204301075268819
0.06779661016949153 0.17204301075268819
0.06765327695560254 0.17204301075268819
0.06751054852320675 0.17204301075268819
0.06736842105263158 0.17204301075268819
0.06722689075630252 0.17204301075268819
0.06708595387840671 0.17204301075268819
0.06694560669456066 0.17204301075268819
0.06680584551148225 0.17204301075268819
0.06666666666666667 0.17204301075268819
0.06652806652806653 0.17204301075268819
0.06639004149377593 0.17204301075268819
0.06625258799171843 0.17204301075268819
0.06611570247933884 0.17204301075268819
0.06597938144329897 0.17204301075268819
0.06584362139917696 0.17204301075268819
0.06570841889117043 0.17204301075268819
0.06557377049180328 0.17204301075268819
0.065439672801636 0.17204301075268819
0.0653061224489796 0.17204301075268819
0.06517311608961303 0.17204301075268819
0.06504065040650407 0.17204301075268819
0.06490872210953347 0.17204301075268819
0.06477732793522267 0.17204301075268819
0.06464646464646465 0.17204301075268819
0.06451612903225806 0.17204301075268819
0.06438631790744467 0.17204301075268819
0.0642570281124498 0.17204301075268819
0.06412825651302605 0.17204301075268819
0.064 0.17204301075268819
0.06387225548902195 0.17204301075268819
0.06374501992031872 0.17204301075268819
0.0636182902584493 0.17204301075268819
0.06349206349206349 0.17204301075268819
0.06336633663366337 0.17204301075268819
0.06324110671936758 0.17204301075268819
0.0631163708086785 0.17204301075268819
0.06299212598425197 0.17204301075268819
0.06286836935166994 0.17204301075268819
0.06274509803921569 0.17204301075268819
0.06262230919765166 0.17204301075268819
0.0625 0.17204301075268819
0.06237816764132553 0.17204301075268819
0.0622568093385214 0.17204301075268819
0.062135922330097085 0.17204301075268819
0.06201550387596899 0.17204301075268819
0.061895551257253385 0.17204301075268819
0.06177606177606178 0.17204301075268819
0.06165703275529865 0.17204301075268819
0.06153846153846154 0.17204301075268819
0.061420345489443376 0.17204301075268819
0.06130268199233716 0.17204301075268819
0.06118546845124283 0.17204301075268819
0.061068702290076333 0.17204301075268819
0.06095238095238095 0.17204301075268819
0.060836501901140684 0.17204301075268819
0.06072106261859583 0.17204301075268819
0.06060606060606061 0.17204301075268819
0.06049149338374291 0.17204301075268819
0.06037735849056604 0.17204301075268819
0.060263653483992465 0.17204301075268819
0.06015037593984962 0.17204301075268819
0.0600375234521576 0.17204301075268819
0.0599250936329588 0.17204301075268819
0.059813084112149535 0.17204301075268819
0.05970149253731343 0.17204301075268819
0.0595903165735568 0.17204301075268819
0.05947955390334572 0.17204301075268819
0.059369202226345084 0.17204301075268819
0.05925925925925926 0.17204301075268819
0.059149722735674676 0.17204301075268819
0.05904059040590406 0.17204301075268819
0.058931860036832415 0.17204301075268819
0.058823529411764705 0.17204301075268819
0.05871559633027523 0.17204301075268819
0.05860805860805861 0.17204301075268819
0.05850091407678245 0.17204301075268819
0.058394160583941604 0.17204301075268819
0.058287795992714025 0.17204301075268819
0.05818181818181818 0.17204301075268819
0.05807622504537205 0.17204301075268819
0.057971014492753624 0.17204301075268819
0.05786618444846293 0.17204301075268819
0.05776173285198556 0.17204301075268819
0.05765765765765766 0.17204301075268819
0.05755395683453238 0.17204301075268819
0.05745062836624776 0.17204301075268819
0.05734767025089606 0.17204301075268819
0.057245080500894455 0.17204301075268819
0.05714285714285714 0.17204301075268819
0.0570409982174688 0.17204301075268819
0.05693950177935943 0.17204301075268819
0.056838365896980464 0.17204301075268819
0.05673758865248227 0.17204301075268819
0.05663716814159292 0.17204301075268819
0.05653710247349823 0.17204301075268819
0.0564373897707231 0.17204301075268819
0.056338028169014086 0.17204301075268819
0.056239015817223195 0.17204301075268819
0.056140350877192984 0.17204301075268819
0.05604203152364273 0.17204301075268819
0.055944055944055944 0.17204301075268819
0.055846422338568937 0.17204301075268819
0.05574912891986063 0.17204301075268819
0.05565217391304348 0.17204301075268819
0.05555555555555555 0.17204301075268819
0.05545927209705372 0.17204301075268819
0.05536332179930796 0.17204301075268819
0.055267702936096716 0.17204301075268819
0.05517241379310345 0.17204301075268819
0.055077452667814115 0.17204301075268819
0.054982817869415807 0.17204301075268819
0.0548885077186964 0.17204301075268819
0.0547945205479452 0.17204301075268819
0.0547008547008547 0.17204301075268819
0.05460750853242321 0.17204301075268819
0.054514480408858604 0.17204301075268819
0.05442176870748299 0.17204301075268819
0.05432937181663837 0.17204301075268819
0.05423728813559322 0.17204301075268819
0.05414551607445008 0.17204301075268819
0.05405405405405406 0.17204301075268819
0.05396290050590219 0.17204301075268819
0.05387205387205387 0.17204301075268819
0.05378151260504202 0.17204301075268819
0.053691275167785234 0.17204301075268819
0.05360134003350084 0.17204301075268819
0.05351170568561873 0.17204301075268819
0.05342237061769616 0.17204301075268819
0.05333333333333334 0.17204301075268819
0.05324459234608985 0.17204301075268819
0.053156146179401995 0.17204301075268819
0.05306799336650083 0.17204301075268819
0.052980132450331126 0.17204301075268819
0.05289256198347107 0.17204301075268819
0.052805280528052806 0.17204301075268819
0.05271828665568369 0.17204301075268819
0.05263157894736842 0.17204301075268819
0.052545155993431854 0.17204301075268819
0.05245901639344262 0.17204301075268819
0.05237315875613748 0.17204301075268819
0.05228758169934641 0.17204301075268819
0.052202283849918436 0.17204301075268819
0.05211726384364821 0.17204301075268819
0.05203252032520325 0.17204301075268819
0.05194805194805195 0.17204301075268819
0.05186385737439222 0.17204301075268819
0.05177993527508091 0.17204301075268819
0.051696284329563816 0.17204301075268819
0.05161290322580645 0.17204301075268819
0.05152979066022544 0.17204301075268819
0.05144694533762058 0.17204301075268819
0.051364365971107544 0.17204301075268819
0.05128205128205128 0.17204301075268819
0.0512 0.17204301075268819
0.051118210862619806 0.17204301075268819
0.051036682615629984 0.17204301075268819
0.050955414012738856 0.17204301075268819
0.05087440381558029 0.17204301075268819
0.050793650793650794 0.17204301075268819
0.05071315372424723 0.17204301075268819
0.05063291139240506 0.17204301075268819
0.05055292259083728 0.17204301075268819
0.050473186119873815 0.17204301075268819
0.050393700787401574 0.17204301075268819
0.050314465408805034 0.17204301075268819
0.05023547880690738 0.17204301075268819
0.050156739811912224 0.17204301075268819
0.050078247261345854 0.17204301075268819
0.05 0.17204301075268819
0.0499219968798752 0.17204301075268819
0.04984423676012461 0.17204301075268819
0.049766718506998445 0.17204301075268819
0.049689440993788817 0.17204301075268819
0.04961240310077519 0.17204301075268819
0.04953560371517028 0.17204301075268819
0.04945904173106646 0.17204301075268819
0.04938271604938271 0.17204301075268819
0.04930662557781202 0.17204301075268819
0.04923076923076923 0.17204301075268819
0.04915514592933948 0.17204301075268819
0.049079754601226995 0.17204301075268819
0.04900459418070444 0.17204301075268819
0.04892966360856269 0.17204301075268819
0.04885496183206107 0.17204301075268819
0.04878048780487805 0.17204301075268819
0.0487062404870624 0.17204301075268819
0.0486322188449848 0.17204301075268819
0.048558421851289835 0.17204301075268819
0.048484848484848485 0.17204301075268819
0.048411497730711045 0.17204301075268819
0.04833836858006042 0.17204301075268819
0.048265460030165915 0.17204301075268819
0.04819277108433735 0.17204301075268819
0.0481203007518797 0.17204301075268819
0.04804804804804805 0.17204301075268819
0.047976011994003 0.17204301075268819
0.04790419161676647 0.17204301075268819
0.04783258594917788 0.17204301075268819
0.04776119402985075 0.17204301075268819
0.04769001490312966 0.17204301075268819
0.047619047619047616 0.17204301075268819
0.0475482912332838 0.17204301075268819
0.04747774480712166 0.17204301075268819
0.047407407407407405 0.17204301075268819
0.047337278106508875 0.17204301075268819
0.047267355982274745 0.17204301075268819
0.0471976401179941 0.17204301075268819
0.047128129602356406 0.17204301075268819
0.047058823529411764 0.17204301075268819
0.04698972099853157 0.17204301075268819
0.0469208211143695 0.17204301075268819
0.04685212298682284 0.17204301075268819
0.04678362573099415 0.17204301075268819
0.04671532846715328 0.17204301075268819
0.04664723032069971 0.17204301075268819
0.046579330422125184 0.17204301075268819
0.046511627906976744 0.17204301075268819
0.04644412191582003 0.17204301075268819
0.0463768115942029 0.17204301075268819
0.04630969609261939 0.17204301075268819
0.046242774566473986 0.17204301075268819
0.046176046176046176 0.17204301075268819
0.04610951008645533 0.17204301075268819
0.0460431654676259 0.17204301075268819
0.04597701149425287 0.17204301075268819
0.04591104734576758 0.17204301075268819
0.045845272206303724 0.17204301075268819
0.045779685264663805 0.17204301075268819
0.045714285714285714 0.17204301075268819
0.0456490727532097 0.17204301075268819
0.045584045584045586 0.17204301075268819
0.04551920341394026 0.17204301075268819
0.045454545454545456 0.17204301075268819
0.04539007092198582 0.17204301075268819
0.0453257790368272 0.17204301075268819
0.04526166902404526 0.17204301075268819
0.04519774011299435 0.17204301075268819
0.045133991537376586 0.17204301075268819
0.04507042253521127 0.17204301075268819
0.0450070323488045 0.17204301075268819
0.0449438202247191 0.17204301075268819
0.04488078541374474 0.17204301075268819
0.04481792717086835 0.17204301075268819
0.044755244755244755 0.17204301075268819
0.0446927374301676 0.17204301075268819
0.044630404463040445 0.17204301075268819
0.04456824512534819 0.17204301075268819
0.04450625869262865 0.17204301075268819
0.044444444444444446 0.17204301075268819
0.044382801664355064 0.17204301075268819
0.0443213296398892 0.17204301075268819
0.04426002766251729 0.17204301075268819
0.04419889502762431 0.17204301075268819
0.044137931034482755 0.17204301075268819
0.0440771349862259 0.17204301075268819
0.04401650618982118 0.17204301075268819
0.04395604395604396 0.17204301075268819
0.0438957475994513 0.17204301075268819
0.043835616438356165 0.17204301075268819
0.04377564979480164 0.17204301075268819
0.04371584699453552 0.17204301075268819
0.04365620736698499 0.17204301075268819
0.043596730245231606 0.17204301075268819
0.04353741496598639 0.17204301075268819
0.043478260869565216 0.17204301075268819
0.04341926729986431 0.17204301075268819
0.04336043360433604 0.17204301075268819
0.04330175913396482 0.17204301075268819
0.043243243243243246 0.17204301075268819
0.043184885290148446 0.17204301075268819
0.0431266846361186 0.17204301075268819
0.04306864064602961 0.17204301075268819
0.043010752688172046 0.17204301075268819
0.042953020134228186 0.17204301075268819
0.04289544235924933 0.17204301075268819
0.0428380187416332 0.17204301075268819
0.0427807486631016 0.17204301075268819
0.042723631508678236 0.17204301075268819
0.042666666666666665 0.17204301075268819
0.0426098535286285 0.17204301075268819
0.0425531914893617 0.17204301075268819
0.04249667994687915 0.17204301075268819
0.042440318302387266 0.17204301075268819
0.0423841059602649 0.17204301075268819
0.042328042328042326 0.17204301075268819
0.04227212681638045 0.17204301075268819
0.04221635883905013 0.17204301075268819
0.04216073781291173 0.17204301075268819
0.042105263157894736 0.17204301075268819
0.04204993429697766 0.17204301075268819
0.04199475065616798 0.17204301075268819
0.04193971166448231 0.17204301075268819
0.041884816753926704 0.17204301075268819
0.04183006535947712 0.17204301075268819
0.04177545691906005 0.17204301075268819
0.041720990873533245 0.17204301075268819
0.041666666666666664 0.17204301075268819
0.04161248374512354 0.17204301075268819
0.04155844155844156 0.17204301075268819
0.041504539559014265 0.17204301075268819
0.04145077720207254 0.17204301075268819
0.04139715394566624 0.17204301075268819
0.041343669250646 0.17204301075268819
0.04129032258064516 0.17204301075268819
0.041237113402061855 0.17204301075268819
0.04118404118404118 0.17204301075268819
0.04113110539845758 0.17204301075268819
0.0410783055198973 0.17204301075268819
0.041025641025641026 0.17204301075268819
0.040973111395646605 0.17204301075268819
0.04092071611253197 0.17204301075268819
0.04086845466155811 0.17204301075268819
0.04081632653061224 0.17204301075268819
0.04076433121019108 0.17204301075268819
0.04071246819338423 0.17204301075268819
0.04066073697585769 0.17204301075268819
0.04060913705583756 0.17204301075268819
0.04055766793409379 0.17204301075268819
0.04050632911392405 0.17204301075268819
0.040455120101137804 0.17204301075268819
0.04040404040404041 0.17204301075268819
0.0403530895334174 0.17204301075268819
0.04030226700251889 0.17204301075268819
0.04025157232704402 0.17204301075268819
0.04020100502512563 0.17204301075268819
0.04015056461731493 0.17204301075268819
0.040100250626566414 0.17204301075268819
0.04005006257822278 0.17204301075268819
0.04 0.17204301075268819
0.039950062421972535 0.17204301075268819
0.0399002493765586 0.17204301075268819
0.039850560398505604 0.17204301075268819
0.03980099502487562 0.17204301075268819
0.03975155279503106 0.17204301075268819
0.03970223325062035 0.17204301075268819
0.03965303593556382 0.17204301075268819
0.039603960396039604 0.17204301075268819
0.03955500618046971 0.17204301075268819
0.03950617283950617 0.17204301075268819
0.03945745992601726 0.17204301075268819
0.03940886699507389 0.17204301075268819
0.03936039360393604 0.17204301075268819
0.03931203931203931 0.17204301075268819
0.0392638036809816 0.17204301075268819
0.0392156862745098 0.17204301075268819
0.03916768665850673 0.17204301075268819
0.039119804400977995 0.17204301075268819
0.03907203907203907 0.17204301075268819
0.03902439024390244 0.17204301075268819
0.0389768574908648 0.17204301075268819
0.038929440389294405 0.17204301075268819
0.038882138517618466 0.17204301075268819
0.038834951456310676 0.17204301075268819
0.03878787878787879 0.17204301075268819
0.0387409200968523 0.17204301075268819
0.03869407496977025 0.17204301075268819
0.03864734299516908 0.17204301075268819
0.038600723763570564 0.17204301075268819
0.03855421686746988 0.17204301075268819
0.03850782190132371 0.17204301075268819
0.038461538461538464 0.17204301075268819
0.03841536614645858 0.17204301075268819
0.03836930455635491 0.17204301075268819
0.03832335329341317 0.17204301075268819
0.03827751196172249 0.17204301075268819
0.038231780167264036 0.17204301075268819
0.03818615751789976 0.17204301075268819
0.03814064362336114 0.17204301075268819
0.0380952380952381 0.17204301075268819
0.03804994054696789 0.17204301075268819
0.03800475059382423 0.17204301075268819
0.03795966785290629 0.17204301075268819
0.037914691943127965 0.17204301075268819
0.0378698224852071 0.17204301075268819
0.037825059101654845 0.17204301075268819
0.03778040141676505 0.17204301075268819
0.03773584905660377 0.17204301075268819
0.03769140164899882 0.17204301075268819
0.03764705882352941 0.17204301075268819
0.03760282021151586 0.17204301075268819
0.03755868544600939 0.17204301075268819
0.03751465416178194 0.17204301075268819
0.03747072599531616 0.17204301075268819
0.03742690058479532 0.17204301075268819
0.037383177570093455 0.17204301075268819
0.03733955659276546 0.17204301075268819
0.037296037296037296 0.17204301075268819
0.037252619324796274 0.17204301075268819
0.037209302325581395 0.17204301075268819
0.03716608594657375 0.17204301075268819
0.037122969837587005 0.17204301075268819
0.03707995365005794 0.17204301075268819
0.037037037037037035 0.17204301075268819
0.03699421965317919 0.17204301075268819
0.03695150115473441 0.17204301075268819
0.03690888119953864 0.17204301075268819
0.03686635944700461 0.17204301075268819
0.03682393555811277 0.17204301075268819
0.0367816091954023 0.17204301075268819
0.03673938002296211 0.17204301075268819
0.03669724770642202 0.17204301075268819
0.03665521191294387 0.17204301075268819
0.036613272311212815 0.17204301075268819
0.036571428571428574 0.17204301075268819
0.0365296803652968 0.17204301075268819
0.036488027366020526 0.17204301075268819
0.03644646924829157 0.17204301075268819
0.03640500568828214 0.17204301075268819
0.03636363636363636 0.17204301075268819
0.036322360953461974 0.17204301075268819
0.036281179138321996 0.17204301075268819
0.0362400906002265 0.17204301075268819
0.03619909502262444 0.17204301075268819
0.03615819209039548 0.17204301075268819
0.03611738148984198 0.17204301075268819
0.036076662908680945 0.17204301075268819
0.036036036036036036 0.17204301075268819
0.0359955005624297 0.17204301075268819
0.035955056179775284 0.17204301075268819
0.03591470258136925 0.17204301075268819
0.03587443946188341 0.17204301075268819
0.03583426651735722 0.17204301075268819
0.035794183445190156 0.17204301075268819
0.035754189944134075 0.17204301075268819
0.03571428571428571 0.17204301075268819
0.03567447045707915 0.17204301075268819
0.035634743875278395 0.17204301075268819
0.035595105672969966 0.17204301075268819
0.035555555555555556 0.17204301075268819
0.03551609322974473 0.17204301075268819
0.03547671840354767 0.17204301075268819
0.035437430786267994 0.17204301075268819
0.035398230088495575 0.17204301075268819
0.03535911602209945 0.17204301075268819
0.03532008830022075 0.17204301075268819
0.03528114663726571 0.17204301075268819
0.03524229074889868 0.17204301075268819
0.0352035203520352 0.17204301075268819
0.035164835164835165 0.17204301075268819
0.03512623490669594 0.17204301075268819
0.03508771929824561 0.17204301075268819
0.03504928806133625 0.17204301075268819
0.0350109409190372 0.17204301075268819
0.034972677595628415 0.17204301075268819
0.034934497816593885 0.17204301075268819
0.03489640130861505 0.17204301075268819
0.034858387799564274 0.17204301075268819
0.03482045701849837 0.17204301075268819
0.034782608695652174 0.17204301075268819
0.03474484256243214 0.17204301075268819
0.03470715835140998 0.17204301075268819
0.03466955579631636 0.17204301075268819
0.03463203463203463 0.17204301075268819
0.034594594594594595 0.17204301075268819
0.03455723542116631 0.17204301075268819
0.034519956850053934 0.17204301075268819
0.034482758620689655 0.17204301075268819
0.03444564047362755 0.17204301075268819
0.034408602150537634 0.17204301075268819
0.034371643394199784 0.17204301075268819
0.034334763948497854 0.17204301075268819
0.03429796355841372 0.17204301075268819
0.034261241970021415 0.17204301075268819
0.034224598930481284 0.17204301075268819
0.03418803418803419 0.17204301075268819
0.03415154749199573 0.17204301075268819
0.03411513859275053 0.17204301075268819
0.03407880724174654 0.17204301075268819
0.03404255319148936 0.17204301075268819
0.03400637619553666 0.17204301075268819
0.03397027600849257 0.17204301075268819
0.033934252386002124 0.17204301075268819
0.03389830508474576 0.17204301075268819
0.033862433862433865 0.17204301075268819
0.03382663847780127 0.17204301075268819
0.0337909186906019 0.17204301075268819
0.03375527426160337 0.17204301075268819
0.03371970495258166 0.17204301075268819
0.03368421052631579 0.17204301075268819
0.033648790746582544 0.17204301075268819
0.03361344537815126 0.17204301075268819
0.033578174186778595 0.17204301075268819
0.033542976939203356 0.17204301075268819
0.033507853403141365 0.17204301075268819
0.03347280334728033 0.17204301075268819
0.03343782654127482 0.17204301075268819
0.033402922755741124 0.17204301075268819
0.03336809176225235 0.17204301075268819
0.03333333333333333 0.17204301075268819
0.03329864724245578 0.17204301075268819
0.033264033264033266 0.17204301075268819
0.033229491173416406 0.17204301075268819
0.03319502074688797 0.17204301075268819
0.03316062176165803 0.17204301075268819
0.033126293995859216 0.17204301075268819
0.033092037228541885 0.17204301075268819
0.03305785123966942 0.17204301075268819
0.033023735810113516 0.17204301075268819
0.032989690721649485 0.17204301075268819
0.032955715756951595 0.17204301075268819
0.03292181069958848 0.17204301075268819
0.0328879753340185 0.17204301075268819
0.03285420944558522 0.17204301075268819
0.03282051282051282 0.17204301075268819
0.03278688524590164 0.17204301075268819
0.032753326509723645 0.17204301075268819
0.032719836400818 0.17204301075268819
0.03268641470888662 0.17204301075268819
0.0326530612244898 0.17204301075268819
0.0326197757390418 0.17204301075268819
0.032586558044806514 0.17204301075268819
0.03255340793489318 0.17204301075268819
0.032520325203252036 0.17204301075268819
0.03248730964467005 0.17204301075268819
0.032454361054766734 0.17204301075268819
0.03242147922998987 0.17204301075268819
0.032388663967611336 0.17204301075268819
0.032355915065722954 0.17204301075268819
0.03232323232323232 0.17204301075268819
0.03229061553985873 0.17204301075268819
0.03225806451612903 0.17204301075268819
0.032225579053373615 0.17204301075268819
0.03219315895372234 0.17204301075268819
0.032160804020100506 0.17204301075268819
0.0321285140562249 0.17204301075268819
0.0320962888665998 0.17204301075268819
0.03206412825651302 0.17204301075268819
0.03203203203203203 0.17204301075268819
0.032 0.17204301075268819
0.03196803196803197 0.17204301075268819
0.031936127744510975 0.17204301075268819
0.031904287138584245 0.17204301075268819
0.03187250996015936 0.17204301075268819
0.031840796019900496 0.17204301075268819
0.03180914512922465 0.17204301075268819
0.031777557100297914 0.17204301075268819
0.031746031746031744 0.17204301075268819
0.031714568880079286 0.17204301075268819
0.031683168316831684 0.17204301075268819
0.03165182987141444 0.17204301075268819
0.03162055335968379 0.17204301075268819
0.0315893385982231 0.17204301075268819
0.03155818540433925 0.17204301075268819
0.03152709359605911 0.17204301075268819
0.031496062992125984 0.17204301075268819
0.03146509341199607 0.17204301075268819
0.03143418467583497 0.17204301075268819
0.03140333660451423 0.17204301075268819
0.03137254901960784 0.17204301075268819
0.031341821743388835 0.17204301075268819
0.03131115459882583 0.17204301075268819
0.03128054740957967 0.17204301075268819
0.03125 0.17204301075268819
0.03121951219512195 0.17204301075268819
0.031189083820662766 0.17204301075268819
0.0311587147030185 0.17204301075268819
0.0311284046692607 0.17204301075268819
0.031098153547133137 0.17204301075268819
0.031067961165048542 0.17204301075268819
0.031037827352085354 0.17204301075268819
0.031007751937984496 0.17204301075268819
0.030977734753146177 0.17204301075268819
0.030947775628626693 0.17204301075268819
0.030917874396135265 0.17204301075268819
0.03088803088803089 0.17204301075268819
0.03085824493731919 0.17204301075268819
0.030828516377649325 0.17204301075268819
0.030798845043310877 0.17204301075268819
0.03076923076923077 0.17204301075268819
0.03073967339097022 0.17204301075268819
0.030710172744721688 0.17204301075268819
0.030680728667305847 0.17204301075268819
0.03065134099616858 0.17204301075268819
0.03062200956937799 0.17204301075268819
0.030592734225621414 0.17204301075268819
0.030563514804202482 0.17204301075268819
0.030534351145038167 0.17204301075268819
0.030505243088655862 0.17204301075268819
0.030476190476190476 0.17204301075268819
0.030447193149381543 0.17204301075268819
0.030418250950570342 0.17204301075268819
0.030389363722697058 0.17204301075268819
0.030360531309297913 0.17204301075268819
0.03033175355450237 0.17204301075268819
0.030303030303030304 0.17204301075268819
0.030274361400189215 0.17204301075268819
0.030245746691871456 0.17204301075268819
0.030217186024551465 0.17204301075268819
0.03018867924528302 0.17204301075268819
0.030160226201696512 0.17204301075268819
0.030131826741996232 0.17204301075268819
0.030103480714957668 0.17204301075268819
0.03007518796992481 0.17204301075268819
0.03004694835680751 0.17204301075268819
0.0300187617260788 0.17204301075268819
0.02999062792877226 0.17204301075268819
0.0299625468164794 0.17204301075268819
0.029934518241347054 0.17204301075268819
0.029906542056074768 0.17204301075268819
0.029878618113912233 0.17204301075268819
0.029850746268656716 0.17204301075268819
0.02982292637465051 0.17204301075268819
0.0297951582867784 0.17204301075268819
0.029767441860465118 0.17204301075268819
0.02973977695167286 0.17204301075268819
0.029712163416898793 0.17204301075268819
0.029684601113172542 0.17204301075268819
0.029657089898053754 0.17204301075268819
0.02962962962962963 0.17204301075268819
0.02960222016651249 0.17204301075268819
0.029574861367837338 0.17204301075268819
0.029547553093259463 0.17204301075268819
0.02952029520295203 0.17204301075268819
0.029493087557603687 0.17204301075268819
0.029465930018416207 0.17204301075268819
0.029438822447102116 0.17204301075268819
0.029411764705882353 0.17204301075268819
0.02938475665748393 0.17204301075268819
0.029357798165137616 0.17204301075268819
0.02933088909257562 0.17204301075268819
0.029304029304029304 0.17204301075268819
0.0292772186642269 0.17204301075268819
0.029250457038391225 0.17204301075268819
0.029223744292237442 0.17204301075268819
0.029197080291970802 0.17204301075268819
0.02917046490428441 0.17204301075268819
0.029143897996357013 0.17204301075268819
0.029117379435850774 0.17204301075268819
0.02909090909090909 0.17204301075268819
0.029064486830154404 0.17204301075268819
0.029038112522686024 0.17204301075268819
0.02901178603807797 0.17204301075268819
0.028985507246376812 0.17204301075268819
0.02895927601809955 0.17204301075268819
0.028933092224231464 0.17204301075268819
0.028906955736224028 0.17204301075268819
0.02888086642599278 0.17204301075268819
0.028854824165915238 0.17204301075268819
0.02882882882882883 0.17204301075268819
0.0288028802880288 0.17204301075268819
0.02877697841726619 0.17204301075268819
0.028751123090745734 0.17204301075268819
0.02872531418312388 0.17204301075268819
0.028699551569506727 0.17204301075268819
0.02867383512544803 0.17204301075268819
0.02864816472694718 0.17204301075268819
0.028622540250447227 0.17204301075268819
0.028596961572832886 0.17204301075268819
0.02857142857142857 0.17204301075268819
0.028545941123996433 0.17204301075268819
0.0285204991087344 0.17204301075268819
0.028495102404274265 0.17204301075268819
0.028469750889679714 0.17204301075268819
0.028444444444444446 0.17204301075268819
0.028419182948490232 0.17204301075268819
0.02839396628216504 0.17204301075268819
0.028368794326241134 0.17204301075268819
0.0283436669619132 0.17204301075268819
0.02831858407079646 0.17204301075268819
0.028293545534924844 0.17204301075268819
0.028268551236749116 0.17204301075268819
0.02824360105913504 0.17204301075268819
0.02821869488536155 0.17204301075268819
0.028193832599118944 0.17204301075268819
0.028169014084507043 0.17204301075268819
0.028144239226033423 0.17204301075268819
0.028119507908611598 0.17204301075268819
0.028094820017559263 0.17204301075268819
0.028070175438596492 0.17204301075268819
0.028045574057843997 0.17204301075268819
0.028021015761821366 0.17204301075268819
0.02799650043744532 0.17204301075268819
0.027972027972027972 0.17204301075268819
0.02794759825327511 0.17204301075268819
0.027923211169284468 0.17204301075268819
0.02789886660854403 0.17204301075268819
0.027874564459930314 0.17204301075268819
0.0278503046127067 0.17204301075268819
0.02782608695652174 0.17204301075268819
0.02780191138140747 0.17204301075268819
0.027777777777777776 0.17204301075268819
0.027753686036426712 0.17204301075268819
0.02772963604852686 0.17204301075268819
0.027705627705627706 0.17204301075268819
0.02768166089965398 0.17204301075268819
0.027657735522904063 0.17204301075268819
0.027633851468048358 0.17204301075268819
0.027610008628127698 0.17204301075268819
0.027586206896551724 0.17204301075268819
0.02756244616709733 0.17204301075268819
0.027538726333907058 0.17204301075268819
0.027515047291487533 0.17204301075268819
0.027491408934707903 0.17204301075268819
0.027467811158798282 0.17204301075268819
0.0274442538593482 0.17204301075268819
0.027420736932305057 0.17204301075268819
0.0273972602739726 0.17204301075268819
0.02737382378100941 0.17204301075268819
0.02735042735042735 0.17204301075268819
0.027327070879590094 0.17204301075268819
0.027303754266211604 0.17204301075268819
0.027280477408354646 0.17204301075268819
0.027257240204429302 0.17204301075268819
0.02723404255319149 0.17204301075268819
0.027210884353741496 0.17204301075268819
0.027187765505522515 0.17204301075268819
0.027164685908319185 0.17204301075268819
0.02714164546225615 0.17204301075268819
0.02711864406779661 0.17204301075268819
0.027095681625740897 0.17204301075268819
0.02707275803722504 0.17204301075268819
0.027049873203719356 0.17204301075268819
0.02702702702702703 0.17204301075268819
0.0270042194092827 0.17204301075268819
0.026981450252951095 0.17204301075268819
0.02695871946082561 0.17204301075268819
0.026936026936026935 0.17204301075268819
0.02691337258200168 0.17204301075268819
0.02689075630252101 0.17204301075268819
0.02686817800167926 0.17204301075268819
0.026845637583892617 0.17204301075268819
0.026823134953897737 0.17204301075268819
0.02680067001675042 0.17204301075268819
0.026778242677824266 0.17204301075268819
0.026755852842809364 0.17204301075268819
0.026733500417710943 0.17204301075268819
0.02671118530884808 0.17204301075268819
0.026688907422852376 0.17204301075268819
0.02666666666666667 0.17204301075268819
0.026644462947543714 0.17204301075268819
0.026622296173044926 0.17204301075268819
0.02660016625103907 0.17204301075268819
0.026578073089700997 0.17204301075268819
0.026556016597510373 0.17204301075268819
0.026533996683250415 0.17204301075268819
0.026512013256006627 0.17204301075268819
0.026490066225165563 0.17204301075268819
0.026468155500413565 0.17204301075268819
0.026446280991735537 0.17204301075268819
0.026424442609413706 0.17204301075268819
0.026402640264026403 0.17204301075268819
0.026380873866446827 0.17204301075268819
0.026359143327841845 0.17204301075268819
0.02633744855967078 0.17204301075268819
0.02631578947368421 0.17204301075268819
0.02629416598192276 0.17204301075268819
0.026272577996715927 0.17204301075268819
0.026251025430680888 0.17204301075268819
0.02622950819672131 0.17204301075268819
0.02620802620802621 0.17204301075268819
0.02618657937806874 0.17204301075268819
0.02616516762060507 0.17204301075268819
0.026143790849673203 0.17204301075268819
0.026122448979591838 0.17204301075268819
0.026101141924959218 0.17204301075268819
0.026079869600651995 0.17204301075268819
0.026058631921824105 0.17204301075268819
0.026037428803905614 0.17204301075268819
0.026016260162601626 0.17204301075268819
0.025995125913891144 0.17204301075268819
0.025974025974025976 0.17204301075268819
0.025952960259529603 0.17204301075268819
0.02593192868719611 0.17204301075268819
0.025910931174089068 0.17204301075268819
0.025889967637540454 0.17204301075268819
0.025869037995149554 0.17204301075268819
0.025848142164781908 0.17204301075268819
0.0258272800645682 0.17204301075268819
0.025806451612903226 0.17204301075268819
0.0257856567284448 0.17204301075268819
0.02576489533011272 0.17204301075268819
0.02574416733708769 0.17204301075268819
0.02572347266881029 0.17204301075268819
0.02570281124497992 0.17204301075268819
0.025682182985553772 0.17204301075268819
0.02566158781074579 0.17204301075268819
0.02564102564102564 0.17204301075268819
0.025620496397117692 0.17204301075268819
0.0256 0.17204301075268819
0.025579536370903277 0.17204301075268819
0.025559105431309903 0.17204301075268819
0.025538707102952914 0.17204301075268819
0.025518341307814992 0.17204301075268819
0.02549800796812749 0.17204301075268819
0.025477707006369428 0.17204301075268819
0.02545743834526651 0.17204301075268819
0.025437201907790145 0.17204301075268819
0.025416997617156472 0.17204301075268819
0.025396825396825397 0.17204301075268819
0.025376685170499604 0.17204301075268819
0.025356576862123614 0.17204301075268819
0.025336500395882817 0.17204301075268819
0.02531645569620253 0.17204301075268819
0.025296442687747035 0.17204301075268819
0.02527646129541864 0.17204301075268819
0.025256511444356748 0.17204301075268819
0.025236593059936908 0.17204301075268819
0.0252167060677699 0.17204301075268819
0.025196850393700787 0.17204301075268819
0.025177025963808025 0.17204301075268819
0.025157232704402517 0.17204301075268819
0.02513747054202671 0.17204301075268819
0.02511773940345369 0.17204301075268819
0.025098039215686273 0.17204301075268819
0.025078369905956112 0.17204301075268819
0.025058731401722788 0.17204301075268819
0.025039123630672927 0.17204301075268819
0.02501954652071931 0.17204301075268819
0.025 0.17204301075268819
0.02498048399687744 0.17204301075268819
0.0249609984399376 0.17204301075268819
0.02494154325798909 0.17204301075268819
0.024922118380062305 0.17204301075268819
0.024902723735408562 0.17204301075268819
0.024883359253499222 0.17204301075268819
0.024864024864024864 0.17204301075268819
0.024844720496894408 0.17204301075268819
0.02482544608223429 0.17204301075268819
0.024806201550387597 0.17204301075268819
0.024786986831913247 0.17204301075268819
0.02476780185758514 0.17204301075268819
0.02474864655839134 0.17204301075268819
0.02472952086553323 0.17204301075268819
0.02471042471042471 0.17204301075268819
0.024691358024691357 0.17204301075268819
0.02467232074016962 0.17204301075268819
0.02465331278890601 0.17204301075268819
0.024634334103156273 0.17204301075268819
