0.0 0.0
0.0 0.0
0.3333333333333333 0.002793296089385475
0.25 0.002793296089385475
0.2 0.002793296089385475
0.16666666666666666 0.002793296089385475
0.2857142857142857 0.00558659217877095
0.375 0.008379888268156424
0.4444444444444444 0.0111731843575419
0.5 0.013966480446927373
0.5454545454545454 0.01675977653631285
0.5833333333333334 0.019553072625698324
0.6153846153846154 0.0223463687150838
0.5714285714285714 0.0223463687150838
0.5333333333333333 0.0223463687150838
0.5 0.0223463687150838
0.5294117647058824 0.025139664804469275
0.5555555555555556 0.027932960893854747
0.5789473684210527 0.030726256983240222
0.6 0.0335195530726257
0.5714285714285714 0.0335195530726257
0.5454545454545454 0.0335195530726257
0.5217391304347826 0.0335195530726257
0.5 0.0335195530726257
0.48 0.0335195530726257
0.46153846153846156 0.0335195530726257
0.4444444444444444 0.0335195530726257
0.4642857142857143 0.036312849162011177
0.4482758620689655 0.036312849162011177
0.4666666666666667 0.03910614525139665
0.45161290322580644 0.03910614525139665
0.4375 0.03910614525139665
0.45454545454545453 0.04189944134078212
0.4411764705882353 0.04189944134078212
0.42857142857142855 0.04189944134078212
0.4166666666666667 0.04189944134078212
0.40540540540540543 0.04189944134078212
0.39473684210526316 0.04189944134078212
0.38461538461538464 0.04189944134078212
0.375 0.04189944134078212
0.36585365853658536 0.04189944134078212
0.35714285714285715 0.04189944134078212
0.3488372093023256 0.04189944134078212
0.3409090909090909 0.04189944134078212
0.3333333333333333 0.04189944134078212
0.32608695652173914 0.04189944134078212
0.3191489361702128 0.04189944134078212
0.3125 0.04189944134078212
0.32653061224489793 0.0446927374301676
0.32 0.0446927374301676
0.3137254901960784 0.0446927374301676
0.3269230769230769 0.04748603351955307
0.33962264150943394 0.05027932960893855
0.3333333333333333 0.05027932960893855
0.34545454545454546 0.05307262569832402
0.3392857142857143 0.05307262569832402
0.3333333333333333 0.05307262569832402
0.3275862068965517 0.05307262569832402
0.3220338983050847 0.05307262569832402
0.31666666666666665 0.05307262569832402
0.32786885245901637 0.055865921787709494
0.3225806451612903 0.055865921787709494
0.31746031746031744 0.055865921787709494
0.328125 0.05865921787709497
0.3384615384615385 0.061452513966480445
0.3333333333333333 0.061452513966480445
0.3283582089552239 0.061452513966480445
0.3235294117647059 0.061452513966480445
0.3188405797101449 0.061452513966480445
0.3142857142857143 0.061452513966480445
0.30985915492957744 0.061452513966480445
0.3055555555555556 0.061452513966480445
0.3013698630136986 0.061452513966480445
0.3108108108108108 0.06424581005586592
0.30666666666666664 0.06424581005586592
0.3026315789473684 0.06424581005586592
0.2987012987012987 0.06424581005586592
0.2948717948717949 0.06424581005586592
0.2911392405063291 0.06424581005586592
0.3 0.0670391061452514
0.30864197530864196 0.06983240223463687
0.3170731707317073 0.07262569832402235
0.3253012048192771 0.07541899441340782
0.32142857142857145 0.07541899441340782
0.3176470588235294 0.07541899441340782
0.313953488372093 0.07541899441340782
0.3218390804597701 0.0782122905027933
0.3181818181818182 0.0782122905027933
0.3146067415730337 0.0782122905027933
0.32222222222222224 0.08100558659217877
0.31868131868131866 0.08100558659217877
0.31521739130434784 0.08100558659217877
0.3225806451612903 0.08379888268156424
0.3191489361702128 0.08379888268156424
0.3263157894736842 0.08659217877094973
0.3229166666666667 0.08659217877094973
0.31958762886597936 0.08659217877094973
0.3163265306122449 0.08659217877094973
0.31313131313131315 0.08659217877094973
0.31 0.08659217877094973
0.3069306930693069 0.08659217877094973
0.30392156862745096 0.08659217877094973
0.30097087378640774 0.08659217877094973
0.3076923076923077 0.0893854748603352
0.3142857142857143 0.09217877094972067
0.3113207547169811 0.09217877094972067
0.308411214953271 0.09217877094972067
0.3148148148148148 0.09497206703910614
0.3211009174311927 0.09776536312849161
0.32727272727272727 0.1005586592178771
0.3333333333333333 0.10335195530726257
0.3392857142857143 0.10614525139664804
0.34513274336283184 0.10893854748603352
0.3508771929824561 0.11173184357541899
0.34782608695652173 0.11173184357541899
0.3448275862068966 0.11173184357541899
0.3418803418803419 0.11173184357541899
0.3389830508474576 0.11173184357541899
0.33613445378151263 0.11173184357541899
0.3333333333333333 0.11173184357541899
0.33884297520661155 0.11452513966480447
0.3360655737704918 0.11452513966480447
0.3333333333333333 0.11452513966480447
0.33064516129032256 0.11452513966480447
0.328 0.11452513966480447
0.3253968253968254 0.11452513966480447
0.33070866141732286 0.11731843575418995
0.3359375 0.12011173184357542
0.34108527131782945 0.12290502793296089
0.34615384615384615 0.12569832402234637
0.3435114503816794 0.12569832402234637
0.3409090909090909 0.12569832402234637
0.3383458646616541 0.12569832402234637
0.3358208955223881 0.12569832402234637
0.3333333333333333 0.12569832402234637
0.33088235294117646 0.12569832402234637
0.3284671532846715 0.12569832402234637
0.32608695652173914 0.12569832402234637
0.3237410071942446 0.12569832402234637
0.32142857142857145 0.12569832402234637
0.3191489361702128 0.12569832402234637
0.31690140845070425 0.12569832402234637
0.3146853146853147 0.12569832402234637
0.3125 0.12569832402234637
0.3103448275862069 0.12569832402234637
0.3082191780821918 0.12569832402234637
0.30612244897959184 0.12569832402234637
0.30405405405405406 0.12569832402234637
0.30201342281879195 0.12569832402234637
0.3 0.12569832402234637
0.2980132450331126 0.12569832402234637
0.29605263157894735 0.12569832402234637
0.29411764705882354 0.12569832402234637
0.2922077922077922 0.12569832402234637
0.2903225806451613 0.12569832402234637
0.28846153846153844 0.12569832402234637
0.28662420382165604 0.12569832402234637
0.2848101265822785 0.12569832402234637
0.2830188679245283 0.12569832402234637
0.28125 0.12569832402234637
0.2795031055900621 0.12569832402234637
0.2777777777777778 0.12569832402234637
0.27607361963190186 0.12569832402234637
0.27439024390243905 0.12569832402234637
0.2727272727272727 0.12569832402234637
0.2710843373493976 0.12569832402234637
0.2694610778443114 0.12569832402234637
0.26785714285714285 0.12569832402234637
0.26627218934911245 0.12569832402234637
0.2647058823529412 0.12569832402234637
0.26900584795321636 0.12849162011173185
0.26744186046511625 0.12849162011173185
0.2658959537572254 0.12849162011173185
0.27011494252873564 0.13128491620111732
0.26857142857142857 0.13128491620111732
0.26704545454545453 0.13128491620111732
0.2655367231638418 0.13128491620111732
0.2640449438202247 0.13128491620111732
0.2681564245810056 0.1340782122905028
0.26666666666666666 0.1340782122905028
0.26519337016574585 0.1340782122905028
0.2692307692307692 0.13687150837988826
0.273224043715847 0.13966480446927373
0.2717391304347826 0.13966480446927373
0.2702702702702703 0.13966480446927373
0.26881720430107525 0.13966480446927373
0.26737967914438504 0.13966480446927373
0.26595744680851063 0.13966480446927373
0.26455026455026454 0.13966480446927373
0.26842105263157895 0.1424581005586592
0.2670157068062827 0.1424581005586592
0.2708333333333333 0.1452513966480447
0.2694300518134715 0.1452513966480447
0.26804123711340205 0.1452513966480447
0.26666666666666666 0.1452513966480447
0.2653061224489796 0.1452513966480447
0.2639593908629442 0.1452513966480447
0.26262626262626265 0.1452513966480447
0.2613065326633166 0.1452513966480447
0.26 0.1452513966480447
0.25870646766169153 0.1452513966480447
0.25742574257425743 0.1452513966480447
0.26108374384236455 0.14804469273743018
0.25980392156862747 0.14804469273743018
0.25853658536585367 0.14804469273743018
0.2621359223300971 0.15083798882681565
0.26570048309178745 0.15363128491620112
0.2644230769230769 0.15363128491620112
0.2631578947368421 0.15363128491620112
0.2619047619047619 0.15363128491620112
0.26066350710900477 0.15363128491620112
0.25943396226415094 0.15363128491620112
0.25821596244131456 0.15363128491620112
0.2570093457943925 0.15363128491620112
0.2558139534883721 0.15363128491620112
0.25462962962962965 0.15363128491620112
0.2534562211981567 0.15363128491620112
0.25229357798165136 0.15363128491620112
0.2511415525114155 0.15363128491620112
0.25 0.15363128491620112
0.248868778280543 0.15363128491620112
0.24774774774774774 0.15363128491620112
0.24663677130044842 0.15363128491620112
0.24553571428571427 0.15363128491620112
0.24444444444444444 0.15363128491620112
0.24336283185840707 0.15363128491620112
0.2422907488986784 0.15363128491620112
0.2412280701754386 0.15363128491620112
0.2445414847161572 0.1564245810055866
0.24782608695652175 0.15921787709497207
0.2510822510822511 0.16201117318435754
0.25 0.16201117318435754
0.24892703862660945 0.16201117318435754
0.24786324786324787 0.16201117318435754
0.24680851063829787 0.16201117318435754
0.2457627118644068 0.16201117318435754
0.24472573839662448 0.16201117318435754
0.24369747899159663 0.16201117318435754
0.24267782426778242 0.16201117318435754
0.24166666666666667 0.16201117318435754
0.24066390041493776 0.16201117318435754
0.2396694214876033 0.16201117318435754
0.23868312757201646 0.16201117318435754
0.23770491803278687 0.16201117318435754
0.23673469387755103 0.16201117318435754
0.23577235772357724 0.16201117318435754
0.23481781376518218 0.16201117318435754
0.23387096774193547 0.16201117318435754
0.23293172690763053 0.16201117318435754
0.232 0.16201117318435754
0.23107569721115537 0.16201117318435754
0.23015873015873015 0.16201117318435754
0.22924901185770752 0.16201117318435754
0.2283464566929134 0.16201117318435754
0.22745098039215686 0.16201117318435754
0.2265625 0.16201117318435754
0.22568093385214008 0.16201117318435754
0.2248062015503876 0.16201117318435754
0.22393822393822393 0.16201117318435754
0.2230769230769231 0.16201117318435754
0.2222222222222222 0.16201117318435754
0.22137404580152673 0.16201117318435754
0.22053231939163498 0.16201117318435754
0.2196969696969697 0.16201117318435754
0.2188679245283019 0.16201117318435754
0.21804511278195488 0.16201117318435754
0.21722846441947566 0.16201117318435754
0.22014925373134328 0.164804469273743
0.21933085501858737 0.164804469273743
0.21851851851851853 0.164804469273743
0.2177121771217712 0.164804469273743
0.21691176470588236 0.164804469273743
0.21611721611721613 0.164804469273743
0.21532846715328466 0.164804469273743
0.21454545454545454 0.164804469273743
0.213768115942029 0.164804469273743
0.21299638989169675 0.164804469273743
0.21223021582733814 0.164804469273743
0.2114695340501792 0.164804469273743
0.21071428571428572 0.164804469273743
0.2099644128113879 0.164804469273743
0.20921985815602837 0.164804469273743
0.20848056537102475 0.164804469273743
0.20774647887323944 0.164804469273743
0.20701754385964913 0.164804469273743
0.2062937062937063 0.164804469273743
0.20557491289198607 0.164804469273743
0.2048611111111111 0.164804469273743
0.2041522491349481 0.164804469273743
0.20344827586206896 0.164804469273743
0.2027491408934708 0.164804469273743
0.20205479452054795 0.164804469273743
0.20136518771331058 0.164804469273743
0.20068027210884354 0.164804469273743
0.2 0.164804469273743
0.19932432432432431 0.164804469273743
0.19865319865319866 0.164804469273743
0.19798657718120805 0.164804469273743
0.19732441471571907 0.164804469273743
0.19666666666666666 0.164804469273743
0.19601328903654486 0.164804469273743
0.19536423841059603 0.164804469273743
0.19471947194719472 0.164804469273743
0.19407894736842105 0.164804469273743
0.19344262295081968 0.164804469273743
0.19281045751633988 0.164804469273743
0.19218241042345277 0.164804469273743
0.19155844155844157 0.164804469273743
0.19093851132686085 0.164804469273743
0.19032258064516128 0.164804469273743
0.18971061093247588 0.164804469273743
0.1891025641025641 0.164804469273743
0.18849840255591055 0.164804469273743
0.18789808917197454 0.164804469273743
0.1873015873015873 0.164804469273743
0.18670886075949367 0.164804469273743
0.1861198738170347 0.164804469273743
0.18553459119496854 0.164804469273743
0.18495297805642633 0.164804469273743
0.184375 0.164804469273743
0.1838006230529595 0.164804469273743
0.18322981366459629 0.164804469273743
0.1826625386996904 0.164804469273743
0.18209876543209877 0.164804469273743
0.18153846153846154 0.164804469273743
0.18098159509202455 0.164804469273743
0.18042813455657492 0.164804469273743
0.1798780487804878 0.164804469273743
0.17933130699088146 0.164804469273743
0.1787878787878788 0.164804469273743
0.1782477341389728 0.164804469273743
0.17771084337349397 0.164804469273743
0.17717717717717718 0.164804469273743
0.17964071856287425 0.16759776536312848
0.1791044776119403 0.16759776536312848
0.17857142857142858 0.16759776536312848
0.17804154302670624 0.16759776536312848
0.17751479289940827 0.16759776536312848
0.17699115044247787 0.16759776536312848
0.17647058823529413 0.16759776536312848
0.17595307917888564 0.16759776536312848
0.17543859649122806 0.16759776536312848
0.1749271137026239 0.16759776536312848
0.1744186046511628 0.16759776536312848
0.17681159420289855 0.17039106145251395
0.1791907514450867 0.17318435754189945
0.1786743515850144 0.17318435754189945
0.1781609195402299 0.17318435754189945
0.17765042979942694 0.17318435754189945
0.17714285714285713 0.17318435754189945
0.1794871794871795 0.17597765363128492
0.18181818181818182 0.1787709497206704
0.1813031161473088 0.1787709497206704
0.1807909604519774 0.1787709497206704
0.18028169014084508 0.1787709497206704
0.1797752808988764 0.1787709497206704
0.1792717086834734 0.1787709497206704
0.1787709497206704 0.1787709497206704
0.17827298050139276 0.1787709497206704
0.17777777777777778 0.1787709497206704
0.1772853185595568 0.1787709497206704
0.17679558011049723 0.1787709497206704
0.1763085399449036 0.1787709497206704
0.17582417582417584 0.1787709497206704
0.17534246575342466 0.1787709497206704
0.17486338797814208 0.1787709497206704
0.17438692098092642 0.1787709497206704
0.17391304347826086 0.1787709497206704
0.17344173441734417 0.1787709497206704
0.17297297297297298 0.1787709497206704
0.1725067385444744 0.1787709497206704
0.17204301075268819 0.1787709497206704
0.17158176943699732 0.1787709497206704
0.1711229946524064 0.1787709497206704
0.17066666666666666 0.1787709497206704
0.1702127659574468 0.1787709497206704
0.16976127320954906 0.1787709497206704
0.1693121693121693 0.1787709497206704
0.16886543535620052 0.1787709497206704
0.16842105263157894 0.1787709497206704
0.1679790026246719 0.1787709497206704
0.16753926701570682 0.1787709497206704
0.1671018276762402 0.1787709497206704
0.16666666666666666 0.1787709497206704
0.16623376623376623 0.1787709497206704
0.16580310880829016 0.1787709497206704
0.165374677002584 0.1787709497206704
0.16494845360824742 0.1787709497206704
0.16452442159383032 0.1787709497206704
0.1641025641025641 0.1787709497206704
0.1636828644501279 0.1787709497206704
0.16326530612244897 0.1787709497206704
0.1628498727735369 0.1787709497206704
0.16243654822335024 0.1787709497206704
0.1620253164556962 0.1787709497206704
0.16161616161616163 0.1787709497206704
0.16120906801007556 0.1787709497206704
0.16080402010050251 0.1787709497206704
0.16040100250626566 0.1787709497206704
0.16 0.1787709497206704
0.1596009975062344 0.1787709497206704
0.15920398009950248 0.1787709497206704
0.1588089330024814 0.1787709497206704
0.15841584158415842 0.1787709497206704
0.1580246913580247 0.1787709497206704
0.15763546798029557 0.1787709497206704
0.15724815724815724 0.1787709497206704
0.1568627450980392 0.1787709497206704
0.15647921760391198 0.1787709497206704
0.15609756097560976 0.1787709497206704
0.15571776155717762 0.1787709497206704
0.1553398058252427 0.1787709497206704
0.1549636803874092 0.1787709497206704
0.15458937198067632 0.1787709497206704
0.15421686746987953 0.1787709497206704
0.15384615384615385 0.1787709497206704
0.15347721822541965 0.1787709497206704
0.15311004784688995 0.1787709497206704
0.15274463007159905 0.1787709497206704
0.1523809523809524 0.1787709497206704
0.1543942992874109 0.18156424581005587
0.15402843601895735 0.18156424581005587
0.1536643026004728 0.18156424581005587
0.15330188679245282 0.18156424581005587
0.15294117647058825 0.18156424581005587
0.15258215962441316 0.18156424581005587
0.1522248243559719 0.18156424581005587
0.15186915887850466 0.18156424581005587
0.15151515151515152 0.18156424581005587
0.1511627906976744 0.18156424581005587
0.15081206496519722 0.18156424581005587
0.15046296296296297 0.18156424581005587
0.15011547344110854 0.18156424581005587
0.1497695852534562 0.18156424581005587
0.14942528735632185 0.18156424581005587
0.14908256880733944 0.18156424581005587
0.14874141876430205 0.18156424581005587
0.14840182648401826 0.18156424581005587
0.1480637813211845 0.18156424581005587
0.14772727272727273 0.18156424581005587
0.1473922902494331 0.18156424581005587
0.14705882352941177 0.18156424581005587
0.14672686230248308 0.18156424581005587
0.1463963963963964 0.18156424581005587
0.14606741573033707 0.18156424581005587
0.14573991031390135 0.18156424581005587
0.14541387024608501 0.18156424581005587
0.14508928571428573 0.18156424581005587
0.1447661469933185 0.18156424581005587
0.14444444444444443 0.18156424581005587
0.14412416851441243 0.18156424581005587
0.14380530973451328 0.18156424581005587
0.1434878587196468 0.18156424581005587
0.14317180616740088 0.18156424581005587
0.14285714285714285 0.18156424581005587
0.1425438596491228 0.18156424581005587
0.1422319474835886 0.18156424581005587
0.14192139737991266 0.18156424581005587
0.14161220043572983 0.18156424581005587
0.14130434782608695 0.18156424581005587
0.14099783080260303 0.18156424581005587
0.1406926406926407 0.18156424581005587
0.14038876889848811 0.18156424581005587
0.1400862068965517 0.18156424581005587
0.13978494623655913 0.18156424581005587
0.13948497854077252 0.18156424581005587
0.139186295503212 0.18156424581005587
0.1388888888888889 0.18156424581005587
0.13859275053304904 0.18156424581005587
0.13829787234042554 0.18156424581005587
0.13800424628450106 0.18156424581005587
0.13771186440677965 0.18156424581005587
0.13742071881606766 0.18156424581005587
0.1371308016877637 0.18156424581005587
0.1368421052631579 0.18156424581005587
0.13655462184873948 0.18156424581005587
0.13626834381551362 0.18156424581005587
0.13598326359832635 0.18156424581005587
0.13569937369519833 0.18156424581005587
0.13541666666666666 0.18156424581005587
0.13513513513513514 0.18156424581005587
0.13485477178423236 0.18156424581005587
0.13457556935817805 0.18156424581005587
0.13429752066115702 0.18156424581005587
0.13402061855670103 0.18156424581005587
0.1337448559670782 0.18156424581005587
0.13347022587268995 0.18156424581005587
0.13319672131147542 0.18156424581005587
0.1329243353783231 0.18156424581005587
0.1326530612244898 0.18156424581005587
0.13238289205702647 0.18156424581005587
0.13211382113821138 0.18156424581005587
0.13184584178498987 0.18156424581005587
0.13157894736842105 0.18156424581005587
0.13131313131313133 0.18156424581005587
0.1310483870967742 0.18156424581005587
0.13078470824949698 0.18156424581005587
0.13052208835341367 0.18156424581005587
0.13026052104208416 0.18156424581005587
0.13 0.18156424581005587
0.12974051896207583 0.18156424581005587
0.1294820717131474 0.18156424581005587
0.12922465208747516 0.18156424581005587
0.12896825396825398 0.18156424581005587
0.12871287128712872 0.18156424581005587
0.12845849802371542 0.18156424581005587
0.1282051282051282 0.18156424581005587
0.1279527559055118 0.18156424581005587
0.12770137524557956 0.18156424581005587
0.12745098039215685 0.18156424581005587
0.12720156555772993 0.18156424581005587
0.126953125 0.18156424581005587
0.1267056530214425 0.18156424581005587
0.1264591439688716 0.18156424581005587
0.1262135922330097 0.18156424581005587
0.12596899224806202 0.18156424581005587
0.12572533849129594 0.18156424581005587
0.12548262548262548 0.18156424581005587
0.1252408477842004 0.18156424581005587
0.125 0.18156424581005587
0.12476007677543186 0.18156424581005587
0.12452107279693486 0.18156424581005587
0.124282982791587 0.18156424581005587
0.12404580152671756 0.18156424581005587
0.12380952380952381 0.18156424581005587
0.12357414448669202 0.18156424581005587
0.12333965844402277 0.18156424581005587
0.12310606060606061 0.18156424581005587
0.12287334593572778 0.18156424581005587
0.12264150943396226 0.18156424581005587
0.1224105461393597 0.18156424581005587
0.12218045112781954 0.18156424581005587
0.12195121951219512 0.18156424581005587
0.12172284644194757 0.18156424581005587
0.12149532710280374 0.18156424581005587
0.12126865671641791 0.18156424581005587
0.12104283054003724 0.18156424581005587
0.120817843866171 0.18156424581005587
0.12059369202226346 0.18156424581005587
0.12037037037037036 0.18156424581005587
0.12014787430683918 0.18156424581005587
0.11992619926199262 0.18156424581005587
0.11970534069981584 0.18156424581005587
0.11948529411764706 0.18156424581005587
0.11926605504587157 0.18156424581005587
0.11904761904761904 0.18156424581005587
0.11882998171846434 0.18156424581005587
0.11861313868613138 0.18156424581005587
0.11839708561020036 0.18156424581005587
0.11818181818181818 0.18156424581005587
0.11796733212341198 0.18156424581005587
0.11956521739130435 0.18435754189944134
0.12115732368896925 0.1871508379888268
0.12274368231046931 0.18994413407821228
0.12432432432432433 0.19273743016759776
0.12410071942446044 0.19273743016759776
0.12387791741472172 0.19273743016759776
0.12365591397849462 0.19273743016759776
0.12343470483005367 0.19273743016759776
0.12321428571428572 0.19273743016759776
0.12299465240641712 0.19273743016759776
0.12277580071174377 0.19273743016759776
0.12255772646536411 0.19273743016759776
0.12234042553191489 0.19273743016759776
0.12212389380530973 0.19273743016759776
0.12190812720848057 0.19273743016759776
0.12169312169312169 0.19273743016759776
0.12147887323943662 0.19273743016759776
0.12126537785588752 0.19273743016759776
0.12105263157894737 0.19273743016759776
0.12084063047285463 0.19273743016759776
0.12062937062937062 0.19273743016759776
0.12041884816753927 0.19273743016759776
0.12020905923344948 0.19273743016759776
0.12 0.19273743016759776
0.11979166666666667 0.19273743016759776
0.1195840554592721 0.19273743016759776
0.11937716262975778 0.19273743016759776
0.11917098445595854 0.19273743016759776
0.11896551724137931 0.19273743016759776
0.11876075731497418 0.19273743016759776
0.11855670103092783 0.19273743016759776
0.1183533447684391 0.19273743016759776
0.11815068493150685 0.19273743016759776
0.11794871794871795 0.19273743016759776
0.11774744027303755 0.19273743016759776
0.11754684838160136 0.19273743016759776
0.11734693877551021 0.19273743016759776
0.11714770797962648 0.19273743016759776
0.11694915254237288 0.19273743016759776
0.116751269035533 0.19273743016759776
0.11655405405405406 0.19273743016759776
0.1163575042158516 0.19273743016759776
0.11616161616161616 0.19273743016759776
0.11596638655462185 0.19273743016759776
0.11577181208053691 0.19273743016759776
0.11557788944723618 0.19273743016759776
0.11538461538461539 0.19273743016759776
0.11519198664440734 0.19273743016759776
0.115 0.19273743016759776
0.11480865224625623 0.19273743016759776
0.11461794019933555 0.19273743016759776
0.11442786069651742 0.19273743016759776
0.11423841059602649 0.19273743016759776
0.1140495867768595 0.19273743016759776
0.11386138613861387 0.19273743016759776
0.11367380560131796 0.19273743016759776
0.11348684210526316 0.19273743016759776
0.11330049261083744 0.19273743016759776
0.11311475409836065 0.19273743016759776
0.11292962356792144 0.19273743016759776
0.11274509803921569 0.19273743016759776
0.11256117455138662 0.19273743016759776
0.11237785016286644 0.19273743016759776
0.11219512195121951 0.19273743016759776
0.11201298701298701 0.19273743016759776
0.11183144246353323 0.19273743016759776
0.11165048543689321 0.19273743016759776
0.11147011308562198 0.19273743016759776
0.11129032258064517 0.19273743016759776
0.1111111111111111 0.19273743016759776
0.11093247588424437 0.19273743016759776
0.11075441412520064 0.19273743016759776
0.11057692307692307 0.19273743016759776
0.1104 0.19273743016759776
0.11022364217252396 0.19273743016759776
0.11004784688995216 0.19273743016759776
0.10987261146496816 0.19273743016759776
0.10969793322734499 0.19273743016759776
0.10952380952380952 0.19273743016759776
0.10935023771790808 0.19273743016759776
0.10917721518987342 0.19273743016759776
0.10900473933649289 0.19273743016759776
0.10883280757097792 0.19273743016759776
0.10866141732283464 0.19273743016759776
0.10849056603773585 0.19273743016759776
0.10832025117739404 0.19273743016759776
0.10815047021943573 0.19273743016759776
0.107981220657277 0.19273743016759776
0.1078125 0.19273743016759776
0.10764430577223089 0.19273743016759776
0.10747663551401869 0.19273743016759776
0.10730948678071539 0.19273743016759776
0.10714285714285714 0.19273743016759776
0.10697674418604651 0.19273743016759776
0.10681114551083591 0.19273743016759776
0.10664605873261206 0.19273743016759776
0.10648148148148148 0.19273743016759776
0.10631741140215717 0.19273743016759776
0.10615384615384615 0.19273743016759776
0.10599078341013825 0.19273743016759776
0.1058282208588957 0.19273743016759776
0.10566615620214395 0.19273743016759776
0.10550458715596331 0.19273743016759776
0.10534351145038168 0.19273743016759776
0.10518292682926829 0.19273743016759776
0.1050228310502283 0.19273743016759776
0.10486322188449848 0.19273743016759776
0.1047040971168437 0.19273743016759776
0.10454545454545454 0.19273743016759776
0.1043872919818457 0.19273743016759776
0.1042296072507553 0.19273743016759776
0.10407239819004525 0.19273743016759776
0.10391566265060241 0.19273743016759776
0.1037593984962406 0.19273743016759776
0.1036036036036036 0.19273743016759776
0.10344827586206896 0.19273743016759776
0.10329341317365269 0.19273743016759776
0.1031390134529148 0.19273743016759776
0.10298507462686567 0.19273743016759776
0.10283159463487332 0.19273743016759776
0.10267857142857142 0.19273743016759776
0.1025260029717682 0.19273743016759776
0.10237388724035608 0.19273743016759776
0.10222222222222223 0.19273743016759776
0.10207100591715976 0.19273743016759776
0.1019202363367799 0.19273743016759776
0.10176991150442478 0.19273743016759776
0.101620029455081 0.19273743016759776
0.10147058823529412 0.19273743016759776
0.1013215859030837 0.19273743016759776
0.10117302052785923 0.19273743016759776
0.10102489019033675 0.19273743016759776
0.10087719298245613 0.19273743016759776
0.10072992700729927 0.19273743016759776
0.10058309037900874 0.19273743016759776
0.10043668122270742 0.19273743016759776
0.1002906976744186 0.19273743016759776
0.10014513788098693 0.19273743016759776
0.1 0.19273743016759776
0.09985528219971057 0.19273743016759776
0.09971098265895954 0.19273743016759776
0.09956709956709957 0.19273743016759776
0.0994236311239193 0.19273743016759776
0.09928057553956834 0.19273743016759776
0.09913793103448276 0.19273743016759776
0.09899569583931134 0.19273743016759776
0.0988538681948424 0.19273743016759776
0.09871244635193133 0.19273743016759776
0.09857142857142857 0.19273743016759776
0.09843081312410841 0.19273743016759776
0.09829059829059829 0.19273743016759776
0.09815078236130868 0.19273743016759776
0.09801136363636363 0.19273743016759776
0.09787234042553192 0.19273743016759776
0.09773371104815864 0.19273743016759776
0.09759547383309759 0.19273743016759776
0.09745762711864407 0.19273743016759776
0.09732016925246827 0.19273743016759776
0.09718309859154929 0.19273743016759776
0.0970464135021097 0.19273743016759776
0.09691011235955056 0.19273743016759776
0.0967741935483871 0.19273743016759776
0.09663865546218488 0.19273743016759776
0.0965034965034965 0.19273743016759776
0.09636871508379888 0.19273743016759776
0.09623430962343096 0.19273743016759776
0.09610027855153204 0.19273743016759776
0.09596662030598054 0.19273743016759776
0.09583333333333334 0.19273743016759776
0.0957004160887656 0.19273743016759776
0.09695290858725762 0.19553072625698323
0.09681881051175657 0.19553072625698323
0.09668508287292818 0.19553072625698323
0.09655172413793103 0.19553072625698323
0.09641873278236915 0.19553072625698323
0.09628610729023383 0.19553072625698323
0.09615384615384616 0.19553072625698323
0.09602194787379972 0.19553072625698323
0.0958904109589041 0.19553072625698323
0.09575923392612859 0.19553072625698323
0.09562841530054644 0.19553072625698323
0.09549795361527967 0.19553072625698323
0.09536784741144415 0.19553072625698323
0.09523809523809523 0.19553072625698323
0.09510869565217392 0.19553072625698323
0.09497964721845319 0.19553072625698323
0.0948509485094851 0.19553072625698323
0.09472259810554803 0.19553072625698323
0.0945945945945946 0.19553072625698323
0.09446693657219973 0.19553072625698323
0.09433962264150944 0.19553072625698323
0.09421265141318977 0.19553072625698323
0.09408602150537634 0.19553072625698323
0.09395973154362416 0.19553072625698323
0.0938337801608579 0.19553072625698323
0.09370816599732262 0.19553072625698323
0.09358288770053476 0.19553072625698323
0.09345794392523364 0.19553072625698323
0.09333333333333334 0.19553072625698323
0.09320905459387484 0.19553072625698323
0.09308510638297872 0.19553072625698323
0.09296148738379814 0.19553072625698323
0.09283819628647215 0.19553072625698323
0.09271523178807947 0.19553072625698323
0.09259259259259259 0.19553072625698323
0.09247027741083223 0.19553072625698323
0.09234828496042216 0.19553072625698323
0.0922266139657444 0.19553072625698323
0.09210526315789473 0.19553072625698323
0.09198423127463863 0.19553072625698323
0.09186351706036745 0.19553072625698323
0.09174311926605505 0.19553072625698323
0.09162303664921466 0.19553072625698323
0.0915032679738562 0.19553072625698323
0.09138381201044386 0.19553072625698323
0.09126466753585398 0.19553072625698323
0.09114583333333333 0.19553072625698323
0.09102730819245773 0.19553072625698323
0.09090909090909091 0.19553072625698323
0.0907911802853437 0.19553072625698323
0.09067357512953368 0.19553072625698323
0.09055627425614489 0.19553072625698323
0.09043927648578812 0.19553072625698323
0.09032258064516129 0.19553072625698323
0.09020618556701031 0.19553072625698323
0.09009009009009009 0.19553072625698323
0.08997429305912596 0.19553072625698323
0.08985879332477535 0.19553072625698323
0.08974358974358974 0.19553072625698323
0.08962868117797695 0.19553072625698323
0.08951406649616368 0.19553072625698323
0.08939974457215837 0.19553072625698323
0.08928571428571429 0.19553072625698323
0.08917197452229299 0.19553072625698323
0.089058524173028 0.19553072625698323
0.08894536213468869 0.19553072625698323
0.08883248730964467 0.19553072625698323
0.08871989860583017 0.19553072625698323
0.08860759493670886 0.19553072625698323
0.08849557522123894 0.19553072625698323
0.08838383838383838 0.19553072625698323
0.08827238335435057 0.19553072625698323
0.08816120906801007 0.19553072625698323
0.0880503144654088 0.19553072625698323
0.08793969849246232 0.19553072625698323
0.08782936010037641 0.19553072625698323
0.08771929824561403 0.19553072625698323
0.08760951188986232 0.19553072625698323
0.0875 0.19553072625698323
0.08739076154806492 0.19553072625698323
0.08728179551122195 0.19553072625698323
0.08717310087173101 0.19553072625698323
0.08706467661691543 0.19553072625698323
0.08695652173913043 0.19553072625698323
0.08684863523573201 0.19553072625698323
0.08674101610904585 0.19553072625698323
0.08663366336633663 0.19553072625698323
0.0865265760197775 0.19553072625698323
0.08641975308641975 0.19553072625698323
0.08631319358816276 0.19553072625698323
0.08620689655172414 0.19553072625698323
0.08610086100861009 0.19553072625698323
0.085995085995086 0.19553072625698323
0.08588957055214724 0.19553072625698323
0.0857843137254902 0.19553072625698323
0.08567931456548347 0.19553072625698323
0.08557457212713937 0.19553072625698323
0.08547008547008547 0.19553072625698323
0.08536585365853659 0.19553072625698323
0.08526187576126674 0.19553072625698323
0.0851581508515815 0.19553072625698323
0.0850546780072904 0.19553072625698323
0.08495145631067962 0.19553072625698323
0.08484848484848485 0.19553072625698323
0.0847457627118644 0.19553072625698323
0.08464328899637243 0.19553072625698323
0.08454106280193237 0.19553072625698323
0.08443908323281062 0.19553072625698323
0.08433734939759036 0.19553072625698323
0.0842358604091456 0.19553072625698323
0.08413461538461539 0.19553072625698323
0.08403361344537816 0.19553072625698323
0.08393285371702638 0.19553072625698323
0.08383233532934131 0.19553072625698323
0.08373205741626795 0.19553072625698323
0.08363201911589008 0.19553072625698323
0.08353221957040573 0.19553072625698323
0.08343265792610251 0.19553072625698323
0.08333333333333333 0.19553072625698323
0.08323424494649227 0.19553072625698323
0.0831353919239905 0.19553072625698323
0.0830367734282325 0.19553072625698323
0.08293838862559241 0.19553072625698323
0.08284023668639054 0.19553072625698323
0.08274231678486997 0.19553072625698323
0.08264462809917356 0.19553072625698323
0.08254716981132075 0.19553072625698323
0.08244994110718493 0.19553072625698323
0.08235294117647059 0.19553072625698323
0.08225616921269095 0.19553072625698323
0.08215962441314555 0.19553072625698323
0.08206330597889801 0.19553072625698323
0.08196721311475409 0.19553072625698323
0.08187134502923976 0.19553072625698323
0.08177570093457943 0.19553072625698323
0.08168028004667445 0.19553072625698323
0.08158508158508158 0.19553072625698323
0.08149010477299184 0.19553072625698323
0.08139534883720931 0.19553072625698323
0.08130081300813008 0.19553072625698323
0.08120649651972157 0.19553072625698323
0.08111239860950174 0.19553072625698323
0.08101851851851852 0.19553072625698323
0.08092485549132948 0.19553072625698323
0.08083140877598152 0.19553072625698323
0.08073817762399077 0.19553072625698323
0.08064516129032258 0.19553072625698323
0.0805523590333717 0.19553072625698323
0.08045977011494253 0.19553072625698323
0.08036739380022963 0.19553072625698323
0.08027522935779817 0.19553072625698323
0.08018327605956473 0.19553072625698323
0.08009153318077804 0.19553072625698323
0.08 0.19553072625698323
0.07990867579908675 0.19553072625698323
0.07981755986316989 0.19553072625698323
0.07972665148063782 0.19553072625698323
0.07963594994311718 0.19553072625698323
0.07954545454545454 0.19553072625698323
0.07945516458569807 0.19553072625698323
0.07936507936507936 0.19553072625698323
0.07927519818799547 0.19553072625698323
0.07918552036199095 0.19553072625698323
0.07909604519774012 0.19553072625698323
0.07900677200902935 0.19553072625698323
0.07891770011273957 0.19553072625698323
0.07882882882882883 0.19553072625698323
0.07874015748031496 0.19553072625698323
0.07865168539325842 0.19553072625698323
0.07856341189674523 0.19553072625698323
0.07847533632286996 0.19553072625698323
0.07838745800671892 0.19553072625698323
0.07829977628635347 0.19553072625698323
0.0782122905027933 0.19553072625698323
0.078125 0.19553072625698323
0.07803790412486064 0.19553072625698323
0.0779510022271715 0.19553072625698323
0.0778642936596218 0.19553072625698323
0.07777777777777778 0.19553072625698323
0.07769145394006659 0.19553072625698323
0.07760532150776053 0.19553072625698323
0.07751937984496124 0.19553072625698323
0.07743362831858407 0.19553072625698323
0.07734806629834254 0.19553072625698323
0.0772626931567329 0.19553072625698323
0.07717750826901874 0.19553072625698323
0.07709251101321586 0.19553072625698323
0.07700770077007701 0.19553072625698323
0.07692307692307693 0.19553072625698323
0.07683863885839737 0.19553072625698323
0.07675438596491228 0.19553072625698323
0.07667031763417305 0.19553072625698323
0.07658643326039387 0.19553072625698323
0.07650273224043716 0.19553072625698323
0.07641921397379912 0.19553072625698323
0.07633587786259542 0.19553072625698323
0.07625272331154684 0.19553072625698323
0.07616974972796518 0.19553072625698323
0.07608695652173914 0.19553072625698323
0.07600434310532031 0.19553072625698323
0.07592190889370933 0.19553072625698323
0.07583965330444203 0.19553072625698323
0.07575757575757576 0.19553072625698323
0.07567567567567568 0.19553072625698323
0.0755939524838013 0.19553072625698323
0.07551240560949299 0.19553072625698323
0.07543103448275862 0.19553072625698323
0.07534983853606028 0.19553072625698323
0.07526881720430108 0.19553072625698323
0.07518796992481203 0.19553072625698323
0.07510729613733906 0.19553072625698323
0.07502679528403002 0.19553072625698323
0.07494646680942184 0.19553072625698323
0.0748663101604278 0.19553072625698323
0.07478632478632478 0.19553072625698323
0.07470651013874066 0.19553072625698323
0.07462686567164178 0.19553072625698323
0.07454739084132056 0.19553072625698323
0.07446808510638298 0.19553072625698323
0.07438894792773645 0.19553072625698323
0.07430997876857749 0.19553072625698323
0.07423117709437964 0.19553072625698323
0.07415254237288135 0.19553072625698323
0.07407407407407407 0.19553072625698323
0.07399577167019028 0.19553072625698323
0.07391763463569166 0.19553072625698323
0.07383966244725738 0.19553072625698323
0.0737618545837724 0.19553072625698323
0.07368421052631578 0.19553072625698323
0.07360672975814932 0.19553072625698323
0.07352941176470588 0.19553072625698323
0.07345225603357818 0.19553072625698323
0.07337526205450734 0.19553072625698323
0.07329842931937172 0.19553072625698323
0.07322175732217573 0.19553072625698323
0.07314524555903866 0.19553072625698323
0.07306889352818371 0.19553072625698323
0.072992700729927 0.19553072625698323
0.07291666666666667 0.19553072625698323
0.07284079084287201 0.19553072625698323
0.07276507276507277 0.19553072625698323
0.07268951194184839 0.19553072625698323
0.07261410788381743 0.19553072625698323
0.07253886010362694 0.19553072625698323
0.07246376811594203 0.19553072625698323
0.07238883143743537 0.19553072625698323
0.07231404958677685 0.19553072625698323
0.07223942208462332 0.19553072625698323
0.07216494845360824 0.19553072625698323
0.07209062821833162 0.19553072625698323
0.0720164609053498 0.19553072625698323
0.07194244604316546 0.19553072625698323
0.07186858316221766 0.19553072625698323
0.07282051282051281 0.19832402234636873
0.07274590163934426 0.19832402234636873
0.07267144319344933 0.19832402234636873
0.07259713701431493 0.19832402234636873
0.07252298263534218 0.19832402234636873
0.07244897959183673 0.19832402234636873
0.07237512742099898 0.19832402234636873
0.07331975560081466 0.2011173184357542
0.07324516785350967 0.2011173184357542
0.07317073170731707 0.2011173184357542
0.07309644670050762 0.2011173184357542
0.07302231237322515 0.2011173184357542
0.0729483282674772 0.2011173184357542
0.0728744939271255 0.2011173184357542
0.07280080889787664 0.2011173184357542
0.07272727272727272 0.2011173184357542
0.07265388496468214 0.2011173184357542
0.07258064516129033 0.2011173184357542
0.07250755287009064 0.2011173184357542
0.07243460764587525 0.2011173184357542
0.07236180904522613 0.2011173184357542
0.07228915662650602 0.2011173184357542
0.07221664994984955 0.2011173184357542
0.07214428857715431 0.2011173184357542
0.07207207207207207 0.2011173184357542
0.072 0.2011173184357542
0.07192807192807193 0.2011173184357542
0.0718562874251497 0.2011173184357542
0.07178464606181456 0.2011173184357542
0.07171314741035857 0.2011173184357542
0.07164179104477612 0.2011173184357542
0.07157057654075547 0.2011173184357542
0.07149950347567031 0.2011173184357542
0.07142857142857142 0.2011173184357542
0.07135777998017839 0.2011173184357542
0.07128712871287128 0.2011173184357542
0.0712166172106825 0.2011173184357542
0.07114624505928854 0.2011173184357542
0.07107601184600197 0.2011173184357542
0.07100591715976332 0.2011173184357542
0.07093596059113301 0.2011173184357542
0.07086614173228346 0.2011173184357542
0.07079646017699115 0.2011173184357542
0.07072691552062868 0.2011173184357542
0.07065750736015702 0.2011173184357542
0.07058823529411765 0.2011173184357542
0.07051909892262488 0.2011173184357542
0.07045009784735812 0.2011173184357542
0.07038123167155426 0.2011173184357542
0.0703125 0.2011173184357542
0.0702439024390244 0.2011173184357542
0.07017543859649122 0.2011173184357542
0.07010710808179163 0.2011173184357542
0.07003891050583658 0.2011173184357542
0.06997084548104957 0.2011173184357542
0.06990291262135923 0.2011173184357542
0.06983511154219205 0.2011173184357542
0.06976744186046512 0.2011173184357542
0.0696999031945789 0.2011173184357542
0.06963249516441006 0.2011173184357542
0.06956521739130435 0.2011173184357542
0.0694980694980695 0.2011173184357542
0.06943105110896818 0.2011173184357542
0.06936416184971098 0.2011173184357542
0.06929740134744947 0.2011173184357542
0.06923076923076923 0.2011173184357542
0.069164265129683 0.2011173184357542
0.0690978886756238 0.2011173184357542
0.06903163950143816 0.2011173184357542
0.06896551724137931 0.2011173184357542
0.06889952153110047 0.2011173184357542
0.06883365200764818 0.2011173184357542
0.06876790830945559 0.2011173184357542
0.06870229007633588 0.2011173184357542
0.06863679694947569 0.2011173184357542
0.06857142857142857 0.2011173184357542
0.06850618458610847 0.2011173184357542
0.06844106463878327 0.2011173184357542
0.06837606837606838 0.2011173184357542
0.0683111954459203 0.2011173184357542
0.06824644549763033 0.2011173184357542
0.06818181818181818 0.2011173184357542
0.06811731315042574 0.2011173184357542
0.06805293005671077 0.2011173184357542
0.0679886685552408 0.2011173184357542
0.06792452830188679 0.2011173184357542
0.06786050895381715 0.2011173184357542
0.06779661016949153 0.2011173184357542
0.06773283160865474 0.2011173184357542
0.06766917293233082 0.2011173184357542
0.0676056338028169 0.2011173184357542
0.0675422138836773 0.2011173184357542
0.06747891283973759 0.2011173184357542
0.06741573033707865 0.2011173184357542
0.06735266604303088 0.2011173184357542
0.06728971962616823 0.2011173184357542
0.06722689075630252 0.2011173184357542
0.06716417910447761 0.2011173184357542
0.06710158434296365 0.2011173184357542
0.0670391061452514 0.2011173184357542
0.06697674418604652 0.2011173184357542
0.06691449814126393 0.2011173184357542
0.06685236768802229 0.2011173184357542
0.06679035250463822 0.2011173184357542
0.06672845227062095 0.2011173184357542
0.06666666666666667 0.2011173184357542
0.0666049953746531 0.2011173184357542
0.066543438077634 0.2011173184357542
0.0664819944598338 0.2011173184357542
0.06642066420664207 0.2011173184357542
0.0663594470046083 0.2011173184357542
0.06629834254143646 0.2011173184357542
0.06623735050597976 0.2011173184357542
0.0661764705882353 0.2011173184357542
0.06611570247933884 0.2011173184357542
0.06605504587155964 0.2011173184357542
0.06599450045829514 0.2011173184357542
0.06593406593406594 0.2011173184357542
0.06587374199451052 0.2011173184357542
0.06581352833638025 0.2011173184357542
0.06575342465753424 0.2011173184357542
0.06569343065693431 0.2011173184357542
0.06563354603463993 0.2011173184357542
0.06557377049180328 0.2011173184357542
0.06551410373066424 0.2011173184357542
0.06545454545454546 0.2011173184357542
0.0653950953678474 0.2011173184357542
0.06533575317604355 0.2011173184357542
0.06527651858567543 0.2011173184357542
0.06521739130434782 0.2011173184357542
0.06515837104072399 0.2011173184357542
0.0650994575045208 0.2011173184357542
0.06504065040650407 0.2011173184357542
0.06498194945848375 0.2011173184357542
0.06492335437330929 0.2011173184357542
0.06486486486486487 0.2011173184357542
0.06480648064806481 0.2011173184357542
0.06474820143884892 0.2011173184357542
0.0646900269541779 0.2011173184357542
0.06463195691202872 0.2011173184357542
0.06457399103139014 0.2011173184357542
0.06451612903225806 0.2011173184357542
0.06445837063563116 0.2011173184357542
0.06440071556350627 0.2011173184357542
0.064343163538874 0.2011173184357542
0.06428571428571428 0.2011173184357542
0.06422836752899197 0.2011173184357542
0.06417112299465241 0.2011173184357542
0.06411398040961709 0.2011173184357542
0.06405693950177936 0.2011173184357542
0.064 0.2011173184357542
0.06394316163410302 0.2011173184357542
0.06388642413487133 0.2011173184357542
0.06382978723404255 0.2011173184357542
0.0637732506643047 0.2011173184357542
0.06371681415929203 0.2011173184357542
0.0636604774535809 0.2011173184357542
0.0636042402826855 0.2011173184357542
0.06354810238305383 0.2011173184357542
0.06349206349206349 0.2011173184357542
0.06343612334801763 0.2011173184357542
0.06338028169014084 0.2011173184357542
0.0633245382585752 0.2011173184357542
0.0632688927943761 0.2011173184357542
0.06321334503950835 0.2011173184357542
0.06315789473684211 0.2011173184357542
0.06310254163014899 0.2011173184357542
0.06304728546409807 0.2011173184357542
0.06299212598425197 0.2011173184357542
0.06293706293706294 0.2011173184357542
0.062882096069869 0.2011173184357542
0.06282722513089005 0.2011173184357542
0.06277244986922406 0.2011173184357542
0.0627177700348432 0.2011173184357542
0.06266318537859007 0.2011173184357542
0.06260869565217392 0.2011173184357542
0.06255430060816682 0.2011173184357542
0.0625 0.2011173184357542
0.062445793581960105 0.2011173184357542
0.06239168110918544 0.2011173184357542
0.06233766233766234 0.2011173184357542
0.06228373702422145 0.2011173184357542
0.06222990492653414 0.2011173184357542
0.06217616580310881 0.2011173184357542
0.062122519413287315 0.2011173184357542
0.06206896551724138 0.2011173184357542
0.06201550387596899 0.2011173184357542
0.06196213425129088 0.2011173184357542
0.061908856405846945 0.2011173184357542
0.061855670103092786 0.2011173184357542
0.061802575107296136 0.2011173184357542
0.06174957118353345 0.2011173184357542
0.061696658097686374 0.2011173184357542
0.06164383561643835 0.2011173184357542
0.06159110350727117 0.2011173184357542
0.06153846153846154 0.2011173184357542
0.06148590947907771 0.2011173184357542
0.06143344709897611 0.2011173184357542
0.061381074168797956 0.2011173184357542
0.06132879045996593 0.2011173184357542
0.06127659574468085 0.2011173184357542
0.061224489795918366 0.2011173184357542
0.06117247238742566 0.2011173184357542
0.06112054329371817 0.2011173184357542
0.061068702290076333 0.2011173184357542
0.061016949152542375 0.2011173184357542
0.06096528365791702 0.2011173184357542
0.06091370558375635 0.2011173184357542
0.060862214708368556 0.2011173184357542
0.060810810810810814 0.2011173184357542
0.060759493670886074 0.2011173184357542
0.06070826306913996 0.2011173184357542
0.060657118786857624 0.2011173184357542
0.06060606060606061 0.2011173184357542
0.060555088309503784 0.2011173184357542
0.06050420168067227 0.2011173184357542
0.060453400503778336 0.2011173184357542
0.06040268456375839 0.2011173184357542
0.06035205364626991 0.2011173184357542
