1.0 0.008130081300813009
1.0 0.016260162601626018
1.0 0.024390243902439025
1.0 0.032520325203252036
0.8 0.032520325203252036
0.6666666666666666 0.032520325203252036
0.7142857142857143 0.04065040650406504
0.75 0.04878048780487805
0.7777777777777778 0.056910569105691054
0.8 0.06504065040650407
0.7272727272727273 0.06504065040650407
0.6666666666666666 0.06504065040650407
0.6923076923076923 0.07317073170731707
0.7142857142857143 0.08130081300813008
0.6666666666666666 0.08130081300813008
0.6875 0.08943089430894309
0.6470588235294118 0.08943089430894309
0.6111111111111112 0.08943089430894309
0.5789473684210527 0.08943089430894309
0.55 0.08943089430894309
0.5238095238095238 0.08943089430894309
0.5 0.08943089430894309
0.4782608695652174 0.08943089430894309
0.5 0.0975609756097561
0.52 0.10569105691056911
0.5 0.10569105691056911
0.48148148148148145 0.10569105691056911
0.4642857142857143 0.10569105691056911
0.4482758620689655 0.10569105691056911
0.43333333333333335 0.10569105691056911
0.41935483870967744 0.10569105691056911
0.40625 0.10569105691056911
0.3939393939393939 0.10569105691056911
0.38235294117647056 0.10569105691056911
0.37142857142857144 0.10569105691056911
0.3611111111111111 0.10569105691056911
0.35135135135135137 0.10569105691056911
0.3684210526315789 0.11382113821138211
0.358974358974359 0.11382113821138211
0.35 0.11382113821138211
0.34146341463414637 0.11382113821138211
0.3333333333333333 0.11382113821138211
0.3488372093023256 0.12195121951219512
0.3409090909090909 0.12195121951219512
0.3333333333333333 0.12195121951219512
