0.0 0.0
0.0 0.0
0.0 0.0
0.0 0.0
0.0 0.0
0.0 0.0
0.0 0.0
0.125 0.005376344086021506
0.2222222222222222 0.010752688172043012
0.3 0.016129032258064516
0.2727272727272727 0.016129032258064516
0.25 0.016129032258064516
0.3076923076923077 0.021505376344086023
0.2857142857142857 0.021505376344086023
0.26666666666666666 0.021505376344086023
0.25 0.021505376344086023
0.23529411764705882 0.021505376344086023
0.2222222222222222 0.021505376344086023
0.21052631578947367 0.021505376344086023
0.2 0.021505376344086023
0.19047619047619047 0.021505376344086023
0.18181818181818182 0.021505376344086023
0.21739130434782608 0.026881720430107527
0.20833333333333334 0.026881720430107527
0.24 0.03225806451612903
0.23076923076923078 0.03225806451612903
0.2222222222222222 0.03225806451612903
0.21428571428571427 0.03225806451612903
0.20689655172413793 0.03225806451612903
0.2 0.03225806451612903
0.1935483870967742 0.03225806451612903
0.21875 0.03763440860215054
0.24242424242424243 0.043010752688172046
0.2647058823529412 0.04838709677419355
0.2857142857142857 0.053763440860215055
0.2777777777777778 0.053763440860215055
0.2702702702702703 0.053763440860215055
0.2894736842105263 0.05913978494623656
0.28205128205128205 0.05913978494623656
0.3 0.06451612903225806
0.2926829268292683 0.06451612903225806
0.30952380952380953 0.06989247311827956
0.3023255813953488 0.06989247311827956
0.3181818181818182 0.07526881720430108
0.3333333333333333 0.08064516129032258
0.32608695652173914 0.08064516129032258
0.3404255319148936 0.08602150537634409
0.3333333333333333 0.08602150537634409
0.3469387755102041 0.0913978494623656
0.36 0.0967741935483871
0.37254901960784315 0.10215053763440861
0.38461538461538464 0.10752688172043011
0.39622641509433965 0.11290322580645161
0.3888888888888889 0.11290322580645161
0.38181818181818183 0.11290322580645161
0.375 0.11290322580645161
0.3684210526315789 0.11290322580645161
0.3620689655172414 0.11290322580645161
0.3559322033898305 0.11290322580645161
0.35 0.11290322580645161
0.3442622950819672 0.11290322580645161
0.3387096774193548 0.11290322580645161
0.3333333333333333 0.11290322580645161
0.328125 0.11290322580645161
0.3230769230769231 0.11290322580645161
0.3181818181818182 0.11290322580645161
0.31343283582089554 0.11290322580645161
0.3088235294117647 0.11290322580645161
0.30434782608695654 0.11290322580645161
0.3 0.11290322580645161
0.29577464788732394 0.11290322580645161
0.2916666666666667 0.11290322580645161
0.2876712328767123 0.11290322580645161
0.28378378378378377 0.11290322580645161
0.28 0.11290322580645161
0.27631578947368424 0.11290322580645161
0.2727272727272727 0.11290322580645161
0.2692307692307692 0.11290322580645161
0.26582278481012656 0.11290322580645161
0.2625 0.11290322580645161
0.25925925925925924 0.11290322580645161
0.25609756097560976 0.11290322580645161
0.25301204819277107 0.11290322580645161
0.25 0.11290322580645161
0.24705882352941178 0.11290322580645161
0.2441860465116279 0.11290322580645161
0.2413793103448276 0.11290322580645161
0.25 0.11827956989247312
0.24719101123595505 0.11827956989247312
0.25555555555555554 0.12365591397849462
0.25274725274725274 0.12365591397849462
0.25 0.12365591397849462
0.24731182795698925 0.12365591397849462
0.24468085106382978 0.12365591397849462
0.24210526315789474 0.12365591397849462
0.23958333333333334 0.12365591397849462
0.23711340206185566 0.12365591397849462
0.23469387755102042 0.12365591397849462
0.23232323232323232 0.12365591397849462
0.23 0.12365591397849462
0.22772277227722773 0.12365591397849462
0.22549019607843138 0.12365591397849462
0.22330097087378642 0.12365591397849462
0.22115384615384615 0.12365591397849462
0.21904761904761905 0.12365591397849462
0.2169811320754717 0.12365591397849462
0.21495327102803738 0.12365591397849462
0.21296296296296297 0.12365591397849462
0.21100917431192662 0.12365591397849462
0.20909090909090908 0.12365591397849462
0.2072072072072072 0.12365591397849462
0.20535714285714285 0.12365591397849462
0.20353982300884957 0.12365591397849462
0.20175438596491227 0.12365591397849462
0.2 0.12365591397849462
0.19827586206896552 0.12365591397849462
0.19658119658119658 0.12365591397849462
0.19491525423728814 0.12365591397849462
0.19327731092436976 0.12365591397849462
0.19166666666666668 0.12365591397849462
0.19834710743801653 0.12903225806451613
0.20491803278688525 0.13440860215053763
0.21138211382113822 0.13978494623655913
0.20967741935483872 0.13978494623655913
0.216 0.14516129032258066
0.21428571428571427 0.14516129032258066
0.2125984251968504 0.14516129032258066
0.2109375 0.14516129032258066
0.20930232558139536 0.14516129032258066
0.2076923076923077 0.14516129032258066
0.20610687022900764 0.14516129032258066
0.20454545454545456 0.14516129032258066
0.20300751879699247 0.14516129032258066
0.20149253731343283 0.14516129032258066
0.2 0.14516129032258066
0.19852941176470587 0.14516129032258066
0.19708029197080293 0.14516129032258066
0.1956521739130435 0.14516129032258066
0.19424460431654678 0.14516129032258066
0.19285714285714287 0.14516129032258066
0.19148936170212766 0.14516129032258066
0.19014084507042253 0.14516129032258066
0.1888111888111888 0.14516129032258066
0.1875 0.14516129032258066
0.18620689655172415 0.14516129032258066
0.18493150684931506 0.14516129032258066
0.1836734693877551 0.14516129032258066
0.18243243243243243 0.14516129032258066
0.18120805369127516 0.14516129032258066
0.18 0.14516129032258066
0.17880794701986755 0.14516129032258066
0.17763157894736842 0.14516129032258066
0.17647058823529413 0.14516129032258066
0.17532467532467533 0.14516129032258066
0.17419354838709677 0.14516129032258066
0.17307692307692307 0.14516129032258066
0.17197452229299362 0.14516129032258066
0.17088607594936708 0.14516129032258066
0.16981132075471697 0.14516129032258066
0.16875 0.14516129032258066
0.16770186335403728 0.14516129032258066
0.16666666666666666 0.14516129032258066
0.1656441717791411 0.14516129032258066
0.16463414634146342 0.14516129032258066
0.16363636363636364 0.14516129032258066
0.16265060240963855 0.14516129032258066
0.16167664670658682 0.14516129032258066
0.16071428571428573 0.14516129032258066
0.15976331360946747 0.14516129032258066
0.1588235294117647 0.14516129032258066
0.15789473684210525 0.14516129032258066
0.1569767441860465 0.14516129032258066
0.15606936416184972 0.14516129032258066
0.15517241379310345 0.14516129032258066
0.15428571428571428 0.14516129032258066
0.1534090909090909 0.14516129032258066
0.15254237288135594 0.14516129032258066
0.15168539325842698 0.14516129032258066
0.15083798882681565 0.14516129032258066
0.15 0.14516129032258066
0.14917127071823205 0.14516129032258066
0.14835164835164835 0.14516129032258066
0.14754098360655737 0.14516129032258066
0.14673913043478262 0.14516129032258066
0.14594594594594595 0.14516129032258066
0.14516129032258066 0.14516129032258066
0.1443850267379679 0.14516129032258066
0.14361702127659576 0.14516129032258066
0.14285714285714285 0.14516129032258066
0.14210526315789473 0.14516129032258066
0.14136125654450263 0.14516129032258066
0.140625 0.14516129032258066
0.13989637305699482 0.14516129032258066
0.13917525773195877 0.14516129032258066
0.13846153846153847 0.14516129032258066
0.1377551020408163 0.14516129032258066
0.13705583756345177 0.14516129032258066
0.13636363636363635 0.14516129032258066
0.135678391959799 0.14516129032258066
0.135 0.14516129032258066
0.13432835820895522 0.14516129032258066
0.13366336633663367 0.14516129032258066
0.1330049261083744 0.14516129032258066
0.1323529411764706 0.14516129032258066
0.13170731707317074 0.14516129032258066
0.13106796116504854 0.14516129032258066
0.13043478260869565 0.14516129032258066
0.12980769230769232 0.14516129032258066
0.1291866028708134 0.14516129032258066
0.12857142857142856 0.14516129032258066
0.12796208530805686 0.14516129032258066
0.12735849056603774 0.14516129032258066
0.1267605633802817 0.14516129032258066
0.1261682242990654 0.14516129032258066
0.12558139534883722 0.14516129032258066
0.125 0.14516129032258066
0.12442396313364056 0.14516129032258066
0.12385321100917432 0.14516129032258066
0.1232876712328767 0.14516129032258066
0.12272727272727273 0.14516129032258066
0.12217194570135746 0.14516129032258066
0.12162162162162163 0.14516129032258066
0.1210762331838565 0.14516129032258066
0.12053571428571429 0.14516129032258066
0.12 0.14516129032258066
0.12389380530973451 0.15053763440860216
0.1277533039647577 0.15591397849462366
0.12719298245614036 0.15591397849462366
0.12663755458515283 0.15591397849462366
0.12608695652173912 0.15591397849462366
0.12554112554112554 0.15591397849462366
0.125 0.15591397849462366
0.12446351931330472 0.15591397849462366
0.12393162393162394 0.15591397849462366
0.12340425531914893 0.15591397849462366
0.1228813559322034 0.15591397849462366
0.12236286919831224 0.15591397849462366
0.12184873949579832 0.15591397849462366
0.12133891213389121 0.15591397849462366
0.12083333333333333 0.15591397849462366
0.12033195020746888 0.15591397849462366
0.11983471074380166 0.15591397849462366
0.11934156378600823 0.15591397849462366
0.11885245901639344 0.15591397849462366
0.11836734693877551 0.15591397849462366
0.11788617886178862 0.15591397849462366
0.11740890688259109 0.15591397849462366
0.11693548387096774 0.15591397849462366
0.11646586345381527 0.15591397849462366
0.116 0.15591397849462366
0.11553784860557768 0.15591397849462366
0.11507936507936507 0.15591397849462366
0.11462450592885376 0.15591397849462366
0.1141732283464567 0.15591397849462366
0.11372549019607843 0.15591397849462366
0.11328125 0.15591397849462366
0.11284046692607004 0.15591397849462366
0.1124031007751938 0.15591397849462366
0.11196911196911197 0.15591397849462366
0.11153846153846154 0.15591397849462366
0.1111111111111111 0.15591397849462366
0.11068702290076336 0.15591397849462366
0.11026615969581749 0.15591397849462366
0.10984848484848485 0.15591397849462366
0.10943396226415095 0.15591397849462366
0.10902255639097744 0.15591397849462366
0.10861423220973783 0.15591397849462366
0.10820895522388059 0.15591397849462366
0.10780669144981413 0.15591397849462366
0.10740740740740741 0.15591397849462366
0.1070110701107011 0.15591397849462366
0.10661764705882353 0.15591397849462366
0.10622710622710622 0.15591397849462366
0.10583941605839416 0.15591397849462366
0.10545454545454545 0.15591397849462366
0.10507246376811594 0.15591397849462366
0.10469314079422383 0.15591397849462366
0.10431654676258993 0.15591397849462366
0.1039426523297491 0.15591397849462366
0.10357142857142858 0.15591397849462366
0.10320284697508897 0.15591397849462366
0.10283687943262411 0.15591397849462366
0.10247349823321555 0.15591397849462366
0.10211267605633803 0.15591397849462366
0.10175438596491228 0.15591397849462366
0.10139860139860139 0.15591397849462366
0.10104529616724739 0.15591397849462366
0.10069444444444445 0.15591397849462366
0.10034602076124567 0.15591397849462366
0.1 0.15591397849462366
0.09965635738831616 0.15591397849462366
0.09931506849315068 0.15591397849462366
0.09897610921501707 0.15591397849462366
0.09863945578231292 0.15591397849462366
0.09830508474576272 0.15591397849462366
0.09797297297297297 0.15591397849462366
0.09764309764309764 0.15591397849462366
0.09731543624161074 0.15591397849462366
0.09698996655518395 0.15591397849462366
0.09666666666666666 0.15591397849462366
0.09634551495016612 0.15591397849462366
0.09602649006622517 0.15591397849462366
0.09570957095709572 0.15591397849462366
0.09539473684210527 0.15591397849462366
0.09508196721311475 0.15591397849462366
0.09477124183006536 0.15591397849462366
0.09446254071661238 0.15591397849462366
0.09415584415584416 0.15591397849462366
0.09385113268608414 0.15591397849462366
0.0935483870967742 0.15591397849462366
0.0932475884244373 0.15591397849462366
0.09294871794871795 0.15591397849462366
0.0926517571884984 0.15591397849462366
0.09235668789808917 0.15591397849462366
0.09206349206349207 0.15591397849462366
0.09177215189873418 0.15591397849462366
0.0914826498422713 0.15591397849462366
0.09119496855345911 0.15591397849462366
0.09090909090909091 0.15591397849462366
0.090625 0.15591397849462366
0.09034267912772585 0.15591397849462366
0.09006211180124224 0.15591397849462366
0.08978328173374613 0.15591397849462366
0.08950617283950617 0.15591397849462366
0.08923076923076922 0.15591397849462366
0.08895705521472393 0.15591397849462366
0.08868501529051988 0.15591397849462366
0.08841463414634146 0.15591397849462366
0.08814589665653495 0.15591397849462366
0.08787878787878788 0.15591397849462366
0.08761329305135952 0.15591397849462366
0.08734939759036145 0.15591397849462366
0.08708708708708708 0.15591397849462366
0.08682634730538923 0.15591397849462366
0.08656716417910448 0.15591397849462366
0.08630952380952381 0.15591397849462366
0.08605341246290801 0.15591397849462366
0.08579881656804733 0.15591397849462366
0.0855457227138643 0.15591397849462366
0.08529411764705883 0.15591397849462366
0.08504398826979472 0.15591397849462366
0.0847953216374269 0.15591397849462366
0.08454810495626822 0.15591397849462366
0.08430232558139535 0.15591397849462366
0.08405797101449275 0.15591397849462366
0.0838150289017341 0.15591397849462366
0.08357348703170028 0.15591397849462366
0.08333333333333333 0.15591397849462366
0.0830945558739255 0.15591397849462366
0.08285714285714285 0.15591397849462366
0.08262108262108261 0.15591397849462366
0.08238636363636363 0.15591397849462366
0.0821529745042493 0.15591397849462366
0.08192090395480225 0.15591397849462366
0.08169014084507042 0.15591397849462366
0.08146067415730338 0.15591397849462366
0.08403361344537816 0.16129032258064516
0.08379888268156424 0.16129032258064516
0.08356545961002786 0.16129032258064516
0.08333333333333333 0.16129032258064516
0.08310249307479224 0.16129032258064516
0.08287292817679558 0.16129032258064516
0.08264462809917356 0.16129032258064516
0.08241758241758242 0.16129032258064516
0.0821917808219178 0.16129032258064516
0.08196721311475409 0.16129032258064516
0.08174386920980926 0.16129032258064516
0.08152173913043478 0.16129032258064516
0.08130081300813008 0.16129032258064516
0.08108108108108109 0.16129032258064516
0.08086253369272237 0.16129032258064516
0.08064516129032258 0.16129032258064516
0.08042895442359249 0.16129032258064516
0.08021390374331551 0.16129032258064516
0.08 0.16129032258064516
0.0797872340425532 0.16129032258064516
0.07957559681697612 0.16129032258064516
0.07936507936507936 0.16129032258064516
0.079155672823219 0.16129032258064516
0.07894736842105263 0.16129032258064516
0.07874015748031496 0.16129032258064516
0.07853403141361257 0.16129032258064516
0.0783289817232376 0.16129032258064516
0.078125 0.16129032258064516
0.07792207792207792 0.16129032258064516
0.07772020725388601 0.16129032258064516
0.07751937984496124 0.16129032258064516
0.07731958762886598 0.16129032258064516
0.07712082262210797 0.16129032258064516
0.07692307692307693 0.16129032258064516
0.07672634271099744 0.16129032258064516
0.07653061224489796 0.16129032258064516
0.07633587786259542 0.16129032258064516
0.07614213197969544 0.16129032258064516
0.0759493670886076 0.16129032258064516
0.07575757575757576 0.16129032258064516
0.07556675062972293 0.16129032258064516
0.07537688442211055 0.16129032258064516
0.07518796992481203 0.16129032258064516
0.075 0.16129032258064516
0.07481296758104738 0.16129032258064516
0.07462686567164178 0.16129032258064516
0.07444168734491315 0.16129032258064516
0.07425742574257425 0.16129032258064516
0.07407407407407407 0.16129032258064516
0.07389162561576355 0.16129032258064516
0.07371007371007371 0.16129032258064516
0.07352941176470588 0.16129032258064516
0.07334963325183375 0.16129032258064516
0.07317073170731707 0.16129032258064516
0.072992700729927 0.16129032258064516
0.07281553398058252 0.16129032258064516
0.07263922518159806 0.16129032258064516
0.07246376811594203 0.16129032258064516
0.07228915662650602 0.16129032258064516
0.07211538461538461 0.16129032258064516
0.07194244604316546 0.16129032258064516
0.07177033492822966 0.16129032258064516
0.07159904534606205 0.16129032258064516
0.07142857142857142 0.16129032258064516
0.07125890736342043 0.16129032258064516
0.07109004739336493 0.16129032258064516
0.07092198581560284 0.16129032258064516
0.07075471698113207 0.16129032258064516
0.07058823529411765 0.16129032258064516
0.07042253521126761 0.16129032258064516
0.0702576112412178 0.16129032258064516
0.07009345794392523 0.16129032258064516
0.06993006993006994 0.16129032258064516
0.06976744186046512 0.16129032258064516
0.06960556844547564 0.16129032258064516
0.06944444444444445 0.16129032258064516
0.06928406466512702 0.16129032258064516
0.06912442396313365 0.16129032258064516
0.06896551724137931 0.16129032258064516
0.06880733944954129 0.16129032258064516
0.06864988558352403 0.16129032258064516
0.0684931506849315 0.16129032258064516
0.0683371298405467 0.16129032258064516
0.06818181818181818 0.16129032258064516
0.06802721088435375 0.16129032258064516
0.06787330316742081 0.16129032258064516
0.06772009029345373 0.16129032258064516
0.06756756756756757 0.16129032258064516
0.06741573033707865 0.16129032258064516
0.06726457399103139 0.16129032258064516
0.06711409395973154 0.16129032258064516
0.06696428571428571 0.16129032258064516
0.066815144766147 0.16129032258064516
0.06666666666666667 0.16129032258064516
0.06651884700665188 0.16129032258064516
0.06637168141592921 0.16129032258064516
0.06622516556291391 0.16129032258064516
0.06607929515418502 0.16129032258064516
0.06593406593406594 0.16129032258064516
0.06578947368421052 0.16129032258064516
0.06564551422319474 0.16129032258064516
0.06550218340611354 0.16129032258064516
0.06535947712418301 0.16129032258064516
0.06521739130434782 0.16129032258064516
0.0650759219088937 0.16129032258064516
0.06493506493506493 0.16129032258064516
0.06479481641468683 0.16129032258064516
0.06465517241379311 0.16129032258064516
0.06451612903225806 0.16129032258064516
0.06437768240343347 0.16129032258064516
0.06423982869379015 0.16129032258064516
0.0641025641025641 0.16129032258064516
0.06396588486140725 0.16129032258064516
0.06382978723404255 0.16129032258064516
0.06369426751592357 0.16129032258064516
0.0635593220338983 0.16129032258064516
0.06342494714587738 0.16129032258064516
0.06329113924050633 0.16129032258064516
0.06315789473684211 0.16129032258064516
0.06302521008403361 0.16129032258064516
0.06289308176100629 0.16129032258064516
0.06276150627615062 0.16129032258064516
0.06263048016701461 0.16129032258064516
0.0625 0.16129032258064516
0.062370062370062374 0.16129032258064516
0.06224066390041494 0.16129032258064516
0.062111801242236024 0.16129032258064516
0.06198347107438017 0.16129032258064516
0.061855670103092786 0.16129032258064516
0.06172839506172839 0.16129032258064516
0.061601642710472276 0.16129032258064516
0.06147540983606557 0.16129032258064516
0.06134969325153374 0.16129032258064516
0.061224489795918366 0.16129032258064516
0.06109979633401222 0.16129032258064516
0.06097560975609756 0.16129032258064516
0.060851926977687626 0.16129032258064516
0.06072874493927125 0.16129032258064516
0.06060606060606061 0.16129032258064516
0.06048387096774194 0.16129032258064516
0.060362173038229376 0.16129032258064516
0.060240963855421686 0.16129032258064516
0.06012024048096192 0.16129032258064516
0.06 0.16129032258064516
0.059880239520958084 0.16129032258064516
0.05976095617529881 0.16129032258064516
0.05964214711729622 0.16129032258064516
0.05952380952380952 0.16129032258064516
0.0594059405940594 0.16129032258064516
0.05928853754940711 0.16129032258064516
0.05917159763313609 0.16129032258064516
0.05905511811023622 0.16129032258064516
0.05893909626719057 0.16129032258064516
0.058823529411764705 0.16129032258064516
0.05870841487279843 0.16129032258064516
0.05859375 0.16129032258064516
0.05847953216374269 0.16129032258064516
0.058365758754863814 0.16129032258064516
0.05825242718446602 0.16129032258064516
0.05813953488372093 0.16129032258064516
0.058027079303675046 0.16129032258064516
0.05791505791505792 0.16129032258064516
0.057803468208092484 0.16129032258064516
0.057692307692307696 0.16129032258064516
0.05758157389635317 0.16129032258064516
0.05747126436781609 0.16129032258064516
0.05736137667304015 0.16129032258064516
0.05725190839694656 0.16129032258064516
0.05714285714285714 0.16129032258064516
0.057034220532319393 0.16129032258064516
0.056925996204933584 0.16129032258064516
0.056818181818181816 0.16129032258064516
0.05671077504725898 0.16129032258064516
0.05660377358490566 0.16129032258064516
0.05649717514124294 0.16129032258064516
0.05639097744360902 0.16129032258064516
0.05628517823639775 0.16129032258064516
0.056179775280898875 0.16129032258064516
0.056074766355140186 0.16129032258064516
0.055970149253731345 0.16129032258064516
0.055865921787709494 0.16129032258064516
0.055762081784386616 0.16129032258064516
0.055658627087198514 0.16129032258064516
0.05555555555555555 0.16129032258064516
0.05545286506469501 0.16129032258064516
0.055350553505535055 0.16129032258064516
0.055248618784530384 0.16129032258064516
0.05514705882352941 0.16129032258064516
0.05504587155963303 0.16129032258064516
0.054945054945054944 0.16129032258064516
0.054844606946983544 0.16129032258064516
0.05474452554744526 0.16129032258064516
0.0546448087431694 0.16129032258064516
0.05454545454545454 0.16129032258064516
0.0544464609800363 0.16129032258064516
0.05434782608695652 0.16129032258064516
0.054249547920433995 0.16129032258064516
0.05415162454873646 0.16129032258064516
0.05405405405405406 0.16129032258064516
0.0539568345323741 0.16129032258064516
0.05385996409335727 0.16129032258064516
0.053763440860215055 0.16129032258064516
0.05366726296958855 0.16129032258064516
0.05357142857142857 0.16129032258064516
0.053475935828877004 0.16129032258064516
0.05338078291814947 0.16129032258064516
0.05328596802841918 0.16129032258064516
0.05319148936170213 0.16129032258064516
0.05309734513274336 0.16129032258064516
0.053003533568904596 0.16129032258064516
0.05291005291005291 0.16129032258064516
0.0528169014084507 0.16129032258064516
0.05272407732864675 0.16129032258064516
0.05263157894736842 0.16129032258064516
0.05253940455341506 0.16129032258064516
0.05244755244755245 0.16129032258064516
0.05235602094240838 0.16129032258064516
0.05226480836236934 0.16129032258064516
0.05217391304347826 0.16129032258064516
0.052083333333333336 0.16129032258064516
0.05199306759098787 0.16129032258064516
0.05190311418685121 0.16129032258064516
0.05181347150259067 0.16129032258064516
0.05172413793103448 0.16129032258064516
0.05163511187607573 0.16129032258064516
0.05154639175257732 0.16129032258064516
0.051457975986277875 0.16129032258064516
0.05136986301369863 0.16129032258064516
0.05128205128205128 0.16129032258064516
0.051194539249146756 0.16129032258064516
0.05110732538330494 0.16129032258064516
0.05102040816326531 0.16129032258064516
0.050933786078098474 0.16129032258064516
0.05084745762711865 0.16129032258064516
0.050761421319796954 0.16129032258064516
0.05067567567567568 0.16129032258064516
0.050590219224283306 0.16129032258064516
0.050505050505050504 0.16129032258064516
0.05042016806722689 0.16129032258064516
0.050335570469798654 0.16129032258064516
0.05025125628140704 0.16129032258064516
0.05016722408026756 0.16129032258064516
0.05008347245409015 0.16129032258064516
0.05 0.16129032258064516
0.04991680532445923 0.16129032258064516
0.04983388704318937 0.16129032258064516
0.04975124378109453 0.16129032258064516
0.04966887417218543 0.16129032258064516
0.049586776859504134 0.16129032258064516
0.04950495049504951 0.16129032258064516
0.04942339373970346 0.16129032258064516
0.049342105263157895 0.16129032258064516
0.04926108374384237 0.16129032258064516
0.04918032786885246 0.16129032258064516
0.049099836333878884 0.16129032258064516
0.049019607843137254 0.16129032258064516
0.048939641109298535 0.16129032258064516
0.048859934853420196 0.16129032258064516
0.04878048780487805 0.16129032258064516
0.048701298701298704 0.16129032258064516
0.04862236628849271 0.16129032258064516
0.04854368932038835 0.16129032258064516
0.048465266558966075 0.16129032258064516
0.04838709677419355 0.16129032258064516
0.04830917874396135 0.16129032258064516
0.04823151125401929 0.16129032258064516
0.048154093097913325 0.16129032258064516
0.04807692307692308 0.16129032258064516
0.048 0.16129032258064516
0.04792332268370607 0.16129032258064516
0.04784688995215311 0.16129032258064516
0.04777070063694268 0.16129032258064516
0.04769475357710652 0.16129032258064516
0.047619047619047616 0.16129032258064516
0.04754358161648178 0.16129032258064516
0.04746835443037975 0.16129032258064516
0.04739336492890995 0.16129032258064516
0.0473186119873817 0.16129032258064516
0.047244094488188976 0.16129032258064516
0.04716981132075472 0.16129032258064516
0.04709576138147567 0.16129032258064516
0.047021943573667714 0.16129032258064516
0.046948356807511735 0.16129032258064516
0.046875 0.16129032258064516
0.046801872074883 0.16129032258064516
0.04672897196261682 0.16129032258064516
0.04665629860031104 0.16129032258064516
0.046583850931677016 0.16129032258064516
0.046511627906976744 0.16129032258064516
0.04643962848297214 0.16129032258064516
0.04636785162287481 0.16129032258064516
0.046296296296296294 0.16129032258064516
0.046224961479198766 0.16129032258064516
0.046153846153846156 0.16129032258064516
0.04608294930875576 0.16129032258064516
0.046012269938650305 0.16129032258064516
0.045941807044410414 0.16129032258064516
0.045871559633027525 0.16129032258064516
0.04580152671755725 0.16129032258064516
0.04573170731707317 0.16129032258064516
0.045662100456621 0.16129032258064516
0.04559270516717325 0.16129032258064516
0.04552352048558422 0.16129032258064516
0.045454545454545456 0.16129032258064516
0.0453857791225416 0.16129032258064516
0.045317220543806644 0.16129032258064516
0.04524886877828054 0.16129032258064516
0.045180722891566265 0.16129032258064516
0.04661654135338346 0.16666666666666666
0.04804804804804805 0.17204301075268819
0.047976011994003 0.17204301075268819
0.04790419161676647 0.17204301075268819
0.04783258594917788 0.17204301075268819
0.04776119402985075 0.17204301075268819
0.04769001490312966 0.17204301075268819
0.047619047619047616 0.17204301075268819
0.0475482912332838 0.17204301075268819
0.04747774480712166 0.17204301075268819
0.047407407407407405 0.17204301075268819
0.047337278106508875 0.17204301075268819
0.047267355982274745 0.17204301075268819
0.0471976401179941 0.17204301075268819
0.047128129602356406 0.17204301075268819
0.047058823529411764 0.17204301075268819
0.04698972099853157 0.17204301075268819
0.0469208211143695 0.17204301075268819
0.04685212298682284 0.17204301075268819
0.04678362573099415 0.17204301075268819
0.04671532846715328 0.17204301075268819
0.04664723032069971 0.17204301075268819
0.046579330422125184 0.17204301075268819
0.046511627906976744 0.17204301075268819
0.04644412191582003 0.17204301075268819
0.0463768115942029 0.17204301075268819
0.04630969609261939 0.17204301075268819
0.046242774566473986 0.17204301075268819
0.046176046176046176 0.17204301075268819
0.04610951008645533 0.17204301075268819
0.0460431654676259 0.17204301075268819
0.04597701149425287 0.17204301075268819
0.04591104734576758 0.17204301075268819
0.045845272206303724 0.17204301075268819
0.045779685264663805 0.17204301075268819
0.045714285714285714 0.17204301075268819
0.0456490727532097 0.17204301075268819
0.045584045584045586 0.17204301075268819
0.04551920341394026 0.17204301075268819
0.045454545454545456 0.17204301075268819
0.04539007092198582 0.17204301075268819
0.0453257790368272 0.17204301075268819
0.04667609618104668 0.1774193548387097
0.046610169491525424 0.1774193548387097
0.0465444287729196 0.1774193548387097
0.04647887323943662 0.1774193548387097
0.046413502109704644 0.1774193548387097
0.046348314606741575 0.1774193548387097
0.04628330995792426 0.1774193548387097
0.046218487394957986 0.1774193548387097
0.046153846153846156 0.1774193548387097
0.046089385474860335 0.1774193548387097
0.04602510460251046 0.1774193548387097
0.04735376044568245 0.1827956989247312
0.04728789986091794 0.1827956989247312
0.04722222222222222 0.1827956989247312
0.047156726768377254 0.1827956989247312
0.04709141274238227 0.1827956989247312
0.04702627939142462 0.1827956989247312
0.04696132596685083 0.1827956989247312
0.04689655172413793 0.1827956989247312
0.046831955922865015 0.1827956989247312
0.04676753782668501 0.1827956989247312
0.046703296703296704 0.1827956989247312
0.04663923182441701 0.1827956989247312
0.04657534246575343 0.1827956989247312
0.047879616963064295 0.1881720430107527
0.04781420765027322 0.1881720430107527
0.047748976807639835 0.1881720430107527
0.047683923705722074 0.1881720430107527
0.047619047619047616 0.1881720430107527
0.04755434782608696 0.1881720430107527
0.04748982360922659 0.1881720430107527
0.04742547425474255 0.1881720430107527
0.04736129905277402 0.1881720430107527
0.0472972972972973 0.1881720430107527
0.04723346828609987 0.1881720430107527
0.04716981132075472 0.1881720430107527
0.047106325706594884 0.1881720430107527
0.04704301075268817 0.1881720430107527
0.04697986577181208 0.1881720430107527
0.04825737265415549 0.1935483870967742
0.049531459170013385 0.1989247311827957
0.04946524064171123 0.1989247311827957
0.049399198931909215 0.1989247311827957
0.04933333333333333 0.1989247311827957
0.05059920106524634 0.20430107526881722
0.05053191489361702 0.20430107526881722
0.05179282868525897 0.20967741935483872
0.05305039787798409 0.21505376344086022
0.052980132450331126 0.21505376344086022
0.05291005291005291 0.21505376344086022
0.052840158520475564 0.21505376344086022
0.052770448548812667 0.21505376344086022
0.05401844532279315 0.22043010752688172
0.05526315789473684 0.22580645161290322
0.056504599211563734 0.23118279569892472
0.05643044619422572 0.23118279569892472
0.0563564875491481 0.23118279569892472
0.05759162303664921 0.23655913978494625
0.05751633986928104 0.23655913978494625
0.0587467362924282 0.24193548387096775
0.05997392438070404 0.24731182795698925
0.061197916666666664 0.25268817204301075
0.0611183355006502 0.25268817204301075
0.06103896103896104 0.25268817204301075
0.0609597924773022 0.25268817204301075
0.06088082901554404 0.25268817204301075
0.06080206985769728 0.25268817204301075
0.060723514211886306 0.25268817204301075
0.06064516129032258 0.25268817204301075
0.06056701030927835 0.25268817204301075
0.06048906048906049 0.25268817204301075
0.060411311053984576 0.25268817204301075
0.06033376123234917 0.25268817204301075
0.06025641025641026 0.25268817204301075
0.06017925736235595 0.25268817204301075
0.06010230179028133 0.25268817204301075
0.06002554278416347 0.25268817204301075
0.061224489795918366 0.25806451612903225
0.061146496815286625 0.25806451612903225
0.061068702290076333 0.25806451612903225
0.060991105463786534 0.25806451612903225
0.06091370558375635 0.25806451612903225
0.060836501901140684 0.25806451612903225
0.060759493670886074 0.25806451612903225
0.0606826801517067 0.25806451612903225
0.06060606060606061 0.25806451612903225
0.0605296343001261 0.25806451612903225
0.060453400503778336 0.25806451612903225
0.06037735849056604 0.25806451612903225
0.06030150753768844 0.25806451612903225
0.060225846925972396 0.25806451612903225
0.06015037593984962 0.25806451612903225
0.060075093867334166 0.25806451612903225
0.06 0.25806451612903225
0.0599250936329588 0.25806451612903225
0.059850374064837904 0.25806451612903225
0.05977584059775841 0.25806451612903225
0.05970149253731343 0.25806451612903225
0.05962732919254658 0.25806451612903225
0.05955334987593052 0.25806451612903225
0.05947955390334572 0.25806451612903225
0.0594059405940594 0.25806451612903225
0.059332509270704575 0.25806451612903225
0.05925925925925926 0.25806451612903225
0.059186189889025895 0.25806451612903225
0.059113300492610835 0.25806451612903225
0.05904059040590406 0.25806451612903225
0.05896805896805897 0.25806451612903225
0.05889570552147239 0.25806451612903225
0.058823529411764705 0.25806451612903225
0.0587515299877601 0.25806451612903225
0.05867970660146699 0.25806451612903225
0.05860805860805861 0.25806451612903225
0.05853658536585366 0.25806451612903225
0.058465286236297195 0.25806451612903225
0.058394160583941604 0.25806451612903225
0.0583232077764277 0.25806451612903225
0.05825242718446602 0.25806451612903225
0.05818181818181818 0.25806451612903225
0.05811138014527845 0.25806451612903225
0.05804111245465538 0.25806451612903225
0.057971014492753624 0.25806451612903225
0.05910735826296743 0.26344086021505375
0.060240963855421686 0.26881720430107525
0.06016847172081829 0.26881720430107525
0.06009615384615385 0.26881720430107525
0.060024009603841535 0.26881720430107525
0.05995203836930456 0.26881720430107525
0.059880239520958084 0.26881720430107525
0.05980861244019139 0.26881720430107525
0.05973715651135006 0.26881720430107525
0.059665871121718374 0.26881720430107525
0.05959475566150179 0.26881720430107525
0.05952380952380952 0.26881720430107525
0.059453032104637336 0.26881720430107525
0.05938242280285035 0.26881720430107525
0.05931198102016608 0.26881720430107525
0.05924170616113744 0.26881720430107525
0.05917159763313609 0.26881720430107525
0.0591016548463357 0.26881720430107525
0.0590318772136954 0.26881720430107525
0.0589622641509434 0.26881720430107525
0.05889281507656066 0.26881720430107525
0.058823529411764705 0.26881720430107525
0.05875440658049354 0.26881720430107525
0.05868544600938967 0.26881720430107525
0.05861664712778429 0.26881720430107525
0.0585480093676815 0.26881720430107525
0.05847953216374269 0.26881720430107525
0.05841121495327103 0.26881720430107525
0.058343057176196034 0.26881720430107525
0.05827505827505827 0.26881720430107525
0.05820721769499418 0.26881720430107525
0.05813953488372093 0.26881720430107525
0.05807200929152149 0.26881720430107525
0.058004640371229696 0.26881720430107525
0.05793742757821553 0.26881720430107525
0.05787037037037037 0.26881720430107525
0.057803468208092484 0.26881720430107525
0.057736720554272515 0.26881720430107525
0.05767012687427912 0.26881720430107525
0.0576036866359447 0.26881720430107525
0.05753739930955121 0.26881720430107525
0.05747126436781609 0.26881720430107525
0.0574052812858783 0.26881720430107525
0.05733944954128441 0.26881720430107525
0.0572737686139748 0.26881720430107525
0.057208237986270026 0.26881720430107525
0.05714285714285714 0.26881720430107525
0.05707762557077625 0.26881720430107525
0.05701254275940707 0.26881720430107525
0.05694760820045558 0.26881720430107525
0.05688282138794084 0.26881720430107525
0.056818181818181816 0.26881720430107525
0.056753688989784334 0.26881720430107525
0.05668934240362812 0.26881720430107525
0.056625141562853906 0.26881720430107525
0.05656108597285068 0.26881720430107525
0.05649717514124294 0.26881720430107525
0.056433408577878104 0.26881720430107525
0.05636978579481398 0.26881720430107525
0.05630630630630631 0.26881720430107525
0.0562429696287964 0.26881720430107525
0.056179775280898875 0.26881720430107525
0.05611672278338945 0.26881720430107525
0.05605381165919283 0.26881720430107525
0.055991041433370664 0.26881720430107525
0.05592841163310962 0.26881720430107525
0.055865921787709494 0.26881720430107525
0.05580357142857143 0.26881720430107525
0.055741360089186176 0.26881720430107525
0.0556792873051225 0.26881720430107525
0.05561735261401557 0.26881720430107525
0.05555555555555555 0.26881720430107525
0.05549389567147614 0.26881720430107525
0.05543237250554324 0.26881720430107525
0.05537098560354374 0.26881720430107525
0.05530973451327434 0.26881720430107525
0.055248618784530384 0.26881720430107525
0.05518763796909492 0.26881720430107525
0.05512679162072767 0.26881720430107525
0.05506607929515418 0.26881720430107525
0.05500550055005501 0.26881720430107525
0.054945054945054944 0.26881720430107525
0.054884742041712405 0.26881720430107525
0.05482456140350877 0.26881720430107525
0.054764512595837894 0.26881720430107525
0.05470459518599562 0.26881720430107525
0.0546448087431694 0.26881720430107525
0.05458515283842795 0.26881720430107525
0.05452562704471101 0.26881720430107525
0.054466230936819175 0.26881720430107525
0.0544069640914037 0.26881720430107525
0.05434782608695652 0.26881720430107525
0.05428881650380022 0.26881720430107525
0.05422993492407809 0.26881720430107525
0.05417118093174431 0.26881720430107525
0.05411255411255411 0.26881720430107525
0.05405405405405406 0.26881720430107525
0.05399568034557235 0.26881720430107525
0.05393743257820928 0.26881720430107525
0.05387931034482758 0.26881720430107525
0.05382131324004306 0.26881720430107525
0.053763440860215055 0.26881720430107525
0.05370569280343716 0.26881720430107525
0.0536480686695279 0.26881720430107525
0.05359056806002144 0.26881720430107525
0.05353319057815846 0.26881720430107525
0.053475935828877004 0.26881720430107525
0.053418803418803416 0.26881720430107525
0.05336179295624333 0.26881720430107525
0.053304904051172705 0.26881720430107525
0.05324813631522897 0.26881720430107525
0.05319148936170213 0.26881720430107525
0.053134962805526036 0.26881720430107525
0.05307855626326964 0.26881720430107525
0.053022269353128315 0.26881720430107525
0.05296610169491525 0.26881720430107525
0.05291005291005291 0.26881720430107525
0.052854122621564484 0.26881720430107525
0.05279831045406547 0.26881720430107525
0.052742616033755275 0.26881720430107525
0.05268703898840885 0.26881720430107525
0.05263157894736842 0.26881720430107525
0.052576235541535225 0.26881720430107525
0.052521008403361345 0.26881720430107525
0.05246589716684155 0.26881720430107525
0.05241090146750524 0.26881720430107525
0.05235602094240838 0.26881720430107525
0.05230125523012552 0.26881720430107525
0.0522466039707419 0.26881720430107525
0.05219206680584551 0.26881720430107525
0.05213764337851929 0.26881720430107525
0.052083333333333336 0.26881720430107525
0.05202913631633715 0.26881720430107525
0.05197505197505198 0.26881720430107525
0.05192107995846314 0.26881720430107525
0.05186721991701245 0.26881720430107525
0.05181347150259067 0.26881720430107525
0.051759834368530024 0.26881720430107525
0.05170630816959669 0.26881720430107525
0.05165289256198347 0.26881720430107525
0.05159958720330237 0.26881720430107525
0.05154639175257732 0.26881720430107525
0.05149330587023687 0.26881720430107525
0.051440329218107 0.26881720430107525
0.051387461459403906 0.26881720430107525
0.0513347022587269 0.26881720430107525
0.05128205128205128 0.26881720430107525
0.05122950819672131 0.26881720430107525
0.0511770726714432 0.26881720430107525
0.05112474437627812 0.26881720430107525
0.05107252298263534 0.26881720430107525
0.05102040816326531 0.26881720430107525
0.0509683995922528 0.26881720430107525
0.05091649694501019 0.26881720430107525
0.0508646998982706 0.26881720430107525
0.0508130081300813 0.26881720430107525
0.050761421319796954 0.26881720430107525
0.05070993914807302 0.26881720430107525
0.05065856129685917 0.26881720430107525
0.05060728744939271 0.26881720430107525
0.05055611729019211 0.26881720430107525
0.050505050505050504 0.26881720430107525
0.050454086781029264 0.26881720430107525
0.05040322580645161 0.26881720430107525
0.050352467270896276 0.26881720430107525
0.05030181086519115 0.26881720430107525
0.05025125628140704 0.26881720430107525
0.050200803212851405 0.26881720430107525
0.05015045135406219 0.26881720430107525
0.050100200400801605 0.26881720430107525
0.05005005005005005 0.26881720430107525
0.05 0.26881720430107525
0.04995004995004995 0.26881720430107525
0.0499001996007984 0.26881720430107525
0.049850448654037885 0.26881720430107525
0.049800796812749 0.26881720430107525
0.04975124378109453 0.26881720430107525
0.04970178926441352 0.26881720430107525
0.04965243296921549 0.26881720430107525
0.0496031746031746 0.26881720430107525
0.049554013875123884 0.26881720430107525
0.04950495049504951 0.26881720430107525
0.04945598417408507 0.26881720430107525
0.04940711462450593 0.26881720430107525
0.049358341559723594 0.26881720430107525
0.04930966469428008 0.26881720430107525
0.04926108374384237 0.26881720430107525
0.04921259842519685 0.26881720430107525
0.049164208456243856 0.26881720430107525
0.04911591355599214 0.26881720430107525
0.04906771344455348 0.26881720430107525
0.049019607843137254 0.26881720430107525
0.04897159647404505 0.26881720430107525
0.04892367906066536 0.26881720430107525
0.04887585532746823 0.26881720430107525
0.048828125 0.26881720430107525
0.04878048780487805 0.26881720430107525
0.04873294346978557 0.26881720430107525
0.04868549172346641 0.26881720430107525
0.048638132295719845 0.26881720430107525
0.04859086491739553 0.26881720430107525
0.04854368932038835 0.26881720430107525
0.04849660523763336 0.26881720430107525
0.04844961240310078 0.26881720430107525
0.0484027105517909 0.26881720430107525
0.048355899419729204 0.26881720430107525
0.04830917874396135 0.26881720430107525
0.04826254826254826 0.26881720430107525
0.048216007714561235 0.26881720430107525
0.04816955684007707 0.26881720430107525
0.04812319538017324 0.26881720430107525
0.04807692307692308 0.26881720430107525
0.04803073967339097 0.26881720430107525
0.04798464491362764 0.26881720430107525
0.04793863854266539 0.26881720430107525
0.04789272030651341 0.26881720430107525
0.04784688995215311 0.26881720430107525
0.04780114722753346 0.26881720430107525
0.04775549188156638 0.26881720430107525
0.04770992366412214 0.26881720430107525
0.047664442326024785 0.26881720430107525
0.047619047619047616 0.26881720430107525
0.047573739295908656 0.26881720430107525
0.04752851711026616 0.26881720430107525
0.04748338081671415 0.26881720430107525
0.04743833017077799 0.26881720430107525
0.04739336492890995 0.26881720430107525
0.04734848484848485 0.26881720430107525
0.04730368968779565 0.26881720430107525
0.04725897920604915 0.26881720430107525
0.047214353163361665 0.26881720430107525
0.04716981132075472 0.26881720430107525
0.0471253534401508 0.26881720430107525
0.047080979284369114 0.26881720430107525
0.047036688617121354 0.26881720430107525
0.046992481203007516 0.26881720430107525
0.046948356807511735 0.26881720430107525
0.04690431519699812 0.26881720430107525
0.046860356138706656 0.26881720430107525
0.04681647940074907 0.26881720430107525
0.04677268475210477 0.26881720430107525
0.04672897196261682 0.26881720430107525
0.04668534080298786 0.26881720430107525
0.04664179104477612 0.26881720430107525
0.046598322460391424 0.26881720430107525
0.04655493482309125 0.26881720430107525
0.046511627906976744 0.26881720430107525
0.046468401486988845 0.26881720430107525
0.04642525533890436 0.26881720430107525
0.04638218923933209 0.26881720430107525
0.04633920296570899 0.26881720430107525
0.046296296296296294 0.26881720430107525
0.04625346901017576 0.26881720430107525
0.04621072088724584 0.26881720430107525
0.046168051708217916 0.26881720430107525
0.046125461254612546 0.26881720430107525
0.04608294930875576 0.26881720430107525
0.04604051565377532 0.26881720430107525
0.045998160073597055 0.26881720430107525
0.04595588235294118 0.26881720430107525
0.04591368227731864 0.26881720430107525
0.045871559633027525 0.26881720430107525
0.045829514207149404 0.26881720430107525
0.045787545787545784 0.26881720430107525
0.04574565416285453 0.26881720430107525
0.04661791590493602 0.27419354838709675
0.04657534246575343 0.27419354838709675
0.04744525547445255 0.27956989247311825
0.04740200546946217 0.27956989247311825
0.04735883424408015 0.27956989247311825
0.047315741583257506 0.27956989247311825
0.04727272727272727 0.27956989247311825
0.047229791099000905 0.27956989247311825
0.047186932849364795 0.27956989247311825
0.0471441523118767 0.27956989247311825
0.04710144927536232 0.27956989247311825
0.047058823529411764 0.27956989247311825
0.04701627486437613 0.27956989247311825
0.04697380307136405 0.27956989247311825
0.04693140794223827 0.27956989247311825
0.046889089269612265 0.27956989247311825
0.04684684684684685 0.27956989247311825
0.046804680468046804 0.27956989247311825
0.046762589928057555 0.27956989247311825
0.04672057502246182 0.27956989247311825
0.0466786355475763 0.27956989247311825
0.04663677130044843 0.27956989247311825
0.04659498207885305 0.27956989247311825
0.046553267681289166 0.27956989247311825
0.046511627906976744 0.27956989247311825
0.04647006255585344 0.27956989247311825
0.04642857142857143 0.27956989247311825
0.04727921498661909 0.2849462365591398
0.04723707664884135 0.2849462365591398
0.04719501335707925 0.2849462365591398
0.04715302491103203 0.2849462365591398
0.04711111111111111 0.2849462365591398
0.04706927175843695 0.2849462365591398
0.04702750665483585 0.2849462365591398
0.04698581560283688 0.2849462365591398
0.046944198405668734 0.2849462365591398
0.046902654867256637 0.2849462365591398
0.046861184792219276 0.2849462365591398
0.046819787985865724 0.2849462365591398
0.04677846425419241 0.2849462365591398
0.04673721340388007 0.2849462365591398
0.04669603524229075 0.2849462365591398
0.04665492957746479 0.2849462365591398
0.04661389621811785 0.2849462365591398
0.04657293497363796 0.2849462365591398
0.046532045654082525 0.2849462365591398
0.04649122807017544 0.2849462365591398
0.04645048203330412 0.2849462365591398
0.046409807355516634 0.2849462365591398
0.04636920384951881 0.2849462365591398
0.04632867132867133 0.2849462365591398
0.0462882096069869 0.2849462365591398
0.0462478184991274 0.2849462365591398
0.046207497820401046 0.2849462365591398
0.046167247386759584 0.2849462365591398
0.04612706701479547 0.2849462365591398
0.04608695652173913 0.2849462365591398
0.046046915725456126 0.2849462365591398
0.04600694444444445 0.2849462365591398
0.04596704249783174 0.2849462365591398
0.04592720970537262 0.2849462365591398
0.04588744588744589 0.2849462365591398
0.045847750865051905 0.2849462365591398
0.045808124459809856 0.2849462365591398
0.045768566493955096 0.2849462365591398
0.0457290767903365 0.2849462365591398
0.045689655172413794 0.2849462365591398
0.04565030146425495 0.2849462365591398
0.04561101549053356 0.2849462365591398
0.04557179707652623 0.2849462365591398
0.04553264604810996 0.2849462365591398
0.045493562231759654 0.2849462365591398
0.045454545454545456 0.2849462365591398
0.04541559554413025 0.2849462365591398
0.045376712328767124 0.2849462365591398
0.045337895637296836 0.2849462365591398
0.0452991452991453 0.2849462365591398
0.04526046114432109 0.2849462365591398
0.04522184300341297 0.2849462365591398
0.045183290707587385 0.2849462365591398
0.04514480408858603 0.2849462365591398
0.0451063829787234 0.2849462365591398
0.045068027210884355 0.2849462365591398
0.045029736618521665 0.2849462365591398
0.04499151103565365 0.2849462365591398
0.04495335029686175 0.2849462365591398
0.044915254237288135 0.2849462365591398
0.04487722269263336 0.2849462365591398
0.04483925549915398 0.2849462365591398
0.044801352493660185 0.2849462365591398
0.044763513513513514 0.2849462365591398
0.04472573839662447 0.2849462365591398
0.04468802698145025 0.2849462365591398
0.04465037910699242 0.2849462365591398
0.04461279461279461 0.2849462365591398
0.044575273338940284 0.2849462365591398
0.04453781512605042 0.2849462365591398
0.04450041981528128 0.2849462365591398
0.044463087248322146 0.2849462365591398
0.04442581726739313 0.2849462365591398
0.04438860971524288 0.2849462365591398
0.04435146443514645 0.2849462365591398
0.04431438127090301 0.2849462365591398
0.04427736006683375 0.2849462365591398
0.04424040066777963 0.2849462365591398
0.04420350291909925 0.2849462365591398
0.04416666666666667 0.2849462365591398
0.04412989175686927 0.2849462365591398
0.04409317803660566 0.2849462365591398
0.04405652535328346 0.2849462365591398
0.04401993355481727 0.2849462365591398
0.04398340248962656 0.2849462365591398
0.0439469320066335 0.2849462365591398
0.043910521955260975 0.2849462365591398
0.043874172185430466 0.2849462365591398
0.043837882547559964 0.2849462365591398
0.043801652892561986 0.2849462365591398
0.04376548307184145 0.2849462365591398
0.04372937293729373 0.2849462365591398
0.043693322341302555 0.2849462365591398
0.04365733113673806 0.2849462365591398
0.043621399176954734 0.2849462365591398
0.04358552631578947 0.2849462365591398
0.043549712407559574 0.2849462365591398
0.04351395730706076 0.2849462365591398
0.043478260869565216 0.2849462365591398
0.04344262295081967 0.2849462365591398
0.043407043407043405 0.2849462365591398
0.04337152209492635 0.2849462365591398
0.04333605887162715 0.2849462365591398
0.04330065359477124 0.2849462365591398
0.04326530612244898 0.2849462365591398
0.0432300163132137 0.2849462365591398
0.04319478402607987 0.2849462365591398
0.04315960912052117 0.2849462365591398
0.043124491456468676 0.2849462365591398
0.043089430894308944 0.2849462365591398
0.04305442729488221 0.2849462365591398
0.04301948051948052 0.2849462365591398
0.042984590429845905 0.2849462365591398
0.04294975688816856 0.2849462365591398
0.04291497975708502 0.2849462365591398
0.04288025889967637 0.2849462365591398
0.04284559417946645 0.2849462365591398
0.04281098546042003 0.2849462365591398
0.042776432606941084 0.2849462365591398
0.042741935483870966 0.2849462365591398
0.0427074939564867 0.2849462365591398
0.0426731078904992 0.2849462365591398
0.042638777152051485 0.2849462365591398
0.04260450160771704 0.2849462365591398
0.04257028112449799 0.2849462365591398
0.04253611556982344 0.2849462365591398
0.042502004811547714 0.2849462365591398
0.04246794871794872 0.2849462365591398
0.04243394715772618 0.2849462365591398
0.0424 0.2849462365591398
0.042366107114308556 0.2849462365591398
0.04233226837060703 0.2849462365591398
0.04229848363926576 0.2849462365591398
0.04226475279106858 0.2849462365591398
0.04223107569721116 0.2849462365591398
0.04219745222929936 0.2849462365591398
0.042163882259347654 0.2849462365591398
0.04213036565977742 0.2849462365591398
0.04209690230341541 0.2849462365591398
0.04206349206349207 0.2849462365591398
0.04203013481363997 0.2849462365591398
0.041996830427892234 0.2849462365591398
0.04196357878068092 0.2849462365591398
0.041930379746835444 0.2849462365591398
0.04189723320158103 0.2849462365591398
0.04186413902053712 0.2849462365591398
0.041831097079715863 0.2849462365591398
0.0417981072555205 0.2849462365591398
0.04176516942474389 0.2849462365591398
0.04173228346456693 0.2849462365591398
0.041699449252557044 0.2849462365591398
0.041666666666666664 0.2849462365591398
0.041633935585231735 0.2849462365591398
0.041601255886970175 0.2849462365591398
0.04156862745098039 0.2849462365591398
0.041536050156739814 0.2849462365591398
0.04150352388410337 0.2849462365591398
0.041471048513302036 0.2849462365591398
0.04143862392494136 0.2849462365591398
0.04140625 0.2849462365591398
0.04137392661982826 0.2849462365591398
0.041341653666146644 0.2849462365591398
0.041309431021044424 0.2849462365591398
0.04127725856697819 0.2849462365591398
0.04124513618677043 0.2849462365591398
0.04121306376360809 0.2849462365591398
0.041181041181041184 0.2849462365591398
0.04114906832298137 0.2849462365591398
0.041117145073700546 0.2849462365591398
0.04108527131782946 0.2849462365591398
0.041053446940356314 0.2849462365591398
0.04102167182662539 0.2849462365591398
0.040989945862335654 0.2849462365591398
0.04095826893353941 0.2849462365591398
0.040926640926640924 0.2849462365591398
0.04089506172839506 0.2849462365591398
0.040863531225905934 0.2849462365591398
0.040832049306625574 0.2849462365591398
0.04080061585835258 0.2849462365591398
