1.0 0.0055248618784530384
1.0 0.011049723756906077
1.0 0.016574585635359115
1.0 0.022099447513812154
1.0 0.027624309392265192
1.0 0.03314917127071823
1.0 0.03867403314917127
1.0 0.04419889502762431
1.0 0.049723756906077346
1.0 0.055248618784530384
1.0 0.06077348066298342
1.0 0.06629834254143646
1.0 0.0718232044198895
1.0 0.07734806629834254
1.0 0.08287292817679558
0.9375 0.08287292817679558
0.8823529411764706 0.08287292817679558
0.8333333333333334 0.08287292817679558
0.7894736842105263 0.08287292817679558
0.75 0.08287292817679558
0.7619047619047619 0.08839779005524862
0.7727272727272727 0.09392265193370165
0.782608695652174 0.09944751381215469
0.7916666666666666 0.10497237569060773
0.8 0.11049723756906077
0.7692307692307693 0.11049723756906077
0.7777777777777778 0.11602209944751381
0.7857142857142857 0.12154696132596685
0.7931034482758621 0.1270718232044199
0.8 0.13259668508287292
0.8064516129032258 0.13812154696132597
0.78125 0.13812154696132597
0.7878787878787878 0.143646408839779
0.7941176470588235 0.14917127071823205
0.7714285714285715 0.14917127071823205
0.7777777777777778 0.15469613259668508
0.7567567567567568 0.15469613259668508
0.7368421052631579 0.15469613259668508
0.7435897435897436 0.16022099447513813
0.725 0.16022099447513813
0.7317073170731707 0.16574585635359115
0.7142857142857143 0.16574585635359115
0.6976744186046512 0.16574585635359115
0.6818181818181818 0.16574585635359115
0.6888888888888889 0.1712707182320442
0.6956521739130435 0.17679558011049723
0.7021276595744681 0.18232044198895028
0.6875 0.18232044198895028
0.6938775510204082 0.1878453038674033
0.68 0.1878453038674033
0.6862745098039216 0.19337016574585636
0.6730769230769231 0.19337016574585636
0.660377358490566 0.19337016574585636
0.6666666666666666 0.19889502762430938
0.6545454545454545 0.19889502762430938
0.6607142857142857 0.20441988950276244
0.6491228070175439 0.20441988950276244
0.6551724137931034 0.20994475138121546
0.6610169491525424 0.2154696132596685
0.6666666666666666 0.22099447513812154
0.6721311475409836 0.2265193370165746
0.6774193548387096 0.23204419889502761
0.6825396825396826 0.23756906077348067
0.6875 0.2430939226519337
0.6923076923076923 0.24861878453038674
0.696969696969697 0.2541436464088398
0.7014925373134329 0.2596685082872928
0.7058823529411765 0.26519337016574585
0.6956521739130435 0.26519337016574585
0.6857142857142857 0.26519337016574585
0.6901408450704225 0.27071823204419887
0.6944444444444444 0.27624309392265195
0.6986301369863014 0.281767955801105
0.7027027027027027 0.287292817679558
0.7066666666666667 0.292817679558011
0.7105263157894737 0.2983425414364641
0.7142857142857143 0.30386740331491713
0.717948717948718 0.30939226519337015
0.7215189873417721 0.3149171270718232
0.725 0.32044198895027626
0.7283950617283951 0.3259668508287293
0.7317073170731707 0.3314917127071823
0.7228915662650602 0.3314917127071823
0.7142857142857143 0.3314917127071823
0.7058823529411765 0.3314917127071823
0.6976744186046512 0.3314917127071823
0.7011494252873564 0.3370165745856354
0.6931818181818182 0.3370165745856354
0.6966292134831461 0.3425414364640884
0.6888888888888889 0.3425414364640884
0.6923076923076923 0.34806629834254144
0.6847826086956522 0.34806629834254144
0.6774193548387096 0.34806629834254144
0.6702127659574468 0.34806629834254144
0.6631578947368421 0.34806629834254144
0.6666666666666666 0.35359116022099446
0.6597938144329897 0.35359116022099446
