4912 13
4912 7
4917 13
4917 1996
4912 16
4917 16
4776 1637
4776 2297
4776 4891
4776 1323
4776 1840
4776 2632
4776 2335
4776 2336
4776 8759
4776 3784
4776 1656
4776 2472
4776 2638
4776 7792
4776 13025
4776 887
4912 67
1933 1428
1933 13
1933 1061
1933 647
1933 680
4776 6615
4776 5039
2336 6036
2336 1013
2336 2333
2336 1649
2336 2472
2336 2638
2336 2297
2336 2152
2336 1840
2336 4776
2336 2335
2336 2632
2336 1637
2336 1656
2336 1333
2336 1069
2336 650
2336 12
2336 936
2336 4891
2336 6615
4917 67
4776 3551
4776 3221
4776 698
4776 10653
2336 631
1933 4917
1933 2229
1933 2233
1933 3412
1933 2242
1933 667
1933 1208
1933 17
1933 2251
1933 2257
1933 2258
1933 2262
1933 2270
1933 1422
1933 1069
1933 2268
1933 2252
1933 12
1933 4912
4776 7423
4776 7475
4776 2242
2336 5039
2336 2316
1933 7972
4776 1769
4776 1333
4917 3367
1430 4917
1430 5688
1430 1861
1430 438
1430 1061
1430 667
1430 1208
1430 17
1430 12
1430 31
1430 15
1430 1428
1430 187
1430 409
1430 1072
1933 1246
1060 41
1060 13
1060 438
1060 2242
1060 2257
1060 2258
1060 2270
1060 1069
1060 2268
1060 2252
1060 12
1060 1061
1060 18
1060 5970
1060 576
595 25
2336 2027
2336 7475
2336 10440
2336 192
2336 217
2336 1098
2336 59
7743 30
7743 5370
7743 72
7743 4374
7743 56
7743 13
7743 438
7743 1061
7743 1118
7743 63
7743 1996
7743 1069
7743 196
7743 7117
7743 12
7743 4386
7743 1470
7743 2349
7743 2453
7743 3655
7743 11984
7743 2358
1430 2229
1430 13
1430 2242
1430 2251
1430 2257
1430 3412
1430 2258
1430 2262
1430 2270
1430 1422
1430 1069
1430 2268
1430 2252
1430 4912
1430 2233
1060 4917
1060 2229
1060 2233
1060 17
1060 2251
1060 3412
1060 2262
1060 1208
1060 1422
1060 4912
7743 1905
7743 14495
1430 1871
1060 680
7743 861
4776 158
4776 217
1430 1413
1430 158
7743 1426
7743 28
7743 1428
7743 1434
7743 2441
7743 1060
7743 1429
7743 1430
7743 1933
7743 49
7743 1065
7743 2444
7743 59
7743 1433
7743 709
7743 2443
7743 68
7743 3406
1060 3204
1060 589
1060 1832
1060 919
1060 5621
709 1333
709 5051
709 1435
709 790
709 2242
709 1061
709 2258
709 7304
709 2257
709 2335
709 2270
709 7305
709 7306
709 1069
709 2268
709 2252
709 2152
709 12
709 686
709 8554
709 289
709 1563
709 6630
709 3727
709 8005
709 7709
709 2857
1426 30
1426 13
1426 1061
1426 63
1426 15
1426 1069
1426 438
1426 12
1426 158
1426 4600
1426 9290
1426 3327
1426 187
1430 1314
1430 7407
1933 664
1933 1624
1933 4816
1933 4807
1933 9657
1933 13669
1933 2717
1933 12824
1933 13718
1933 2315
1933 5382
1426 12591
1430 706
4776 406
2336 6293
2336 411
2336 13025
2336 5450
7743 35
7743 8806
1428 4917
1428 11
1428 5382
1428 13
1428 438
1428 1061
1428 1933
1428 17
1428 2287
1428 1314
1428 15
1428 7831
1428 16
1428 6976
1428 4370
1428 1871
1428 7024
1428 18
1428 409
1428 2282
1428 14310
1428 198
1428 6100
1428 1430
1428 10178
1428 14735
1428 706
1428 7407
1428 7088
1428 2924
1933 855
3678 6475
1430 5619
1430 4644
1430 758
1430 2095
1430 5382
1430 5378
1430 5375
1430 4374
1430 1064
1430 3227
1430 5620
1430 5379
709 3817
709 7303
709 2297
1060 5619
1060 4644
1060 758
1060 2095
1060 4374
1060 5378
1060 5375
1060 1064
1060 5620
1060 3227
1060 5379
1060 5382
709 4917
709 2229
709 2233
709 3412
709 13
709 1422
709 4912
709 1208
709 17
709 2251
709 212
709 2262
709 217
1426 4917
1426 2229
1426 3412
1426 2257
1426 2242
1426 17
1426 2251
1426 2252
1426 2258
1426 2262
1426 2270
1426 1208
1426 1422
1426 2268
1426 75
1426 76
1426 4912
1426 77
1426 2233
709 205
2444 30
2444 4925
2444 320
2444 7022
2444 13
2444 1061
2444 204
2444 3625
2444 125
2444 17
2444 1522
2444 63
2444 15
2444 1246
2444 187
2444 2357
2444 1069
2444 7024
2444 12
2444 2309
2444 35
2444 16
2444 3045
2444 4599
2444 3150
2444 7990
2444 158
2444 3421
2444 12591
2444 1173
2444 659
2444 3758
2444 6945
2444 5541
2444 4742
2444 983
1429 4917
1429 30
1429 4925
1429 13
1429 438
1429 2242
1429 1061
1429 17
1429 63
1429 2257
1429 2258
1429 15
1429 59
1429 16
1429 1208
1429 1422
1429 1069
1429 2268
1429 2252
1429 2270
1429 12
1429 5932
1429 4912
1429 64
1429 9266
1429 12075
1429 56
1429 2616
1429 9619
1429 2813
1429 7619
1429 12544
1429 5913
1429 158
1429 1413
1429 8805
1429 7738
1429 10439
1429 8437
1429 3326
1429 2375
1429 9326
1429 3695
1429 6632
1426 1434
2233 56
2233 5368
2233 1102
2233 5426
2233 3690
2233 1091
2233 1104
2233 4251
2444 7023
1426 7972
1426 9642
1422 13
1422 1424
1422 67
1422 12073
1422 7
1422 3367
1422 719
1422 853
1426 4590
1426 14646
1426 9808
1426 13016
1426 13725
1426 8687
1426 6530
1426 1996
1426 13978
1426 10616
1426 14647
1426 5742
1428 6264
39 1137
39 4917
39 867
39 35
39 26
39 2488
39 56
39 13
39 438
39 1061
39 240
39 264
39 1208
39 8593
39 5368
39 1878
39 160
39 1809
39 187
39 4659
39 1422
39 1069
39 14
39 3753
39 3252
39 1143
39 5928
39 7028
39 1072
39 4912
39 72
39 842
39 1173
39 1624
39 12522
39 3317
39 2388
39 2293
39 861
39 680
39 2853
39 6366
39 6367
39 4662
39 6006
39 2383
39 3112
1428 2229
1428 29
1428 4925
1428 3412
1428 2242
1428 667
1428 1208
1428 2251
1428 2257
1428 2258
1428 212
1428 2262
1428 1422
1428 1069
1428 2268
1428 2252
1428 2270
1428 12
1428 4912
1428 2233
1426 196
2444 2060
2444 2378
709 2401
709 64
1426 686
709 1423
1426 16
1426 4925
2444 4917
2444 2229
2444 2233
2444 3412
2444 2242
2444 1422
2444 1208
2444 2251
2444 2257
2444 2258
2444 2262
2444 2270
2444 2268
2444 2252
2444 75
2444 76
2444 4912
2444 77
1429 6264
1060 9598
1060 4599
1060 34
1060 1624
1060 38
1060 63
1060 16
1060 661
10440 2336
1429 2229
1429 75
1429 667
1429 2251
1429 3412
1429 2262
1429 76
1429 77
1429 2233
709 57
1426 6413
1422 16
1428 3333
1428 5399
2444 680
2444 5876
1428 1413
1428 158
1428 4237
1428 1165
999 1919
999 8611
999 1333
999 664
999 407
999 174
999 3423
999 984
999 672
999 3531
999 752
999 1061
999 406
999 1498
999 5956
999 5276
999 205
999 5935
999 1119
999 4474
999 927
999 12
999 2470
999 7154
999 187
999 9400
999 4663
999 410
999 1069
999 3191
999 1415
999 6797
999 4347
999 267
999 1576
999 7941
999 621
999 272
999 7165
999 1283
999 408
999 1593
999 1624
999 686
999 146
999 6055
999 438
999 1314
39 4925
39 2242
39 2257
39 2258
39 15
39 12
39 2270
39 2268
39 2252
1429 7507
1429 999
49 1076
49 4917
49 1074
49 2095
49 1860
49 1861
49 26
49 1679
49 1862
49 5997
49 3412
49 1863
49 438
49 2242
49 2613
49 1061
49 4374
49 2258
49 125
49 1208
49 17
49 3669
49 1522
49 2257
49 5541
49 15
49 1072
49 2270
49 1869
49 13
49 6878
49 5544
49 2268
49 5968
49 1809
49 1422
49 1069
49 2252
49 216
49 12
49 71
49 1871
49 7764
49 4912
49 6945
49 6510
49 1462
49 1864
49 1501
49 1578
49 3641
49 1859
49 69
49 790
49 12232
49 10718
49 4914
49 4600
49 1519
49 67
49 5316
49 853
49 406
49 2470
59 1137
59 4917
59 5594
59 30
59 4914
59 11
59 1860
59 1861
59 26
59 4600
59 1862
59 7830
59 1871
59 7929
59 56
59 5272
59 438
59 2242
59 1864
59 1061
59 1519
59 4268
59 1429
59 1064
59 667
59 1208
59 17
59 1868
59 8831
59 1878
59 63
59 2257
59 2258
59 15
59 2270
59 1996
59 13
59 6878
59 1422
59 1069
59 2268
59 2252
59 3326
59 16
59 12
59 6510
59 1394
59 1869
59 3756
59 3365
59 1675
59 1072
59 5997
59 4912
59 4925
59 18
59 1449
59 8174
59 2815
59 4648
59 5913
59 1413
59 3252
59 1246
59 64
59 5435
59 3539
59 1492
59 3605
59 158
999 2164
7743 2496
7743 1416
7743 3160
7743 3805
7743 4643
709 7302
709 5959
709 2472
709 2645
709 5440
709 7307
709 4891
709 3165
709 6615
1426 5619
1426 4644
1426 758
1426 2095
1426 5382
1426 5378
1426 4374
1426 1064
1426 5620
1426 3227
1426 5375
1426 5379
1429 7025
1428 579
1428 1065
1428 59
1429 1072
1429 640
2233 1734
2233 4661
2233 2062
2233 4663
2233 2745
2229 56
2229 1637
2229 1102
2229 5426
2229 1673
2229 43
2229 1104
2229 3690
2229 1091
2229 1656
2229 8276
1422 686
28 26
28 1759
28 1074
28 1076
28 4925
28 3827
28 1144
28 4917
28 3412
28 2586
28 1462
28 2242
28 1864
28 1061
28 1650
28 1761
28 158
28 4912
28 3669
28 17
28 1522
28 2257
28 2258
28 438
28 15
28 12
28 2270
28 1208
28 187
28 5544
28 1422
28 1069
28 2268
28 196
28 2252
28 71
28 5477
28 198
28 1072
28 125
28 4918
28 77
28 681
28 10972
28 34
28 667
28 5526
28 84
28 3784
28 8566
2444 784
2444 534
39 17
1422 1423
999 2309
6475 2744
39 8809
39 4914
39 6796
39 1650
39 2075
1428 5619
1428 4644
1428 758
1428 2095
1428 5378
1428 4374
1428 1064
1428 5375
1428 3227
1428 5379
1428 5620
999 2930
2444 706
6475 192
3678 6449
13025 4776
49 3625
49 1121
49 75
505 25
68 1137
68 4917
68 7815
68 1057
68 1413
68 4914
68 3617
68 69
68 4599
68 6029
68 4925
68 26
68 1871
68 38
68 2338
68 1809
68 2242
68 42
68 1061
68 1519
68 1062
68 4374
68 18
68 2258
68 4912
68 1064
68 3368
68 17
68 7015
68 6025
68 1242
68 31
68 15
68 270
68 16
68 13
68 5544
68 1165
68 1422
68 1069
68 438
68 6027
68 730
68 12
68 9358
68 4824
68 1056
68 41
68 2270
68 1173
68 2613
68 1067
68 1208
68 1072
68 611
68 7789
68 7818
68 2704
68 6510
68 3049
68 3316
68 3248
68 11
68 480
68 2379
68 6099
68 5416
68 240
68 5568
68 1167
68 4380
68 805
68 3702
68 7024
68 769
68 6557
68 3252
68 1515
68 6976
68 1161
68 7520
68 47
68 7981
68 3366
68 576
68 34
68 5285
68 3719
68 7026
68 4918
68 14
68 1878
68 14219
68 4320
68 5592
3645 686
49 2229
49 2233
49 2251
49 2262
59 2229
59 2233
59 76
59 2251
59 3412
59 2262
59 75
59 77
39 1455
39 1469
39 394
39 1470
28 5426
28 7260
2262 56
2262 1930
2262 5426
2262 3690
2262 4663
2262 1091
2262 1104
2262 2745
2262 1102
2262 5002
2262 6033
2262 2011
2262 8276
1429 5619
1429 4644
1429 758
1429 2095
1429 5382
1429 5378
1429 5375
1429 4374
1429 1064
1429 5620
1429 5379
1429 3227
999 6655
999 5281
999 1429
2229 217
709 1769
709 2381
709 2846
709 1098
999 868
999 7210
999 2612
1426 1137
1426 38
1426 3625
1426 666
1426 5146
1426 1809
1426 11799
1426 14648
1426 18
10972 28
1065 4917
1065 2095
1065 1859
1065 1860
1065 4925
1065 1862
1065 5997
1065 1861
1065 320
1065 13
1065 438
1065 1864
1065 1061
1065 2635
1065 67
1065 659
1065 1064
1065 667
1065 17
1065 7308
1065 3327
1065 15
1065 2270
1065 6878
1065 63
1065 1422
1065 1069
1065 196
1065 12
1065 5788
1065 1869
1065 1871
1065 1072
1065 4912
1065 4906
1065 187
1065 3248
1065 11
1065 480
1065 2379
1065 26
1065 6099
1065 41
1065 7198
1065 240
1065 47
1065 5568
1065 4380
1065 805
1065 9358
1065 6976
1065 7024
1065 4824
1065 769
1065 6510
1065 6029
1065 9968
1065 5118
1065 5541
1065 2338
1065 5416
1065 16
1065 3252
1065 12222
1065 31
1065 1515
1065 4914
1065 4599
1065 5412
1065 38
1065 56
1065 6078
1065 42
1065 5534
1065 7520
1065 6945
1065 7815
1065 4582
1065 6027
1065 8657
1065 4918
1065 34
1065 3719
1065 7026
1065 7021
1065 9290
1065 1118
1065 3368
1065 10890
1065 1521
1065 1878
1065 14219
1065 3702
1065 7818
1065 2316
28 2255
28 2229
28 1763
28 76
28 5387
28 2236
28 1679
28 2396
28 2251
28 2248
28 1762
28 2262
28 826
28 2263
28 13
28 6849
28 75
28 2233
2251 3326
2251 56
2251 1102
2251 5426
2251 3690
2251 1252
2251 4663
2251 1091
2251 1104
2251 2745
2251 5594
2251 3344
2251 7305
2251 2250
2251 3385
2251 1121
999 962
1060 1056
59 680
49 7001
49 1828
10440 2478
999 112
999 2389
999 14519
999 250
999 13
999 919
999 5669
999 4910
1429 3686
1429 966
1429 3634
39 4644
39 758
39 5619
39 2095
39 5378
39 2635
39 4374
39 1064
39 5375
39 3227
39 5379
39 5620
39 5382
709 96
709 98
709 797
709 5384
709 2665
709 93
709 148
709 1
709 92
709 3100
59 4599
59 5544
49 3617
49 508
59 5541
59 7025
13025 625
28 680
49 158
49 8011
49 334
49 187
28 366
28 14531
28 1998
28 3169
28 10642
28 5541
28 9658
28 328
28 11406
28 1152
28 10616
28 4590
28 12405
28 5261
28 9333
59 7759
59 3230
59 2398
68 3412
68 2229
68 2251
68 2252
68 2257
68 158
68 2262
68 2268
68 76
68 2233
68 77
68 75
1428 12749
1428 26
1428 162
1428 934
1428 11355
1428 1981
1428 1007
1428 1078
1428 2312
1428 11415
999 15033
35 4917
35 7026
35 1759
35 1057
35 3248
35 805
35 4914
35 8655
35 2379
35 5382
35 26
35 14
35 5412
35 39
35 5199
35 8462
35 1061
35 1118
35 264
35 8656
35 240
35 4380
35 17
35 2395
35 2444
35 3438
35 6975
35 1878
35 2257
35 2258
35 31
35 12
35 1515
35 16
35 1208
35 5655
35 187
35 249
35 5416
35 1164
35 1422
35 1069
35 2270
35 7981
35 8114
35 3252
35 1173
35 8657
35 47
35 13
35 4912
35 11
35 7818
35 15
35 72
35 842
35 8693
35 1371
35 1488
35 10646
35 1624
35 1559
35 9918
35 2559
35 824
35 10747
35 6822
35 6354
35 192
35 1233
35 6326
35 9717
35 1235
35 746
35 4352
35 861
35 1363
35 179
35 6698
35 1480
35 1812
35 680
35 9588
35 5315
35 2719
35 10955
35 1653
35 1295
35 6333
35 5268
35 6334
35 1696
35 2963
35 4385
35 4579
35 4972
2229 3692
28 686
28 1070
2229 4661
2229 2062
2229 4663
2229 2745
12591 2444
28 30
28 5754
28 63
49 5943
49 1984
49 8043
59 394
59 1455
59 1428
59 1469
59 1470
59 2336
2444 794
2444 1624
2444 1145
2444 11703
2444 4816
2444 12476
2444 733
2444 14996
2444 10400
2444 999
2444 6074
2444 2930
2444 13643
2444 11799
2444 5705
2444 14997
2444 14184
2444 5145
2444 278
2444 12560
1065 2229
1065 2233
1065 3412
1065 2242
1065 2251
1065 2252
1065 2257
1065 2258
1065 2262
1065 1208
1065 2268
1065 75
1065 76
1065 77
6036 8759
6036 2336
1065 4664
7743 5641
2444 3583
1428 2007
1428 5544
1428 8408
1429 6055
1429 11383
1429 4600
1429 1435
1429 672
1429 1907
1429 5935
1429 5479
1429 2568
1429 938
1429 68
174 8611
174 1333
174 8781
174 1498
174 5956
174 5276
174 5559
174 4663
174 6797
174 7154
174 1576
174 403
174 794
174 790
174 2161
174 196
174 8802
174 12
174 64
174 408
174 146
174 2362
174 1061
174 999
174 1119
174 8177
174 410
174 1069
174 3191
174 7941
174 2511
174 1539
174 2341
174 6348
174 406
174 4347
174 205
174 5935
174 927
174 3423
174 4474
174 1055
174 1624
174 5788
174 2189
174 1314
174 4533
174 633
174 546
174 6055
174 2539
174 700
174 5752
174 6729
174 4383
999 4860
999 192
12591 1426
12591 3591
49 2635
68 5656
1065 3614
999 6348
13025 1618
13025 2848
28 8940
1422 43
2444 3618
68 1862
68 30
68 63
39 11
39 8174
39 1931
39 1564
39 1804
39 12222
39 794
39 6004
39 6108
39 88
35 5328
6475 7025
2233 2539
9762 174
2262 908
2262 919
2262 918
35 4925
35 2242
35 2268
35 2252
2262 4661
2262 2062
1422 758
2251 8276
1065 30
1065 781
1065 2073
174 4865
174 9754
174 9174
174 5654
174 209
174 170
174 195
174 2877
174 1883
174 4958
174 6915
174 3210
174 215
174 1098
174 8640
174 394
174 2433
174 4986
174 6953
174 6360
174 2230
174 3470
174 2226
174 6029
174 8381
174 8656
174 1385
174 2351
174 6091
174 3393
174 2346
174 9755
174 6263
174 1470
174 2701
174 4870
174 2085
174 8103
174 1731
174 8231
174 202
174 5412
174 9756
174 5190
174 8631
174 6190
174 2756
174 8624
174 8861
174 1455
174 9757
174 9758
174 3009
174 1198
174 4288
174 6062
174 4940
174 8629
174 9521
174 1284
174 6239
174 2625
174 3501
174 2339
174 7954
174 9759
174 826
174 8634
174 2999
174 9319
174 9192
174 7309
174 9760
174 9761
174 9762
174 8632
174 2184
174 8837
174 1023
174 6365
174 1974
174 2713
174 7431
174 3014
174 8608
174 2309
2251 4661
2251 2062
7023 9924
7023 2444
28 5619
28 4644
28 758
28 2095
28 5382
28 4374
28 1064
28 5620
28 5378
28 5375
28 5379
28 3227
5251 686
39 7630
49 394
49 1455
49 1469
49 1470
59 9290
1065 1428
1065 35
1422 13521
1422 2063
1422 981
1422 8630
1422 11956
1422 12630
1422 11601
1422 856
1422 2152
28 1173
28 1160
35 7
35 4821
35 2373
68 4644
68 758
68 5619
68 2095
68 5382
68 5378
68 5620
68 5375
68 3227
68 5379
35 7743
999 13999
999 14707
999 1064
999 942
999 10917
999 212
999 2270
999 8640
999 11849
999 8876
999 9762
999 2161
999 4553
999 2257
999 11063
999 2055
999 4281
999 2701
999 2163
999 405
999 1408
999 13769
999 9960
999 4673
999 9207
999 10725
999 10678
999 11061
999 5654
999 1070
999 4355
999 8964
999 2857
999 546
999 6239
999 2206
999 9164
999 13770
999 72
999 256
999 5668
999 2444
999 14106
999 3090
999 4370
999 9452
999 3038
999 9419
999 15508
2638 2640
2638 1840
2638 1333
2638 4776
2638 2637
2638 2336
2638 8450
35 30
35 3617
35 667
35 63
6475 12937
5378 1469
5378 8190
3672 10287
3672 6475
49 3406
49 5426
49 4380
49 1521
49 6048
49 1137
49 725
49 6029
49 1907
49 4462
49 1394
49 64
49 7803
49 1267
49 3327
49 55
49 5932
49 1070
49 1173
49 4979
49 746
49 1435
49 4982
49 5935
49 3289
59 3617
59 10230
59 16426
59 4374
59 4380
59 2036
59 1624
59 1907
59 1800
59 1110
59 5310
59 1414
59 5932
59 4645
59 1435
59 672
59 1118
59 4597
9759 174
7792 887
7792 2472
7792 1840
7792 1333
7792 2642
7792 4776
6036 310
1428 5479
1428 64
5251 1562
5251 1105
3630 1378
3630 6475
1065 5619
1065 4644
1065 758
1065 5378
1065 4374
1065 5379
1065 5620
1065 5375
1065 3227
1065 5382
2234 18
999 4621
999 4383
174 631
174 682
174 1301
35 8979
35 1065
4986 174
2229 8682
2229 5594
2229 12534
2229 821
28 1624
28 4380
28 2136
28 29
28 56
28 2661
28 409
28 88
28 1578
28 7766
28 72
28 1435
28 6256
28 7699
5781 10653
49 1759
2268 3109
2268 2027
2268 3685
2268 150
2268 3665
2268 56
2268 2458
2268 2242
2268 698
2268 3635
2268 5417
2268 3331
2268 3672
2268 207
2268 424
2268 595
2268 15
2268 2910
2268 213
2268 3630
2268 667
2268 3651
2268 2471
2268 3678
2268 84
2268 5251
2268 217
2268 5423
2268 4824
2268 75
2268 76
2268 2274
2268 640
2268 77
2268 1101
2268 4925
2268 3704
2268 1100
8759 6036
8759 936
8759 1013
8759 4776
8759 1649
72 3248
72 480
72 1860
72 1861
72 26
72 6099
72 7390
72 39
72 41
72 5416
72 2242
72 240
72 5568
72 1868
72 4380
72 7467
72 1070
72 2270
72 1869
72 4914
72 7099
72 2675
72 2379
72 6510
72 1759
72 1413
72 1859
72 69
72 4925
72 1144
72 8831
72 5939
72 1208
72 17
72 5945
72 1157
72 52
72 724
72 2257
72 56
72 2258
72 2338
72 160
72 13
72 2268
72 8593
72 12
72 3252
72 1871
72 1872
72 4912
72 861
72 146
72 805
72 6976
72 794
72 6057
72 5412
72 662
72 3412
72 7815
72 1061
72 7520
72 3670
72 667
72 267
72 1535
72 659
72 1992
72 15
72 5655
72 187
72 1164
72 1422
72 1069
72 8462
72 2252
72 7981
72 1173
72 8832
72 6675
72 7028
72 576
72 1076
72 3719
72 4917
72 7026
72 1074
72 8833
72 35
72 1862
72 5997
72 1072
72 5272
72 1679
72 14
72 1118
72 264
72 8835
72 1878
72 158
72 8836
72 6878
72 6881
72 8837
72 4906
72 4370
72 4909
72 5592
72 8838
72 7818
72 1214
72 842
72 8839
72 6664
72 8174
72 1624
72 12870
72 2375
72 2433
72 3099
72 2452
72 95
72 2643
72 11303
72 8220
72 7308
72 1252
72 6632
72 888
72 179
72 554
72 680
72 1899
72 4940
72 4446
72 3685
72 2352
72 7237
72 622
72 3390
72 438
72 1996
72 18
72 2383
174 15033
174 7967
10653 4776
3679 686
3679 4972
2638 1621
7475 2637
7475 1890
72 1858
2267 4655
2267 8930
28 41
28 6945
35 5619
35 4644
35 758
35 4374
35 5375
35 438
35 2635
35 1064
35 5620
35 5378
35 3227
35 5379
35 2095
13025 2375
13025 5000
13025 2336
13025 10055
10653 11546
10653 5781
68 2643
68 5997
68 1429
59 856
59 12750
59 853
59 6033
10653 10044
10653 10043
5251 818
7423 2612
7423 1013
7423 1649
7423 3581
2252 3109
2252 2027
2252 3685
2252 639
2252 2938
2252 11
2252 150
2252 3665
2252 56
2252 8862
2252 5732
2252 698
2252 3704
2252 5417
2252 67
2252 2258
2252 3331
2252 667
2252 207
2252 3635
2252 3672
2252 2257
2252 158
2252 15
2252 2910
2252 2270
2252 213
2252 2458
2252 3630
2252 3651
2252 2471
2252 1069
2252 3678
2252 12
2252 424
2252 2242
2252 5251
2252 217
2252 5423
2252 4824
2252 659
2252 2274
2252 640
2252 1101
2252 4925
2252 595
2252 1100
2252 84
2252 8940
5416 72
5416 35
5416 18
5416 68
5416 1065
2257 3109
2257 2027
2257 3685
2257 4925
2257 150
2257 3665
2257 56
2257 2458
2257 2242
2257 698
2257 2938
2257 5417
2257 1069
2257 659
2257 3331
2257 3672
2257 207
2257 2252
2257 595
2257 1465
2257 158
2257 15
2257 270
2257 2910
2257 2270
2257 213
2257 3630
2257 3651
2257 5426
2257 2471
2257 67
2257 3635
2257 12
2257 424
2257 4824
2257 5251
2257 2258
2257 217
2257 5423
2257 3678
2257 2274
2257 640
2257 667
2257 1101
2257 3704
2257 1100
2257 84
2257 13
2262 3326
2262 9657
2262 3344
2262 8027
2262 12479
2638 425
2268 5414
8759 631
8759 1333
35 15572
35 15813
35 5637
35 15814
72 16
72 1522
72 125
1065 1624
1065 270
1065 2433
1065 2552
1065 4815
1065 13246
1065 13643
1065 680
1065 15565
1065 2206
1065 158
1065 6256
1065 8769
1065 5702
3221 3216
3221 144
15033 6797
2251 1185
2251 2035
2251 1583
7709 686
7709 709
2268 977
2268 5412
2268 5426
2268 212
2268 5416
8759 2316
72 7526
2638 7424
2638 7423
2638 5237
2638 5005
6615 4891
6615 1840
6615 1333
6615 5004
6615 1098
6615 304
6615 2634
6615 158
6615 2335
2242 3109
2242 2027
2242 3685
2242 150
2242 3665
2242 4925
2242 56
2242 2458
2242 698
2242 3704
2242 2127
2242 5417
2242 67
2242 1892
2242 3331
2242 3672
2242 640
2242 207
2242 2252
2242 595
2242 52
2242 2257
2242 158
2242 15
2242 270
2242 2270
2242 213
2242 3651
2242 2471
2242 1069
2242 2268
2242 3635
2242 12
2242 424
2242 84
2242 5251
2242 2910
2242 2258
2242 217
2242 5423
2242 4824
2242 659
2242 75
2242 3678
2242 2274
2242 667
2242 77
2242 1101
2242 3630
2242 4681
2242 2938
2242 1100
2242 4979
2242 5930
2242 16
2242 3366
2242 12386
2242 12375
2262 972
7303 15150
174 666
174 12321
5378 1242
2333 1406
2333 2334
2333 1333
2333 2335
2333 2336
2333 1233
2333 1890
7792 686
7792 7760
2252 5414
2257 5414
2234 16997
7818 56
7818 13
7818 72
7818 35
7818 68
7818 762
7818 1065
3412 1057
3412 43
3412 2125
3412 72
3412 1143
3412 1144
3412 13
3412 1461
3412 2242
3412 697
3412 1063
3412 2268
3412 63
3412 2257
3412 2258
3412 1102
3412 12
3412 2270
3412 6945
3412 1069
3412 2252
3412 16
3412 1070
3412 1173
3412 1072
3412 681
3412 18
3412 408
3412 686
3412 805
3412 5124
3412 1092
3412 880
3412 667
3412 5544
3412 1094
72 3201
72 6060
72 13968
72 2302
72 2776
72 5837
72 5796
72 1661
72 6199
72 15904
72 6803
72 5540
72 10675
72 14702
72 11160
72 10642
72 7868
72 13725
72 328
72 11362
72 1109
72 14487
72 11406
72 14531
72 44
72 13947
72 12742
72 13978
72 15906
72 1152
72 1866
72 12405
35 12295
35 2027
35 1373
35 1965
35 783
35 1221
35 2567
35 11948
35 3355
35 11145
35 13333
35 5572
35 1455
35 1472
35 1644
35 512
35 13803
35 13731
35 704
35 1186
35 13254
35 1072
35 1657
35 1658
35 4438
35 12198
35 15172
35 15280
35 110
35 11146
35 2076
35 1266
35 8991
35 3741
35 321
35 389
35 10142
35 1678
35 8174
35 12222
35 4241
35 398
35 622
35 1692
35 1703
35 5370
35 5639
35 11486
35 5640
35 10801
35 434
35 1210
35 5374
4742 1538
2252 977
2252 5412
2252 5416
2252 212
2252 5426
5416 4380
5416 1118
5416 3617
2257 977
2257 5412
2257 5416
2257 212
59 41
15572 35
15813 35
15814 35
12591 3123
2268 686
8759 3627
7475 8241
9762 999
72 8834
6510 13
6510 438
6510 1061
6510 1173
6510 59
6510 4374
6510 2095
6510 72
6510 68
6510 6945
6510 1065
72 10921
72 6884
72 5556
72 5146
72 194
5379 404
5379 5375
5379 5380
5379 5382
6036 14821
6036 1013
5378 5375
10178 2562
10178 1428
8005 8006
8005 8007
8005 5584
8005 709
8005 10055
6615 650
2242 5414
72 320
72 5369
72 270
72 3617
72 63
72 30
72 3344
72 7015
7303 709
7303 3817
887 1358
887 7792
887 872
887 4776
887 1708
887 5471
3784 7721
3784 1173
3784 1519
3784 4776
3784 3535
3784 1072
3784 664
3784 1143
3784 3152
3784 13
174 2632
174 6958
174 2441
174 14707
174 1064
174 212
174 1229
174 1009
174 3317
174 748
174 4967
174 4244
174 998
174 4673
174 2743
174 942
174 1673
174 2857
174 1549
174 7205
174 1694
174 1930
174 9282
174 5702
2468 2509
2242 86
2242 977
2242 5412
2242 5416
2242 5426
2242 212
5416 8839
7475 7474
7475 4891
7475 3316
7475 4776
7475 1333
7475 6615
7475 2640
7475 2336
5970 1137
5970 1809
5970 1840
5970 1098
5970 1092
5970 438
5970 1060
5970 56
28 122
28 3736
28 7022
2461 13120
6036 7966
6036 4369
5378 1435
5378 28
5378 1060
5378 1426
5378 1428
5378 1429
5378 1430
5378 68
5378 1433
5378 35
5378 39
5378 1065
5378 1434
5378 56
5378 1431
72 394
72 1455
72 1469
72 1470
3221 2027
3221 4776
3221 3360
3221 254
1637 5442
1637 1642
1637 1684
1637 1558
1637 2229
1637 3191
1637 1673
1637 3025
1637 5443
1637 1721
1637 651
1637 5444
1637 3660
1637 5573
1637 1013
1637 2588
1637 1656
1637 942
7423 2638
7423 4776
16997 2234
3672 6449
174 5466
174 1901
3412 7015
3412 6264
2257 146
1656 2661
1656 5443
1656 2229
1656 3191
1656 1635
1656 1673
1656 1642
1656 433
1656 3025
1656 1684
1656 651
1656 125
1656 5573
1656 7682
1656 5371
1656 1637
1656 5464
1656 936
1656 12974
7423 192
15904 72
3630 6449
2252 71
5541 650
5541 49
5541 3142
5541 3464
5541 640
5541 2443
5541 1065
5541 2444
14495 2015
999 7491
999 2761
999 1076
999 11542
6945 56
6945 13
6945 762
6945 3412
6945 1173
6945 3669
6945 49
6945 5246
6945 158
6945 6510
6945 3625
6945 1065
6945 2444
6615 680
6615 14121
6615 5502
6615 11536
6615 2398
6615 7077
3704 6475
2258 2027
2258 12
2258 3109
2258 158
2258 4925
2258 150
2258 3665
2258 56
2258 2252
2258 2242
2258 698
2258 3704
2258 5417
2258 1650
2258 3685
2258 3331
2258 3672
2258 2938
2258 207
2258 3678
2258 667
2258 2257
2258 659
2258 15
2258 270
2258 2270
2258 213
2258 2189
2258 2458
2258 3630
2258 3651
2258 2471
2258 67
2258 3635
2258 1069
2258 424
2258 4824
2258 5251
2258 2910
2258 217
2258 5423
2258 2274
2258 640
2258 1101
2258 187
2258 595
2258 1100
2258 84
2258 5943
2258 886
2258 6085
2258 13
2258 4967
2258 8043
2258 3045
2258 6880
2258 183
14495 1231
14495 56
14495 7743
14495 1980
14495 1981
10653 8543
10653 934
2274 1094
2274 217
2274 812
2274 1108
2274 1100
2274 1096
2274 212
3227 1259
3227 249
3227 737
3227 6300
3227 8679
3227 1064
3227 6045
3227 205
3227 5620
3412 10459
7303 7309
2268 547
2268 5415
2268 270
2268 67
2268 1072
2252 5936
2257 5692
72 2635
7303 17087
2262 9644
3412 6293
6615 2612
6615 7475
2242 1813
2242 4776
2242 823
2242 3027
2242 1009
2242 60
2333 686
1065 1056
7423 7424
1065 4341
2333 1840
2267 988
15033 5276
15033 174
15033 999
2251 1474
2251 346
2251 14441
3412 2379
10653 17111
5251 1561
5251 5745
3412 14098
3412 1462
3412 6247
3412 1878
3412 1246
3412 1469
1637 1682
1637 6743
1637 1522
1637 1817
1314 1428
1314 5506
1314 7249
1314 174
1314 762
1314 999
1314 6062
1637 846
1637 1683
1637 1633
3412 8011
3412 115
72 7147
72 11945
72 1295
72 2559
72 5743
72 13016
72 6818
72 9551
72 5104
72 3094
72 7017
72 1696
72 2230
72 2136
72 7138
72 2276
72 9951
72 2226
72 1235
72 5481
72 1653
72 1465
72 3462
72 4332
72 2349
72 283
72 11108
72 824
72 911
72 441
72 8955
72 1698
72 621
72 13137
72 3085
72 1119
72 4579
72 7449
72 2719
72 5316
72 2509
72 1267
72 14071
72 1467
72 10839
72 2470
72 9622
72 1299
72 4256
72 13942
72 1482
72 5851
72 4257
6449 3685
6449 2910
3704 11924
2242 5936
1656 1633
1656 1683
1656 846
2258 5414
2252 547
2252 5415
2252 1072
2252 270
5378 2286
5378 5379
5378 2862
2257 5415
2257 1072
2257 547
2472 5183
2472 6293
2472 7792
2472 1333
2472 1828
2472 3177
2472 697
2472 3485
2472 1840
2472 2335
2472 1098
2472 1890
2472 4891
2472 5456
2472 3593
2472 1018
6510 1067
3672 9067
7792 2335
887 859
2258 6103
2258 1413
887 899
887 4879
3630 3540
3630 3284
3630 7629
3630 13634
3630 3635
4742 4743
3784 73
2258 977
2258 5412
2258 5416
2258 212
2258 5426
7024 1070
7024 14
7024 1057
7024 1428
7024 5417
7024 3617
7024 547
7024 576
7024 1163
7024 17
7024 1161
7024 47
7024 2444
7024 7
7024 2544
7024 1065
7024 16
7024 68
7024 12
3412 413
3412 2196
3412 8043
3412 5943
2274 213
4891 8450
4891 5158
4891 1333
4891 9237
4891 179
4891 1098
4891 2176
4891 5108
4891 2640
4891 6489
4891 1840
4891 2632
4891 1817
4891 5752
4891 4890
4891 8704
4891 11608
4891 8954
4891 5461
4891 2317
4891 3544
4891 6615
4891 9239
4891 10702
4891 2335
2638 4440
2638 2413
3227 2381
3227 2795
887 3584
887 9395
17087 7303
12222 1065
12222 3327
1656 8720
9290 1426
9290 6196
9290 56
9290 14815
9290 4243
9290 1065
9290 8218
7302 13
7302 1804
1208 1137
1208 29
1208 7912
1208 30
1208 69
1208 72
1208 35
1208 39
1208 13
1208 438
1208 1061
1208 4374
1208 240
1208 47
1208 7742
1208 17
1208 846
1208 667
1208 2077
1208 63
1208 8129
1208 270
1208 211
1208 1809
1208 3275
1208 1069
1208 12
1208 1674
1208 14
1208 1072
1208 773
1208 4916
1208 2519
1208 41
1208 1067
1208 7154
1208 15293
1208 12667
1208 2991
1208 6863
1208 4435
1208 8501
1208 13461
1208 2487
1208 2608
1208 1056
1208 27
1208 31
1208 732
1208 2937
1208 14941
1208 7705
1208 4876
1208 1522
1208 3367
1208 8604
1208 1675
1208 7517
1208 700
1208 2992
1208 13684
12824 13039
12824 1314
12824 11532
12824 1933
12824 2129
12824 16492
12824 12696
2258 1165
5541 28
5541 3618
1065 794
5378 580
5378 4366
12591 7490
6615 709
2242 547
2242 5415
2242 1072
6945 15579
8838 72
8838 13
1069 9868
1069 2027
1069 1333
1069 150
1069 1462
1069 2242
1069 667
1069 207
1069 3678
1069 9504
1069 212
1069 2270
1069 1996
1069 3630
1069 3635
1069 7117
1069 4824
1069 217
1069 1137
1069 69
1069 1009
1069 4925
1069 1144
1069 5415
1069 2257
1069 2258
1069 2338
1069 5095
1069 213
1069 13
1069 3651
1069 2471
1069 196
1069 12
1069 7732
1069 1056
1069 1470
1069 2349
1069 1100
1069 84
1069 3109
1069 7743
1069 174
1069 547
1069 3665
1069 56
1069 2458
1069 42
1069 1061
1069 698
1069 1519
1069 5417
1069 3672
1069 999
1069 424
1069 63
1069 659
1069 15
1069 5425
1069 771
1069 67
1069 2252
1069 5251
1069 3685
1069 30
1069 2910
1069 2938
1069 5370
1069 1072
1069 5584
1069 1118
1069 3331
1069 2336
1069 595
1069 158
1069 270
1069 5587
1069 4386
1069 5423
1069 75
1069 76
1069 2274
1069 640
1069 1101
1069 3704
1069 6539
1069 11465
1069 7435
1069 2429
1069 224
1069 10543
1069 1511
1069 1465
1069 1163
1069 2443
1069 7234
1069 5344
1069 2661
1069 2654
1069 719
1069 6242
1069 1521
1069 6929
7830 59
7830 6473
480 5096
480 25
480 72
480 438
480 47
480 56
480 1065
480 67
480 68
72 28
72 259
72 1498
72 4807
72 9657
72 14815
72 5702
72 1185
72 1650
72 15905
72 1242
72 409
72 1202
72 999
72 13553
72 3618
72 5825
72 773
72 306
72 12222
72 8864
72 6280
72 2261
72 2357
72 5199
72 3751
2270 3109
2270 2027
2270 3685
2270 12
2270 150
2270 4925
2270 3665
2270 178
2270 56
2270 2242
2270 698
2270 3704
2270 5417
2270 158
2270 3331
2270 2274
2270 3672
2270 207
2270 3678
2270 667
2270 1069
2270 2257
2270 2258
2270 15
2270 1782
2270 2471
2270 213
2270 2458
2270 3630
2270 3651
2270 67
2270 3635
2270 2252
2270 424
2270 4824
2270 5251
2270 2910
2270 1101
2270 217
2270 5423
2270 659
2270 75
2270 76
2270 640
2270 77
2270 595
2270 1100
2270 84
2270 11
2270 7875
2270 14212
2270 2629
2270 6484
2270 10198
2270 12869
2270 4663
2270 5942
2270 3054
2270 14214
2270 7
2270 6029
2270 5547
2270 3220
2270 314
2270 11074
2270 13
2270 8213
2270 14215
2270 8593
2270 5006
2270 6976
2270 14216
2270 5611
2270 6025
2270 7241
2270 3618
2270 8366
2270 14219
2270 8769
2270 2155
2270 8839
1656 686
2258 14531
2258 11362
2258 9808
2258 8233
2258 2741
2258 1152
2258 8687
2258 5186
12232 49
12232 790
300 2243
300 10219
300 11538
300 230
5541 56
5541 59
5541 359
14495 12181
1656 9965
9521 174
2472 650
10178 6231
5541 76
7507 7445
3784 241
7475 1549
7475 249
7475 9125
7475 8498
7475 1241
4925 505
4925 2996
4925 6975
4925 2927
4925 3617
4925 3642
4925 3664
4925 5417
4925 1091
4925 1104
4925 3679
4925 3176
4925 13
4925 1067
4925 9868
4925 4374
4925 5568
4925 1102
4925 8338
4925 3002
4925 2808
4925 5362
4925 3004
4925 2807
4925 270
4925 6557
4925 211
4925 3645
4925 3009
4925 2652
4925 2994
4925 5578
4925 1701
4925 3690
4925 2809
4925 5592
4925 5426
4925 15875
4925 5309
4925 14717
4925 2492
4925 7
4925 38
4925 1353
4925 6768
4925 9042
4925 15
4925 88
4925 3091
4925 67
3625 56
3625 13
3625 1072
3625 17
3625 1431
3625 438
3625 698
3625 63
3625 7764
3625 6945
3625 67
3625 2813
2242 3368
2472 5908
2472 1554
2472 1095
2472 1473
2472 1475
2472 6746
2472 8098
2472 3657
2258 814
2258 8631
2258 406
2258 408
4891 406
4891 1415
4891 650
2472 631
2472 3317
2472 942
2472 3318
2268 96
2268 8349
2268 10901
2268 14540
2268 2707
5382 9343
5382 1428
5382 35
5382 1358
5382 1435
5382 56
5382 1897
5382 5375
5382 6357
5382 404
5382 1608
5382 1469
5382 5380
5382 718
5382 5816
5382 2858
5382 1009
5382 10579
5382 849
5382 1242
5382 3192
5382 8190
5382 5379
5382 6004
5382 801
5382 10581
1861 1759
1861 29
1861 4269
1861 72
1861 1435
1861 56
1861 2338
1861 438
1861 43
1861 1430
1861 125
1861 49
1861 1065
1861 1522
1861 3368
1861 1067
1861 1160
1861 59
1861 629
1861 211
1861 187
1861 2443
1861 67
1861 84
1861 5373
1861 7831
1861 5365
2264 3464
2264 9469
2258 2637
2258 2032
2258 146
72 9896
72 10460
14997 8193
14997 15154
14997 2444
9358 2338
9358 1064
9358 68
9358 7
9358 12109
9358 1065
9358 67
10616 1426
10616 28
10616 3559
10616 805
10616 2520
10616 1871
10616 1491
3227 5430
5379 1434
5379 28
5379 1060
5379 56
5379 1426
5379 1428
5379 1429
5379 1430
5379 68
5379 1433
5379 35
5379 39
5379 1065
5379 1435
5379 1431
67 29
67 6732
67 1860
67 1861
67 26
67 1862
67 1871
67 56
67 13
67 2242
67 1061
67 1865
67 398
67 125
67 1208
67 17
67 8641
67 1522
67 3367
67 63
67 2257
67 2258
67 15
67 6557
67 6878
67 1422
67 1069
67 2268
67 2252
67 2270
67 12
67 936
67 5997
67 1072
67 576
67 11555
67 3719
67 3248
67 805
67 6976
67 3617
67 11
67 4599
67 480
67 34
67 5412
67 6118
67 38
67 2338
67 6078
67 42
67 1118
67 3625
67 240
67 3368
67 14407
67 1521
67 2379
67 1878
67 31
67 8836
67 14219
67 5272
67 6029
67 9358
67 4824
67 8657
67 7467
67 5592
67 4380
67 4925
67 769
67 7520
2252 3622
1996 7743
1996 30
1996 5370
1996 56
1996 13
1996 1461
1996 438
1996 1061
1996 1118
1996 43
1996 4374
1996 63
1996 59
1996 1069
1996 196
1996 7117
1996 12
1996 4386
1996 1470
1996 2349
1996 4917
1996 1455
1996 10646
1996 711
1996 72
1996 1235
1996 1664
1996 7017
1996 212
1996 4352
1996 1465
1996 9588
1996 681
2257 2353
2257 2552
2257 999
2257 1981
2257 9657
2257 3690
3702 6913
3702 52
3702 3254
3702 56
3702 7
3702 773
3702 1065
3702 68
1314 357
5378 6924
3412 9253
7475 1817
3784 240
7990 1491
7990 5362
7990 1908
7990 2444
1069 5414
7507 1429
13684 1208
8231 908
9333 170
1208 199
1208 3252
1208 2242
1208 2257
1208 2258
1208 2270
1208 2268
1208 2252
4742 4220
10616 686
10616 2664
2270 5414
3221 1549
3221 1185
1208 793
15579 6945
5669 406
5669 408
9521 179
2258 4662
10616 3558
2472 2044
1069 5416
1069 5426
1069 977
1069 5412
1314 5956
1314 11494
7841 5105
14216 2270
6449 1465
2253 2240
2253 10987
7445 7446
2270 977
2270 5412
2270 5416
2270 212
2270 5426
1314 161
1314 955
6796 4255
6796 1538
6796 8809
4891 680
2257 169
2257 10259
2257 1054
1069 1792
300 2256
300 2271
300 2228
300 2238
300 2249
300 2266
300 2254
6615 1624
6615 2472
2242 9144
6584 770
7507 919
3227 2095
3227 438
3227 4374
4914 1431
4914 35
4914 6651
4914 1461
4914 59
4914 68
4914 650
4914 72
4914 6667
4914 64
4914 8901
4914 200
4914 1701
4914 7
4914 7732
4914 49
4914 1065
4914 7241
4914 10011
4914 2443
4914 12626
2472 1465
9319 174
2472 647
3625 49
3817 1742
3817 167
3817 1917
3817 3365
3817 3167
3817 6901
3817 719
5960 13
1149 1057
1149 1408
1149 1070
1149 1173
4925 1118
4925 4380
1061 43
1061 4368
1061 966
1061 1059
1061 2338
1061 13
1061 5426
1061 4374
1061 1069
1061 7743
1061 1067
1061 4380
1061 270
1061 7831
1061 1996
1061 6743
1061 5440
1061 7117
1061 4388
1061 6510
1061 686
1061 69
1061 4371
1061 2544
1061 1062
1061 1650
1061 7742
1061 1208
1061 5576
1061 1157
1061 52
1061 3648
1061 5096
1061 1248
1061 1163
1061 196
1061 12
1061 1056
1061 1470
1061 1071
1061 1072
1061 7832
1061 1165
1061 174
1061 6771
1061 1161
1061 1431
1061 4373
1061 5417
1061 3669
1061 999
1061 1897
1061 63
1061 659
1061 15
1061 4382
1061 1164
1061 4375
1061 5370
1061 3681
1061 3360
1061 2858
1061 30
1061 4367
1061 5425
1061 664
1061 940
1061 1290
1061 1498
1061 672
1061 2349
1061 4370
1061 648
1061 1118
1061 1063
1061 4376
1061 1521
1061 16
1061 103
1061 438
1061 5589
1061 67
1061 4386
1061 2621
1061 335
1061 1628
1061 7017
1061 8436
1061 8041
1061 6834
1061 11555
1061 1137
1061 1759
1061 1643
1061 7
1061 1862
1061 7972
1061 17
1061 6637
1061 911
1061 1363
1061 2656
1061 7267
1061 424
1061 10192
1061 1772
1061 1736
1061 1146
1061 4351
1061 1654
1061 2415
1061 552
1061 9097
1061 1522
1061 5479
6557 13
6557 438
6557 1118
6557 15
6557 3617
6557 4925
6557 770
6557 67
6557 63
3221 1853
2304 278
2472 7793
2472 1860
2472 2651
4661 1459
4661 2458
4661 698
4661 4658
4661 5392
4661 6118
4661 2062
4661 681
4661 7831
4661 2745
4661 2086
1208 90
1208 6978
1208 4733
1208 374
1208 6388
1208 7026
480 7406
2270 1027
5382 648
5382 6264
5382 1415
3773 241
3786 241
6766 686
7709 2592
7709 11096
7709 719
7709 51
7818 1549
7818 15
1314 666
1314 1430
3704 6449
1069 5217
1069 2189
3412 1401
3412 1459
3412 438
3412 4374
3412 1650
3412 11503
3412 1052
3412 6396
3412 55
3412 101
3412 775
4891 2027
4891 7475
4891 7298
4891 5745
4891 75
2258 5415
2258 547
2258 1072
56 1371
56 2027
56 7449
56 5369
56 1186
56 8067
56 3617
56 2379
56 1861
56 150
56 8174
56 7025
56 4368
56 3803
56 39
56 2441
56 5375
56 41
56 13
56 1461
56 3252
56 1864
56 7110
56 811
56 1498
56 4375
56 146
56 240
56 3625
56 47
56 667
56 5839
56 1890
56 48
56 7818
56 4380
56 1467
56 270
56 5370
56 1515
56 4909
56 1996
56 6976
56 7099
56 2107
56 10766
56 1482
56 2859
56 7117
56 1093
56 84
56 4762
56 72
56 10588
56 2157
56 1860
56 1521
56 4388
56 2833
56 4644
56 758
56 1554
56 5376
56 29
56 1455
56 1413
56 1465
56 4748
56 7
56 7480
56 34
56 26
56 8831
56 7929
56 2936
56 4371
56 2544
56 1650
56 282
56 1208
56 17
56 5945
56 3745
56 3360
56 10767
56 52
56 9410
56 724
56 2257
56 2258
56 4258
56 10062
56 7816
56 1248
56 1621
56 2863
56 2268
56 8593
56 196
56 650
56 12
56 2095
56 2242
56 2567
56 4370
56 1470
56 2349
56 1871
56 1872
56 1061
56 4912
56 11
56 1658
56 64
56 4218
56 3109
56 2635
56 27
56 5309
56 1137
56 1082
56 911
56 1110
56 805
56 2004
56 4599
56 1394
56 4374
56 1325
56 6057
56 38
56 662
56 3412
56 1809
56 6165
56 8833
56 42
56 2383
56 4373
56 7520
56 1519
56 5354
56 1087
56 1064
56 8641
56 320
56 1897
56 1522
56 3705
56 63
56 659
56 680
56 15
56 4382
56 1472
56 569
56 6945
56 5544
56 4713
56 5382
56 1422
56 1069
56 1821
56 2252
56 6027
56 1634
56 1070
56 2518
56 1173
56 8657
56 6675
56 7028
56 941
56 3681
56 10366
56 773
56 5939
56 4925
56 1076
56 4917
56 8041
56 2874
56 3685
56 1074
56 30
56 4367
56 2910
56 711
56 940
56 6140
56 35
56 5124
56 1679
56 1653
56 10769
56 2824
56 2053
56 1072
56 5272
56 438
56 2889
56 1118
56 1759
56 8864
56 2352
56 4376
56 10472
56 2599
56 125
56 1102
56 4597
56 594
56 8835
56 51
56 590
56 7429
56 1878
56 513
56 158
56 1696
56 7686
56 59
56 16
56 2189
56 1863
56 4906
56 5426
56 2357
56 14
56 5589
56 2270
56 4257
56 67
56 4386
56 73
56 1701
56 434
56 2621
56 194
56 681
56 1214
56 187
56 8839
56 2316
56 10496
56 6678
56 334
56 1421
56 3248
56 480
56 289
56 1991
56 3588
56 5496
56 8979
56 1868
56 3702
56 15715
56 2152
56 3842
56 1230
56 3097
56 1674
56 631
56 6328
56 15736
56 7972
56 2071
56 7742
56 576
56 952
56 4243
56 633
56 8074
56 785
56 1260
56 4751
56 891
56 2073
56 9576
56 1675
56 5734
56 4548
56 4351
56 1285
56 4808
56 3692
56 2509
56 1899
56 7962
56 14115
56 5351
56 2415
56 1884
56 7388
56 8058
56 11653
56 1128
56 12113
56 6233
56 6099
56 1559
56 1429
56 8553
56 2337
56 280
56 686
56 224
56 69
56 6029
56 4241
56 350
56 12609
56 2395
56 9187
56 5971
56 10380
56 4967
56 6045
56 31
56 2362
56 5412
56 13067
56 555
56 4670
56 8740
56 4222
56 8257
56 5089
56 2615
56 1124
56 1683
56 846
56 6297
56 1831
56 11317
56 5714
56 3455
56 936
56 6272
56 12480
56 12295
56 1383
56 8397
56 4349
56 3112
56 4970
56 2661
56 1462
56 6060
56 7017
56 7467
56 2433
56 3731
56 6048
56 6007
56 1448
56 3327
56 310
56 9665
56 2211
56 861
56 9084
56 7659
56 4553
56 1747
56 2643
56 2050
56 2022
56 2453
56 547
56 2111
56 1431
56 1928
56 6517
56 115
56 3117
56 2858
56 2644
56 3736
56 1065
56 5834
56 147
56 5425
56 4984
56 7517
56 5970
56 2601
56 9290
56 2876
56 3063
56 2470
56 10349
56 788
56 1213
56 8693
56 5702
56 292
56 1624
56 733
56 6917
56 824
56 697
56 647
56 10666
56 7831
56 2176
56 3522
56 1984
56 1994
56 907
56 2169
56 9951
56 14841
56 8305
56 179
56 167
56 1469
56 1252
56 9415
56 1288
56 10638
56 4973
56 1892
56 16838
56 10061
56 6111
56 254
56 10249
56 5639
56 5417
56 2185
56 6570
56 9599
56 53
56 1535
56 1578
56 8537
56 7626
56 6149
56 9201
56 4742
56 8379
56 6108
56 1862
56 8630
56 6196
56 11979
56 9100
56 6470
56 11761
56 9132
56 3690
56 80
56 8466
56 2081
56 1471
56 12625
56 5993
56 7390
56 14738
56 487
12222 438
8231 174
8231 752
1996 3557
1996 16
2270 8339
2270 11628
2270 8945
2270 13966
2270 2400
2270 13853
2270 6665
2270 55
2270 10928
2270 7981
2270 5733
2270 14218
2270 3746
2270 4655
9619 2749
9619 2152
9619 2154
9619 1429
9619 11485
4925 771
5997 1759
5997 29
5997 4269
5997 72
5997 1435
5997 2338
5997 438
5997 125
5997 1065
5997 49
5997 1067
5997 59
5997 629
5997 211
5997 187
5997 2443
5997 67
5997 84
5997 1210
5997 3368
1208 5579
6615 2382
6615 7788
6615 12536
6615 10006
6615 4797
2242 3033
5382 1792
5382 555
4742 13381
4742 7809
4742 8789
4742 5426
3227 1426
3227 28
3227 1435
3227 39
3227 56
3227 1434
3227 1060
3227 1430
3227 1065
3227 1431
3227 1433
3227 68
3227 1429
3227 1428
3227 35
1208 14234
1208 1679
1208 3060
2257 5002
5416 9779
5416 1878
5416 9360
5416 17
5416 8469
5416 12187
758 5619
758 4644
758 5990
758 466
758 5991
758 1908
758 5992
758 56
758 484
758 5881
758 438
758 73
758 757
758 375
758 1064
758 3493
758 3393
758 2617
758 3355
758 2095
758 5978
758 5941
758 1910
758 3165
758 5995
758 5996
758 2071
758 716
758 5982
758 5998
758 4643
758 6000
758 5354
758 10051
8276 3657
8276 1772
8276 5465
8276 303
8276 2229
8276 5494
8276 2262
5368 8258
5368 6464
5368 160
5368 488
5368 2247
5368 2233
5368 6584
5368 2267
5368 988
5368 39
5368 734
5368 3223
1069 41
1167 12
1167 1165
1167 1098
1167 3123
1167 4649
1167 68
9290 276
5619 758
5619 1110
5619 210
5619 4644
5619 1908
5619 1064
5619 3355
5619 9621
5619 1055
5619 2362
5619 10459
2334 2333
2334 2889
1208 4910
1871 3050
1871 1759
1871 29
1871 4269
1871 1428
1871 547
1871 1144
1871 1435
1871 7929
1871 790
1871 56
1871 2338
1871 438
1871 43
1871 7658
1871 125
1871 3368
1871 2600
1871 1065
1871 1522
1871 49
1871 1067
1871 1160
1871 15
1871 59
1871 629
1871 211
1871 187
1871 4906
1871 9241
1871 2443
1871 67
1871 68
1871 84
1871 1173
1871 5373
1871 72
1871 1068
1069 686
1069 1060
1069 1160
4925 2862
4925 2788
4925 12651
4925 7112
4925 10314
4925 10237
4925 6764
4925 2423
4925 8237
3672 370
3672 6650
3672 3685
3672 1689
3672 369
3672 3454
769 196
769 760
769 67
769 7
769 1065
769 36
769 68
7028 56
7028 657
7028 72
7028 39
7028 672
7028 4808
7028 1469
5575 1072
5575 1519
56 14495
480 9386
3625 1892
3625 1627
6510 2086
6510 7764
6510 1521
5379 2995
5379 9032
5379 8611
5379 9543
5379 2860
5379 5816
5379 7260
5379 10859
5379 5289
5379 11588
5379 1911
5379 5746
5379 2862
5379 12585
5379 1415
5379 3464
5379 1470
5379 8772
5379 5191
5379 5378
5379 1134
5379 1706
5379 2350
5379 3172
3248 320
3248 584
3248 16
3248 72
3248 773
3248 35
3248 36
3248 667
3248 56
3248 1065
3248 67
3248 68
1069 1892
1069 208
1069 209
1069 215
1069 216
1069 219
1069 43
1069 199
1069 200
1069 203
1069 202
1069 214
1069 201
1069 205
1069 206
1069 5321
1069 218
7830 1061
7830 18
14648 193
14648 8334
14648 1734
758 2880
7818 7026
3704 1291
887 8143
887 1202
887 11813
2270 192
7142 7932
3784 3779
218 2587
218 2588
218 1878
8604 1208
3817 709
3817 7303
8611 410
8611 174
8611 999
8611 1451
76 3109
76 1076
76 3554
76 1673
76 1642
76 150
76 5657
76 648
76 5653
76 125
76 3333
76 5656
76 1522
76 1684
76 2257
76 15
76 5655
76 5226
76 2252
76 2242
76 936
76 3544
76 2258
76 1675
76 1705
76 651
76 7728
4644 5250
4644 758
4644 5619
4644 1110
4644 5354
4644 1908
4644 56
4644 5978
4644 438
4644 4915
4644 3929
4644 1064
4644 424
4644 2968
4644 1463
4644 5989
4644 3769
4644 761
4644 4643
4644 1210
4644 2903
4644 686
4644 1745
4644 10459
4644 10051
56 6025
5544 650
5544 13
5544 2027
5544 28
5544 56
5544 2171
5544 1675
5544 49
5544 6651
5544 5754
5544 68
5544 13967
5544 1076
5544 686
5544 1431
5544 8740
5544 8704
5544 5138
5544 3412
5544 681
3702 64
4925 147
1157 1070
1157 1057
1157 1173
1157 1061
1157 72
1157 1164
1157 5108
887 2316
1150 611
1150 1173
4925 7520
5619 4530
5619 9249
5619 2084
3227 1892
10890 1065
10890 11239
14219 42
14219 7929
14219 5946
14219 2270
14219 7
14219 14215
14219 1065
14219 8815
14219 67
14219 57
14219 68
14647 686
3625 7788
3625 167
1208 2612
3642 1087
3642 929
3642 3584
3642 2316
1996 1426
1996 805
1996 5242
1996 115
1996 516
1996 11412
1996 53
1996 1433
1996 1611
1996 929
5970 667
6449 3704
6449 3331
6449 3630
6449 3672
6449 3665
6449 3678
6449 3635
4925 1173
4925 2073
4925 7960
4925 1070
4925 1255
4925 3121
4925 7357
4925 2004
4925 3167
4925 2010
4925 1052
7015 187
7015 68
6878 1759
6878 29
6878 4269
6878 72
6878 1435
6878 2338
6878 438
6878 43
6878 125
6878 49
6878 1065
6878 3368
6878 1067
6878 59
6878 629
6878 211
6878 187
6878 9241
6878 2443
6878 67
6878 84
6878 5373
6878 5169
1061 780
7025 56
7025 7267
5932 1429
5932 5934
5932 315
5932 5935
5932 2408
5932 6983
5932 3379
5382 2630
5382 3314
5382 4869
1158 1057
1158 1408
1158 1173
1158 1070
1158 1145
3625 2876
3625 61
3625 1447
6630 6629
6630 6628
6630 1779
6630 6631
6630 6627
6630 276
6630 709
6630 6518
6630 8591
4380 4367
4380 940
4380 72
4380 4374
4380 4368
4380 56
4380 13
4380 4370
4380 4371
4380 1061
4380 4373
4380 1118
4380 43
4380 1498
4380 4376
4380 205
4380 5568
4380 207
4380 1897
4380 63
4380 212
4380 4382
4380 213
4380 1248
4380 5587
4380 4375
4380 12
4380 5417
4380 4386
4380 217
4380 3681
4380 5592
4380 3360
4380 167
4380 4388
4380 35
4380 7
4380 1065
4380 68
4380 67
3719 3718
3719 72
3719 1058
3719 12295
3719 7241
3719 1798
3719 7
3719 1065
3719 67
3719 11956
3719 68
56 9285
56 4643
1861 8807
1861 6064
1152 1057
1152 1408
1152 1173
1152 1070
3635 6475
1069 4662
3406 12
3406 13
3406 63
3406 2242
3406 2258
3406 2257
3406 30
3406 2270
3406 1069
3406 2268
3406 2252
56 5960
2264 8170
1861 7407
1208 2095
1171 1135
9333 28
9333 11573
56 5285
9319 786
8657 56
8657 1461
8657 35
8657 15879
8657 438
8657 7038
8657 7
8657 1065
8657 67
2481 686
7831 1061
7831 4906
7831 1428
7831 16
7831 4661
7831 187
7831 4663
7831 5369
7831 2745
7831 56
7831 1861
5669 680
14996 1864
14996 11118
1861 4965
1861 6012
1861 3045
1861 628
2472 709
7307 408
7307 3521
7307 7499
1637 4600
1637 6541
1637 1333
1637 6259
1637 71
5637 1812
8276 2874
6766 2106
3784 12073
3784 2654
3784 3167
3784 12306
3784 853
9358 192
9642 666
9642 555
9642 622
9642 5506
10725 186
5932 5933
1656 1685
1656 6384
1656 56
1656 724
1656 5939
1656 8265
56 12521
56 1817
56 12007
56 1445
56 14234
56 7015
56 6264
56 7130
13769 9282
6797 2520
6797 8161
6797 5276
6797 4383
6797 174
6797 999
6797 1492
6797 6413
6797 664
6797 666
6797 15033
67 4909
6165 56
12609 56
8437 10000
8437 8665
8437 1429
8437 116
8437 2117
8437 5479
8437 9716
8437 642
69 1759
69 31
69 4599
69 1860
69 72
69 26
69 6099
69 2338
69 14
69 42
69 1061
69 1208
69 1878
69 15
69 1515
69 16
69 1069
69 68
69 1464
69 12
69 1056
69 1072
69 56
69 3366
5541 2458
7990 63
7990 217
7990 212
56 2229
56 2233
56 2251
56 75
56 2262
56 76
56 77
1996 864
1996 820
2243 4402
2243 4404
2243 4405
2243 2111
5412 3617
5412 35
5412 253
5412 13
5412 1118
5412 811
5412 5417
5412 4927
5412 7919
5412 4380
5412 15
5412 4925
5412 72
5412 547
5412 18
5412 3419
5412 647
5412 56
5412 1065
5412 55
5412 1910
5412 67
5412 4824
5412 5575
1177 1173
1177 4885
1840 5183
1840 5039
1840 6293
1840 7792
1840 1649
1840 175
1840 1828
1840 6181
1840 1256
1840 1810
1840 697
1840 7841
1840 240
1840 5970
1840 2472
1840 2640
1840 9565
1840 1039
1840 2335
1840 1333
1840 1817
1840 1013
1840 1098
1840 1821
1840 4824
1840 4891
1840 3593
1840 217
1840 6615
1840 8450
1840 3137
1840 1082
1840 294
1840 5237
1840 4435
1840 8043
1840 1872
1840 91
1840 408
758 4507
758 5994
4891 709
758 10459
8276 13043
13978 680
13978 4988
13978 1624
13978 3540
6945 1434
6945 229
8276 940
5368 1102
5368 7783
5368 18
26 27
26 28
26 29
26 31
26 34
26 35
26 36
26 37
26 38
26 39
26 41
26 13
26 44
26 47
26 48
26 49
26 51
26 52
26 53
26 55
26 56
26 57
26 15
26 59
26 16
26 62
26 64
26 65
26 67
26 68
26 69
26 70
26 71
26 72
26 73
26 74
26 75
26 76
26 77
26 11
26 1065
26 686
26 7
26 9688
5415 12
5415 4251
5415 2257
5415 2258
5415 2270
5415 1069
5415 2252
5415 13
5415 1878
1159 1070
1159 1057
1159 1173
1159 1408
1159 1164
3367 171
3367 13
3367 1461
3367 1291
3367 212
3367 11
3367 18
3367 67
3367 4657
3367 1878
3367 1435
3367 2661
3367 6090
3367 1208
3367 8508
3367 270
3367 16
3367 17
3367 3164
3367 1422
3367 5373
3367 1541
3367 3493
3367 773
5970 265
7390 72
7390 56
12 9868
12 3245
12 2027
12 2319
12 10
12 1333
12 3617
12 150
12 765
12 7915
12 2345
12 1059
12 2338
12 7918
12 3252
12 811
12 6982
12 1069
12 1064
12 667
12 1501
12 207
12 1223
12 2528
12 7680
12 8504
12 7117
12 4380
12 4416
12 9504
12 212
12 2150
12 2270
12 1996
12 3630
12 3254
12 215
12 3635
12 4226
12 2252
12 4824
12 763
12 6343
12 6967
12 2258
12 217
12 198
12 3068
12 11220
12 929
12 3258
12 1137
12 977
12 6969
12 2458
12 3827
12 6305
12 69
12 1325
12 4925
12 1144
12 772
12 11221
12 5275
12 3261
12 5415
12 2257
12 762
12 7979
12 13
12 5198
12 43
12 1650
12 158
12 7742
12 3262
12 4505
12 9060
12 10703
12 95
12 5873
12 1941
12 5095
12 5807
12 213
12 3651
12 2471
12 5418
12 196
12 5417
12 7732
12 1056
12 1470
12 7748
12 2349
12 1252
12 482
12 1100
12 84
12 2995
12 3109
12 3205
12 7146
12 7743
12 2242
12 4726
12 174
12 547
12 1143
12 1908
12 3665
12 1160
12 3269
12 56
12 997
12 42
12 1061
12 698
12 1519
12 9022
12 7267
12 2901
12 229
12 999
12 424
12 2640
12 4847
12 7749
12 3672
12 63
12 55
12 7931
12 3676
12 7833
12 5425
12 771
12 187
12 3276
12 3277
12 67
12 3678
12 5251
12 1009
12 1674
12 7941
12 1281
12 8831
12 4386
12 3282
12 3279
12 78
12 611
12 6981
12 3280
12 3544
12 3685
12 30
12 3281
12 2910
12 2938
12 5370
12 3278
12 2174
12 5583
12 846
12 1072
12 9218
12 1067
12 5584
12 7962
12 1118
12 376
12 659
12 3331
12 3285
12 3231
12 7955
12 2336
12 1167
12 595
12 6984
12 1101
12 2498
12 3288
12 15
12 211
12 270
12 74
12 10784
12 1910
12 5587
12 9069
12 3249
12 14
12 2764
12 3289
12 2713
12 6971
12 5423
12 4662
12 76
12 2274
12 640
12 3057
12 75
12 3704
12 1373
12 1623
12 2441
12 4374
12 7592
12 1163
12 29
12 224
12 2189
12 5968
12 2443
12 1817
12 5360
12 6976
12 1165
12 1060
12 8159
12 7952
12 773
12 4350
12 15695
12 790
12 1683
12 1521
12 7024
11608 4891
10287 8450
10287 3331
10287 3672
7474 519
9333 9334
3704 3540
3704 10172
3704 13634
3704 7629
3704 6264
3704 3157
3704 12642
5959 205
5959 212
5959 5670
5959 2404
15906 72
3406 680
7302 709
5620 5260
5620 1892
5620 1398
5620 153
5620 1064
5620 4435
5620 761
5620 1047
5620 3227
5620 12875
5620 9528
5620 686
5620 419
5620 12502
5620 4528
5620 12061
5620 2827
5620 1558
5620 14919
1208 1683
1208 1682
1208 8845
1208 3625
1208 52
1208 1633
76 4383
76 410
76 752
1167 1057
1167 1173
1167 1408
1167 1070
2258 8426
2258 487
2258 1009
2258 2552
2258 15184
2258 2353
2258 1459
2258 224
2258 1963
2258 101
2258 825
2258 906
5669 410
5669 927
1001 686
76 2599
76 2612
7474 7475
8593 56
8593 39
8593 72
8593 1461
8593 198
8593 1462
8593 2270
3248 5328
2252 14045
3109 56
3109 3534
3109 15
3109 3114
3109 10678
3109 154
3109 150
3109 3110
3109 64
3109 3113
3109 3112
3109 7720
3109 3025
3109 3692
3109 3687
3109 23
3109 212
3109 5423
3109 1210
3109 842
2266 4402
2266 4404
2266 4405
2266 2111
2274 2027
1637 265
3344 4802
3344 2655
3344 225
3344 818
3344 2251
9485 5252
9485 165
8831 196
8831 56
8831 12
8831 13
8831 1461
8831 59
8831 11
8831 72
8831 3167
1162 1070
1162 1057
1162 1173
1162 1140
1162 1408
1162 13969
5621 15133
5621 16003
5621 6548
5621 1440
5621 12783
5621 12926
5621 8462
7445 1488
9757 174
409 1231
409 7104
409 10151
409 403
409 6676
409 122
409 1902
409 2187
409 10711
409 7261
409 411
409 1981
409 1428
409 13257
409 1430
409 282
10178 6514
10178 9836
2247 8959
2247 1701
2247 2479
667 3248
667 860
667 13
667 1864
667 240
667 1902
667 671
667 2152
667 1611
667 217
667 219
667 29
667 224
667 1413
667 4910
667 1208
667 17
667 520
667 2258
667 2343
667 16
667 12
667 1252
667 4912
667 64
667 540
667 4914
667 3839
667 1061
667 661
667 4915
667 1813
667 659
667 764
667 3275
667 2746
667 1422
667 1069
667 773
667 4916
667 4917
667 664
667 4918
667 1492
667 672
667 1072
667 1621
667 3368
667 657
667 4920
667 88
667 604
667 1348
667 2270
667 640
667 18
667 11
667 2605
667 6976
667 6914
667 11555
667 34
667 985
667 5945
667 1106
667 10605
667 2443
667 6632
667 1515
667 1431
667 3412
667 1519
667 63
667 15
667 3184
667 1491
667 438
667 8126
667 158
67 1431
2228 4402
2228 4404
2228 4405
2228 2111
2228 2628
5440 1061
5440 3617
5440 213
5440 205
14106 337
1656 5442
1656 376
1656 7968
5412 11820
15875 17
15875 4925
1141 1070
1141 1057
1141 1173
1141 1798
1141 1408
5956 5503
5956 3123
5956 1578
5956 2520
5956 2024
5956 5276
5956 4820
5956 174
5956 999
15 2027
15 2319
15 1062
15 2808
15 10
15 3617
15 5472
15 26
15 150
15 6964
15 376
15 2345
15 1059
15 6965
15 13
15 3252
15 5426
15 47
15 5568
15 1902
15 3002
15 2528
15 6966
15 4380
15 2809
15 3254
15 763
15 6967
15 6305
15 6968
15 3068
15 3258
15 219
15 505
15 6969
15 2996
15 1091
15 217
15 3642
15 7
15 772
15 3679
15 3176
15 3261
15 3645
15 762
15 6971
15 37
15 43
15 69
15 6499
15 3004
15 5873
15 5592
15 6557
15 6972
15 633
15 3266
15 6973
15 3267
15 3690
15 4847
15 5362
15 6974
15 3109
15 6975
15 3664
15 547
15 1908
15 1104
15 1431
15 3269
15 3839
15 1061
15 5417
15 6977
15 2901
15 2720
15 49
15 63
15 55
15 1102
15 6978
15 3009
15 4713
15 3277
15 67
15 68
15 2305
15 1173
15 1674
15 1281
15 3278
15 3279
15 6981
15 1057
15 1071
15 30
15 3281
15 5425
15 3282
15 1679
15 14
15 765
15 6982
15 3285
15 3231
15 6983
15 6984
15 1160
15 2807
15 211
15 16
15 1151
15 2652
15 438
15 2764
15 2994
15 3289
15 1701
15 2822
15 4849
15 3057
15 3276
15 667
15 1067
15 4925
15 1430
15 5108
15 4777
15 64
15 31
15 8998
15 934
15 6639
15 205
9658 1761
9658 1762
9658 1763
7025 5285
6796 2494
6796 259
5541 31
5541 9845
5541 103
1871 1430
76 1683
76 846
76 2291
76 1633
76 591
76 2270
76 2862
76 1069
76 5654
76 12
76 1073
76 5659
76 2268
2270 5415
2270 1072
2270 270
2270 547
56 1661
56 2776
30 11
30 6149
30 13
30 4374
30 1996
30 7117
30 224
30 1208
30 17
30 196
30 12
30 2349
30 1745
30 7743
30 6349
30 1061
30 63
30 15
30 1069
30 1470
30 5370
30 14
30 1118
30 76
30 3695
30 16
30 438
30 4386
30 75
30 77
30 18
76 5438
5619 5250
5619 424
5619 1909
7024 9253
1061 2779
13725 1426
13725 11412
13725 1611
13725 805
13725 5242
13725 72
13725 929
13725 1433
13725 1650
13725 2501
4891 2320
4891 8642
4891 7842
6945 28
6945 3618
6945 17137
6945 3610
4914 39
4914 56
4914 13
4914 43
1061 1014
1061 1160
1061 8831
1061 707
5272 5096
5272 56
5272 547
5272 59
5272 3617
5272 240
5272 72
5272 47
5272 1698
5272 684
5272 1068
5272 438
5272 8542
5272 2441
5272 67
1423 7014
6976 56
6976 3238
6976 406
6976 314
6976 72
6976 3368
6976 408
6976 2005
6976 7
6976 9042
6976 2189
6976 57
6976 17163
6976 1353
6976 734
6976 240
6976 667
6976 17
6976 1065
6976 158
6976 67
6976 68
6976 9643
6976 2270
6976 12
6976 8608
6976 5986
6976 7349
6976 8773
6976 34
6976 6939
6976 12978
1074 1522
1074 3646
1074 4662
1074 789
1074 433
1074 3284
1074 125
1074 1585
1074 3681
1074 1835
1074 10078
1074 1462
7015 3412
7015 56
3642 908
5417 4460
5417 31
5417 3617
5417 11
5417 4925
5417 7914
5417 5412
5417 38
5417 1059
5417 13
5417 3060
5417 438
5417 1061
5417 1118
5417 1878
5417 4380
5417 15
5417 211
5417 2421
5417 5089
5417 196
5417 7024
5417 4824
5417 576
5417 686
5417 56
5417 240
5417 2399
5417 12
5417 719
1157 1408
7025 8480
409 7929
409 14440
1150 1057
1150 1408
1150 1070
150 56
150 3109
150 13
150 1094
150 1864
150 144
150 15
150 3110
150 2383
150 315
150 154
150 786
150 3112
150 3113
150 3114
150 3588
150 23
150 213
150 5423
150 842
5970 1230
1061 306
1061 7830
1061 3117
1061 192
1061 1679
10901 7969
1061 5685
1061 1423
1061 3763
1061 3759
1061 7833
1061 576
1061 1919
1061 75
1061 76
1061 77
1173 1137
1173 1057
1173 224
1173 1413
1173 1789
1173 1862
1173 11
1173 4599
1173 72
1173 35
1173 3827
1173 3419
1173 39
1173 8910
1173 3412
1173 2338
1173 1809
1173 2257
1173 2242
1173 1061
1173 1151
1173 4344
1173 43
1173 6384
1173 1650
1173 1063
1173 3669
1173 2252
1173 7240
1173 51
1173 229
1173 941
1173 146
1173 63
1173 1067
1173 158
1173 1798
1173 9504
1173 15
1173 1070
1173 2470
1173 2019
1173 2270
1173 6945
1173 1069
1173 2268
1173 68
1173 18
1173 12
1173 424
1173 1831
1173 2258
1173 1871
1173 1072
1173 13
1173 3784
1173 6510
1173 7919
1173 3617
1173 647
1173 1864
1173 270
1173 5679
1173 1144
1173 7354
1173 2421
1173 5808
1173 163
1173 935
1173 1562
1173 6812
1173 4643
1173 1143
1173 54
1173 4179
1173 5648
1173 1164
1173 3045
1173 8426
1173 34
1173 5970
1173 2444
1173 16
1173 2357
7025 18
6557 5592
5276 5503
5276 6797
5276 2520
5276 5956
5276 4383
5276 174
5276 798
5276 999
5276 4673
5276 1845
9290 59
9290 8058
4925 6976
5619 14470
6239 1915
6239 12073
6239 1541
6239 5069
6765 991
6765 686
7815 52
7815 16
7815 72
7815 1435
7815 1129
7815 68
7815 7
7815 3618
7815 38
7815 1065
7815 680
7815 3784
1208 1098
1208 2127
4661 196
4661 1437
4661 2229
4661 2262
4661 2233
4661 2251
1156 1070
1156 1057
1156 1173
1156 1408
1156 1155
1156 7434
5568 492
5568 1465
5568 547
5568 1118
5568 1519
5568 15
5568 3617
5568 6292
5568 240
5568 1064
5568 3368
5568 4380
5568 4925
5568 72
5568 438
5568 47
5568 1065
5568 68
5568 3464
5568 11256
2258 92
2258 5104
2258 497
2258 674
2258 790
2258 3460
2258 6562
2258 3834
2258 50
2258 9195
2258 4916
3625 1208
1871 13947
1871 1998
1871 8650
1871 13064
1871 13983
1871 12405
1871 10616
1871 328
1871 3169
1871 10034
1424 4662
1424 1422
1424 1398
1424 5878
1424 5348
200 1308
200 1307
200 8176
200 4914
200 9688
667 5619
5414 927
15 952
1143 1137
1143 1057
1143 4984
1143 3617
1143 664
1143 983
1143 5877
1143 3419
1143 198
1143 39
1143 3412
1143 2338
1143 1118
1143 47
1143 424
1143 2287
1143 8172
1143 12
1143 16
1143 5968
1143 196
1143 1070
1143 1173
1143 1675
1143 1072
1143 3784
1143 18
1143 2282
2274 4366
2274 166
5943 6073
5943 5941
5943 15510
5943 2258
5943 12298
5412 2338
5412 4909
12544 2559
12544 8680
12544 6062
12544 1429
12544 5220
12544 6627
5412 174
5412 410
3227 1721
3227 1734
3227 7820
3227 8185
5637 1959
14214 2270
14214 13
56 5541
56 6074
1072 28
1072 1058
1072 3617
1072 4368
1072 39
1072 13
1072 4344
1072 1069
1072 667
1072 1065
1072 4380
1072 707
1072 9241
1072 5575
1072 5570
1072 4388
1072 1143
1072 1137
1072 5582
1072 29
1072 224
1072 69
1072 34
1072 1235
1072 1144
1072 4371
1072 1208
1072 52
1072 3412
1072 4777
1072 3784
1072 1248
1072 7937
1072 12
1072 1056
1072 1071
1072 167
1072 64
1072 1165
1072 547
1072 4374
1072 5579
1072 56
1072 1809
1072 3839
1072 1061
1072 4373
1072 5417
1072 3669
1072 49
1072 5574
1072 1897
1072 63
1072 2837
1072 659
1072 4382
1072 3618
1072 1164
1072 1068
1072 4375
1072 68
1072 5070
1072 5581
1072 5585
1072 8641
1072 3681
1072 3360
1072 9242
1072 4367
1072 6639
1072 940
1072 72
1072 1498
1072 672
1072 1092
1072 438
1072 1118
1072 1063
1072 1154
1072 4376
1072 158
1072 59
1072 16
1072 4370
1072 5589
1072 4386
1072 5591
1072 5702
1072 1536
1072 8704
1072 3625
1072 1067
1072 270
1072 5746
1072 1173
1072 7
1072 1430
1072 2443
1072 1078
1072 8300
14646 1426
14646 11412
14646 53
14646 805
14646 2520
14646 1675
14646 1433
14646 1491
1314 9125
1314 12605
1314 11934
1314 697
1314 162
1314 11982
1314 4817
1314 5915
1314 14184
1314 12824
1314 6773
1314 2315
1314 2524
1314 9597
9619 686
1637 3390
5997 686
5544 64
1171 1070
1171 1057
1171 1173
1171 1408
5423 5250
5423 8806
5423 1908
5423 164
5423 424
5423 150
5423 3109
5423 9303
5423 1881
5423 16569
5423 1242
5423 3009
5423 5031
5382 1426
5382 39
5382 28
5382 1434
5382 1060
5382 1429
5382 1430
5382 1065
5382 1431
5382 1433
5382 68
72 15903
72 14287
72 2520
72 13010
72 14288
72 1040
72 11823
72 1017
72 11542
72 10364
72 2427
72 9424
72 12563
7937 1072
12 5414
1809 1137
1809 1413
1809 983
1809 308
1809 5970
1809 310
1809 1864
1809 49
1809 1208
1809 17
1809 5096
1809 3674
1809 158
1809 3303
1809 2470
1809 1163
1809 3010
1809 632
1809 611
1809 2379
1809 194
1809 3640
1809 9592
1809 4743
1809 9593
1809 7133
1809 6666
1809 1160
1809 8716
1809 1478
1809 2443
1809 5584
1809 14520
1809 3725
1768 8975
7507 12678
7507 7890
7507 11512
2635 56
2635 2520
2635 4820
2635 1325
2635 1065
2635 1890
2635 3671
2635 5436
2635 5503
56 1617
56 2675
56 1622
56 4369
56 1553
56 632
56 10768
56 4914
56 5656
56 276
56 61
56 8491
56 1825
56 3344
56 4217
75 3109
75 1076
75 3554
75 5344
75 651
75 1673
75 1642
75 3617
75 150
75 9187
75 846
75 2291
75 2242
75 648
75 18
75 5653
75 125
75 3811
75 3333
75 5656
75 4366
75 1522
75 1684
75 2257
75 591
75 1992
75 15
75 5655
75 9486
75 570
75 6365
75 5226
75 1069
75 2252
75 12
75 8057
75 3252
75 936
75 5252
75 6880
75 3544
75 2258
75 5659
75 1675
75 64
75 1705
75 5657
75 5652
75 13281
75 2282
75 6504
1145 1158
758 11449
758 7070
758 4074
758 8328
758 11219
3652 3684
3652 2679
2270 4883
15903 10460
8276 15
8276 2251
14735 1337
14735 11302
14735 2597
14735 8680
14735 1428
14735 13027
14735 2217
14735 9731
14735 4780
14735 6608
5412 9185
5412 1415
5997 192
5997 622
7467 1461
7467 72
7467 56
7467 67
9658 28
9658 7048
5619 2227
5619 8328
5619 7070
5619 11970
5619 11219
5619 4074
5619 11449
5619 14471
5619 10051
1871 1535
5541 1649
1424 2080
1424 2073
4644 5779
1067 12
1067 13
1067 5997
1067 1056
1067 4885
1067 1061
1067 1173
1067 1062
1067 1070
1067 1871
1067 1872
1067 1057
1067 1408
1067 1860
1067 6878
1067 4925
1067 1864
1067 3617
1067 1861
1067 68
1067 1137
1067 38
1067 1208
1067 23
1067 15
1067 9253
1067 1072
56 3584
5541 3167
5544 8159
3109 6986
26 3368
67 4917
67 4912
2243 4403
2243 4406
63 11
63 4368
63 6149
63 13
63 3695
63 4376
63 4374
63 4375
63 47
63 4366
63 1996
63 7849
63 7117
63 2169
63 4388
63 504
63 224
63 78
63 4371
63 2544
63 1062
63 1208
63 17
63 7868
63 6557
63 1248
63 196
63 12
63 5578
63 2349
63 1745
63 7743
63 31
63 547
63 6349
63 3412
63 1061
63 4370
63 1064
63 1897
63 4367
63 15
63 4382
63 1069
63 1173
63 5370
63 3681
63 3360
63 1470
63 30
63 940
63 1498
63 1118
63 4380
63 1878
63 16
63 438
63 67
63 4386
63 75
63 76
63 5592
63 77
63 3223
63 18
63 3625
63 667
63 1228
3817 56
9808 1541
9808 848
3367 217
3367 205
1840 631
1840 3317
1840 942
1840 3318
758 43
758 1110
758 5993
758 5509
758 5250
758 5934
758 5423
758 5999
409 4825
409 3423
1167 1092
7028 686
4925 18
10890 7241
10890 5315
10890 1892
5575 1692
17111 10653
3252 11
3252 72
3252 35
3252 39
3252 56
3252 13
3252 75
3252 15
3252 59
3252 16
3252 771
3252 3662
3252 12
3252 5070
3252 10052
3252 6031
3252 6272
3252 18
3252 2360
3252 664
3252 1288
3252 179
3252 589
3252 17
3252 1065
3252 2717
3252 7
3252 68
409 6098
5619 4350
14219 7241
14219 6823
14647 1426
14647 11412
14647 2027
14647 1432
14647 4582
14647 1433
14647 3717
14647 2501
1023 20
1023 842
2472 5547
2472 4563
2472 6615
9521 12474
2477 918
2477 908
12 5426
12 5416
12 5412
14646 4798
1871 4965
1871 3045
1177 1057
1177 1408
1177 1070
2161 5260
2161 174
2161 410
2161 5259
2161 1451
2161 10605
3248 288
667 3637
667 125
667 1522
2256 315
2256 4402
2256 4404
2256 4405
2256 2111
769 745
7028 2749
7028 664
2264 196
15 2362
1140 319
1140 1070
1140 1057
1140 1173
1140 1162
1140 1408
1140 1153
7025 2552
7025 5700
5932 11161
5932 7943
5932 3416
5688 8986
5688 7941
5688 1430
5688 983
5688 3341
5688 4378
5688 580
5688 7517
5688 9514
5688 8462
5688 6134
5688 3289
5688 3807
5978 4644
5978 758
13016 3379
13016 12738
13016 13137
3109 16
9504 12
9504 1070
9504 1164
9504 1173
9504 1069
3719 4670
3719 724
3719 667
5556 72
769 3637
1435 4917
1435 7815
1435 1860
1435 5382
1435 1862
1435 8845
1435 790
1435 5375
1435 13
1435 14
1435 2242
1435 1864
1435 1061
1435 4374
1435 153
1435 3625
1435 2252
1435 1868
1435 2257
1435 3412
1435 2258
1435 15
1435 1616
1435 2024
1435 2270
1435 708
1435 6878
1435 709
1435 1422
1435 1069
1435 2268
1435 438
1435 12
1435 6945
1435 1871
1435 5997
1435 4912
1435 7818
1435 187
1435 1861
1435 6510
1435 3367
1435 680
3248 1010
3248 50
1152 5469
1152 11412
1152 2027
1152 28
1152 2144
1152 1611
1152 516
1152 2258
1152 929
1152 72
1152 2451
1152 2501
3696 7430
5544 59
8835 56
8835 72
8835 6548
8835 1440
1166 1070
1166 1057
1166 1173
1166 1063
1166 1408
1166 1161
3109 2659
3109 3111
3412 3669
8611 1231
8611 3790
2266 4403
2266 4406
7024 13
7024 1878
7024 15
9642 1434
9642 1426
9642 736
4644 2227
4644 8328
4644 11449
4644 7070
4644 11970
4644 11219
4644 4074
4644 14471
4644 5423
667 321
5544 3142
5544 14
4891 6293
4891 1624
4891 5547
4891 3420
4891 10562
4891 5456
56 7005
56 10333
56 1556
56 11077
56 409
3344 187
8657 2435
56 1231
56 3551
56 3817
56 1339
56 934
56 220
56 2358
56 532
56 261
56 2214
56 10051
56 5449
56 830
56 7652
56 1804
56 1712
56 4668
56 5497
56 394
56 859
56 1396
56 243
56 244
56 833
56 1636
56 1641
56 6656
56 4582
56 2384
2632 7262
2632 2590
2632 8727
2632 1539
2632 1333
2632 5538
2632 7977
2632 5051
2632 4878
2632 8464
2632 2036
2632 3148
2632 693
2632 4345
2632 8728
2632 8729
2632 1694
2632 1080
2632 3694
2632 4673
2632 8730
2632 2336
2632 411
2632 171
2632 426
2632 8731
2632 3063
2632 4776
2632 1440
2632 8732
2632 7289
2632 3164
2632 1890
2632 4797
2632 1469
2632 801
2632 1817
2632 4891
2632 2413
2632 1673
2632 6200
2632 4461
2632 5974
2632 5450
2632 7151
2632 64
2632 6140
2632 790
2632 3028
2632 2335
2632 1255
2632 8462
2632 3191
2632 1533
2632 6744
3227 3390
2338 3617
2338 69
2338 1860
2338 1861
2338 1143
2338 1862
2338 1871
2338 38
2338 1061
2338 2337
2338 15
2338 12
2338 1869
2338 771
2338 6878
2338 1910
2338 1069
2338 68
2338 1070
2338 9358
2338 1173
2338 5997
2338 4925
2338 72
2338 647
2338 41
2338 1065
2338 7305
2338 1164
2338 67
2338 4824
2338 13
150 64
7307 413
667 2242
667 1684
667 1642
667 1673
667 2257
667 2268
667 651
667 2252
218 2003
218 1138
218 146
218 2589
2228 4403
2228 4406
14647 4461
9757 2432
9757 5261
9757 1469
9757 11058
3842 56
3842 10220
3842 1701
3842 8040
3842 4523
76 5541
76 268
76 5544
8611 1667
76 246
76 645
76 9485
76 1013
76 4251
4644 622
4644 5934
4644 2173
4644 4350
5544 76
8655 2280
8655 8914
8655 35
8655 718
5544 4
5544 1951
75 2372
1001 433
12222 6108
12222 56
12222 16197
12222 11568
12222 16230
12222 1869
12222 314
12222 72
12222 35
12222 39
12222 746
12222 2636
1173 5584
5556 1833
15 1118
1424 64
200 4396
6239 410
6239 174
1208 78
10043 10656
10043 10044
667 2277
9290 12503
9290 12341
9290 3327
9290 5145
9290 1246
9290 10400
9290 12405
9290 2375
9290 8951
3669 1057
3669 1144
3669 13
3669 1461
3669 1462
3669 1061
3669 1063
3669 1465
3669 2258
3669 1070
3669 2270
3669 6945
3669 1069
3669 2252
3669 196
3669 12
3669 1173
3669 198
3669 1072
3669 681
3669 1459
3669 1246
3669 6396
3669 10299
3669 12230
7025 1429
7025 59
5932 14444
30 6086
30 6103
30 37
30 65
30 70
12 6468
2249 4402
2249 4404
2249 2111
2249 4405
2249 11956
7302 2883
7302 5682
7302 693
5641 1812
5641 5500
1208 1990
1208 6260
1208 1185
1208 5108
1208 5375
1208 2035
1208 12957
1208 173
1208 1408
1208 4600
1208 3759
1208 1414
1208 12606
1208 5827
1208 9242
1208 1549
1208 1435
1208 2839
1208 5592
1996 394
1996 1469
6630 1804
5412 680
6293 1840
6293 1333
6293 2335
6293 1621
6293 6348
6293 2472
6293 5328
6293 3314
6293 1416
6293 1079
6293 268
6293 653
6293 4869
7306 709
7306 1129
7306 6033
7306 8101
7306 572
7306 2009
7306 3486
7306 3316
2477 2204
4380 1650
4380 215
10055 8006
10055 5584
10055 8005
3719 686
3719 1056
3719 2337
3719 6975
3719 4777
3719 4910
17163 6976
3700 2951
1996 9253
5414 7305
7981 72
7981 6609
7981 629
7981 187
7981 35
7981 4906
7981 7
7981 179
7981 2073
7981 1535
7981 158
7981 9552
7981 68
7981 1252
7981 2435
5039 4460
5039 1413
5039 5599
5039 4996
5039 3420
5039 3818
5039 5694
5039 2595
5039 3722
5039 3750
5039 2381
5039 2458
5039 3687
5039 1621
5039 4999
5039 4345
5039 784
5039 4551
5039 3590
5039 2297
5039 6943
5039 1818
5039 1910
5039 10228
5039 5007
5039 4640
5039 1124
5039 3525
5039 5008
5039 1202
5039 1252
5039 5010
5039 929
5039 1448
5039 391
5039 647
5039 9872
5039 3528
5039 1092
5039 205
5039 2900
5039 55
5039 13187
5039 10459
5039 1098
5039 7611
5039 1658
5039 5702
16838 56
1862 8198
1862 1181
1862 8034
1862 29
1862 4269
1862 7216
1862 72
1862 4910
1862 1435
1862 7929
1862 8199
1862 1856
1862 2338
1862 13
1862 5930
1862 8200
1862 3368
1862 1065
1862 49
1862 1160
1862 211
1862 629
1862 59
1862 2162
1862 2443
1862 67
1862 6933
1862 1173
1862 5373
1862 773
1862 187
1862 820
1862 84
1862 686
1862 56
1862 1061
1862 6272
208 4440
208 4373
208 8176
208 7308
1840 2488
1840 4670
1840 975
1840 4784
7015 2338
7015 438
7015 72
7015 4965
7015 4269
7015 211
7015 125
7015 1210
7015 2443
7015 3045
3617 3137
3617 1371
3617 11
3617 1408
3617 547
3617 1143
3617 56
3617 2845
3617 13
3617 14
3617 434
3617 4373
3617 1118
3617 811
3617 4374
3617 5592
3617 205
3617 5568
3617 17
3617 207
3617 424
3617 1464
3617 8171
3617 1868
3617 1522
3617 8172
3617 54
3617 1067
3617 41
3617 6557
3617 212
3617 213
3617 5272
3617 1164
3617 438
3617 5440
3617 7024
3617 12
3617 5417
3617 4803
3617 61
3617 217
3617 1675
3617 75
3617 55
3617 47
3617 7310
3617 711
3617 240
3617 52
3617 67
3617 7
3617 1173
6878 4965
6878 3045
4663 5879
4663 9998
4663 981
4663 2062
4663 1459
4663 2458
4663 698
4663 5392
4663 2251
4663 1481
4663 2745
4663 7468
4663 2693
4663 2262
4663 4658
4663 9520
4663 7831
4663 196
4663 1415
4663 10424
4663 9310
4663 174
4663 1437
4663 8484
4663 14754
4663 1921
4663 6958
4663 5595
4663 14718
4663 10769
4663 831
4663 2086
4663 13
4663 5163
4663 723
4663 2270
4663 6830
4663 708
4663 8463
4663 149
4663 1639
4663 15201
4663 9069
6367 4435
6367 2853
6367 39
6367 3316
13978 3559
13978 1426
13978 11412
13978 1368
13978 1864
13978 5242
13978 72
13978 516
1173 2377
1173 8998
1173 940
2635 3591
7831 5214
5417 2879
77 2658
77 1642
77 1076
77 3109
77 150
77 1684
77 3554
77 2242
77 648
77 5653
77 125
77 3544
77 3333
77 2252
77 1522
77 9187
77 2257
77 15
77 2270
77 1197
77 1069
77 12
77 936
77 1673
77 2258
77 5659
77 1675
77 2268
77 1705
77 5657
77 651
77 7416
77 1605
77 686
77 3075
77 7258
77 11747
77 2354
77 3457
77 1019
77 15391
77 5888
1118 3617
1118 4368
1118 13
1118 1069
1118 4374
1118 5568
1118 207
1118 8172
1118 4380
1118 212
1118 1996
1118 7117
1118 217
1118 4388
1118 4371
1118 6557
1118 213
1118 1248
1118 196
1118 12
1118 1470
1118 2349
1118 167
1118 408
1118 7743
1118 1143
1118 56
1118 1061
1118 4373
1118 5417
1118 1897
1118 63
1118 4382
1118 4375
1118 940
1118 3681
1118 3360
1118 6140
1118 30
1118 4367
1118 5370
1118 72
1118 35
1118 1498
1118 4370
1118 4376
1118 438
1118 4386
1118 7
1118 64
1118 1078
1118 11371
1118 1065
1118 67
1072 1522
1072 125
5276 1017
17111 2599
1069 78
758 4374
6667 13
6667 4914
4380 3240
2238 4402
2238 4404
2238 2111
2238 4405
150 2659
150 3111
9868 12
9868 13
9868 4925
9868 1069
9868 3368
12 14993
12 7813
12 138
12 312
7831 517
7815 1415
8554 1677
8554 625
8554 1618
8554 1631
8554 1401
8554 709
1069 476
1069 7914
1069 12476
1069 4375
1069 4807
1069 1632
1069 671
1069 632
1069 9657
1069 1376
1069 9391
1069 303
1069 1185
1069 6029
1069 790
1069 1647
1069 1650
1069 2779
1069 314
1069 829
1069 528
1069 1772
1069 633
1069 1196
1069 1658
1069 9744
1069 2353
1069 12814
1069 7616
1069 839
1069 3540
1069 484
1069 569
1069 2035
1069 3366
1069 12480
1069 11238
1069 3567
1069 8481
1069 5465
1069 1930
1069 14
1069 434
1069 3451
1069 3452
1069 3453
1069 622
1069 594
1069 513
1069 4370
1069 12492
1069 2384
1069 1706
2632 1492
2443 1860
2443 1861
2443 1862
2443 5997
2443 13
2443 1061
2443 8325
2443 8382
2443 1869
2443 6878
2443 1871
2443 1137
2443 27
2443 4914
2443 664
2443 288
2443 647
2443 672
2443 661
2443 666
2443 125
2443 5945
2443 667
2443 5541
2443 1809
2443 9241
2443 4777
2443 1069
2443 16627
2443 12
2443 1072
1173 4917
1173 1422
1173 4912
7304 2054
7304 57
7304 681
7304 8685
7304 7401
7304 13482
7304 2063
7304 12175
7304 3521
7830 1522
7830 13
7830 125
2254 4402
2254 4404
2254 2111
2254 4405
2254 2951
3248 55
3248 534
5619 438
5619 4374
5619 2095
10178 9318
10178 9507
1063 3412
1063 1070
1063 2458
1063 27
1063 1056
1063 42
1063 1963
1063 1173
1063 1408
1063 1789
1063 1166
1063 1072
1063 1061
1063 240
1063 1057
1063 1161
1063 1975
1063 3669
1063 3327
1070 1137
1070 3721
1070 7268
1070 1413
1070 1789
1070 868
1070 3827
1070 1675
1070 1161
1070 3176
1070 3412
1070 41
1070 2458
1070 1061
1070 1151
1070 1063
1070 240
1070 229
1070 224
1070 2640
1070 13
1070 3669
1070 52
1070 2257
1070 1160
1070 158
1070 1102
1070 9504
1070 1798
1070 2338
1070 2270
1070 1809
1070 1163
1070 5089
1070 2661
1070 1069
1070 2268
1070 2252
1070 7024
1070 12
1070 1831
1070 1056
1070 1172
1070 1173
1070 42
1070 2258
1070 4824
1070 1072
1070 611
1070 34
1070 1175
1070 6048
1070 71
1070 2036
1070 9602
1070 6939
1070 1114
1070 14937
1070 15174
1070 9922
3651 2522
3651 775
3651 3583
3651 38
3651 2458
3651 5900
3651 288
3651 125
3651 1086
3651 8018
3651 6386
3651 3584
3651 10114
3651 3133
3651 2316
3651 540
9642 10812
9642 2293
2270 78
2632 12612
75 2599
75 2612
1156 158
11799 1129
9642 4537
7424 1649
7424 2612
7424 1013
3331 10287
3331 171
3331 6475
7831 192
7831 8218
2270 7914
2270 12476
2270 4807
2270 11063
2270 2353
2270 999
2270 12479
5412 41
200 2586
1172 1070
1172 158
1172 1173
1172 1057
1172 1408
1172 5209
1172 1164
1172 2951
1515 1059
1515 56
1515 10132
1515 10378
1515 1058
1515 212
1515 3718
1515 3117
1515 35
1515 3368
1515 3060
1515 69
1515 18
1515 5654
1515 8901
1515 11
1515 7
1515 7929
1515 667
1515 1065
1515 68
1515 5080
1515 2923
4661 7468
1072 316
9400 408
9400 999
9400 686
9400 7988
9400 8121
9400 7839
9400 13226
9400 7920
9400 5768
9400 9966
11303 2792
11303 72
11303 2791
15773 4667
69 4808
69 657
8593 8945
8593 178
8593 3352
8593 11256
438 10952
438 28
438 1140
438 1333
438 3617
438 11
438 480
438 1860
438 1861
438 39
438 13
438 1462
438 1150
438 1155
438 1429
438 1177
438 240
438 3117
438 47
438 1065
438 1156
438 1868
438 2270
438 1996
438 1162
438 1175
438 7117
438 4824
438 436
438 1176
438 1178
438 4644
438 758
438 1139
438 1428
438 78
438 1144
438 772
438 1161
438 1430
438 7742
438 1208
438 17
438 3375
438 5514
438 1459
438 1157
438 52
438 1143
438 2257
438 2258
438 6557
438 1146
438 1163
438 1147
438 1169
438 196
438 12
438 1170
438 1470
438 5997
438 1072
438 1745
438 1174
438 6878
438 1426
438 7743
438 31
438 1165
438 7789
438 1408
438 547
438 4374
438 1145
438 38
438 1431
438 5579
438 56
438 1148
438 6078
438 1060
438 1149
438 7520
438 5417
438 1151
438 1064
438 3321
438 1158
438 1159
438 1152
438 1963
438 15
438 187
438 1164
438 1069
438 68
438 1167
438 1168
438 1070
438 1171
438 1172
438 1173
438 1061
438 35
438 1677
438 4366
438 1057
438 30
438 5425
438 1141
438 5370
438 5474
438 1435
438 63
438 2349
438 1434
438 55
438 1118
438 1465
438 1063
438 1154
438 264
438 3368
438 846
438 1694
438 1160
438 59
438 1067
438 16
438 1433
438 5587
438 1166
438 1871
438 1869
438 4386
438 1153
438 611
438 681
438 18
438 842
438 6868
438 6414
438 3230
438 5568
438 7017
438 212
438 5479
438 6834
438 1521
438 1137
438 1759
438 2189
438 2544
438 2113
438 2443
438 1474
438 3625
438 999
438 667
438 5096
438 1102
438 1772
438 1820
438 1068
438 8657
438 3191
438 576
438 6402
438 13314
438 72
438 6651
438 5694
438 10010
438 5970
438 1469
438 5592
438 5842
438 158
438 5272
438 1003
438 9339
438 2671
438 6272
1905 1907
1905 1291
1905 1908
1905 1910
1905 424
1905 1911
1905 1912
1905 2071
1905 1002
1905 3464
12232 8801
12232 1108
12232 3133
12232 6290
12232 746
6765 1337
300 2255
300 2263
300 2248
300 2236
300 6023
3367 1062
10044 10043
1862 781
1165 1137
1165 31
1165 1104
1165 38
1165 1072
1165 42
1165 1061
1165 1151
1165 240
1165 424
1165 7960
1165 1070
1165 1169
1165 196
1165 1167
1165 12
1165 3366
1165 71
1165 1173
1165 1872
1165 68
1165 18
1165 2613
1840 1373
1840 1686
1840 1704
1840 2463
1840 4876
1840 1624
1840 4885
1840 2467
1840 1658
1840 711
1840 4619
1840 1647
1840 434
1840 681
1840 1706
1072 30
15 71
1424 6037
10839 3068
4663 2679
5412 438
5412 211
5657 5252
5657 165
5657 2902
5657 686
667 680
1840 647
1023 174
75 8426
75 4762
75 49
6797 1578
6797 192
6797 5956
6797 2024
1143 1408
6797 9493
5637 35
667 7229
667 3719
26 1759
26 3060
26 8281
1064 1231
1064 4644
1064 758
1064 5619
1064 11551
1064 1110
1064 31
1064 9776
1064 18
1064 5573
1064 2174
1064 6099
1064 772
1064 790
1064 4345
1064 8490
1064 56
1064 13
1064 438
1064 2381
1064 4374
1064 146
1064 5568
1064 3368
1064 224
1064 1065
1064 2297
1064 3375
1064 3227
1064 3281
1064 59
1064 16
1064 5620
1064 9358
1064 63
1064 7938
1064 68
1064 2152
1064 12
1064 424
1064 1469
1064 1056
1064 38
1064 5592
1064 675
1064 4226
1064 10488
1064 4227
1064 1138
1064 7941
1064 10859
1064 5663
1064 10000
1064 5250
1064 4225
1064 606
1064 2989
7390 686
9758 572
9758 1311
1859 196
1859 5096
1859 3116
1859 485
1859 1461
1859 1462
1859 1160
1859 2927
1859 198
1859 72
1859 1065
1859 3627
1859 10371
1859 2889
1859 5375
1859 7285
1859 49
1859 5271
1859 1319
1859 7012
75 2862
75 1683
75 1633
75 2270
75 5654
75 1073
75 2268
12 58
12 4602
12 3060
17 3245
17 7912
17 8826
17 10
17 7913
17 5871
17 5472
17 251
17 3249
17 3250
17 482
17 5375
17 13
17 7918
17 3252
17 843
17 1775
17 4374
17 3625
17 47
17 667
17 6871
17 6966
17 7024
17 3355
17 7450
17 2150
17 10816
17 7451
17 4591
17 3617
17 9837
17 2026
17 7452
17 763
17 6967
17 6305
17 6968
17 3258
17 3287
17 9557
17 1137
17 6969
17 8756
17 29
17 3118
17 6693
17 772
17 37
17 3261
17 5729
17 6450
17 9060
17 762
17 5163
17 11472
17 1160
17 2071
17 11242
17 7742
17 3263
17 1208
17 52
17 2257
17 2258
17 7935
17 5873
17 3163
17 5993
17 12
17 2621
17 1864
17 1071
17 3267
17 1202
17 4847
17 1174
17 1937
17 6974
17 408
17 7105
17 3205
17 291
17 2095
17 5133
17 7922
17 1718
17 3269
17 5608
17 1809
17 3271
17 2901
17 6972
17 424
17 7373
17 6403
17 63
17 55
17 8129
17 2569
17 6978
17 3275
17 3276
17 3277
17 1069
17 2252
17 1674
17 7625
17 1281
17 3278
17 773
17 3279
17 5676
17 4682
17 4916
17 3280
17 171
17 1919
17 30
17 3281
17 3282
17 72
17 35
17 1679
17 1572
17 10673
17 846
17 11473
17 438
17 765
17 6982
17 11474
17 8024
17 3285
17 3231
17 6983
17 6984
17 4927
17 11240
17 11241
17 3288
17 11243
17 11244
17 2521
17 4909
17 14
17 2270
17 2764
17 3289
17 6347
17 3254
17 16394
17 6868
17 11555
17 12764
17 7
17 2164
17 15875
17 4576
17 2415
17 285
17 41
17 6976
17 596
17 2991
17 8228
17 8641
17 10416
17 16
17 2005
17 7017
17 1335
17 6883
17 367
17 1798
17 3050
17 1431
17 4876
17 3367
17 8666
17 6791
17 7680
17 12007
17 2082
17 15293
17 9953
17 1079
17 16924
17 2492
17 27
17 1061
17 1897
17 3419
17 10999
17 1521
17 6764
17 2704
5412 998
5688 1945
5412 3551
5412 43
4925 3109
4925 1061
4925 7308
4925 1072
75 5438
7789 68
7789 790
7789 438
7789 5022
7789 2767
7789 8159
11703 3265
11703 3159
10287 1701
10646 1666
10646 1996
10646 4824
10646 35
1840 3316
1840 1492
1840 268
1840 12
1840 2333
1840 192
270 2027
270 6732
270 547
270 56
270 13
270 3004
270 2242
270 1061
270 1519
270 47
270 125
270 1208
270 2252
270 1522
270 2257
270 2258
270 16
270 5587
270 1069
270 2268
270 68
270 2270
270 12
270 1072
270 576
270 681
270 4925
270 1462
270 3367
1208 5469
1208 9576
1208 1954
1208 7218
1208 5217
1208 2621
1208 9021
1208 16281
1208 2010
1208 11308
1208 6563
1208 9679
1208 8641
1208 55
1208 3277
1208 8436
7025 5288
4914 667
56 5620
56 3227
56 5619
56 5379
56 5378
1072 1792
4644 2095
4644 4374
3625 1426
3625 38
3625 3375
2335 8450
2335 5183
2335 2996
2335 709
2335 631
2335 2632
2335 5051
2335 5538
2335 4866
2335 1325
2335 306
2335 647
2335 9237
2335 6293
2335 6736
2335 175
2335 1828
2335 5547
2335 5106
2335 1092
2335 2458
2335 179
2335 6060
2335 4803
2335 3317
2335 3420
2335 790
2335 1207
2335 6518
2335 5107
2335 2472
2335 5108
2335 7842
2335 1624
2335 6489
2335 9238
2335 158
2335 1840
2335 1333
2335 5746
2335 5158
2335 64
2335 6733
2335 1098
2335 942
2335 1890
2335 1469
2335 4824
2335 4891
2335 5456
2335 9239
2335 1673
2335 2333
2335 1658
2335 6615
2335 2857
2335 5702
2335 4893
2335 1186
2335 1638
2335 1695
2335 13262
2335 2358
2335 2433
2335 2889
2335 2467
2335 490
2335 1651
2335 4643
2335 911
2335 1664
2335 1480
2335 10192
2335 5847
2335 7354
2335 5808
2335 3762
2335 3685
2335 1698
2335 1653
2335 1686
2335 1704
2335 264
2335 1690
2335 2463
2335 2647
2335 51
2335 596
2335 2518
2335 11653
5932 2916
5932 5442
26 30
26 42
26 43
26 45
26 50
26 58
26 60
26 63
26 12
26 18
5415 5163
1159 192
6584 264
3367 2127
204 3621
204 58
204 212
204 1401
204 3537
204 2444
204 9396
204 4649
204 8074
204 9168
1860 1759
1860 29
1860 31
1860 69
1860 72
1860 7914
1860 1144
1860 1435
1860 7929
1860 7658
1860 38
1860 1059
1860 56
1860 2338
1860 438
1860 125
1860 3368
1860 1065
1860 49
1860 1067
1860 1160
1860 4269
1860 211
1860 629
1860 59
1860 187
1860 4392
1860 9241
1860 2443
1860 5225
1860 67
1860 84
1860 404
1860 7407
1860 5373
1860 10416
1860 18
1860 6394
63 6086
63 6103
63 37
63 65
63 70
2265 10221
2095 28
2095 1140
2095 1625
2095 39
2095 13
2095 1150
2095 264
2095 1429
2095 1177
2095 47
2095 1065
2095 68
2095 1156
2095 1175
2095 1176
2095 1178
2095 758
2095 1139
2095 1428
2095 1144
2095 1161
2095 1430
2095 17
2095 3375
2095 1157
2095 1163
2095 1147
2095 1169
2095 1170
2095 1174
2095 1426
2095 1165
2095 1408
2095 1143
2095 1145
2095 1431
2095 56
2095 1148
2095 1060
2095 1149
2095 1166
2095 3321
2095 1158
2095 1159
2095 1152
2095 187
2095 1164
2095 1167
2095 1168
2095 1070
2095 1171
2095 1172
2095 1173
2095 1057
2095 1141
2095 35
2095 1434
2095 1146
2095 1435
2095 1067
2095 1063
2095 1154
2095 1155
2095 1416
2095 3368
2095 1694
2095 1160
2095 1433
2095 5451
2095 1151
2095 1153
2095 1162
2095 611
2095 18
2095 842
2095 4910
2095 1387
12 2541
12 1994
12 2651
12 1794
12 4179
12 1840
8641 1072
8641 56
8641 13
8641 67
8641 576
8641 17
3252 1246
3252 4461
12 26
12 2595
12 200
12 208
12 209
12 216
12 2222
12 219
12 3327
12 685
12 2581
12 3389
12 52
12 612
12 164
12 962
12 2278
12 199
12 7938
12 202
12 203
12 201
12 214
12 6979
12 205
12 206
12 218
12 5321
1563 1564
1563 978
1563 1565
1563 1566
1563 1567
1563 253
1563 686
1563 12645
1563 3622
1563 10741
1563 4429
1563 709
1145 1057
1145 1408
1145 1173
1145 1070
2616 7836
2616 14139
2616 334
2616 5421
2616 6925
2616 1429
2616 11852
2616 1511
2616 9714
1435 76
1435 75
1435 77
1153 319
1153 1070
1153 1057
1153 1173
1153 1140
1153 1408
1153 158
1905 7743
1905 492
488 25
488 5647
488 3370
488 16371
4374 28
4374 1140
4374 3617
4374 11
4374 4368
4374 39
4374 13
4374 2242
4374 1150
4374 264
4374 1498
4374 1069
4374 240
4374 3117
4374 47
4374 1065
4374 2252
4374 1156
4374 1067
4374 4380
4374 2270
4374 1996
4374 1162
4374 1175
4374 7117
4374 4388
4374 1176
4374 1143
4374 1139
4374 1428
4374 1144
4374 772
4374 4371
4374 1145
4374 1430
4374 1208
4374 17
4374 1157
4374 2257
4374 2258
4374 1248
4374 1163
4374 1147
4374 1169
4374 2268
4374 196
4374 12
4374 1170
4374 4370
4374 1470
4374 1072
4374 1149
4374 1174
4374 1429
4374 1426
4374 7743
4374 1165
4374 1408
4374 1178
4374 1161
4374 1431
4374 56
4374 1148
4374 1060
4374 1061
4374 4373
4374 1151
4374 1064
4374 1897
4374 404
4374 1158
4374 1159
4374 1152
4374 4367
4374 4382
4374 187
4374 1469
4374 1164
4374 4375
4374 68
4374 1167
4374 1168
4374 1070
4374 1171
4374 1172
4374 1173
4374 810
4374 940
4374 3681
4374 3360
4374 4925
4374 1155
4374 1057
4374 30
4374 3281
4374 1141
4374 5370
4374 35
4374 1434
4374 63
4374 2349
4374 1435
4374 1745
4374 1118
4374 1063
4374 1154
4374 4376
4374 3368
4374 1146
4374 1878
4374 1160
4374 4831
4374 16
4374 1433
4374 5587
4374 1166
4374 438
4374 607
4374 4386
4374 1153
4374 5848
4374 611
4374 18
4374 1177
4374 842
4374 3376
4374 7017
4374 394
4374 1455
4374 2189
4374 4322
4374 1246
4374 13314
4374 6771
4374 1677
5620 4602
2379 56
2379 1809
2379 2027
2379 55
2379 29
2379 2211
2379 761
2379 72
2379 35
2379 1679
2379 8593
2379 10718
2379 7
2379 2071
2379 6175
2379 5970
2379 1664
2379 9233
2379 1690
2379 1065
2379 68
2379 187
2379 5663
2379 67
2379 4251
2379 1686
2379 773
2379 1704
2379 12187
1809 1792
7308 2586
7308 6078
7308 200
7308 206
7308 1065
7308 208
7308 4847
7815 7972
7815 10459
8593 1469
14702 2951
3252 207
3252 213
3252 217
6976 2203
6976 3030
6976 14277
758 28
758 1426
758 1428
758 1429
758 1435
758 39
758 1434
758 1060
758 1065
758 1431
758 1433
758 68
758 1430
758 35
4644 772
5584 5096
5584 1137
5584 12
5584 2415
5584 1069
5584 1809
5584 6277
5584 2943
730 166
730 68
730 8159
3109 5934
2472 1336
2472 13336
2395 1762
2395 2396
2395 1761
2395 2397
2395 35
2395 56
2395 825
2338 5412
2338 4909
9319 7720
9319 23
11546 8375
1069 8667
1069 7402
1069 4786
1069 73
203 8665
203 5252
203 10648
56 4366
1061 13494
5382 5737
5382 1044
5382 1185
5382 5716
5382 2860
5382 10280
5382 2815
5382 7069
5382 7260
5382 12560
5382 671
5382 3669
5382 2286
5382 1933
5382 2415
5382 13328
5382 5884
5382 12
5382 7691
5382 1052
5382 2862
5382 4385
5382 2035
5382 9100
5382 14720
5382 1202
5382 2701
5382 11554
3344 2395
5619 28
5619 1426
5619 35
5619 39
5619 1434
5619 1431
5619 56
5619 1435
5619 1060
5619 1430
5619 1065
5619 1428
5619 1433
5619 68
5619 1429
8831 1465
8831 1061
667 3326
5592 3617
5592 11
5592 72
5592 1682
5592 63
5592 13
5592 1519
5592 1064
5592 5576
5592 1066
5592 4380
5592 15
5592 4251
5592 5586
5592 3680
5592 4824
5592 1674
5592 1745
5592 4925
5592 7
5592 438
5592 67
5592 68
5592 576
5620 6382
5620 2075
5620 708
5620 630
5620 1401
2256 4403
2256 4406
1061 4220
1070 4344
2264 1465
6239 680
13669 1549
13669 1246
13669 2055
13669 8775
13669 12707
13669 6470
13669 631
13669 10456
13669 11014
13669 1933
13669 4461
13669 6277
13669 14758
13669 6545
13669 10917
13669 11285
7815 179
409 9661
6557 7286
1173 6516
1173 2416
7485 4759
2247 890
2247 544
2247 8170
667 686
667 6210
667 2488
75 254
75 3039
5611 5612
5611 2270
5611 13
1140 1816
3109 3410
5440 686
5440 2592
1072 1146
2270 66
2270 5411
2270 690
2270 5413
2270 5418
2270 5419
2270 5420
2270 5421
2270 5422
2270 574
2270 4859
2270 5424
2270 718
2270 5425
2270 8800
2270 6375
2270 3252
2270 14213
2270 2919
2270 2020
2270 3634
2270 7526
2270 975
2270 5680
2270 674
2270 2726
2270 6200
2270 73
2270 2410
2270 14217
2270 12175
2270 8727
2270 2795
2270 13996
2270 12152
2270 11956
5423 1909
2481 1337
2481 12198
9358 8399
9358 10000
9358 13311
9358 1745
15 5579
15 5287
15 3683
15 147
15 1072
8174 56
8174 13
8174 14
8174 16
8174 2717
8174 47
8174 3368
8174 647
8174 187
8174 640
8174 38
8174 224
8174 1013
8174 72
8174 1624
8174 1434
8174 1650
8174 340
8174 2297
8174 1535
8174 430
8174 88
8174 4906
8174 1098
8174 2152
8174 280
3344 56
3344 3337
3344 3339
3344 72
1162 1072
5621 1060
1160 1057
1160 1859
1160 11
1160 1408
1160 1860
1160 1861
1160 1862
1160 1863
1160 1864
1160 1865
1160 1866
1160 1867
1160 17
1160 1868
1160 15
1160 1070
1160 1869
1160 13
1160 1870
1160 12
1160 1173
1160 1871
1160 1872
1160 1137
1160 2282
1160 1809
1160 2433
1160 1615
5568 1387
11703 686
1435 4925
2632 3819
2297 1703
2297 1769
2297 1678
2297 224
2297 4237
2297 631
2297 1413
2297 1472
2297 217
2297 5679
2297 2282
2297 647
2297 1653
2297 1624
2297 417
2297 2381
2297 1646
2297 1092
2297 716
2297 1098
2297 225
2297 3317
2297 1621
2297 3803
2297 4322
2297 3685
2297 4246
2297 398
2297 1064
2297 1666
2297 6295
2297 2298
2297 1380
2297 4999
2297 1692
2297 2152
2297 3085
2297 3590
2297 1242
2297 3458
2297 680
2297 1501
2297 1480
2297 5000
2297 1210
2297 2302
2297 2300
2297 1691
2297 3744
2297 2357
2297 1482
2297 942
2297 650
2297 1469
2297 434
2297 5039
2297 6299
2297 1701
2297 7449
2297 2287
2297 1387
2297 4345
2297 3087
2297 5010
2297 2315
2297 1658
2297 929
2297 64
2297 1232
2297 1706
2297 1628
2297 4350
2297 9001
2297 8174
2297 3622
2297 5426
2297 3135
2297 3385
2297 8989
2297 3690
2297 1119
2297 55
2297 10459
2297 6948
2297 10498
2297 3313
2297 5587
2297 5702
1062 63
1062 1061
1062 15
1062 1067
1062 547
1062 3368
1062 1910
1062 18
1062 55
1062 68
1062 1440
1062 5694
7954 31
7954 3060
7954 18
7954 13
7954 52
5956 1314
3787 241
3787 3781
15 487
15 270
15 6074
15 146
15 9086
15 11383
15 3060
15 8276
15 1121
15 3038
1171 1140
67 1435
67 698
67 1087
67 2745
67 5108
2240 2253
1860 2897
2247 5934
667 146
667 4921
7732 12
7732 13
7732 1069
7732 576
7732 1979
7732 7047
7732 4914
2247 1622
667 3535
667 3254
667 3223
667 1209
667 1010
667 2311
667 35
667 1213
2338 2586
1563 615
5375 5376
5375 5377
5375 11
5375 5124
5375 1435
5375 56
5375 14
5375 17
5375 5067
5375 1897
5375 3327
5375 13
5375 5379
5375 5089
5375 404
5375 755
5375 2556
5375 5380
5375 18
5375 5381
5375 5382
5375 12702
5375 12261
5375 2343
5375 1864
5375 9716
5375 4366
5375 2152
5375 4381
5375 8190
5375 9552
5375 6748
5375 2375
5375 2021
5375 9100
5375 9065
5375 8293
5375 1859
5375 3040
5375 762
5375 3340
5375 1242
5375 2864
5375 1469
5375 145
5375 9343
5375 2520
5375 1498
5375 9086
5375 5075
5375 1772
5375 9232
5375 6108
5375 10000
5375 2858
5375 4367
5375 1387
5375 155
5375 9046
5375 2415
5375 4370
5375 10685
14310 1428
14310 12077
14310 12635
14310 6552
14310 12093
14310 991
14310 755
14310 12094
14310 853
14310 1615
30 5934
30 576
199 6196
199 9182
199 9189
199 4252
199 9190
199 1912
199 2071
199 6655
199 2062
5541 13427
1996 1549
1996 1373
1996 12295
1996 5425
1996 12198
1996 512
1996 15280
1996 6280
1996 7979
1996 110
1996 622
1996 1202
1996 2076
1996 1658
1996 1210
1996 1376
1996 434
1996 5374
1056 27
1056 1057
1056 31
1056 1058
1056 69
1056 547
1056 38
1056 1059
1056 13
1056 1061
1056 1063
1056 1064
1056 1066
1056 1067
1056 12
1056 1069
1056 68
1056 1070
1056 1071
1056 1072
1056 12073
1056 1539
1056 853
1056 10702
1056 12077
1056 5121
1056 1208
1056 4777
1056 12093
1056 6552
3702 4916
3702 38
63 7761
56 267
5956 6797
5956 927
15 2308
15 2997
15 2595
15 6970
15 685
15 2745
15 164
15 962
15 50
15 6979
15 3580
15 18
5417 16
1118 41
5440 3584
77 2599
77 2612
5568 7934
56 5701
56 112
56 2719
56 11712
56 3454
56 4579
56 6622
56 441
56 3087
56 5810
56 1672
56 11108
56 6413
56 1706
56 16837
56 4832
30 2242
30 2072
30 2073
30 207
30 9485
30 208
30 3030
30 2599
30 212
30 215
30 3333
30 216
30 5252
30 217
30 165
30 2082
30 2083
30 1591
30 2315
30 219
30 2070
30 4925
30 1862
30 9588
30 6512
30 2544
30 726
30 666
30 320
30 2257
30 2258
30 2079
30 213
30 1772
30 5657
30 6299
30 3544
30 2081
30 579
30 2492
30 199
30 200
30 2069
30 6732
30 1076
30 673
30 202
30 662
30 661
30 110
30 670
30 2076
30 1522
30 2297
30 148
30 214
30 2252
30 1675
30 78
30 656
30 663
30 1074
30 201
30 664
30 35
30 671
30 3674
30 209
30 1621
30 5653
30 264
30 205
30 206
30 5093
30 203
30 2078
30 125
30 669
30 1210
30 668
30 1898
30 665
30 218
30 1705
30 5374
8608 9187
8608 6976
8608 8159
4925 7007
3669 5328
1137 1136
1137 2144
1137 1413
1137 980
1137 1165
1137 5968
1137 982
1137 1143
1137 308
1137 5970
1137 997
1137 1864
1137 5972
1137 1650
1137 229
1137 1208
1137 17
1137 5096
1137 158
1137 159
1137 3303
1137 59
1137 2470
1137 1809
1137 5584
1137 1163
1137 3010
1137 1142
1137 1069
1137 4824
1137 16
1137 12
1137 5976
1137 1786
1137 1072
1137 611
1137 194
1137 5618
1137 983
1137 1067
1137 5526
1137 2883
1137 12993
1137 2494
1137 13485
1137 4743
1137 2148
1137 2151
1137 2443
1137 6503
1137 14256
1137 1061
1137 7133
1137 14303
1137 7835
1137 6666
1137 7241
1137 10837
1137 9592
1137 10473
1137 438
1137 1160
5417 1014
5417 5095
5417 681
3718 3719
3718 1515
8604 8603
1809 9115
12 4656
2379 6512
4644 1426
4644 28
4644 35
4644 1434
4644 1431
4644 1060
4644 1430
4644 1065
4644 39
4644 1435
4644 1428
4644 1433
4644 68
4644 1429
328 3559
328 5003
328 28
328 1368
328 7902
328 680
328 6829
328 15047
328 1871
328 10797
328 72
328 1491
10249 56
6293 1098
6293 1469
14212 2270
150 6986
150 5934
75 13065
75 9380
75 13982
75 2741
75 10749
2338 1118
2338 4380
7306 943
5285 664
5285 8102
5285 57
5285 3049
5285 6503
5285 4320
5285 68
1423 809
1423 147
1423 9001
1423 3341
