0.5 0.003134796238244514
0.3333333333333333 0.003134796238244514
0.25 0.003134796238244514
0.3333333333333333 0.006269592476489028
0.2857142857142857 0.006269592476489028
0.25 0.006269592476489028
0.2 0.006269592476489028
0.16666666666666666 0.006269592476489028
0.13333333333333333 0.006269592476489028
0.11764705882352941 0.006269592476489028
0.10526315789473684 0.006269592476489028
0.09523809523809523 0.006269592476489028
0.08695652173913043 0.006269592476489028
0.08333333333333333 0.006269592476489028
0.07692307692307693 0.006269592476489028
0.07142857142857142 0.006269592476489028
0.06896551724137931 0.006269592476489028
0.06451612903225806 0.006269592476489028
0.0625 0.006269592476489028
0.06060606060606061 0.006269592476489028
0.058823529411764705 0.006269592476489028
0.05555555555555555 0.006269592476489028
0.05405405405405406 0.006269592476489028
0.05128205128205128 0.006269592476489028
0.04878048780487805 0.006269592476489028
0.047619047619047616 0.006269592476489028
0.046511627906976744 0.006269592476489028
0.044444444444444446 0.006269592476489028
0.041666666666666664 0.006269592476489028
0.04 0.006269592476489028
0.0392156862745098 0.006269592476489028
0.03773584905660377 0.006269592476489028
0.037037037037037035 0.006269592476489028
0.03571428571428571 0.006269592476489028
0.034482758620689655 0.006269592476489028
0.03389830508474576 0.006269592476489028
0.03278688524590164 0.006269592476489028
0.03225806451612903 0.006269592476489028
0.03125 0.006269592476489028
0.03076923076923077 0.006269592476489028
0.029850746268656716 0.006269592476489028
0.028985507246376812 0.006269592476489028
0.028169014084507043 0.006269592476489028
0.027777777777777776 0.006269592476489028
0.02702702702702703 0.006269592476489028
0.02631578947368421 0.006269592476489028
0.02564102564102564 0.006269592476489028
0.025 0.006269592476489028
0.024390243902439025 0.006269592476489028
0.023809523809523808 0.006269592476489028
0.023529411764705882 0.006269592476489028
0.022988505747126436 0.006269592476489028
0.02247191011235955 0.006269592476489028
0.02197802197802198 0.006269592476489028
0.021739130434782608 0.006269592476489028
0.021505376344086023 0.006269592476489028
0.021052631578947368 0.006269592476489028
0.020833333333333332 0.006269592476489028
0.020618556701030927 0.006269592476489028
0.02040816326530612 0.006269592476489028
0.020202020202020204 0.006269592476489028
0.02 0.006269592476489028
0.019801980198019802 0.006269592476489028
0.019417475728155338 0.006269592476489028
0.019230769230769232 0.006269592476489028
0.01904761904761905 0.006269592476489028
0.018867924528301886 0.006269592476489028
0.018691588785046728 0.006269592476489028
0.018518518518518517 0.006269592476489028
0.01834862385321101 0.006269592476489028
0.01818181818181818 0.006269592476489028
0.018018018018018018 0.006269592476489028
0.017857142857142856 0.006269592476489028
0.017543859649122806 0.006269592476489028
0.017391304347826087 0.006269592476489028
0.017094017094017096 0.006269592476489028
0.01680672268907563 0.006269592476489028
0.016666666666666666 0.006269592476489028
0.01652892561983471 0.006269592476489028
0.01639344262295082 0.006269592476489028
0.016260162601626018 0.006269592476489028
0.016129032258064516 0.006269592476489028
0.016 0.006269592476489028
0.015873015873015872 0.006269592476489028
0.015748031496062992 0.006269592476489028
0.015625 0.006269592476489028
0.015384615384615385 0.006269592476489028
0.015267175572519083 0.006269592476489028
0.015151515151515152 0.006269592476489028
0.015037593984962405 0.006269592476489028
0.014814814814814815 0.006269592476489028
0.014705882352941176 0.006269592476489028
0.014598540145985401 0.006269592476489028
0.014492753623188406 0.006269592476489028
0.014285714285714285 0.006269592476489028
0.014184397163120567 0.006269592476489028
0.014084507042253521 0.006269592476489028
0.013986013986013986 0.006269592476489028
0.013888888888888888 0.006269592476489028
0.013793103448275862 0.006269592476489028
0.013605442176870748 0.006269592476489028
0.013422818791946308 0.006269592476489028
0.013333333333333334 0.006269592476489028
0.019736842105263157 0.009404388714733543
0.01935483870967742 0.009404388714733543
0.01910828025477707 0.009404388714733543
0.0189873417721519 0.009404388714733543
0.018867924528301886 0.009404388714733543
0.01875 0.009404388714733543
0.018633540372670808 0.009404388714733543
0.018404907975460124 0.009404388714733543
0.01818181818181818 0.009404388714733543
0.017964071856287425 0.009404388714733543
0.01775147928994083 0.009404388714733543
0.01764705882352941 0.009404388714733543
0.01744186046511628 0.009404388714733543
0.017341040462427744 0.009404388714733543
0.017142857142857144 0.009404388714733543
0.01694915254237288 0.009404388714733543
0.016853932584269662 0.009404388714733543
0.01675977653631285 0.009404388714733543
0.016666666666666666 0.009404388714733543
0.016574585635359115 0.009404388714733543
0.01639344262295082 0.009404388714733543
0.016216216216216217 0.009404388714733543
0.016042780748663103 0.009404388714733543
0.015873015873015872 0.009404388714733543
0.021052631578947368 0.012539184952978056
0.020833333333333332 0.012539184952978056
0.02072538860103627 0.012539184952978056
0.020618556701030927 0.012539184952978056
0.020512820512820513 0.012539184952978056
0.02040816326530612 0.012539184952978056
0.02030456852791878 0.012539184952978056
0.020202020202020204 0.012539184952978056
0.02 0.012539184952978056
0.019801980198019802 0.012539184952978056
0.0196078431372549 0.012539184952978056
0.01951219512195122 0.012539184952978056
0.019417475728155338 0.012539184952978056
0.01932367149758454 0.012539184952978056
0.019138755980861243 0.012539184952978056
0.01904761904761905 0.012539184952978056
0.018867924528301886 0.012539184952978056
0.018779342723004695 0.012539184952978056
0.018691588785046728 0.012539184952978056
0.018604651162790697 0.012539184952978056
0.018518518518518517 0.012539184952978056
0.018433179723502304 0.012539184952978056
0.01834862385321101 0.012539184952978056
0.0182648401826484 0.012539184952978056
0.01818181818181818 0.012539184952978056
0.01809954751131222 0.012539184952978056
0.018018018018018018 0.012539184952978056
0.017937219730941704 0.012539184952978056
0.017857142857142856 0.012539184952978056
0.017777777777777778 0.012539184952978056
0.017699115044247787 0.012539184952978056
0.01762114537444934 0.012539184952978056
0.017543859649122806 0.012539184952978056
0.017467248908296942 0.012539184952978056
0.017316017316017316 0.012539184952978056
0.017241379310344827 0.012539184952978056
0.017167381974248927 0.012539184952978056
0.01702127659574468 0.012539184952978056
0.01694915254237288 0.012539184952978056
0.016877637130801686 0.012539184952978056
0.016736401673640166 0.012539184952978056
0.016666666666666666 0.012539184952978056
0.01652892561983471 0.012539184952978056
0.01646090534979424 0.012539184952978056
0.01639344262295082 0.012539184952978056
0.0163265306122449 0.012539184952978056
0.016260162601626018 0.012539184952978056
0.016194331983805668 0.012539184952978056
0.01606425702811245 0.012539184952978056
0.016 0.012539184952978056
0.01593625498007968 0.012539184952978056
0.015810276679841896 0.012539184952978056
0.015748031496062992 0.012539184952978056
0.015625 0.012539184952978056
0.015503875968992248 0.012539184952978056
0.015384615384615385 0.012539184952978056
0.01532567049808429 0.012539184952978056
0.015267175572519083 0.012539184952978056
0.015209125475285171 0.012539184952978056
0.015151515151515152 0.012539184952978056
0.01509433962264151 0.012539184952978056
0.015037593984962405 0.012539184952978056
0.0149812734082397 0.012539184952978056
0.014925373134328358 0.012539184952978056
0.014814814814814815 0.012539184952978056
0.014705882352941176 0.012539184952978056
0.014652014652014652 0.012539184952978056
0.014598540145985401 0.012539184952978056
0.014545454545454545 0.012539184952978056
0.01444043321299639 0.012539184952978056
0.014388489208633094 0.012539184952978056
0.014336917562724014 0.012539184952978056
0.014285714285714285 0.012539184952978056
0.014234875444839857 0.012539184952978056
0.014184397163120567 0.012539184952978056
0.014134275618374558 0.012539184952978056
0.014084507042253521 0.012539184952978056
0.013986013986013986 0.012539184952978056
0.013937282229965157 0.012539184952978056
0.01384083044982699 0.012539184952978056
0.013793103448275862 0.012539184952978056
0.013745704467353952 0.012539184952978056
0.0136986301369863 0.012539184952978056
0.013651877133105802 0.012539184952978056
0.013605442176870748 0.012539184952978056
0.013513513513513514 0.012539184952978056
0.013468013468013467 0.012539184952978056
0.013377926421404682 0.012539184952978056
0.013333333333333334 0.012539184952978056
0.013289036544850499 0.012539184952978056
0.013245033112582781 0.012539184952978056
0.013201320132013201 0.012539184952978056
0.013157894736842105 0.012539184952978056
0.013114754098360656 0.012539184952978056
0.013029315960912053 0.012539184952978056
0.012987012987012988 0.012539184952978056
0.012944983818770227 0.012539184952978056
0.012861736334405145 0.012539184952978056
0.01597444089456869 0.01567398119122257
0.01910828025477707 0.018808777429467086
0.01904761904761905 0.018808777429467086
0.0189873417721519 0.018808777429467086
0.01892744479495268 0.018808777429467086
0.018867924528301886 0.018808777429467086
0.018808777429467086 0.018808777429467086
0.018691588785046728 0.018808777429467086
0.018633540372670808 0.018808777429467086
0.018575851393188854 0.018808777429467086
0.018461538461538463 0.018808777429467086
0.01834862385321101 0.018808777429467086
0.0182370820668693 0.018808777429467086
0.01812688821752266 0.018808777429467086
0.018018018018018018 0.018808777429467086
0.017964071856287425 0.018808777429467086
0.017857142857142856 0.018808777429467086
0.017804154302670624 0.018808777429467086
0.01775147928994083 0.018808777429467086
0.01764705882352941 0.018808777429467086
0.017595307917888565 0.018808777429467086
0.01749271137026239 0.018808777429467086
0.01744186046511628 0.018808777429467086
0.017391304347826087 0.018808777429467086
0.01729106628242075 0.018808777429467086
0.017241379310344827 0.018808777429467086
0.017142857142857144 0.018808777429467086
0.017094017094017096 0.018808777429467086
0.017045454545454544 0.018808777429467086
0.0169971671388102 0.018808777429467086
0.016901408450704224 0.018808777429467086
0.016853932584269662 0.018808777429467086
0.01680672268907563 0.018808777429467086
0.01675977653631285 0.018808777429467086
0.016713091922005572 0.018808777429467086
0.016666666666666666 0.018808777429467086
0.016574585635359115 0.018808777429467086
0.016483516483516484 0.018808777429467086
0.01639344262295082 0.018808777429467086
0.016304347826086956 0.018808777429467086
0.016260162601626018 0.018808777429467086
0.016129032258064516 0.018808777429467086
0.016042780748663103 0.018808777429467086
0.016 0.018808777429467086
0.015915119363395226 0.018808777429467086
0.015873015873015872 0.018808777429467086
0.0158311345646438 0.018808777429467086
0.015789473684210527 0.018808777429467086
0.015748031496062992 0.018808777429467086
0.015706806282722512 0.018808777429467086
0.015665796344647518 0.018808777429467086
0.015625 0.018808777429467086
0.015544041450777202 0.018808777429467086
0.015463917525773196 0.018808777429467086
0.015384615384615385 0.018808777429467086
0.015306122448979591 0.018808777429467086
0.015267175572519083 0.018808777429467086
0.015228426395939087 0.018808777429467086
0.015189873417721518 0.018808777429467086
0.015151515151515152 0.018808777429467086
0.01507537688442211 0.018808777429467086
0.015 0.018808777429467086
0.014962593516209476 0.018808777429467086
0.014925373134328358 0.018808777429467086
0.01488833746898263 0.018808777429467086
0.01485148514851485 0.018808777429467086
0.014814814814814815 0.018808777429467086
0.014778325123152709 0.018808777429467086
0.014742014742014743 0.018808777429467086
0.014669926650366748 0.018808777429467086
0.014598540145985401 0.018808777429467086
0.014527845036319613 0.018808777429467086
0.014492753623188406 0.018808777429467086
0.014423076923076924 0.018808777429467086
0.014388489208633094 0.018808777429467086
0.014354066985645933 0.018808777429467086
0.014285714285714285 0.018808777429467086
0.014251781472684086 0.018808777429467086
0.014184397163120567 0.018808777429467086
0.014150943396226415 0.018808777429467086
0.01411764705882353 0.018808777429467086
0.014084507042253521 0.018808777429467086
0.01405152224824356 0.018808777429467086
0.013986013986013986 0.018808777429467086
0.013953488372093023 0.018808777429467086
0.013921113689095127 0.018808777429467086
0.013888888888888888 0.018808777429467086
0.013856812933025405 0.018808777429467086
0.013824884792626729 0.018808777429467086
0.013793103448275862 0.018808777429467086
0.013761467889908258 0.018808777429467086
0.013729977116704805 0.018808777429467086
0.0136986301369863 0.018808777429467086
0.01366742596810934 0.018808777429467086
0.013636363636363636 0.018808777429467086
0.013605442176870748 0.018808777429467086
0.013574660633484163 0.018808777429467086
0.013544018058690745 0.018808777429467086
0.01348314606741573 0.018808777429467086
0.013452914798206279 0.018808777429467086
0.013422818791946308 0.018808777429467086
0.013392857142857142 0.018808777429467086
0.013363028953229399 0.018808777429467086
0.013333333333333334 0.018808777429467086
0.013303769401330377 0.018808777429467086
0.01327433628318584 0.018808777429467086
0.013245033112582781 0.018808777429467086
0.013215859030837005 0.018808777429467086
0.013186813186813187 0.018808777429467086
0.013157894736842105 0.018808777429467086
0.013100436681222707 0.018808777429467086
0.013071895424836602 0.018808777429467086
0.013043478260869565 0.018808777429467086
0.013015184381778741 0.018808777429467086
0.012987012987012988 0.018808777429467086
0.01293103448275862 0.018808777429467086
0.012903225806451613 0.018808777429467086
0.012875536480686695 0.018808777429467086
0.01284796573875803 0.018808777429467086
0.01282051282051282 0.018808777429467086
0.01276595744680851 0.018808777429467086
0.014861995753715499 0.0219435736677116
0.01694915254237288 0.025078369905956112
0.016877637130801686 0.025078369905956112
0.016842105263157894 0.025078369905956112
0.01680672268907563 0.025078369905956112
0.016736401673640166 0.025078369905956112
0.016701461377870562 0.025078369905956112
0.016666666666666666 0.025078369905956112
0.016632016632016633 0.025078369905956112
0.016597510373443983 0.025078369905956112
0.016563146997929608 0.025078369905956112
0.016494845360824743 0.025078369905956112
0.01642710472279261 0.025078369905956112
0.01639344262295082 0.025078369905956112
0.016359918200409 0.025078369905956112
0.0163265306122449 0.025078369905956112
0.016293279022403257 0.025078369905956112
0.016227180527383367 0.025078369905956112
0.016194331983805668 0.025078369905956112
0.01609657947686117 0.025078369905956112
0.01603206412825651 0.025078369905956112
0.016 0.025078369905956112
0.017964071856287425 0.02821316614420063
0.017928286852589643 0.02821316614420063
0.017892644135188866 0.02821316614420063
0.017857142857142856 0.02821316614420063
0.01782178217821782 0.02821316614420063
0.017786561264822136 0.02821316614420063
0.01775147928994083 0.02821316614420063
0.017716535433070866 0.02821316614420063
0.01768172888015717 0.02821316614420063
0.01764705882352941 0.02821316614420063
0.01761252446183953 0.02821316614420063
0.017578125 0.02821316614420063
0.017543859649122806 0.02821316614420063
0.017509727626459144 0.02821316614420063
0.017475728155339806 0.02821316614420063
0.01744186046511628 0.02821316614420063
0.017408123791102514 0.02821316614420063
0.017374517374517374 0.02821316614420063
0.017341040462427744 0.02821316614420063
0.01730769230769231 0.02821316614420063
0.01727447216890595 0.02821316614420063
0.017241379310344827 0.02821316614420063
0.01717557251908397 0.02821316614420063
0.017142857142857144 0.02821316614420063
0.017077798861480076 0.02821316614420063
0.017045454545454544 0.02821316614420063
0.017013232514177693 0.02821316614420063
0.01694915254237288 0.02821316614420063
0.016885553470919325 0.02821316614420063
0.016853932584269662 0.02821316614420063
0.016822429906542057 0.02821316614420063
0.016791044776119403 0.02821316614420063
0.01675977653631285 0.02821316614420063
0.016728624535315983 0.02821316614420063
0.016697588126159554 0.02821316614420063
0.016666666666666666 0.02821316614420063
0.0166358595194085 0.02821316614420063
0.016605166051660517 0.02821316614420063
0.016574585635359115 0.02821316614420063
0.016544117647058824 0.02821316614420063
0.01651376146788991 0.02821316614420063
0.016483516483516484 0.02821316614420063
0.016453382084095063 0.02821316614420063
0.016423357664233577 0.02821316614420063
0.01639344262295082 0.02821316614420063
0.016363636363636365 0.02821316614420063
0.016333938294010888 0.02821316614420063
0.016304347826086956 0.02821316614420063
0.0162748643761302 0.02821316614420063
0.016245487364620937 0.02821316614420063
0.016216216216216217 0.02821316614420063
0.01618705035971223 0.02821316614420063
0.01615798922800718 0.02821316614420063
0.016129032258064516 0.02821316614420063
0.016100178890876567 0.02821316614420063
0.01607142857142857 0.02821316614420063
0.016042780748663103 0.02821316614420063
0.01601423487544484 0.02821316614420063
0.015985790408525755 0.02821316614420063
0.015957446808510637 0.02821316614420063
0.015901060070671377 0.02821316614420063
0.015873015873015872 0.02821316614420063
0.01584507042253521 0.02821316614420063
0.017543859649122806 0.03134796238244514
0.019230769230769232 0.034482758620689655
0.020942408376963352 0.03761755485893417
0.02264808362369338 0.04075235109717868
0.022608695652173914 0.04075235109717868
0.024305555555555556 0.0438871473354232
0.025996533795493933 0.047021943573667714
0.025951557093425604 0.047021943573667714
0.027633851468048358 0.050156739811912224
0.029310344827586206 0.05329153605015674
0.03098106712564544 0.05642633228840126
0.03264604810996564 0.05956112852664577
0.032590051457975985 0.05956112852664577
0.032534246575342464 0.05956112852664577
0.03247863247863248 0.05956112852664577
0.032423208191126277 0.05956112852664577
0.03236797274275979 0.05956112852664577
0.03231292517006803 0.05956112852664577
0.03225806451612903 0.05956112852664577
0.03220338983050847 0.05956112852664577
0.032148900169204735 0.05956112852664577
0.03209459459459459 0.05956112852664577
0.03204047217537943 0.05956112852664577
0.03367003367003367 0.06269592476489028
0.03529411764705882 0.06583072100313479
0.03691275167785235 0.06896551724137931
0.038525963149078725 0.07210031347962383
0.04013377926421405 0.07523510971786834
0.03993344425956739 0.07523510971786834
0.03980099502487562 0.07523510971786834
0.03966942148760331 0.07523510971786834
0.039603960396039604 0.07523510971786834
0.039538714991762765 0.07523510971786834
0.039473684210526314 0.07523510971786834
0.03940886699507389 0.07523510971786834
0.03934426229508197 0.07523510971786834
0.03927986906710311 0.07523510971786834
0.03915171288743882 0.07523510971786834
0.03908794788273615 0.07523510971786834
0.03896103896103896 0.07523510971786834
0.03889789303079417 0.07523510971786834
0.038834951456310676 0.07523510971786834
0.03877221324717286 0.07523510971786834
0.03870967741935484 0.07523510971786834
0.03858520900321544 0.07523510971786834
0.038461538461538464 0.07523510971786834
0.038338658146964855 0.07523510971786834
0.03821656050955414 0.07523510971786834
0.03815580286168521 0.07523510971786834
0.03803486529318542 0.07523510971786834
0.0379746835443038 0.07523510971786834
0.037914691943127965 0.07523510971786834
0.03779527559055118 0.07523510971786834
0.03767660910518053 0.07523510971786834
0.03761755485893417 0.07523510971786834
0.0375 0.07523510971786834
0.0374414976599064 0.07523510971786834
0.037383177570093455 0.07523510971786834
0.03732503888024884 0.07523510971786834
0.037209302325581395 0.07523510971786834
0.03715170278637771 0.07523510971786834
0.037037037037037035 0.07523510971786834
0.03697996918335902 0.07523510971786834
0.036923076923076927 0.07523510971786834
0.03680981595092025 0.07523510971786834
0.036753445635528334 0.07523510971786834
0.03669724770642202 0.07523510971786834
0.0366412213740458 0.07523510971786834
0.036585365853658534 0.07523510971786834
0.0365296803652968 0.07523510971786834
0.0364741641337386 0.07523510971786834
0.036418816388467376 0.07523510971786834
0.03636363636363636 0.07523510971786834
0.03625377643504532 0.07523510971786834
0.03619909502262444 0.07523510971786834
0.03614457831325301 0.07523510971786834
0.03609022556390978 0.07523510971786834
0.036036036036036036 0.07523510971786834
0.035982008995502246 0.07523510971786834
0.03592814371257485 0.07523510971786834
0.03576751117734724 0.07523510971786834
0.03566121842496285 0.07523510971786834
0.03560830860534125 0.07523510971786834
0.03550295857988166 0.07523510971786834
0.03545051698670606 0.07523510971786834
0.035398230088495575 0.07523510971786834
0.035346097201767304 0.07523510971786834
0.03529411764705882 0.07523510971786834
0.03524229074889868 0.07523510971786834
0.03519061583577713 0.07523510971786834
0.03513909224011713 0.07523510971786834
0.03508771929824561 0.07523510971786834
0.035036496350364967 0.07523510971786834
0.034934497816593885 0.07523510971786834
0.03488372093023256 0.07523510971786834
0.03483309143686502 0.07523510971786834
0.034782608695652174 0.07523510971786834
0.03473227206946455 0.07523510971786834
0.03468208092485549 0.07523510971786834
0.0345821325648415 0.07523510971786834
0.034532374100719423 0.07523510971786834
0.034482758620689655 0.07523510971786834
0.03443328550932568 0.07523510971786834
0.034383954154727794 0.07523510971786834
0.034334763948497854 0.07523510971786834
0.03571428571428571 0.07836990595611286
0.03566333808844508 0.07836990595611286
0.03561253561253561 0.07836990595611286
0.03556187766714083 0.07836990595611286
0.03551136363636364 0.07836990595611286
0.03546099290780142 0.07836990595611286
0.036827195467422094 0.08150470219435736
0.03672316384180791 0.08150470219435736
0.036671368124118475 0.08150470219435736
0.036619718309859155 0.08150470219435736
0.03656821378340366 0.08150470219435736
0.03651685393258427 0.08150470219435736
0.036414565826330535 0.08150470219435736
0.03636363636363636 0.08150470219435736
0.036312849162011177 0.08150470219435736
0.03626220362622036 0.08150470219435736
0.036211699164345405 0.08150470219435736
0.0375 0.08463949843260188
0.038834951456310676 0.0877742946708464
0.038781163434903045 0.0877742946708464
0.03872752420470263 0.0877742946708464
0.03867403314917127 0.0877742946708464
0.038620689655172416 0.0877742946708464
0.03994490358126722 0.09090909090909091
0.039889958734525444 0.09090909090909091
0.03983516483516483 0.09090909090909091
0.03972602739726028 0.09090909090909091
0.03961748633879782 0.09090909090909091
0.04087193460490463 0.09404388714733543
0.04076086956521739 0.09404388714733543
0.0407055630936228 0.09404388714733543
0.04065040650406504 0.09404388714733543
0.04059539918809202 0.09404388714733543
0.041891891891891894 0.09717868338557993
0.043184885290148446 0.10031347962382445
0.0431266846361186 0.10031347962382445
0.04306864064602961 0.10031347962382445
0.042953020134228186 0.10031347962382445
0.0428380187416332 0.10031347962382445
0.04411764705882353 0.10344827586206896
0.044058744993324434 0.10344827586206896
0.044 0.10344827586206896
0.043882978723404256 0.10344827586206896
0.043824701195219126 0.10344827586206896
0.04376657824933687 0.10344827586206896
0.04370860927152318 0.10344827586206896
0.043593130779392336 0.10344827586206896
0.04353562005277045 0.10344827586206896
0.043478260869565216 0.10344827586206896
0.04342105263157895 0.10344827586206896
0.04336399474375821 0.10344827586206896
0.04330708661417323 0.10344827586206896
0.04325032765399738 0.10344827586206896
0.04319371727748691 0.10344827586206896
0.043137254901960784 0.10344827586206896
0.04302477183833116 0.10344827586206896
0.04296875 0.10344827586206896
0.04285714285714286 0.10344827586206896
0.042801556420233464 0.10344827586206896
0.042690815006468305 0.10344827586206896
0.04263565891472868 0.10344827586206896
0.04258064516129032 0.10344827586206896
0.04252577319587629 0.10344827586206896
0.04247104247104247 0.10344827586206896
0.042416452442159386 0.10344827586206896
0.04236200256739409 0.10344827586206896
0.04230769230769231 0.10344827586206896
0.04225352112676056 0.10344827586206896
0.0421455938697318 0.10344827586206896
0.042091836734693876 0.10344827586206896
0.04203821656050955 0.10344827586206896
0.04198473282442748 0.10344827586206896
0.04193138500635324 0.10344827586206896
0.04187817258883249 0.10344827586206896
0.04182509505703422 0.10344827586206896
0.04177215189873418 0.10344827586206896
0.041719342604298354 0.10344827586206896
0.04292929292929293 0.10658307210031348
0.04287515762925599 0.10658307210031348
0.042821158690176324 0.10658307210031348
0.042767295597484274 0.10658307210031348
0.04265997490589712 0.10658307210031348
0.0425531914893617 0.10658307210031348
0.04244694132334582 0.10658307210031348
0.04239401496259352 0.10658307210031348
0.04234122042341221 0.10658307210031348
0.04228855721393035 0.10658307210031348
0.0422360248447205 0.10658307210031348
0.042131350681536554 0.10658307210031348
0.042027194066749075 0.10658307210031348
0.04197530864197531 0.10658307210031348
0.04192355117139334 0.10658307210031348
0.04187192118226601 0.10658307210031348
0.041820418204182044 0.10658307210031348
0.04171779141104295 0.10658307210031348
0.041666666666666664 0.10658307210031348
0.0416156670746634 0.10658307210031348
0.04156479217603912 0.10658307210031348
0.04151404151404151 0.10658307210031348
0.041463414634146344 0.10658307210031348
0.04141291108404385 0.10658307210031348
0.0413625304136253 0.10658307210031348
0.041312272174969626 0.10658307210031348
0.0412621359223301 0.10658307210031348
0.041212121212121214 0.10658307210031348
0.041112454655380895 0.10658307210031348
0.04106280193236715 0.10658307210031348
0.04101326899879373 0.10658307210031348
0.04096385542168675 0.10658307210031348
0.04091456077015644 0.10658307210031348
0.040865384615384616 0.10658307210031348
0.04081632653061224 0.10658307210031348
0.0407673860911271 0.10658307210031348
0.0407185628742515 0.10658307210031348
0.04066985645933014 0.10658307210031348
0.04062126642771804 0.10658307210031348
0.0405727923627685 0.10658307210031348
0.04052443384982122 0.10658307210031348
0.04042806183115339 0.10658307210031348
0.04033214709371293 0.10658307210031348
0.040236686390532544 0.10658307210031348
0.04018912529550828 0.10658307210031348
0.04014167650531287 0.10658307210031348
0.04009433962264151 0.10658307210031348
0.04004711425206125 0.10658307210031348
0.04 0.10658307210031348
0.0399529964747356 0.10658307210031348
0.03990610328638498 0.10658307210031348
0.03985932004689332 0.10658307210031348
0.03976608187134503 0.10658307210031348
0.0397196261682243 0.10658307210031348
0.039673278879813305 0.10658307210031348
0.03958090803259604 0.10658307210031348
0.03953488372093023 0.10658307210031348
0.03944315545243619 0.10658307210031348
0.039397450753186555 0.10658307210031348
0.04050925925925926 0.109717868338558
0.04046242774566474 0.109717868338558
0.04041570438799076 0.109717868338558
0.04152249134948097 0.11285266457680251
0.041474654377880185 0.11285266457680251
0.04142692750287687 0.11285266457680251
0.04133180252583238 0.11285266457680251
0.04128440366972477 0.11285266457680251
0.041237113402061855 0.11285266457680251
0.041189931350114416 0.11285266457680251
0.04114285714285714 0.11285266457680251
0.0410958904109589 0.11285266457680251
0.04104903078677309 0.11285266457680251
0.040955631399317405 0.11285266457680251
0.04090909090909091 0.11285266457680251
0.04086265607264472 0.11285266457680251
0.04077010192525481 0.11285266457680251
0.04072398190045249 0.11285266457680251
0.04067796610169491 0.11285266457680251
0.040632054176072234 0.11285266457680251
0.040586245772266064 0.11285266457680251
0.04054054054054054 0.11285266457680251
0.04049493813273341 0.11285266457680251
0.04044943820224719 0.11285266457680251
0.04040404040404041 0.11285266457680251
0.04035874439461883 0.11285266457680251
0.040313549832026875 0.11285266457680251
0.040268456375838924 0.11285266457680251
0.04022346368715084 0.11285266457680251
0.04017857142857143 0.11285266457680251
0.04013377926421405 0.11285266457680251
0.0400890868596882 0.11285266457680251
0.04004449388209121 0.11285266457680251
0.03995560488346282 0.11285266457680251
0.03991130820399113 0.11285266457680251
0.03986710963455149 0.11285266457680251
0.03982300884955752 0.11285266457680251
0.039779005524861875 0.11285266457680251
0.039735099337748346 0.11285266457680251
0.03969128996692393 0.11285266457680251
0.039647577092511016 0.11285266457680251
0.039603960396039604 0.11285266457680251
0.03951701427003293 0.11285266457680251
0.03943044906900329 0.11285266457680251
0.03938730853391685 0.11285266457680251
0.039301310043668124 0.11285266457680251
0.04034896401308615 0.11598746081504702
0.04030501089324619 0.11598746081504702
0.04026115342763874 0.11598746081504702
0.04021739130434782 0.11598746081504702
0.04017372421281216 0.11598746081504702
0.04008667388949079 0.11598746081504702
0.04 0.11598746081504702
0.03995680345572354 0.11598746081504702
0.039913700107874865 0.11598746081504702
0.03987068965517242 0.11598746081504702
0.03982777179763186 0.11598746081504702
0.0397422126745435 0.11598746081504702
0.03969957081545064 0.11598746081504702
0.03965702036441586 0.11598746081504702
0.039572192513368985 0.11598746081504702
0.03952991452991453 0.11598746081504702
0.039445628997867806 0.11598746081504702
0.039403620873269436 0.11598746081504702
0.039361702127659576 0.11598746081504702
0.039319872476089264 0.11598746081504702
0.03927813163481953 0.11598746081504702
0.03919491525423729 0.11598746081504702
0.039153439153439155 0.11598746081504702
0.039112050739957716 0.11598746081504702
0.03907074973600845 0.11598746081504702
0.039029535864978905 0.11598746081504702
0.03898840885142255 0.11598746081504702
0.03894736842105263 0.11598746081504702
0.03890641430073607 0.11598746081504702
0.038865546218487396 0.11598746081504702
0.03878406708595388 0.11598746081504702
0.0387434554973822 0.11598746081504702
0.038702928870292884 0.11598746081504702
0.038662486938349006 0.11598746081504702
0.038622129436325675 0.11598746081504702
0.03858185610010428 0.11598746081504702
0.03854166666666667 0.11598746081504702
0.03850156087408949 0.11598746081504702
0.038461538461538464 0.11598746081504702
0.03842159916926272 0.11598746081504702
0.0383419689119171 0.11598746081504702
0.038302277432712216 0.11598746081504702
0.038262668045501554 0.11598746081504702
0.038223140495867766 0.11598746081504702
0.038183694530443756 0.11598746081504702
0.03814432989690722 0.11598746081504702
0.03810504634397528 0.11598746081504702
0.03806584362139918 0.11598746081504702
0.03802672147995889 0.11598746081504702
0.037987679671457907 0.11598746081504702
0.03794871794871795 0.11598746081504702
0.03790983606557377 0.11598746081504702
0.03783231083844581 0.11598746081504702
0.03779366700715015 0.11598746081504702
0.03775510204081633 0.11598746081504702
0.03771661569826707 0.11598746081504702
0.03767820773930754 0.11598746081504702
0.03763987792472025 0.11598746081504702
0.037601626016260166 0.11598746081504702
0.037525354969574036 0.11598746081504702
0.037487335359675786 0.11598746081504702
0.03744939271255061 0.11598746081504702
0.03741152679474216 0.11598746081504702
0.03737373737373737 0.11598746081504702
0.03733602421796166 0.11598746081504702
0.037298387096774195 0.11598746081504702
0.03726082578046324 0.11598746081504702
0.03722334004024145 0.11598746081504702
0.0371859296482412 0.11598746081504702
0.03714859437751004 0.11598746081504702
0.037111334002006016 0.11598746081504702
0.03707414829659319 0.11598746081504702
0.037037037037037035 0.11598746081504702
0.037 0.11598746081504702
0.03696303696303696 0.11598746081504702
0.036926147704590816 0.11598746081504702
0.036889332003988036 0.11598746081504702
0.036852589641434265 0.11598746081504702
0.03681592039800995 0.11598746081504702
0.036779324055666 0.11598746081504702
0.036742800397219465 0.11598746081504702
0.03670634920634921 0.11598746081504702
0.036669970267591674 0.11598746081504702
0.03663366336633663 0.11598746081504702
0.036597428288822946 0.11598746081504702
0.036561264822134384 0.11598746081504702
0.03648915187376726 0.11598746081504702
0.03645320197044335 0.11598746081504702
0.03641732283464567 0.11598746081504702
0.03638151425762045 0.11598746081504702
0.03631010794896958 0.11598746081504702
0.03627450980392157 0.11598746081504702
0.036203522504892366 0.11598746081504702
0.03616813294232649 0.11598746081504702
0.03609756097560975 0.11598746081504702
0.03602726387536514 0.11598746081504702
0.03599221789883268 0.11598746081504702
0.035922330097087375 0.11598746081504702
0.03588748787584869 0.11598746081504702
0.03581800580832527 0.11598746081504702
0.035748792270531404 0.11598746081504702
0.03571428571428571 0.11598746081504702
0.03567984570877531 0.11598746081504702
0.0356111645813282 0.11598746081504702
0.03554274735830932 0.11598746081504702
0.03550863723608445 0.11598746081504702
0.03547459252157239 0.11598746081504702
0.035440613026819924 0.11598746081504702
0.0354066985645933 0.11598746081504702
0.03533906399235912 0.11598746081504702
0.035305343511450385 0.11598746081504702
0.03527168732125834 0.11598746081504702
0.035238095238095235 0.11598746081504702
0.035204567078972404 0.11598746081504702
0.03513770180436847 0.11598746081504702
0.035071090047393366 0.11598746081504702
0.03500473036896878 0.11598746081504702
0.03497164461247637 0.11598746081504702
0.03493862134088763 0.11598746081504702
0.03490566037735849 0.11598746081504702
0.03483992467043315 0.11598746081504702
0.03477443609022556 0.11598746081504702
0.03470919324577861 0.11598746081504702
0.03464419475655431 0.11598746081504702
0.03461178671655753 0.11598746081504702
0.03454715219421102 0.11598746081504702
0.034482758620689655 0.11598746081504702
0.03445065176908752 0.11598746081504702
0.03441860465116279 0.11598746081504702
0.034354688950789226 0.11598746081504702
0.03432282003710575 0.11598746081504702
0.03429101019462465 0.11598746081504702
0.03425925925925926 0.11598746081504702
0.034195933456561925 0.11598746081504702
0.034164358264081256 0.11598746081504702
0.03413284132841329 0.11598746081504702
0.034101382488479264 0.11598746081504702
0.03406998158379374 0.11598746081504702
0.03403863845446182 0.11598746081504702
0.03400735294117647 0.11598746081504702
0.03397612488521579 0.11598746081504702
0.03394495412844037 0.11598746081504702
0.03391384051329056 0.11598746081504702
0.03388278388278388 0.11598746081504702
0.03385178408051235 0.11598746081504702
0.033820840950639856 0.11598746081504702
0.033789954337899546 0.11598746081504702
0.03375912408759124 0.11598746081504702
0.03372835004557885 0.11598746081504702
0.03366696997270246 0.11598746081504702
0.03363636363636364 0.11598746081504702
0.03360581289736603 0.11598746081504702
0.034420289855072464 0.11912225705329153
0.034389140271493215 0.11912225705329153
0.034358047016274866 0.11912225705329153
0.03432700993676603 0.11912225705329153
0.034265103697024346 0.11912225705329153
0.03423423423423423 0.11912225705329153
0.034203420342034205 0.11912225705329153
0.0341726618705036 0.11912225705329153
0.03411131059245961 0.11912225705329153
0.034080717488789235 0.11912225705329153
0.034050179211469536 0.11912225705329153
0.03398926654740608 0.11912225705329153
0.03395889186773905 0.11912225705329153
0.033928571428571426 0.11912225705329153
0.0338680926916221 0.11912225705329153
0.03383793410507569 0.11912225705329153
0.033807829181494664 0.11912225705329153
0.033777777777777775 0.11912225705329153
0.03374777975133215 0.11912225705329153
0.03371783496007098 0.11912225705329153
0.03368794326241135 0.11912225705329153
0.03365810451727192 0.11912225705329153
0.033628318584070796 0.11912225705329153
0.03356890459363958 0.11912225705329153
0.03350970017636684 0.11912225705329153
0.03345070422535211 0.11912225705329153
0.03342128408091469 0.11912225705329153
0.033362598770851626 0.11912225705329153
0.03333333333333333 0.11912225705329153
0.033304119193689745 0.11912225705329153
0.03327495621716287 0.11912225705329153
0.033245844269466314 0.11912225705329153
0.033216783216783216 0.11912225705329153
0.03318777292576419 0.11912225705329153
0.03312990409764603 0.11912225705329153
0.033101045296167246 0.11912225705329153
0.03307223672758921 0.11912225705329153
0.03304347826086956 0.11912225705329153
0.03301476976542137 0.11912225705329153
0.03298611111111111 0.11912225705329153
0.03295750216825672 0.11912225705329153
0.03292894280762565 0.11912225705329153
0.0329004329004329 0.11912225705329153
0.0328719723183391 0.11912225705329153
0.032843560933448576 0.11912225705329153
0.03281519861830743 0.11912225705329153
0.03278688524590164 0.11912225705329153
0.032758620689655175 0.11912225705329153
0.03273040482342808 0.11912225705329153
0.03270223752151463 0.11912225705329153
0.03267411865864144 0.11912225705329153
0.03264604810996564 0.11912225705329153
0.03261802575107296 0.11912225705329153
0.032590051457975985 0.11912225705329153
0.032562125107112254 0.11912225705329153
0.032534246575342464 0.11912225705329153
0.032506415739948676 0.11912225705329153
0.03247863247863248 0.11912225705329153
0.032450896669513236 0.11912225705329153
0.032423208191126277 0.11912225705329153
0.03239556692242114 0.11912225705329153
0.03236797274275979 0.11912225705329153
0.03231292517006803 0.11912225705329153
0.03313508920985556 0.12225705329153605
0.03310696095076401 0.12225705329153605
0.03307888040712468 0.12225705329153605
0.03305084745762712 0.12225705329153605
0.03302286198137172 0.12225705329153605
0.03299492385786802 0.12225705329153605
0.03296703296703297 0.12225705329153605
0.032939189189189186 0.12225705329153605
0.03291139240506329 0.12225705329153605
0.03288364249578415 0.12225705329153605
0.03285593934288121 0.12225705329153605
0.03282828282828283 0.12225705329153605
0.03280067283431455 0.12225705329153605
0.03277310924369748 0.12225705329153605
0.0327455919395466 0.12225705329153605
0.03271812080536913 0.12225705329153605
0.03269069572506287 0.12225705329153605
0.032663316582914576 0.12225705329153605
0.032635983263598324 0.12225705329153605
0.03260869565217391 0.12225705329153605
0.03258145363408521 0.12225705329153605
0.0325542570951586 0.12225705329153605
0.03252710592160134 0.12225705329153605
0.0325 0.12225705329153605
0.0324729392173189 0.12225705329153605
0.033277870216306155 0.12539184952978055
0.03322259136212625 0.12539184952978055
0.03319502074688797 0.12539184952978055
0.03316749585406302 0.12539184952978055
0.033140016570008285 0.12539184952978055
0.033112582781456956 0.12539184952978055
0.033085194375516956 0.12539184952978055
0.03305785123966942 0.12539184952978055
0.03303055326176713 0.12539184952978055
0.033003300330033 0.12539184952978055
0.03297609233305853 0.12539184952978055
0.03377265238879736 0.12852664576802508
0.03374485596707819 0.12852664576802508
0.033717105263157895 0.12852664576802508
0.03368940016433854 0.12852664576802508
0.03366174055829228 0.12852664576802508
0.033634126333059886 0.12852664576802508
0.03360655737704918 0.12852664576802508
0.03357903357903358 0.12852664576802508
0.03355155482815057 0.12852664576802508
0.03349673202614379 0.12852664576802508
0.03346938775510204 0.12852664576802508
0.033442088091353996 0.12852664576802508
0.03341483292583537 0.12852664576802508
0.033387622149837134 0.12852664576802508
0.03336045565500407 0.12852664576802508
0.03414634146341464 0.13166144200626959
0.03409090909090909 0.13166144200626959
0.0340632603406326 0.13166144200626959
0.0340080971659919 0.13166144200626959
0.03395311236863379 0.13166144200626959
0.03389830508474576 0.13166144200626959
0.03384367445608381 0.13166144200626959
0.03378921962992759 0.13166144200626959
0.033734939759036145 0.13166144200626959
0.033707865168539325 0.13166144200626959
0.03368083400160385 0.13166144200626959
0.03362690152121697 0.13166144200626959
0.0336 0.13166144200626959
0.03357314148681055 0.13166144200626959
0.03354632587859425 0.13166144200626959
0.0335195530726257 0.13166144200626959
0.03349282296650718 0.13166144200626959
0.03343949044585987 0.13166144200626959
0.03341288782816229 0.13166144200626959
0.033386327503974564 0.13166144200626959
0.03335980937251787 0.13166144200626959
0.03333333333333333 0.13166144200626959
0.03330689928628073 0.13166144200626959
0.03328050713153724 0.13166144200626959
0.0332541567695962 0.13166144200626959
0.03322784810126582 0.13166144200626959
0.03320158102766799 0.13166144200626959
0.03317535545023697 0.13166144200626959
0.03314917127071823 0.13166144200626959
0.033123028391167195 0.13166144200626959
0.03309692671394799 0.13166144200626959
0.03304484657749803 0.13166144200626959
0.0330188679245283 0.13166144200626959
0.032992930086410056 0.13166144200626959
0.03296703296703297 0.13166144200626959
0.03294117647058824 0.13166144200626959
0.03288958496476116 0.13166144200626959
0.03286384976525822 0.13166144200626959
0.0328381548084441 0.13166144200626959
0.0328125 0.13166144200626959
0.03278688524590164 0.13166144200626959
0.0327613104524181 0.13166144200626959
0.03271028037383177 0.13166144200626959
0.03268482490272374 0.13166144200626959
0.03263403263403263 0.13166144200626959
0.03260869565217391 0.13166144200626959
0.03255813953488372 0.13166144200626959
0.032507739938080496 0.13166144200626959
0.03248259860788863 0.13166144200626959
0.032432432432432434 0.13166144200626959
0.032407407407407406 0.13166144200626959
0.03315343099460293 0.13479623824451412
