1.0 0.006756756756756757
0.5 0.006756756756756757
0.6666666666666666 0.013513513513513514
0.75 0.02027027027027027
0.8 0.02702702702702703
0.8333333333333334 0.033783783783783786
0.8571428571428571 0.04054054054054054
0.75 0.04054054054054054
0.7777777777777778 0.0472972972972973
0.7 0.0472972972972973
0.6363636363636364 0.0472972972972973
0.5833333333333334 0.0472972972972973
0.6153846153846154 0.05405405405405406
0.6428571428571429 0.060810810810810814
0.6666666666666666 0.06756756756756757
0.6875 0.07432432432432433
0.7058823529411765 0.08108108108108109
0.7222222222222222 0.08783783783783784
0.7368421052631579 0.0945945945945946
0.7 0.0945945945945946
0.7142857142857143 0.10135135135135136
0.7272727272727273 0.10810810810810811
0.7391304347826086 0.11486486486486487
0.7083333333333334 0.11486486486486487
0.72 0.12162162162162163
0.7307692307692307 0.12837837837837837
0.7407407407407407 0.13513513513513514
0.75 0.14189189189189189
0.7586206896551724 0.14864864864864866
0.7666666666666667 0.1554054054054054
0.7741935483870968 0.16216216216216217
0.78125 0.16891891891891891
0.7878787878787878 0.17567567567567569
0.7941176470588235 0.18243243243243243
0.8 0.1891891891891892
0.7777777777777778 0.1891891891891892
0.7837837837837838 0.19594594594594594
0.7894736842105263 0.20270270270270271
0.7948717948717948 0.20945945945945946
0.8 0.21621621621621623
0.7804878048780488 0.21621621621621623
0.7619047619047619 0.21621621621621623
0.7674418604651163 0.22297297297297297
0.7727272727272727 0.22972972972972974
0.7555555555555555 0.22972972972972974
0.7608695652173914 0.23648648648648649
0.7659574468085106 0.24324324324324326
0.7708333333333334 0.25
0.7551020408163265 0.25
0.76 0.25675675675675674
0.7647058823529411 0.2635135135135135
0.7692307692307693 0.2702702702702703
0.7735849056603774 0.27702702702702703
0.7777777777777778 0.28378378378378377
0.7818181818181819 0.2905405405405405
0.7857142857142857 0.2972972972972973
0.7719298245614035 0.2972972972972973
0.7586206896551724 0.2972972972972973
0.7457627118644068 0.2972972972972973
0.7333333333333333 0.2972972972972973
0.7213114754098361 0.2972972972972973
0.7096774193548387 0.2972972972972973
0.6984126984126984 0.2972972972972973
0.703125 0.30405405405405406
0.7076923076923077 0.3108108108108108
0.7121212121212122 0.31756756756756754
0.7164179104477612 0.32432432432432434
0.7205882352941176 0.3310810810810811
0.7246376811594203 0.33783783783783783
0.7285714285714285 0.34459459459459457
0.7323943661971831 0.35135135135135137
0.7222222222222222 0.35135135135135137
0.7123287671232876 0.35135135135135137
0.7162162162162162 0.3581081081081081
0.72 0.36486486486486486
0.7236842105263158 0.3716216216216216
0.7272727272727273 0.3783783783783784
0.7307692307692307 0.38513513513513514
0.7341772151898734 0.3918918918918919
0.7375 0.39864864864864863
0.7407407407407407 0.40540540540540543
0.7439024390243902 0.41216216216216217
0.7469879518072289 0.4189189189189189
0.75 0.42567567567567566
0.7529411764705882 0.43243243243243246
0.7558139534883721 0.4391891891891892
0.7586206896551724 0.44594594594594594
0.7613636363636364 0.4527027027027027
0.7528089887640449 0.4527027027027027
0.7444444444444445 0.4527027027027027
0.7362637362637363 0.4527027027027027
0.7282608695652174 0.4527027027027027
0.7204301075268817 0.4527027027027027
0.723404255319149 0.4594594594594595
0.7263157894736842 0.46621621621621623
0.7291666666666666 0.47297297297297297
0.7319587628865979 0.4797297297297297
0.7244897959183674 0.4797297297297297
0.7272727272727273 0.4864864864864865
0.73 0.49324324324324326
0.7326732673267327 0.5
0.7352941176470589 0.5067567567567568
0.7378640776699029 0.5135135135135135
0.7403846153846154 0.5202702702702703
0.7428571428571429 0.527027027027027
0.7452830188679245 0.5337837837837838
0.7383177570093458 0.5337837837837838
0.7407407407407407 0.5405405405405406
0.7339449541284404 0.5405405405405406
0.7363636363636363 0.5472972972972973
0.7387387387387387 0.5540540540540541
0.7321428571428571 0.5540540540540541
0.7345132743362832 0.5608108108108109
0.7368421052631579 0.5675675675675675
0.7304347826086957 0.5675675675675675
0.7327586206896551 0.5743243243243243
0.7264957264957265 0.5743243243243243
0.7288135593220338 0.581081081081081
0.7310924369747899 0.5878378378378378
0.7333333333333333 0.5945945945945946
0.7355371900826446 0.6013513513513513
0.7295081967213115 0.6013513513513513
0.7235772357723578 0.6013513513513513
0.717741935483871 0.6013513513513513
0.72 0.6081081081081081
0.7142857142857143 0.6081081081081081
0.7086614173228346 0.6081081081081081
0.7109375 0.6148648648648649
0.7131782945736435 0.6216216216216216
0.7076923076923077 0.6216216216216216
0.7022900763358778 0.6216216216216216
0.696969696969697 0.6216216216216216
0.6917293233082706 0.6216216216216216
0.6865671641791045 0.6216216216216216
0.6814814814814815 0.6216216216216216
