0.0 0.0
0.0 0.0
0.0 0.0
0.0 0.0
0.0 0.0
0.0 0.0
0.0 0.0
0.0 0.0
0.1 0.011494252873563218
0.08333333333333333 0.011494252873563218
0.07692307692307693 0.011494252873563218
0.06666666666666667 0.011494252873563218
0.058823529411764705 0.011494252873563218
0.05555555555555555 0.011494252873563218
0.10526315789473684 0.022988505747126436
0.09523809523809523 0.022988505747126436
0.09090909090909091 0.022988505747126436
0.08333333333333333 0.022988505747126436
0.07692307692307693 0.022988505747126436
0.07142857142857142 0.022988505747126436
0.06666666666666667 0.022988505747126436
0.06451612903225806 0.022988505747126436
0.06060606060606061 0.022988505747126436
0.058823529411764705 0.022988505747126436
0.05555555555555555 0.022988505747126436
0.05405405405405406 0.022988505747126436
0.05128205128205128 0.022988505747126436
0.04878048780487805 0.022988505747126436
0.046511627906976744 0.022988505747126436
0.045454545454545456 0.022988505747126436
0.044444444444444446 0.022988505747126436
0.043478260869565216 0.022988505747126436
0.041666666666666664 0.022988505747126436
0.04 0.022988505747126436
0.0392156862745098 0.022988505747126436
0.038461538461538464 0.022988505747126436
0.03773584905660377 0.022988505747126436
0.037037037037037035 0.022988505747126436
0.03636363636363636 0.022988505747126436
0.05357142857142857 0.034482758620689655
0.05172413793103448 0.034482758620689655
0.05084745762711865 0.034482758620689655
0.04918032786885246 0.034482758620689655
0.04838709677419355 0.034482758620689655
0.046875 0.034482758620689655
0.046153846153846156 0.034482758620689655
0.045454545454545456 0.034482758620689655
0.04411764705882353 0.034482758620689655
0.043478260869565216 0.034482758620689655
0.04225352112676056 0.034482758620689655
0.041666666666666664 0.034482758620689655
0.0410958904109589 0.034482758620689655
0.04 0.034482758620689655
0.039473684210526314 0.034482758620689655
0.03896103896103896 0.034482758620689655
0.0375 0.034482758620689655
0.036585365853658534 0.034482758620689655
0.03614457831325301 0.034482758620689655
0.03529411764705882 0.034482758620689655
0.03488372093023256 0.034482758620689655
0.03409090909090909 0.034482758620689655
0.033707865168539325 0.034482758620689655
0.03296703296703297 0.034482758620689655
0.03260869565217391 0.034482758620689655
0.031914893617021274 0.034482758620689655
0.031578947368421054 0.034482758620689655
0.030927835051546393 0.034482758620689655
0.030612244897959183 0.034482758620689655
0.03 0.034482758620689655
0.029411764705882353 0.034482758620689655
0.028846153846153848 0.034482758620689655
0.02830188679245283 0.034482758620689655
0.027777777777777776 0.034482758620689655
0.02727272727272727 0.034482758620689655
0.02702702702702703 0.034482758620689655
0.026785714285714284 0.034482758620689655
0.02631578947368421 0.034482758620689655
0.02608695652173913 0.034482758620689655
0.02564102564102564 0.034482758620689655
0.025423728813559324 0.034482758620689655
0.025 0.034482758620689655
0.024793388429752067 0.034482758620689655
0.024390243902439025 0.034482758620689655
0.024193548387096774 0.034482758620689655
0.023809523809523808 0.034482758620689655
0.023622047244094488 0.034482758620689655
0.0234375 0.034482758620689655
0.023076923076923078 0.034482758620689655
0.022900763358778626 0.034482758620689655
0.022556390977443608 0.034482758620689655
0.022222222222222223 0.034482758620689655
0.022058823529411766 0.034482758620689655
0.021897810218978103 0.034482758620689655
0.02158273381294964 0.034482758620689655
0.02142857142857143 0.034482758620689655
0.02112676056338028 0.034482758620689655
0.02097902097902098 0.034482758620689655
0.020689655172413793 0.034482758620689655
0.02040816326530612 0.034482758620689655
0.02027027027027027 0.034482758620689655
0.02 0.034482758620689655
0.019736842105263157 0.034482758620689655
0.01948051948051948 0.034482758620689655
0.01935483870967742 0.034482758620689655
0.01910828025477707 0.034482758620689655
0.0189873417721519 0.034482758620689655
0.01875 0.034482758620689655
0.018518518518518517 0.034482758620689655
0.018404907975460124 0.034482758620689655
0.01818181818181818 0.034482758620689655
0.017964071856287425 0.034482758620689655
0.017857142857142856 0.034482758620689655
0.01764705882352941 0.034482758620689655
0.01744186046511628 0.034482758620689655
0.017241379310344827 0.034482758620689655
0.017045454545454544 0.034482758620689655
0.016853932584269662 0.034482758620689655
0.016666666666666666 0.034482758620689655
0.016483516483516484 0.034482758620689655
0.016304347826086956 0.034482758620689655
0.016216216216216217 0.034482758620689655
0.016042780748663103 0.034482758620689655
0.015957446808510637 0.034482758620689655
0.015873015873015872 0.034482758620689655
0.015706806282722512 0.034482758620689655
0.015544041450777202 0.034482758620689655
0.015384615384615385 0.034482758620689655
0.015306122448979591 0.034482758620689655
0.015228426395939087 0.034482758620689655
0.015151515151515152 0.034482758620689655
0.015 0.034482758620689655
0.014925373134328358 0.034482758620689655
0.01485148514851485 0.034482758620689655
0.014778325123152709 0.034482758620689655
0.014705882352941176 0.034482758620689655
0.014563106796116505 0.034482758620689655
0.014492753623188406 0.034482758620689655
0.014354066985645933 0.034482758620689655
0.014285714285714285 0.034482758620689655
0.014150943396226415 0.034482758620689655
0.014084507042253521 0.034482758620689655
0.014018691588785047 0.034482758620689655
0.013953488372093023 0.034482758620689655
0.013824884792626729 0.034482758620689655
0.0136986301369863 0.034482758620689655
0.013574660633484163 0.034482758620689655
0.013513513513513514 0.034482758620689655
0.013392857142857142 0.034482758620689655
0.01327433628318584 0.034482758620689655
0.013215859030837005 0.034482758620689655
0.013100436681222707 0.034482758620689655
0.012987012987012988 0.034482758620689655
0.012875536480686695 0.034482758620689655
0.01276595744680851 0.034482758620689655
0.012658227848101266 0.034482758620689655
0.012552301255230125 0.034482758620689655
0.012448132780082987 0.034482758620689655
0.012345679012345678 0.034482758620689655
0.012244897959183673 0.034482758620689655
0.012145748987854251 0.034482758620689655
0.012048192771084338 0.034482758620689655
0.011904761904761904 0.034482758620689655
0.011857707509881422 0.034482758620689655
0.011811023622047244 0.034482758620689655
0.011764705882352941 0.034482758620689655
0.01171875 0.034482758620689655
0.011627906976744186 0.034482758620689655
0.011583011583011582 0.034482758620689655
0.011538461538461539 0.034482758620689655
0.011450381679389313 0.034482758620689655
0.011406844106463879 0.034482758620689655
0.011320754716981131 0.034482758620689655
0.011278195488721804 0.034482758620689655
0.011194029850746268 0.034482758620689655
0.011152416356877323 0.034482758620689655
0.01107011070110701 0.034482758620689655
0.011029411764705883 0.034482758620689655
0.010948905109489052 0.034482758620689655
0.01090909090909091 0.034482758620689655
0.010830324909747292 0.034482758620689655
0.01079136690647482 0.034482758620689655
0.010752688172043012 0.034482758620689655
0.010714285714285714 0.034482758620689655
0.010676156583629894 0.034482758620689655
0.010638297872340425 0.034482758620689655
0.01056338028169014 0.034482758620689655
0.01048951048951049 0.034482758620689655
0.010452961672473868 0.034482758620689655
0.010380622837370242 0.034482758620689655
0.010344827586206896 0.034482758620689655
0.010273972602739725 0.034482758620689655
0.010238907849829351 0.034482758620689655
0.01020408163265306 0.034482758620689655
0.010135135135135136 0.034482758620689655
0.010101010101010102 0.034482758620689655
0.010033444816053512 0.034482758620689655
0.01 0.034482758620689655
0.009966777408637873 0.034482758620689655
0.009933774834437087 0.034482758620689655
0.009900990099009901 0.034482758620689655
0.009868421052631578 0.034482758620689655
0.009836065573770493 0.034482758620689655
0.009771986970684038 0.034482758620689655
0.00974025974025974 0.034482758620689655
0.009708737864077669 0.034482758620689655
0.00967741935483871 0.034482758620689655
0.00964630225080386 0.034482758620689655
0.009584664536741214 0.034482758620689655
0.009554140127388535 0.034482758620689655
0.009523809523809525 0.034482758620689655
0.00949367088607595 0.034482758620689655
0.009433962264150943 0.034482758620689655
0.009375 0.034482758620689655
0.009316770186335404 0.034482758620689655
0.009259259259259259 0.034482758620689655
0.009230769230769232 0.034482758620689655
0.009202453987730062 0.034482758620689655
0.009174311926605505 0.034482758620689655
0.00911854103343465 0.034482758620689655
0.00906344410876133 0.034482758620689655
0.009036144578313253 0.034482758620689655
0.008982035928143712 0.034482758620689655
0.008955223880597015 0.034482758620689655
0.008928571428571428 0.034482758620689655
0.008902077151335312 0.034482758620689655
0.008875739644970414 0.034482758620689655
0.008823529411764706 0.034482758620689655
0.008797653958944282 0.034482758620689655
0.008771929824561403 0.034482758620689655
0.00872093023255814 0.034482758620689655
0.008670520231213872 0.034482758620689655
0.008645533141210375 0.034482758620689655
0.008620689655172414 0.034482758620689655
0.008595988538681949 0.034482758620689655
0.008571428571428572 0.034482758620689655
0.008547008547008548 0.034482758620689655
0.008522727272727272 0.034482758620689655
0.0084985835694051 0.034482758620689655
0.00847457627118644 0.034482758620689655
0.008450704225352112 0.034482758620689655
0.008426966292134831 0.034482758620689655
0.008379888268156424 0.034482758620689655
0.008356545961002786 0.034482758620689655
0.008310249307479225 0.034482758620689655
0.008287292817679558 0.034482758620689655
0.008264462809917356 0.034482758620689655
0.008241758241758242 0.034482758620689655
0.00821917808219178 0.034482758620689655
0.00819672131147541 0.034482758620689655
0.008174386920980926 0.034482758620689655
0.008152173913043478 0.034482758620689655
0.010810810810810811 0.04597701149425287
0.013477088948787063 0.05747126436781609
0.013440860215053764 0.05747126436781609
0.013404825737265416 0.05747126436781609
0.013368983957219251 0.05747126436781609
0.013333333333333334 0.05747126436781609
0.013297872340425532 0.05747126436781609
0.013262599469496022 0.05747126436781609
0.013192612137203167 0.05747126436781609
0.013157894736842105 0.05747126436781609
0.013089005235602094 0.05747126436781609
0.013054830287206266 0.05747126436781609
0.012987012987012988 0.05747126436781609
0.012919896640826873 0.05747126436781609
0.01288659793814433 0.05747126436781609
0.012853470437017995 0.05747126436781609
0.01282051282051282 0.05747126436781609
0.012755102040816327 0.05747126436781609
0.01272264631043257 0.05747126436781609
0.012690355329949238 0.05747126436781609
0.012658227848101266 0.05747126436781609
0.012626262626262626 0.05747126436781609
0.01256281407035176 0.05747126436781609
0.012531328320802004 0.05747126436781609
0.012468827930174564 0.05747126436781609
0.012437810945273632 0.05747126436781609
0.01240694789081886 0.05747126436781609
0.012376237623762377 0.05747126436781609
0.012345679012345678 0.05747126436781609
0.012315270935960592 0.05747126436781609
0.012254901960784314 0.05747126436781609
0.012195121951219513 0.05747126436781609
0.012165450121654502 0.05747126436781609
0.012135922330097087 0.05747126436781609
0.012106537530266344 0.05747126436781609
0.012077294685990338 0.05747126436781609
0.012048192771084338 0.05747126436781609
0.011990407673860911 0.05747126436781609
0.011961722488038277 0.05747126436781609
0.011933174224343675 0.05747126436781609
0.011876484560570071 0.05747126436781609
0.011848341232227487 0.05747126436781609
0.01179245283018868 0.05747126436781609
0.011764705882352941 0.05747126436781609
0.011737089201877934 0.05747126436781609
0.0117096018735363 0.05747126436781609
0.011682242990654205 0.05747126436781609
0.011655011655011656 0.05747126436781609
0.011627906976744186 0.05747126436781609
0.01160092807424594 0.05747126436781609
0.011574074074074073 0.05747126436781609
0.011547344110854504 0.05747126436781609
0.011494252873563218 0.05747126436781609
0.013761467889908258 0.06896551724137931
0.013729977116704805 0.06896551724137931
0.01366742596810934 0.06896551724137931
0.013636363636363636 0.06896551724137931
0.013605442176870748 0.06896551724137931
0.013574660633484163 0.06896551724137931
0.013544018058690745 0.06896551724137931
0.013513513513513514 0.06896551724137931
0.01348314606741573 0.06896551724137931
0.013422818791946308 0.06896551724137931
0.013363028953229399 0.06896551724137931
0.013303769401330377 0.06896551724137931
0.01327433628318584 0.06896551724137931
0.013245033112582781 0.06896551724137931
0.013186813186813187 0.06896551724137931
0.01312910284463895 0.06896551724137931
0.013071895424836602 0.06896551724137931
0.013015184381778741 0.06896551724137931
0.012958963282937365 0.06896551724137931
0.01293103448275862 0.06896551724137931
0.012875536480686695 0.06896551724137931
0.01284796573875803 0.06896551724137931
0.01279317697228145 0.06896551724137931
0.01276595744680851 0.06896551724137931
0.012711864406779662 0.06896551724137931
0.012658227848101266 0.06896551724137931
0.012605042016806723 0.06896551724137931
0.012552301255230125 0.06896551724137931
0.0125 0.06896551724137931
0.012448132780082987 0.06896551724137931
0.012396694214876033 0.06896551724137931
0.012345679012345678 0.06896551724137931
0.012320328542094456 0.06896551724137931
0.012269938650306749 0.06896551724137931
0.012219959266802444 0.06896551724137931
0.012170385395537525 0.06896551724137931
0.012121212121212121 0.06896551724137931
0.012072434607645875 0.06896551724137931
0.012024048096192385 0.06896551724137931
0.011976047904191617 0.06896551724137931
0.011928429423459244 0.06896551724137931
0.011881188118811881 0.06896551724137931
0.011857707509881422 0.06896551724137931
0.011834319526627219 0.06896551724137931
0.011811023622047244 0.06896551724137931
0.011787819253438114 0.06896551724137931
0.011764705882352941 0.06896551724137931
0.01171875 0.06896551724137931
0.011695906432748537 0.06896551724137931
0.011673151750972763 0.06896551724137931
0.011627906976744186 0.06896551724137931
0.01160541586073501 0.06896551724137931
0.011560693641618497 0.06896551724137931
0.011516314779270634 0.06896551724137931
0.011494252873563218 0.06896551724137931
0.011472275334608031 0.06896551724137931
0.011450381679389313 0.06896551724137931
0.011406844106463879 0.06896551724137931
0.011363636363636364 0.06896551724137931
0.011320754716981131 0.06896551724137931
0.011299435028248588 0.06896551724137931
0.011278195488721804 0.06896551724137931
0.011235955056179775 0.06896551724137931
0.011214953271028037 0.06896551724137931
0.0111731843575419 0.06896551724137931
0.011131725417439703 0.06896551724137931
0.011111111111111112 0.06896551724137931
0.01107011070110701 0.06896551724137931
0.011029411764705883 0.06896551724137931
0.011009174311926606 0.06896551724137931
0.01098901098901099 0.06896551724137931
0.010948905109489052 0.06896551724137931
0.01092896174863388 0.06896551724137931
0.01090909090909091 0.06896551724137931
0.010889292196007259 0.06896551724137931
0.010869565217391304 0.06896551724137931
0.0108499095840868 0.06896551724137931
0.010830324909747292 0.06896551724137931
0.010810810810810811 0.06896551724137931
0.010771992818671455 0.06896551724137931
0.010752688172043012 0.06896551724137931
0.01073345259391771 0.06896551724137931
0.010714285714285714 0.06896551724137931
0.0106951871657754 0.06896551724137931
0.010676156583629894 0.06896551724137931
0.010657193605683837 0.06896551724137931
0.010638297872340425 0.06896551724137931
0.010619469026548672 0.06896551724137931
0.01060070671378092 0.06896551724137931
0.010582010582010581 0.06896551724137931
0.01056338028169014 0.06896551724137931
0.01054481546572935 0.06896551724137931
0.010526315789473684 0.06896551724137931
0.010507880910683012 0.06896551724137931
0.010471204188481676 0.06896551724137931
0.010452961672473868 0.06896551724137931
0.010434782608695653 0.06896551724137931
0.010416666666666666 0.06896551724137931
0.010380622837370242 0.06896551724137931
0.010362694300518135 0.06896551724137931
0.010344827586206896 0.06896551724137931
0.010309278350515464 0.06896551724137931
0.010291595197255575 0.06896551724137931
0.010256410256410256 0.06896551724137931
0.010238907849829351 0.06896551724137931
0.010221465076660987 0.06896551724137931
0.01020408163265306 0.06896551724137931
0.010186757215619695 0.06896551724137931
0.010169491525423728 0.06896551724137931
0.010135135135135136 0.06896551724137931
0.01011804384485666 0.06896551724137931
0.010101010101010102 0.06896551724137931
0.010084033613445379 0.06896551724137931
0.010067114093959731 0.06896551724137931
0.010033444816053512 0.06896551724137931
0.01001669449081803 0.06896551724137931
0.01 0.06896551724137931
0.009983361064891847 0.06896551724137931
0.009966777408637873 0.06896551724137931
0.009950248756218905 0.06896551724137931
0.009933774834437087 0.06896551724137931
0.009917355371900827 0.06896551724137931
0.009884678747940691 0.06896551724137931
0.009868421052631578 0.06896551724137931
0.009852216748768473 0.06896551724137931
0.009836065573770493 0.06896551724137931
0.00980392156862745 0.06896551724137931
0.009787928221859706 0.06896551724137931
0.009771986970684038 0.06896551724137931
0.00975609756097561 0.06896551724137931
0.00974025974025974 0.06896551724137931
0.009724473257698542 0.06896551724137931
0.009708737864077669 0.06896551724137931
0.009693053311793215 0.06896551724137931
0.00967741935483871 0.06896551724137931
0.00966183574879227 0.06896551724137931
0.00964630225080386 0.06896551724137931
0.009630818619582664 0.06896551724137931
0.0096 0.06896551724137931
0.009584664536741214 0.06896551724137931
0.009554140127388535 0.06896551724137931
0.009523809523809525 0.06896551724137931
0.00949367088607595 0.06896551724137931
0.009478672985781991 0.06896551724137931
0.00946372239747634 0.06896551724137931
0.009448818897637795 0.06896551724137931
0.009433962264150943 0.06896551724137931
0.009419152276295133 0.06896551724137931
0.009404388714733543 0.06896551724137931
0.009375 0.06896551724137931
0.009345794392523364 0.06896551724137931
0.00933125972006221 0.06896551724137931
0.010869565217391304 0.08045977011494253
0.010852713178294573 0.08045977011494253
0.01238390092879257 0.09195402298850575
0.012345679012345678 0.09195402298850575
0.012326656394453005 0.09195402298850575
0.012307692307692308 0.09195402298850575
0.01228878648233487 0.09195402298850575
0.012269938650306749 0.09195402298850575
0.01225114854517611 0.09195402298850575
0.012232415902140673 0.09195402298850575
0.012213740458015267 0.09195402298850575
0.012195121951219513 0.09195402298850575
0.0121765601217656 0.09195402298850575
0.012139605462822459 0.09195402298850575
0.012102874432677761 0.09195402298850575
0.012084592145015106 0.09195402298850575
0.012066365007541479 0.09195402298850575
0.012048192771084338 0.09195402298850575
0.012030075187969926 0.09195402298850575
0.012012012012012012 0.09195402298850575
0.011976047904191617 0.09195402298850575
0.011940298507462687 0.09195402298850575
0.011922503725782414 0.09195402298850575
0.011904761904761904 0.09195402298850575
0.01188707280832095 0.09195402298850575
0.011869436201780416 0.09195402298850575
0.011834319526627219 0.09195402298850575
0.011816838995568686 0.09195402298850575
0.011799410029498525 0.09195402298850575
0.011782032400589101 0.09195402298850575
0.011764705882352941 0.09195402298850575
0.011747430249632892 0.09195402298850575
0.011730205278592375 0.09195402298850575
0.01171303074670571 0.09195402298850575
0.011695906432748537 0.09195402298850575
0.01167883211678832 0.09195402298850575
0.011661807580174927 0.09195402298850575
0.011644832605531296 0.09195402298850575
0.01308139534883721 0.10344827586206896
0.013062409288824383 0.10344827586206896
0.013024602026049204 0.10344827586206896
0.01300578034682081 0.10344827586206896
0.012987012987012988 0.10344827586206896
0.012968299711815562 0.10344827586206896
0.012949640287769784 0.10344827586206896
0.01291248206599713 0.10344827586206896
0.012893982808022923 0.10344827586206896
0.012875536480686695 0.10344827586206896
0.012838801711840228 0.10344827586206896
0.012802275960170697 0.10344827586206896
0.01278409090909091 0.10344827586206896
0.01276595744680851 0.10344827586206896
0.012747875354107648 0.10344827586206896
0.012711864406779662 0.10344827586206896
0.01267605633802817 0.10344827586206896
0.012640449438202247 0.10344827586206896
0.012605042016806723 0.10344827586206896
0.012587412587412588 0.10344827586206896
0.012569832402234637 0.10344827586206896
0.012534818941504178 0.10344827586206896
0.012517385257301807 0.10344827586206896
0.0125 0.10344827586206896
0.012465373961218837 0.10344827586206896
0.012448132780082987 0.10344827586206896
0.012430939226519336 0.10344827586206896
0.012413793103448275 0.10344827586206896
0.012379642365887207 0.10344827586206896
0.012345679012345678 0.10344827586206896
0.012311901504787962 0.10344827586206896
0.01227830832196453 0.10344827586206896
0.012244897959183673 0.10344827586206896
0.012211668928086838 0.10344827586206896
0.012178619756427604 0.10344827586206896
0.012145748987854251 0.10344827586206896
0.012129380053908356 0.10344827586206896
0.012096774193548387 0.10344827586206896
0.012064343163538873 0.10344827586206896
0.012032085561497326 0.10344827586206896
0.012 0.10344827586206896
0.011968085106382979 0.10344827586206896
0.011936339522546418 0.10344827586206896
0.011904761904761904 0.10344827586206896
0.011873350923482849 0.10344827586206896
0.011842105263157895 0.10344827586206896
0.011826544021024968 0.10344827586206896
0.011811023622047244 0.10344827586206896
0.011780104712041885 0.10344827586206896
0.011764705882352941 0.10344827586206896
0.011734028683181226 0.10344827586206896
0.01171875 0.10344827586206896
0.011703511053315995 0.10344827586206896
0.011688311688311689 0.10344827586206896
0.011673151750972763 0.10344827586206896
0.011658031088082901 0.10344827586206896
0.0129366106080207 0.11494252873563218
0.012919896640826873 0.11494252873563218
0.012903225806451613 0.11494252873563218
0.01287001287001287 0.11494252873563218
0.012853470437017995 0.11494252873563218
0.01282051282051282 0.11494252873563218
0.014084507042253521 0.12643678160919541
0.0140485312899106 0.12643678160919541
0.015306122448979591 0.13793103448275862
0.015286624203821656 0.13793103448275862
0.015267175572519083 0.13793103448275862
0.015228426395939087 0.13793103448275862
0.015209125475285171 0.13793103448275862
0.015170670037926675 0.13793103448275862
0.015151515151515152 0.13793103448275862
0.015113350125944584 0.13793103448275862
0.01509433962264151 0.13793103448275862
0.016331658291457288 0.14942528735632185
0.016290726817042606 0.14942528735632185
0.016270337922403004 0.14942528735632185
0.0175 0.16091954022988506
0.017478152309612985 0.16091954022988506
0.017456359102244388 0.16091954022988506
0.017412935323383085 0.16091954022988506
0.017391304347826087 0.16091954022988506
0.017369727047146403 0.16091954022988506
0.01858736059479554 0.1724137931034483
0.018541409147095178 0.1724137931034483
0.018495684340320593 0.1724137931034483
0.01845018450184502 0.1724137931034483
0.018427518427518427 0.1724137931034483
0.018404907975460124 0.1724137931034483
0.01838235294117647 0.1724137931034483
0.01835985312117503 0.1724137931034483
0.018337408312958436 0.1724137931034483
0.018292682926829267 0.1724137931034483
0.018270401948842874 0.1724137931034483
0.01824817518248175 0.1724137931034483
0.018226002430133656 0.1724137931034483
0.019417475728155338 0.1839080459770115
0.01937046004842615 0.1839080459770115
0.019347037484885126 0.1839080459770115
0.01932367149758454 0.1839080459770115
0.019300361881785282 0.1839080459770115
0.019253910950661854 0.1839080459770115
0.019230769230769232 0.1839080459770115
0.01920768307322929 0.1839080459770115
0.019184652278177457 0.1839080459770115
0.019161676646706587 0.1839080459770115
0.019115890083632018 0.1839080459770115
0.01907032181168057 0.1839080459770115
0.019024970273483946 0.1839080459770115
0.019002375296912115 0.1839080459770115
0.018957345971563982 0.1839080459770115
0.01893491124260355 0.1839080459770115
0.018912529550827423 0.1839080459770115
0.018890200708382526 0.1839080459770115
0.018867924528301886 0.1839080459770115
0.01884570082449941 0.1839080459770115
0.018823529411764704 0.1839080459770115
0.018779342723004695 0.1839080459770115
0.01875732708089097 0.1839080459770115
0.01873536299765808 0.1839080459770115
0.01871345029239766 0.1839080459770115
0.018691588785046728 0.1839080459770115
0.01866977829638273 0.1839080459770115
0.018604651162790697 0.1839080459770115
0.018583042973286876 0.1839080459770115
0.01853997682502897 0.1839080459770115
0.018518518518518517 0.1839080459770115
0.018497109826589597 0.1839080459770115
0.018475750577367205 0.1839080459770115
0.01845444059976932 0.1839080459770115
0.018433179723502304 0.1839080459770115
0.018411967779056387 0.1839080459770115
0.01839080459770115 0.1839080459770115
0.018369690011481057 0.1839080459770115
0.01834862385321101 0.1839080459770115
0.018327605956471937 0.1839080459770115
0.018306636155606407 0.1839080459770115
0.0182648401826484 0.1839080459770115
0.018223234624145785 0.1839080459770115
0.01820250284414107 0.1839080459770115
0.01818181818181818 0.1839080459770115
0.018161180476730987 0.1839080459770115
0.018140589569160998 0.1839080459770115
0.01812004530011325 0.1839080459770115
0.01809954751131222 0.1839080459770115
0.01805869074492099 0.1839080459770115
0.018038331454340473 0.1839080459770115
0.018018018018018018 0.1839080459770115
0.01799775028121485 0.1839080459770115
0.017977528089887642 0.1839080459770115
0.017937219730941704 0.1839080459770115
0.01791713325867861 0.1839080459770115
0.017897091722595078 0.1839080459770115
0.017877094972067038 0.1839080459770115
0.017837235228539576 0.1839080459770115
0.017817371937639197 0.1839080459770115
0.017797552836484983 0.1839080459770115
0.017777777777777778 0.1839080459770115
0.017758046614872364 0.1839080459770115
0.017738359201773836 0.1839080459770115
0.017718715393133997 0.1839080459770115
0.017699115044247787 0.1839080459770115
0.017679558011049725 0.1839080459770115
0.017640573318632856 0.1839080459770115
0.018722466960352423 0.19540229885057472
0.0187018701870187 0.19540229885057472
0.01868131868131868 0.19540229885057472
0.018660812294182216 0.19540229885057472
0.01864035087719298 0.19540229885057472
0.018599562363238512 0.19540229885057472
0.018579234972677595 0.19540229885057472
0.018558951965065504 0.19540229885057472
0.018538713195201745 0.19540229885057472
0.018518518518518517 0.19540229885057472
0.018498367791077257 0.19540229885057472
0.01847826086956522 0.19540229885057472
0.018458197611292075 0.19540229885057472
0.01843817787418655 0.19540229885057472
0.018418201516793065 0.19540229885057472
0.0183982683982684 0.19540229885057472
0.018378378378378378 0.19540229885057472
0.0183585313174946 0.19540229885057472
0.018338727076591153 0.19540229885057472
0.018318965517241378 0.19540229885057472
0.01829924650161464 0.19540229885057472
0.01827956989247312 0.19540229885057472
0.018259935553168637 0.19540229885057472
0.018240343347639486 0.19540229885057472
0.01822079314040729 0.19540229885057472
0.018201284796573874 0.19540229885057472
0.01818181818181818 0.19540229885057472
0.018162393162393164 0.19540229885057472
0.01812366737739872 0.19540229885057472
0.01810436634717785 0.19540229885057472
0.018085106382978722 0.19540229885057472
0.018065887353878853 0.19540229885057472
0.018046709129511677 0.19540229885057472
0.018008474576271187 0.19540229885057472
0.01798941798941799 0.19540229885057472
0.01795142555438226 0.19540229885057472
0.017932489451476793 0.19540229885057472
0.01791359325605901 0.19540229885057472
0.017894736842105262 0.19540229885057472
0.017857142857142856 0.19540229885057472
0.017838405036726127 0.19540229885057472
0.01781970649895178 0.19540229885057472
0.01780104712041885 0.19540229885057472
0.01778242677824268 0.19540229885057472
0.017763845350052248 0.19540229885057472
0.017745302713987474 0.19540229885057472
0.017726798748696558 0.19540229885057472
0.017708333333333333 0.19540229885057472
0.018730489073881373 0.20689655172413793
0.018711018711018712 0.20689655172413793
0.01867219917012448 0.20689655172413793
0.01865284974093264 0.20689655172413793
0.018633540372670808 0.20689655172413793
0.01859504132231405 0.20689655172413793
0.018575851393188854 0.20689655172413793
0.018556701030927835 0.20689655172413793
0.018518518518518517 0.20689655172413793
0.018499486125385406 0.20689655172413793
0.018480492813141684 0.20689655172413793
0.019487179487179488 0.21839080459770116
0.0194672131147541 0.21839080459770116
0.019447287615148412 0.21839080459770116
0.01940755873340143 0.21839080459770116
0.019387755102040816 0.21839080459770116
0.019367991845056064 0.21839080459770116
0.019348268839103868 0.21839080459770116
0.019328585961342827 0.21839080459770116
0.019308943089430895 0.21839080459770116
0.019289340101522844 0.21839080459770116
0.019269776876267748 0.21839080459770116
0.019230769230769232 0.21839080459770116
0.019211324570273004 0.21839080459770116
0.01917255297679112 0.21839080459770116
0.020161290322580645 0.22988505747126436
0.02014098690835851 0.22988505747126436
0.02012072434607646 0.22988505747126436
0.020100502512562814 0.22988505747126436
0.020080321285140562 0.22988505747126436
0.020060180541624874 0.22988505747126436
0.02004008016032064 0.22988505747126436
0.02002002002002002 0.22988505747126436
0.02 0.22988505747126436
0.01998001998001998 0.22988505747126436
0.01996007984031936 0.22988505747126436
0.019940179461615155 0.22988505747126436
0.0199203187250996 0.22988505747126436
0.01990049751243781 0.22988505747126436
0.019880715705765408 0.22988505747126436
0.019860973187686197 0.22988505747126436
0.01984126984126984 0.22988505747126436
0.019821605550049554 0.22988505747126436
0.020792079207920793 0.2413793103448276
0.020771513353115726 0.2413793103448276
0.020750988142292492 0.2413793103448276
0.02073050345508391 0.2413793103448276
0.020689655172413793 0.2413793103448276
0.02066929133858268 0.2413793103448276
0.02064896755162242 0.2413793103448276
0.0206286836935167 0.2413793103448276
0.020608439646712464 0.2413793103448276
0.020588235294117647 0.2413793103448276
0.02056807051909892 0.2413793103448276
0.02054794520547945 0.2413793103448276
0.0205078125 0.2413793103448276
0.02048780487804878 0.2413793103448276
0.02046783625730994 0.2413793103448276
0.021421616358325218 0.25287356321839083
0.021400778210116732 0.25287356321839083
0.021379980563654033 0.25287356321839083
0.021359223300970873 0.25287356321839083
0.02133850630455868 0.25287356321839083
0.02131782945736434 0.25287356321839083
0.021297192642787996 0.25287356321839083
0.02127659574468085 0.25287356321839083
0.021256038647342997 0.25287356321839083
0.021235521235521235 0.25287356321839083
0.02119460500963391 0.25287356321839083
0.021174205967276226 0.25287356321839083
0.021153846153846155 0.25287356321839083
0.021133525456292025 0.25287356321839083
0.02111324376199616 0.25287356321839083
0.02109300095877277 0.25287356321839083
0.0210727969348659 0.25287356321839083
0.021052631578947368 0.25287356321839083
0.021032504780114723 0.25287356321839083
0.021012416427889206 0.25287356321839083
0.02099236641221374 0.25287356321839083
0.02095238095238095 0.25287356321839083
0.02093244529019981 0.25287356321839083
0.02091254752851711 0.25287356321839083
0.020872865275142316 0.25287356321839083
0.02085308056872038 0.25287356321839083
0.020833333333333332 0.25287356321839083
0.020813623462630087 0.25287356321839083
0.020793950850661626 0.25287356321839083
0.02077431539187913 0.25287356321839083
0.020754716981132074 0.25287356321839083
0.02071563088512241 0.25287356321839083
0.020696142991533398 0.25287356321839083
0.020676691729323307 0.25287356321839083
0.020657276995305163 0.25287356321839083
0.020637898686679174 0.25287356321839083
0.020618556701030927 0.25287356321839083
0.020599250936329586 0.25287356321839083
0.0205799812909261 0.25287356321839083
0.020560747663551402 0.25287356321839083
0.020522388059701493 0.25287356321839083
0.02050326188257223 0.25287356321839083
0.020484171322160148 0.25287356321839083
0.020465116279069766 0.25287356321839083
0.020446096654275093 0.25287356321839083
0.02042711234911792 0.25287356321839083
0.02040816326530612 0.25287356321839083
0.020389249304911955 0.25287356321839083
0.020370370370370372 0.25287356321839083
0.020351526364477335 0.25287356321839083
0.02033271719038817 0.25287356321839083
0.020313942751615882 0.25287356321839083
0.02029520295202952 0.25287356321839083
0.020257826887661142 0.25287356321839083
0.020239190432382703 0.25287356321839083
0.02022058823529412 0.25287356321839083
0.020202020202020204 0.25287356321839083
0.02018348623853211 0.25287356321839083
0.02016498625114574 0.25287356321839083
0.020146520146520148 0.25287356321839083
0.02010968921389397 0.25287356321839083
0.02009132420091324 0.25287356321839083
0.020072992700729927 0.25287356321839083
0.020036429872495445 0.25287356321839083
0.020018198362147407 0.25287356321839083
0.02 0.25287356321839083
0.019981834695731154 0.25287356321839083
0.019963702359346643 0.25287356321839083
0.019945602901178604 0.25287356321839083
0.019927536231884056 0.25287356321839083
0.019891500904159132 0.25287356321839083
0.01987353206865402 0.25287356321839083
0.019855595667870037 0.25287356321839083
0.019837691614066726 0.25287356321839083
0.019801980198019802 0.25287356321839083
0.019784172661870502 0.25287356321839083
0.019766397124887692 0.25287356321839083
0.019748653500897665 0.25287356321839083
0.01971326164874552 0.25287356321839083
0.019695613249776187 0.25287356321839083
0.01967799642218247 0.25287356321839083
0.01966041108132261 0.25287356321839083
0.019642857142857142 0.25287356321839083
0.019625334522747548 0.25287356321839083
0.0196078431372549 0.25287356321839083
0.019572953736654804 0.25287356321839083
0.019555555555555555 0.25287356321839083
0.019520851818988466 0.25287356321839083
0.01948627103631532 0.25287356321839083
0.019469026548672566 0.25287356321839083
0.019451812555260833 0.25287356321839083
0.019434628975265017 0.25287356321839083
0.019400352733686066 0.25287356321839083
0.019383259911894272 0.25287356321839083
0.01936619718309859 0.25287356321839083
0.019332161687170474 0.25287356321839083
0.01929824561403509 0.25287356321839083
0.019281332164767746 0.25287356321839083
0.01926444833625219 0.25287356321839083
0.019230769230769232 0.25287356321839083
0.01921397379912664 0.25287356321839083
0.019197207678883072 0.25287356321839083
0.01918047079337402 0.25287356321839083
0.02003484320557491 0.26436781609195403
0.020017406440382943 0.26436781609195403
0.02 0.26436781609195403
0.01998262380538662 0.26436781609195403
0.019965277777777776 0.26436781609195403
0.0199479618386817 0.26436781609195403
0.01993067590987868 0.26436781609195403
0.019913419913419914 0.26436781609195403
0.019896193771626297 0.26436781609195403
0.019878997407087293 0.26436781609195403
0.019861830742659757 0.26436781609195403
0.01984469370146678 0.26436781609195403
0.019827586206896553 0.26436781609195403
0.019810508182601206 0.26436781609195403
0.019793459552495698 0.26436781609195403
0.019776440240756664 0.26436781609195403
0.019759450171821305 0.26436781609195403
0.019742489270386267 0.26436781609195403
0.01972555746140652 0.26436781609195403
0.01970865467009426 0.26436781609195403
0.019691780821917807 0.26436781609195403
0.019674935842600515 0.26436781609195403
0.019658119658119658 0.26436781609195403
0.01962457337883959 0.26436781609195403
0.0196078431372549 0.26436781609195403
0.019591141396933562 0.26436781609195403
0.0195578231292517 0.26436781609195403
0.01954120645709431 0.26436781609195403
0.019524617996604415 0.26436781609195403
0.019508057675996608 0.26436781609195403
0.01947502116850127 0.26436781609195403
0.0194585448392555 0.26436781609195403
0.01944209636517329 0.26436781609195403
0.019425675675675675 0.26436781609195403
0.020253164556962026 0.27586206896551724
0.020219039595619208 0.27586206896551724
0.020202020202020204 0.27586206896551724
0.020185029436501262 0.27586206896551724
0.020168067226890758 0.27586206896551724
0.020151133501259445 0.27586206896551724
0.020134228187919462 0.27586206896551724
0.020117351215423303 0.27586206896551724
0.020100502512562814 0.27586206896551724
0.0200836820083682 0.27586206896551724
0.020903010033444816 0.28735632183908044
0.020885547201336674 0.28735632183908044
0.021702838063439065 0.2988505747126437
0.021666666666666667 0.2988505747126437
0.02164862614487927 0.2988505747126437
0.021630615640599003 0.2988505747126437
0.021612635078969242 0.2988505747126437
0.02159468438538206 0.2988505747126437
0.021576763485477178 0.2988505747126437
0.02155887230514096 0.2988505747126437
0.021541010770505385 0.2988505747126437
0.02152317880794702 0.2988505747126437
0.021505376344086023 0.2988505747126437
0.021487603305785124 0.2988505747126437
0.02145214521452145 0.2988505747126437
0.0214168039538715 0.2988505747126437
0.02139917695473251 0.2988505747126437
0.02138157894736842 0.2988505747126437
0.021364009860312245 0.2988505747126437
0.021346469622331693 0.2988505747126437
0.021311475409836064 0.2988505747126437
0.021294021294021293 0.2988505747126437
0.02127659574468085 0.2988505747126437
0.02125919869174162 0.2988505747126437
0.021241830065359478 0.2988505747126437
0.02122448979591837 0.2988505747126437
0.021207177814029365 0.2988505747126437
0.021189894050529748 0.2988505747126437
0.021172638436482084 0.2988505747126437
0.02113821138211382 0.2988505747126437
0.021121039805036556 0.2988505747126437
0.021103896103896104 0.2988505747126437
0.021086780210867802 0.2988505747126437
0.02106969205834684 0.2988505747126437
0.02186234817813765 0.3103448275862069
0.021844660194174758 0.3103448275862069
0.021827000808407437 0.3103448275862069
0.021809369951534735 0.3103448275862069
0.022598870056497175 0.3218390804597701
0.02258064516129032 0.3218390804597701
0.022562449637389202 0.3218390804597701
0.02254428341384863 0.3218390804597701
0.02252614641995173 0.3218390804597701
0.022508038585209004 0.3218390804597701
0.02248995983935743 0.3218390804597701
0.02247191011235955 0.3218390804597701
0.022453889334402566 0.3218390804597701
0.022435897435897436 0.3218390804597701
0.02241793434747798 0.3218390804597701
0.0224 0.3218390804597701
0.02238209432454037 0.3218390804597701
0.022364217252396165 0.3218390804597701
0.0223463687150838 0.3218390804597701
0.022328548644338118 0.3218390804597701
0.022310756972111555 0.3218390804597701
0.022292993630573247 0.3218390804597701
0.022275258552108195 0.3218390804597701
0.022257551669316374 0.3218390804597701
0.022239872915011914 0.3218390804597701
0.022222222222222223 0.3218390804597701
0.022204599524187154 0.3218390804597701
0.022187004754358162 0.3218390804597701
0.022169437846397466 0.3218390804597701
0.022151898734177215 0.3218390804597701
0.022134387351778657 0.3218390804597701
0.022116903633491312 0.3218390804597701
0.022099447513812154 0.3218390804597701
0.022082018927444796 0.3218390804597701
0.02206461780929866 0.3218390804597701
0.02204724409448819 0.3218390804597701
0.022029897718332022 0.3218390804597701
0.0220125786163522 0.3218390804597701
0.02199528672427337 0.3218390804597701
0.02197802197802198 0.3218390804597701
0.02196078431372549 0.3218390804597701
0.0219435736677116 0.3218390804597701
0.02192638997650744 0.3218390804597701
0.0218921032056294 0.3218390804597701
0.021875 0.3218390804597701
0.02185792349726776 0.3218390804597701
0.0218408736349454 0.3218390804597701
0.021823850350740453 0.3218390804597701
0.02178988326848249 0.3218390804597701
0.021756021756021756 0.3218390804597701
0.021739130434782608 0.3218390804597701
0.021722265321955005 0.3218390804597701
0.021705426356589147 0.3218390804597701
0.021688613477924088 0.3218390804597701
0.021671826625386997 0.3218390804597701
0.02165506573859242 0.3218390804597701
0.021638330757341576 0.3218390804597701
0.021604938271604937 0.3218390804597701
0.02158828064764842 0.3218390804597701
0.02157164869029276 0.3218390804597701
0.02155504234026174 0.3218390804597701
0.021538461538461538 0.3218390804597701
0.021521906225980016 0.3218390804597701
0.021505376344086023 0.3218390804597701
0.021488871834228703 0.3218390804597701
0.02147239263803681 0.3218390804597701
0.021455938697318006 0.3218390804597701
0.021439509954058193 0.3218390804597701
0.02142310635042081 0.3218390804597701
0.021406727828746176 0.3218390804597701
0.0213903743315508 0.3218390804597701
0.021374045801526718 0.3218390804597701
0.02135774218154081 0.3218390804597701
0.021341463414634148 0.3218390804597701
0.021325209444021324 0.3218390804597701
0.0213089802130898 0.3218390804597701
0.02127659574468085 0.3218390804597701
0.021244309559939303 0.3218390804597701
0.02122820318423048 0.3218390804597701
0.021212121212121213 0.3218390804597701
0.021196063588190765 0.3218390804597701
0.02118003025718608 0.3218390804597701
0.021164021164021163 0.3218390804597701
0.021148036253776436 0.3218390804597701
0.021132075471698115 0.3218390804597701
0.021116138763197588 0.3218390804597701
0.02110022607385079 0.3218390804597701
0.02108433734939759 0.3218390804597701
0.021068472535741158 0.3218390804597701
0.021052631578947368 0.3218390804597701
0.021036814425244178 0.3218390804597701
0.021021021021021023 0.3218390804597701
0.021005251312828207 0.3218390804597701
0.020973782771535582 0.3218390804597701
0.020942408376963352 0.3218390804597701
0.02092675635276532 0.3218390804597701
0.020911127707244213 0.3218390804597701
0.020895522388059702 0.3218390804597701
0.020879940343027592 0.3218390804597701
0.02084884586746091 0.3218390804597701
0.020833333333333332 0.3218390804597701
0.020802377414561663 0.3218390804597701
0.020786933927245732 0.3218390804597701
0.020771513353115726 0.3218390804597701
0.02074074074074074 0.3218390804597701
0.02072538860103627 0.3218390804597701
0.020710059171597635 0.3218390804597701
0.020694752402069475 0.3218390804597701
0.020664206642066422 0.3218390804597701
0.02064896755162242 0.3218390804597701
0.020633750921149593 0.3218390804597701
0.020618556701030927 0.3218390804597701
0.020603384841795438 0.3218390804597701
0.020558002936857563 0.3218390804597701
0.020542920029347028 0.3218390804597701
0.020527859237536656 0.3218390804597701
0.020512820512820513 0.3218390804597701
0.020482809070958303 0.3218390804597701
0.02046783625730994 0.3218390804597701
0.020452885317750184 0.3218390804597701
0.020437956204379562 0.3218390804597701
0.020423048869438368 0.3218390804597701
0.02040816326530612 0.3218390804597701
0.02039329934450109 0.3218390804597701
0.020378457059679767 0.3218390804597701
0.020348837209302327 0.3218390804597701
0.020334059549745823 0.3218390804597701
0.020319303338171262 0.3218390804597701
0.02030456852791878 0.3218390804597701
0.020289855072463767 0.3218390804597701
0.020260492040520984 0.3218390804597701
0.02023121387283237 0.3218390804597701
0.020216606498194945 0.3218390804597701
0.020202020202020204 0.3218390804597701
0.020187454938716654 0.3218390804597701
0.020172910662824207 0.3218390804597701
0.020158387329013677 0.3218390804597701
0.02014388489208633 0.3218390804597701
0.020129403306973402 0.3218390804597701
0.020114942528735632 0.3218390804597701
0.020100502512562814 0.3218390804597701
0.020086083213773313 0.3218390804597701
0.02007168458781362 0.3218390804597701
0.02005730659025788 0.3218390804597701
0.020042949176807445 0.3218390804597701
0.020028612303290415 0.3218390804597701
0.020014295925661188 0.3218390804597701
0.02 0.3218390804597701
0.01998572448251249 0.3218390804597701
0.019971469329529243 0.3218390804597701
0.019943019943019943 0.3218390804597701
0.0199288256227758 0.3218390804597701
0.01991465149359886 0.3218390804597701
0.01990049751243781 0.3218390804597701
0.019886363636363636 0.3218390804597701
0.0198722498225692 0.3218390804597701
0.019858156028368795 0.3218390804597701
0.019844082211197732 0.3218390804597701
0.019830028328611898 0.3218390804597701
0.019815994338287332 0.3218390804597701
0.019801980198019802 0.3218390804597701
0.01977401129943503 0.3218390804597701
0.019746121297602257 0.3218390804597701
0.019732205778717406 0.3218390804597701
0.019704433497536946 0.3218390804597701
0.01969057665260197 0.3218390804597701
0.019676739283204497 0.3218390804597701
0.019662921348314606 0.3218390804597701
0.019649122807017545 0.3218390804597701
0.019635343618513323 0.3218390804597701
0.019621583742116328 0.3218390804597701
0.01959412176347096 0.3218390804597701
0.019580419580419582 0.3218390804597701
0.019566736547868623 0.3218390804597701
0.019553072625698324 0.3218390804597701
0.019539427773900907 0.3218390804597701
0.019525801952580194 0.3218390804597701
0.01951219512195122 0.3218390804597701
0.019498607242339833 0.3218390804597701
0.019485038274182326 0.3218390804597701
0.019471488178025034 0.3218390804597701
0.019457956914523976 0.3218390804597701
0.019444444444444445 0.3218390804597701
0.01943095072866065 0.3218390804597701
0.019417475728155338 0.3218390804597701
0.019404019404019403 0.3218390804597701
0.019390581717451522 0.3218390804597701
0.019377162629757784 0.3218390804597701
0.019363762102351315 0.3218390804597701
0.019350380096751902 0.3218390804597701
0.019337016574585635 0.3218390804597701
0.01932367149758454 0.3218390804597701
0.019310344827586208 0.3218390804597701
0.019297036526533425 0.3218390804597701
0.01928374655647383 0.3218390804597701
0.019270474879559532 0.3218390804597701
0.01925722145804677 0.3218390804597701
0.019243986254295534 0.3218390804597701
0.019230769230769232 0.3218390804597701
0.019217570350034317 0.3218390804597701
0.019191226867717615 0.3218390804597701
0.019178082191780823 0.3218390804597701
0.019164955509924708 0.3218390804597701
0.019151846785225718 0.3218390804597701
0.019138755980861243 0.3218390804597701
0.01912568306010929 0.3218390804597701
0.01911262798634812 0.3218390804597701
0.019099590723055934 0.3218390804597701
0.01907356948228883 0.3218390804597701
0.01904761904761905 0.3218390804597701
0.019034670292318152 0.3218390804597701
0.019021739130434784 0.3218390804597701
0.019008825526137134 0.3218390804597701
0.018983050847457626 0.3218390804597701
0.018970189701897018 0.3218390804597701
0.018944519621109608 0.3218390804597701
0.01891891891891892 0.3218390804597701
0.018906144496961513 0.3218390804597701
0.018893387314439947 0.3218390804597701
0.018880647336480108 0.3218390804597701
0.018867924528301886 0.3218390804597701
0.018855218855218854 0.3218390804597701
0.018842530282637954 0.3218390804597701
0.01882985877605918 0.3218390804597701
0.01881720430107527 0.3218390804597701
0.01880456682337139 0.3218390804597701
0.01879194630872483 0.3218390804597701
0.018779342723004695 0.3218390804597701
0.01876675603217158 0.3218390804597701
0.018754186202277295 0.3218390804597701
0.018741633199464525 0.3218390804597701
0.018729096989966554 0.3218390804597701
0.01871657754010695 0.3218390804597701
0.018704074816299265 0.3218390804597701
0.018691588785046728 0.3218390804597701
0.018679119412941963 0.3218390804597701
