0.0 0.0
0.0 0.0
0.0 0.0
0.0 0.0
0.0 0.0
0.0 0.0
0.0 0.0
0.0 0.0
0.0 0.0
0.0 0.0
0.0 0.0
0.0 0.0
0.0 0.0
0.0 0.0
0.06666666666666667 0.007518796992481203
0.125 0.015037593984962405
0.17647058823529413 0.022556390977443608
0.16666666666666666 0.022556390977443608
0.15789473684210525 0.022556390977443608
0.15 0.022556390977443608
0.14285714285714285 0.022556390977443608
0.13636363636363635 0.022556390977443608
0.13043478260869565 0.022556390977443608
0.125 0.022556390977443608
0.12 0.022556390977443608
0.11538461538461539 0.022556390977443608
0.1111111111111111 0.022556390977443608
0.10714285714285714 0.022556390977443608
0.10344827586206896 0.022556390977443608
0.1 0.022556390977443608
0.0967741935483871 0.022556390977443608
0.09375 0.022556390977443608
0.09090909090909091 0.022556390977443608
0.08823529411764706 0.022556390977443608
0.08571428571428572 0.022556390977443608
0.08333333333333333 0.022556390977443608
0.08108108108108109 0.022556390977443608
0.07894736842105263 0.022556390977443608
0.10256410256410256 0.03007518796992481
0.1 0.03007518796992481
0.12195121951219512 0.03759398496240601
0.11904761904761904 0.03759398496240601
0.11627906976744186 0.03759398496240601
0.11363636363636363 0.03759398496240601
0.1111111111111111 0.03759398496240601
0.10869565217391304 0.03759398496240601
0.10638297872340426 0.03759398496240601
0.10416666666666667 0.03759398496240601
0.10204081632653061 0.03759398496240601
0.1 0.03759398496240601
0.09803921568627451 0.03759398496240601
0.09615384615384616 0.03759398496240601
0.09433962264150944 0.03759398496240601
0.09259259259259259 0.03759398496240601
0.09090909090909091 0.03759398496240601
0.08928571428571429 0.03759398496240601
0.08771929824561403 0.03759398496240601
0.08620689655172414 0.03759398496240601
0.0847457627118644 0.03759398496240601
0.08333333333333333 0.03759398496240601
0.08196721311475409 0.03759398496240601
0.08064516129032258 0.03759398496240601
0.09523809523809523 0.045112781954887216
0.09375 0.045112781954887216
0.09230769230769231 0.045112781954887216
0.09090909090909091 0.045112781954887216
0.08955223880597014 0.045112781954887216
0.08823529411764706 0.045112781954887216
0.08695652173913043 0.045112781954887216
0.08571428571428572 0.045112781954887216
0.09859154929577464 0.05263157894736842
0.09722222222222222 0.05263157894736842
0.0958904109589041 0.05263157894736842
0.0945945945945946 0.05263157894736842
0.09333333333333334 0.05263157894736842
0.09210526315789473 0.05263157894736842
0.09090909090909091 0.05263157894736842
0.08974358974358974 0.05263157894736842
0.08860759493670886 0.05263157894736842
0.0875 0.05263157894736842
0.08641975308641975 0.05263157894736842
0.08536585365853659 0.05263157894736842
0.08433734939759036 0.05263157894736842
0.08333333333333333 0.05263157894736842
0.08235294117647059 0.05263157894736842
0.08139534883720931 0.05263157894736842
0.08045977011494253 0.05263157894736842
0.07954545454545454 0.05263157894736842
0.07865168539325842 0.05263157894736842
0.08888888888888889 0.06015037593984962
0.08791208791208792 0.06015037593984962
0.08695652173913043 0.06015037593984962
0.08602150537634409 0.06015037593984962
0.0851063829787234 0.06015037593984962
0.08421052631578947 0.06015037593984962
0.08333333333333333 0.06015037593984962
0.08247422680412371 0.06015037593984962
0.08163265306122448 0.06015037593984962
0.08080808080808081 0.06015037593984962
0.08 0.06015037593984962
0.07920792079207921 0.06015037593984962
0.0784313725490196 0.06015037593984962
0.07766990291262135 0.06015037593984962
0.07692307692307693 0.06015037593984962
0.08571428571428572 0.06766917293233082
0.08490566037735849 0.06766917293233082
0.08411214953271028 0.06766917293233082
0.08333333333333333 0.06766917293233082
0.08256880733944955 0.06766917293233082
0.08181818181818182 0.06766917293233082
0.08108108108108109 0.06766917293233082
0.08035714285714286 0.06766917293233082
0.07964601769911504 0.06766917293233082
0.07894736842105263 0.06766917293233082
0.0782608695652174 0.06766917293233082
0.07758620689655173 0.06766917293233082
0.07692307692307693 0.06766917293233082
0.07627118644067797 0.06766917293233082
0.07563025210084033 0.06766917293233082
0.075 0.06766917293233082
0.0743801652892562 0.06766917293233082
0.07377049180327869 0.06766917293233082
0.07317073170731707 0.06766917293233082
0.07258064516129033 0.06766917293233082
0.072 0.06766917293233082
0.07142857142857142 0.06766917293233082
0.07086614173228346 0.06766917293233082
0.0703125 0.06766917293233082
0.06976744186046512 0.06766917293233082
0.06923076923076923 0.06766917293233082
0.06870229007633588 0.06766917293233082
0.06818181818181818 0.06766917293233082
0.06766917293233082 0.06766917293233082
0.06716417910447761 0.06766917293233082
0.06666666666666667 0.06766917293233082
0.0661764705882353 0.06766917293233082
0.06569343065693431 0.06766917293233082
0.07246376811594203 0.07518796992481203
0.07194244604316546 0.07518796992481203
0.07857142857142857 0.08270676691729323
0.07801418439716312 0.08270676691729323
0.07746478873239436 0.08270676691729323
0.07692307692307693 0.08270676691729323
0.0763888888888889 0.08270676691729323
0.07586206896551724 0.08270676691729323
0.07534246575342465 0.08270676691729323
0.07482993197278912 0.08270676691729323
0.07432432432432433 0.08270676691729323
0.0738255033557047 0.08270676691729323
0.07333333333333333 0.08270676691729323
0.0728476821192053 0.08270676691729323
0.07236842105263158 0.08270676691729323
0.0718954248366013 0.08270676691729323
0.07142857142857142 0.08270676691729323
0.07741935483870968 0.09022556390977443
0.07692307692307693 0.09022556390977443
0.07643312101910828 0.09022556390977443
0.0759493670886076 0.09022556390977443
0.07547169811320754 0.09022556390977443
0.075 0.09022556390977443
0.08074534161490683 0.09774436090225563
0.08024691358024691 0.09774436090225563
0.07975460122699386 0.09774436090225563
0.07926829268292683 0.09774436090225563
0.08484848484848485 0.10526315789473684
0.08433734939759036 0.10526315789473684
0.08383233532934131 0.10526315789473684
0.08333333333333333 0.10526315789473684
0.08284023668639054 0.10526315789473684
0.08235294117647059 0.10526315789473684
0.08187134502923976 0.10526315789473684
0.08139534883720931 0.10526315789473684
0.08092485549132948 0.10526315789473684
0.08620689655172414 0.11278195488721804
0.09142857142857143 0.12030075187969924
0.09090909090909091 0.12030075187969924
0.096045197740113 0.12781954887218044
0.09550561797752809 0.12781954887218044
0.09497206703910614 0.12781954887218044
0.09444444444444444 0.12781954887218044
0.09392265193370165 0.12781954887218044
0.09340659340659341 0.12781954887218044
0.09289617486338798 0.12781954887218044
0.09239130434782608 0.12781954887218044
0.0918918918918919 0.12781954887218044
0.0913978494623656 0.12781954887218044
0.09090909090909091 0.12781954887218044
0.09042553191489362 0.12781954887218044
0.08994708994708994 0.12781954887218044
0.08947368421052632 0.12781954887218044
0.08900523560209424 0.12781954887218044
0.08854166666666667 0.12781954887218044
0.08808290155440414 0.12781954887218044
0.08762886597938144 0.12781954887218044
0.08717948717948718 0.12781954887218044
0.08673469387755102 0.12781954887218044
0.08629441624365482 0.12781954887218044
0.08585858585858586 0.12781954887218044
0.08542713567839195 0.12781954887218044
0.085 0.12781954887218044
0.0845771144278607 0.12781954887218044
0.08415841584158416 0.12781954887218044
0.08374384236453201 0.12781954887218044
0.08333333333333333 0.12781954887218044
0.08292682926829269 0.12781954887218044
0.08737864077669903 0.13533834586466165
0.09178743961352658 0.14285714285714285
0.09134615384615384 0.14285714285714285
0.09090909090909091 0.14285714285714285
0.09047619047619047 0.14285714285714285
0.09004739336492891 0.14285714285714285
0.08962264150943396 0.14285714285714285
0.0892018779342723 0.14285714285714285
0.08878504672897196 0.14285714285714285
0.08837209302325581 0.14285714285714285
0.08796296296296297 0.14285714285714285
0.08755760368663594 0.14285714285714285
0.0871559633027523 0.14285714285714285
0.0867579908675799 0.14285714285714285
0.08636363636363636 0.14285714285714285
0.08597285067873303 0.14285714285714285
0.08558558558558559 0.14285714285714285
0.08520179372197309 0.14285714285714285
0.08482142857142858 0.14285714285714285
0.08888888888888889 0.15037593984962405
0.09292035398230089 0.15789473684210525
0.09251101321585903 0.15789473684210525
0.09210526315789473 0.15789473684210525
0.09606986899563319 0.16541353383458646
0.1 0.17293233082706766
0.09956709956709957 0.17293233082706766
0.09913793103448276 0.17293233082706766
0.09871244635193133 0.17293233082706766
0.09829059829059829 0.17293233082706766
0.10212765957446808 0.18045112781954886
0.1016949152542373 0.18045112781954886
0.10126582278481013 0.18045112781954886
0.10504201680672269 0.18796992481203006
0.10460251046025104 0.18796992481203006
0.10416666666666667 0.18796992481203006
0.1037344398340249 0.18796992481203006
0.10330578512396695 0.18796992481203006
0.102880658436214 0.18796992481203006
0.10245901639344263 0.18796992481203006
0.10204081632653061 0.18796992481203006
0.1016260162601626 0.18796992481203006
0.10121457489878542 0.18796992481203006
0.10080645161290322 0.18796992481203006
0.10040160642570281 0.18796992481203006
0.1 0.18796992481203006
0.099601593625498 0.18796992481203006
0.0992063492063492 0.18796992481203006
0.09881422924901186 0.18796992481203006
0.0984251968503937 0.18796992481203006
0.09803921568627451 0.18796992481203006
0.09765625 0.18796992481203006
0.09727626459143969 0.18796992481203006
0.09689922480620156 0.18796992481203006
0.09652509652509653 0.18796992481203006
0.09615384615384616 0.18796992481203006
0.09578544061302682 0.18796992481203006
0.09541984732824428 0.18796992481203006
0.09505703422053231 0.18796992481203006
0.0946969696969697 0.18796992481203006
0.09433962264150944 0.18796992481203006
0.09398496240601503 0.18796992481203006
0.09363295880149813 0.18796992481203006
0.09328358208955224 0.18796992481203006
0.09293680297397769 0.18796992481203006
0.09259259259259259 0.18796992481203006
0.09225092250922509 0.18796992481203006
0.09191176470588236 0.18796992481203006
0.09157509157509157 0.18796992481203006
0.09124087591240876 0.18796992481203006
0.09090909090909091 0.18796992481203006
0.09057971014492754 0.18796992481203006
0.09025270758122744 0.18796992481203006
0.08992805755395683 0.18796992481203006
0.08960573476702509 0.18796992481203006
0.08928571428571429 0.18796992481203006
0.08896797153024912 0.18796992481203006
0.08865248226950355 0.18796992481203006
0.08833922261484099 0.18796992481203006
0.0880281690140845 0.18796992481203006
0.08771929824561403 0.18796992481203006
0.08741258741258741 0.18796992481203006
0.08710801393728224 0.18796992481203006
0.08680555555555555 0.18796992481203006
0.08650519031141868 0.18796992481203006
0.08620689655172414 0.18796992481203006
0.0859106529209622 0.18796992481203006
0.08561643835616438 0.18796992481203006
0.08532423208191127 0.18796992481203006
0.08503401360544217 0.18796992481203006
0.0847457627118644 0.18796992481203006
0.08445945945945946 0.18796992481203006
0.08417508417508418 0.18796992481203006
0.08389261744966443 0.18796992481203006
0.08361204013377926 0.18796992481203006
0.08333333333333333 0.18796992481203006
0.08305647840531562 0.18796992481203006
0.08278145695364239 0.18796992481203006
0.08250825082508251 0.18796992481203006
0.08223684210526316 0.18796992481203006
0.08196721311475409 0.18796992481203006
0.08169934640522876 0.18796992481203006
0.08143322475570032 0.18796992481203006
0.08116883116883117 0.18796992481203006
0.08090614886731391 0.18796992481203006
0.08064516129032258 0.18796992481203006
0.08038585209003216 0.18796992481203006
0.08012820512820513 0.18796992481203006
0.07987220447284345 0.18796992481203006
0.07961783439490445 0.18796992481203006
0.07936507936507936 0.18796992481203006
0.07911392405063292 0.18796992481203006
0.07886435331230283 0.18796992481203006
0.07861635220125786 0.18796992481203006
0.07836990595611286 0.18796992481203006
0.078125 0.18796992481203006
0.0778816199376947 0.18796992481203006
0.07763975155279502 0.18796992481203006
0.07739938080495357 0.18796992481203006
0.07716049382716049 0.18796992481203006
0.07692307692307693 0.18796992481203006
0.07668711656441718 0.18796992481203006
0.0764525993883792 0.18796992481203006
0.07621951219512195 0.18796992481203006
0.07598784194528875 0.18796992481203006
0.07575757575757576 0.18796992481203006
0.0755287009063444 0.18796992481203006
0.07530120481927711 0.18796992481203006
0.07507507507507508 0.18796992481203006
0.0748502994011976 0.18796992481203006
0.07462686567164178 0.18796992481203006
0.0744047619047619 0.18796992481203006
0.07418397626112759 0.18796992481203006
0.07396449704142012 0.18796992481203006
0.07374631268436578 0.18796992481203006
0.07352941176470588 0.18796992481203006
0.07331378299120235 0.18796992481203006
0.07309941520467836 0.18796992481203006
0.0728862973760933 0.18796992481203006
0.07267441860465117 0.18796992481203006
0.07246376811594203 0.18796992481203006
0.07225433526011561 0.18796992481203006
0.07204610951008646 0.18796992481203006
0.07183908045977011 0.18796992481203006
0.07163323782234957 0.18796992481203006
0.07142857142857142 0.18796992481203006
0.07122507122507123 0.18796992481203006
0.07102272727272728 0.18796992481203006
0.0708215297450425 0.18796992481203006
0.07062146892655367 0.18796992481203006
0.07042253521126761 0.18796992481203006
0.0702247191011236 0.18796992481203006
0.0700280112044818 0.18796992481203006
0.06983240223463687 0.18796992481203006
0.06963788300835655 0.18796992481203006
0.06944444444444445 0.18796992481203006
0.06925207756232687 0.18796992481203006
0.06906077348066299 0.18796992481203006
0.06887052341597796 0.18796992481203006
0.06868131868131869 0.18796992481203006
0.0684931506849315 0.18796992481203006
0.06830601092896176 0.18796992481203006
0.0681198910081744 0.18796992481203006
0.06793478260869565 0.18796992481203006
0.06775067750677506 0.18796992481203006
0.06756756756756757 0.18796992481203006
0.0673854447439353 0.18796992481203006
0.06720430107526881 0.18796992481203006
0.06702412868632708 0.18796992481203006
0.06684491978609626 0.18796992481203006
0.06666666666666667 0.18796992481203006
0.06648936170212766 0.18796992481203006
0.06631299734748011 0.18796992481203006
0.06613756613756613 0.18796992481203006
0.06596306068601583 0.18796992481203006
0.06578947368421052 0.18796992481203006
0.06561679790026247 0.18796992481203006
0.06544502617801047 0.18796992481203006
0.06527415143603134 0.18796992481203006
0.06510416666666667 0.18796992481203006
0.06493506493506493 0.18796992481203006
0.06476683937823834 0.18796992481203006
0.06459948320413436 0.18796992481203006
0.06443298969072164 0.18796992481203006
0.06426735218508997 0.18796992481203006
0.0641025641025641 0.18796992481203006
0.0639386189258312 0.18796992481203006
0.06377551020408163 0.18796992481203006
0.06361323155216285 0.18796992481203006
0.06345177664974619 0.18796992481203006
0.06329113924050633 0.18796992481203006
0.06313131313131314 0.18796992481203006
0.06297229219143577 0.18796992481203006
0.06281407035175879 0.18796992481203006
0.06265664160401002 0.18796992481203006
0.0625 0.18796992481203006
0.06234413965087282 0.18796992481203006
0.06218905472636816 0.18796992481203006
0.062034739454094295 0.18796992481203006
0.06188118811881188 0.18796992481203006
0.06172839506172839 0.18796992481203006
0.06157635467980296 0.18796992481203006
0.06142506142506143 0.18796992481203006
0.061274509803921566 0.18796992481203006
0.061124694376528114 0.18796992481203006
0.06097560975609756 0.18796992481203006
0.06082725060827251 0.18796992481203006
0.06067961165048544 0.18796992481203006
0.06053268765133172 0.18796992481203006
0.06038647342995169 0.18796992481203006
0.060240963855421686 0.18796992481203006
0.06009615384615385 0.18796992481203006
0.05995203836930456 0.18796992481203006
0.05980861244019139 0.18796992481203006
0.059665871121718374 0.18796992481203006
0.05952380952380952 0.18796992481203006
0.05938242280285035 0.18796992481203006
0.05924170616113744 0.18796992481203006
0.0591016548463357 0.18796992481203006
0.0589622641509434 0.18796992481203006
0.058823529411764705 0.18796992481203006
0.05868544600938967 0.18796992481203006
0.0585480093676815 0.18796992481203006
0.05841121495327103 0.18796992481203006
0.05827505827505827 0.18796992481203006
0.05813953488372093 0.18796992481203006
0.058004640371229696 0.18796992481203006
0.05787037037037037 0.18796992481203006
0.057736720554272515 0.18796992481203006
0.0576036866359447 0.18796992481203006
0.059770114942528735 0.19548872180451127
0.05963302752293578 0.19548872180451127
0.059496567505720827 0.19548872180451127
0.0593607305936073 0.19548872180451127
0.05922551252847381 0.19548872180451127
0.05909090909090909 0.19548872180451127
0.05895691609977324 0.19548872180451127
0.058823529411764705 0.19548872180451127
0.05869074492099323 0.19548872180451127
0.05855855855855856 0.19548872180451127
0.058426966292134834 0.19548872180451127
0.05829596412556054 0.19548872180451127
0.058165548098434 0.19548872180451127
0.05803571428571429 0.19548872180451127
0.05790645879732739 0.19548872180451127
0.057777777777777775 0.19548872180451127
0.057649667405764965 0.19548872180451127
0.05752212389380531 0.19548872180451127
0.05739514348785872 0.19548872180451127
0.05726872246696035 0.19548872180451127
0.05714285714285714 0.19548872180451127
0.05921052631578947 0.20300751879699247
0.05908096280087528 0.20300751879699247
0.0611353711790393 0.21052631578947367
0.06100217864923747 0.21052631578947367
0.06086956521739131 0.21052631578947367
0.06073752711496746 0.21052631578947367
0.06060606060606061 0.21052631578947367
0.06047516198704104 0.21052631578947367
0.0625 0.21804511278195488
0.06236559139784946 0.21804511278195488
0.06223175965665236 0.21804511278195488
0.06209850107066381 0.21804511278195488
0.06196581196581197 0.21804511278195488
0.06183368869936034 0.21804511278195488
0.06170212765957447 0.21804511278195488
0.06157112526539278 0.21804511278195488
0.0614406779661017 0.21804511278195488
0.0613107822410148 0.21804511278195488
0.06118143459915612 0.21804511278195488
0.061052631578947365 0.21804511278195488
0.06092436974789916 0.21804511278195488
0.06079664570230608 0.21804511278195488
0.060669456066945605 0.21804511278195488
0.060542797494780795 0.21804511278195488
0.06041666666666667 0.21804511278195488
0.060291060291060294 0.21804511278195488
0.06016597510373444 0.21804511278195488
0.060041407867494824 0.21804511278195488
0.05991735537190083 0.21804511278195488
0.05979381443298969 0.21804511278195488
0.059670781893004114 0.21804511278195488
0.059548254620123205 0.21804511278195488
0.05942622950819672 0.21804511278195488
0.05930470347648262 0.21804511278195488
0.05918367346938776 0.21804511278195488
0.059063136456211814 0.21804511278195488
0.06097560975609756 0.22556390977443608
0.060851926977687626 0.22556390977443608
0.06275303643724696 0.23308270676691728
0.06262626262626263 0.23308270676691728
0.0625 0.23308270676691728
0.06237424547283702 0.23308270676691728
0.06224899598393574 0.23308270676691728
0.06212424849699399 0.23308270676691728
0.062 0.23308270676691728
0.06387225548902195 0.24060150375939848
0.06374501992031872 0.24060150375939848
0.0636182902584493 0.24060150375939848
0.06349206349206349 0.24060150375939848
0.06534653465346535 0.24812030075187969
0.06521739130434782 0.24812030075187969
0.0650887573964497 0.24812030075187969
0.06496062992125984 0.24812030075187969
0.06483300589390963 0.24812030075187969
0.06470588235294118 0.24812030075187969
0.06457925636007827 0.24812030075187969
0.064453125 0.24812030075187969
0.06432748538011696 0.24812030075187969
0.06420233463035019 0.24812030075187969
0.06407766990291262 0.24812030075187969
0.06395348837209303 0.24812030075187969
0.06382978723404255 0.24812030075187969
0.0637065637065637 0.24812030075187969
0.06358381502890173 0.24812030075187969
0.06346153846153846 0.24812030075187969
0.06333973128598848 0.24812030075187969
0.06321839080459771 0.24812030075187969
0.06309751434034416 0.24812030075187969
0.06297709923664122 0.24812030075187969
0.06285714285714286 0.24812030075187969
0.06273764258555133 0.24812030075187969
0.06261859582542695 0.24812030075187969
0.0625 0.24812030075187969
0.062381852551984876 0.24812030075187969
0.062264150943396226 0.24812030075187969
0.062146892655367235 0.24812030075187969
0.06203007518796992 0.24812030075187969
0.06191369606003752 0.24812030075187969
0.06179775280898876 0.24812030075187969
0.0616822429906542 0.24812030075187969
0.061567164179104475 0.24812030075187969
0.061452513966480445 0.24812030075187969
0.06133828996282528 0.24812030075187969
0.061224489795918366 0.24812030075187969
0.06111111111111111 0.24812030075187969
0.06099815157116451 0.24812030075187969
0.06088560885608856 0.24812030075187969
0.06077348066298342 0.24812030075187969
0.06066176470588235 0.24812030075187969
0.060550458715596334 0.24812030075187969
0.06043956043956044 0.24812030075187969
0.0603290676416819 0.24812030075187969
0.060218978102189784 0.24812030075187969
0.060109289617486336 0.24812030075187969
0.06 0.24812030075187969
0.05989110707803993 0.24812030075187969
0.059782608695652176 0.24812030075187969
0.059674502712477394 0.24812030075187969
0.05956678700361011 0.24812030075187969
0.05945945945945946 0.24812030075187969
0.05935251798561151 0.24812030075187969
0.059245960502693 0.24812030075187969
0.05913978494623656 0.24812030075187969
0.059033989266547404 0.24812030075187969
0.05892857142857143 0.24812030075187969
0.058823529411764705 0.24812030075187969
0.05871886120996441 0.24812030075187969
0.0586145648312611 0.24812030075187969
0.05851063829787234 0.24812030075187969
0.0584070796460177 0.24812030075187969
0.05830388692579505 0.24812030075187969
0.0582010582010582 0.24812030075187969
0.058098591549295774 0.24812030075187969
0.05799648506151142 0.24812030075187969
0.05789473684210526 0.24812030075187969
0.05779334500875657 0.24812030075187969
0.057692307692307696 0.24812030075187969
0.05759162303664921 0.24812030075187969
0.05749128919860627 0.24812030075187969
0.057391304347826085 0.24812030075187969
0.057291666666666664 0.24812030075187969
0.05719237435008666 0.24812030075187969
0.05709342560553633 0.24812030075187969
0.05699481865284974 0.24812030075187969
0.056896551724137934 0.24812030075187969
0.05679862306368331 0.24812030075187969
0.05670103092783505 0.24812030075187969
0.05660377358490566 0.24812030075187969
0.05650684931506849 0.24812030075187969
0.05641025641025641 0.24812030075187969
0.05631399317406143 0.24812030075187969
0.056218057921635436 0.24812030075187969
0.05612244897959184 0.24812030075187969
0.05602716468590832 0.24812030075187969
0.05593220338983051 0.24812030075187969
0.05583756345177665 0.24812030075187969
0.05574324324324324 0.24812030075187969
0.05564924114671164 0.24812030075187969
0.05555555555555555 0.24812030075187969
0.05546218487394958 0.24812030075187969
0.05536912751677853 0.24812030075187969
0.05527638190954774 0.24812030075187969
0.05518394648829431 0.24812030075187969
0.05509181969949917 0.24812030075187969
0.055 0.24812030075187969
0.05490848585690516 0.24812030075187969
0.054817275747508304 0.24812030075187969
0.05472636815920398 0.24812030075187969
0.054635761589403975 0.24812030075187969
0.05454545454545454 0.24812030075187969
0.054455445544554455 0.24812030075187969
0.054365733113673806 0.24812030075187969
0.054276315789473686 0.24812030075187969
0.054187192118226604 0.24812030075187969
0.054098360655737705 0.24812030075187969
0.054009819967266774 0.24812030075187969
0.05392156862745098 0.24812030075187969
0.053833605220228384 0.24812030075187969
0.05374592833876222 0.24812030075187969
0.05365853658536585 0.24812030075187969
0.05357142857142857 0.24812030075187969
0.05348460291734198 0.24812030075187969
0.05339805825242718 0.24812030075187969
0.05331179321486268 0.24812030075187969
0.0532258064516129 0.24812030075187969
0.05314009661835749 0.24812030075187969
0.05305466237942122 0.24812030075187969
0.052969502407704656 0.24812030075187969
0.052884615384615384 0.24812030075187969
0.0528 0.24812030075187969
0.052715654952076675 0.24812030075187969
0.05263157894736842 0.24812030075187969
0.052547770700636945 0.24812030075187969
0.05246422893481717 0.24812030075187969
0.05238095238095238 0.24812030075187969
0.05229793977812995 0.24812030075187969
0.05221518987341772 0.24812030075187969
0.052132701421800945 0.24812030075187969
0.052050473186119876 0.24812030075187969
0.05196850393700787 0.24812030075187969
0.05188679245283019 0.24812030075187969
0.05180533751962323 0.24812030075187969
0.05172413793103448 0.24812030075187969
0.051643192488262914 0.24812030075187969
0.0515625 0.24812030075187969
0.0514820592823713 0.24812030075187969
0.0514018691588785 0.24812030075187969
0.05132192846034215 0.24812030075187969
0.05124223602484472 0.24812030075187969
0.05116279069767442 0.24812030075187969
0.05108359133126935 0.24812030075187969
0.05100463678516229 0.24812030075187969
0.05092592592592592 0.24812030075187969
0.05084745762711865 0.24812030075187969
0.05076923076923077 0.24812030075187969
0.05069124423963134 0.24812030075187969
0.05061349693251534 0.24812030075187969
0.05053598774885146 0.24812030075187969
0.05045871559633028 0.24812030075187969
0.050381679389312976 0.24812030075187969
0.05030487804878049 0.24812030075187969
0.0502283105022831 0.24812030075187969
0.05015197568389058 0.24812030075187969
0.05007587253414264 0.24812030075187969
0.05 0.24812030075187969
0.049924357034795766 0.24812030075187969
0.04984894259818731 0.24812030075187969
0.049773755656108594 0.24812030075187969
0.04969879518072289 0.24812030075187969
0.04962406015037594 0.24812030075187969
0.04954954954954955 0.24812030075187969
0.049475262368815595 0.24812030075187969
0.04940119760479042 0.24812030075187969
0.04932735426008968 0.24812030075187969
0.049253731343283584 0.24812030075187969
0.04918032786885246 0.24812030075187969
0.049107142857142856 0.24812030075187969
0.04903417533432392 0.24812030075187969
0.04896142433234421 0.24812030075187969
0.04888888888888889 0.24812030075187969
0.04881656804733728 0.24812030075187969
0.04874446085672083 0.24812030075187969
0.048672566371681415 0.24812030075187969
0.048600883652430045 0.24812030075187969
0.04852941176470588 0.24812030075187969
0.048458149779735685 0.24812030075187969
0.04838709677419355 0.24812030075187969
0.048316251830161056 0.24812030075187969
0.049707602339181284 0.2556390977443609
0.049635036496350364 0.2556390977443609
0.05102040816326531 0.2631578947368421
0.05240174672489083 0.2706766917293233
0.05232558139534884 0.2706766917293233
0.05224963715529753 0.2706766917293233
0.05217391304347826 0.2706766917293233
0.05209840810419682 0.2706766917293233
0.05202312138728324 0.2706766917293233
0.05194805194805195 0.2706766917293233
0.05187319884726225 0.2706766917293233
0.051798561151079135 0.2706766917293233
0.05172413793103448 0.2706766917293233
0.05164992826398852 0.2706766917293233
0.05157593123209169 0.2706766917293233
0.05150214592274678 0.2706766917293233
0.05142857142857143 0.2706766917293233
0.05135520684736091 0.2706766917293233
0.05128205128205128 0.2706766917293233
0.051209103840682786 0.2706766917293233
0.05113636363636364 0.2706766917293233
0.05106382978723404 0.2706766917293233
0.05099150141643059 0.2706766917293233
0.05091937765205092 0.2706766917293233
0.05084745762711865 0.2706766917293233
0.05077574047954866 0.2706766917293233
0.05070422535211268 0.2706766917293233
0.05063291139240506 0.2706766917293233
0.05056179775280899 0.2706766917293233
0.05049088359046283 0.2706766917293233
0.05042016806722689 0.2706766917293233
0.05034965034965035 0.2706766917293233
0.05027932960893855 0.2706766917293233
0.0502092050209205 0.2706766917293233
0.05013927576601671 0.2706766917293233
0.05006954102920723 0.2706766917293233
0.05 0.2706766917293233
0.049930651872399444 0.2706766917293233
0.04986149584487535 0.2706766917293233
0.04979253112033195 0.2706766917293233
0.049723756906077346 0.2706766917293233
0.0496551724137931 0.2706766917293233
0.049586776859504134 0.2706766917293233
0.04951856946354883 0.2706766917293233
0.04945054945054945 0.2706766917293233
0.04938271604938271 0.2706766917293233
0.049315068493150684 0.2706766917293233
0.049247606019151846 0.2706766917293233
0.04918032786885246 0.2706766917293233
0.04911323328785812 0.2706766917293233
0.04904632152588556 0.2706766917293233
0.04897959183673469 0.2706766917293233
0.04891304347826087 0.2706766917293233
0.048846675712347354 0.2706766917293233
0.04878048780487805 0.2706766917293233
0.04871447902571042 0.2706766917293233
0.04864864864864865 0.2706766917293233
0.048582995951417005 0.2706766917293233
0.04851752021563342 0.2706766917293233
0.04845222072678331 0.2706766917293233
0.04838709677419355 0.2706766917293233
0.04832214765100671 0.2706766917293233
0.04825737265415549 0.2706766917293233
0.04819277108433735 0.2706766917293233
0.0481283422459893 0.2706766917293233
0.04806408544726302 0.2706766917293233
0.048 0.2706766917293233
0.047936085219707054 0.2706766917293233
0.047872340425531915 0.2706766917293233
0.04780876494023904 0.2706766917293233
0.04774535809018567 0.2706766917293233
0.04768211920529802 0.2706766917293233
0.047619047619047616 0.2706766917293233
0.047556142668428 0.2706766917293233
0.047493403693931395 0.2706766917293233
0.04743083003952569 0.2706766917293233
0.04736842105263158 0.2706766917293233
0.04730617608409987 0.2706766917293233
0.047244094488188976 0.2706766917293233
0.047182175622542594 0.2706766917293233
0.04712041884816754 0.2706766917293233
0.047058823529411764 0.2706766917293233
0.04699738903394256 0.2706766917293233
0.0469361147327249 0.2706766917293233
0.046875 0.2706766917293233
0.04681404421326398 0.2706766917293233
0.046753246753246755 0.2706766917293233
0.04669260700389105 0.2706766917293233
0.046632124352331605 0.2706766917293233
0.04657179818887452 0.2706766917293233
0.046511627906976744 0.2706766917293233
0.04645161290322581 0.2706766917293233
0.04639175257731959 0.2706766917293233
0.04633204633204633 0.2706766917293233
0.04627249357326478 0.2706766917293233
0.04621309370988447 0.2706766917293233
0.046153846153846156 0.2706766917293233
0.046094750320102434 0.2706766917293233
0.04603580562659847 0.2706766917293233
0.04597701149425287 0.2706766917293233
0.04591836734693878 0.2706766917293233
0.045859872611464965 0.2706766917293233
0.04580152671755725 0.2706766917293233
0.045743329097839895 0.2706766917293233
0.04568527918781726 0.2706766917293233
0.045627376425855515 0.2706766917293233
0.04556962025316456 0.2706766917293233
0.045512010113780026 0.2706766917293233
0.045454545454545456 0.2706766917293233
0.04539722572509458 0.2706766917293233
0.04534005037783375 0.2706766917293233
0.045283018867924525 0.2706766917293233
0.04522613065326633 0.2706766917293233
0.0451693851944793 0.2706766917293233
0.045112781954887216 0.2706766917293233
0.04505632040050062 0.2706766917293233
0.045 0.2706766917293233
0.0449438202247191 0.2706766917293233
0.04488778054862843 0.2706766917293233
0.0448318804483188 0.2706766917293233
0.04477611940298507 0.2706766917293233
0.04472049689440994 0.2706766917293233
0.04466501240694789 0.2706766917293233
0.04460966542750929 0.2706766917293233
0.04455445544554455 0.2706766917293233
0.04449938195302843 0.2706766917293233
0.044444444444444446 0.2706766917293233
0.04438964241676942 0.2706766917293233
0.04433497536945813 0.2706766917293233
0.04428044280442804 0.2706766917293233
0.044226044226044224 0.2706766917293233
0.044171779141104296 0.2706766917293233
0.04411764705882353 0.2706766917293233
0.044063647490820076 0.2706766917293233
0.044009779951100246 0.2706766917293233
0.04395604395604396 0.2706766917293233
0.04390243902439024 0.2706766917293233
0.0438489646772229 0.2706766917293233
0.043795620437956206 0.2706766917293233
0.04374240583232078 0.2706766917293233
0.043689320388349516 0.2706766917293233
0.04363636363636364 0.2706766917293233
0.043583535108958835 0.2706766917293233
0.04353083434099154 0.2706766917293233
0.043478260869565216 0.2706766917293233
0.04342581423401689 0.2706766917293233
0.043373493975903614 0.2706766917293233
0.04332129963898917 0.2706766917293233
0.04326923076923077 0.2706766917293233
0.04321728691476591 0.2706766917293233
0.04316546762589928 0.2706766917293233
0.04311377245508982 0.2706766917293233
0.0430622009569378 0.2706766917293233
0.043010752688172046 0.2706766917293233
0.04295942720763723 0.2706766917293233
0.04290822407628129 0.2706766917293233
0.04285714285714286 0.2706766917293233
0.04280618311533888 0.2706766917293233
0.04275534441805225 0.2706766917293233
0.042704626334519574 0.2706766917293233
0.04265402843601896 0.2706766917293233
0.04260355029585799 0.2706766917293233
0.0425531914893617 0.2706766917293233
0.04250295159386069 0.2706766917293233
0.04245283018867924 0.2706766917293233
0.04240282685512368 0.2706766917293233
0.042352941176470586 0.2706766917293233
0.04230317273795535 0.2706766917293233
0.04225352112676056 0.2706766917293233
0.04220398593200469 0.2706766917293233
0.04215456674473068 0.2706766917293233
0.042105263157894736 0.2706766917293233
0.04205607476635514 0.2706766917293233
0.042007001166861145 0.2706766917293233
0.04195804195804196 0.2706766917293233
0.04190919674039581 0.2706766917293233
0.04186046511627907 0.2706766917293233
0.041811846689895474 0.2706766917293233
0.04176334106728538 0.2706766917293233
0.04171494785631518 0.2706766917293233
0.041666666666666664 0.2706766917293233
0.04161849710982659 0.2706766917293233
0.04157043879907621 0.2706766917293233
0.04152249134948097 0.2706766917293233
0.041474654377880185 0.2706766917293233
0.04142692750287687 0.2706766917293233
0.041379310344827586 0.2706766917293233
0.04133180252583238 0.2706766917293233
0.04128440366972477 0.2706766917293233
0.041237113402061855 0.2706766917293233
0.041189931350114416 0.2706766917293233
0.04114285714285714 0.2706766917293233
0.0410958904109589 0.2706766917293233
0.04104903078677309 0.2706766917293233
0.04100227790432802 0.2706766917293233
0.040955631399317405 0.2706766917293233
0.04090909090909091 0.2706766917293233
0.04086265607264472 0.2706766917293233
0.04081632653061224 0.2706766917293233
0.04077010192525481 0.2706766917293233
0.04072398190045249 0.2706766917293233
0.04067796610169491 0.2706766917293233
0.040632054176072234 0.2706766917293233
0.040586245772266064 0.2706766917293233
0.04054054054054054 0.2706766917293233
0.04049493813273341 0.2706766917293233
0.04044943820224719 0.2706766917293233
0.04040404040404041 0.2706766917293233
0.04035874439461883 0.2706766917293233
0.040313549832026875 0.2706766917293233
0.040268456375838924 0.2706766917293233
0.04022346368715084 0.2706766917293233
0.04017857142857143 0.2706766917293233
0.04013377926421405 0.2706766917293233
0.0400890868596882 0.2706766917293233
0.04004449388209121 0.2706766917293233
0.04 0.2706766917293233
0.03995560488346282 0.2706766917293233
0.03991130820399113 0.2706766917293233
0.03986710963455149 0.2706766917293233
0.03982300884955752 0.2706766917293233
0.039779005524861875 0.2706766917293233
0.039735099337748346 0.2706766917293233
0.03969128996692393 0.2706766917293233
0.039647577092511016 0.2706766917293233
0.039603960396039604 0.2706766917293233
0.03956043956043956 0.2706766917293233
0.03951701427003293 0.2706766917293233
0.039473684210526314 0.2706766917293233
0.03943044906900329 0.2706766917293233
0.03938730853391685 0.2706766917293233
0.03934426229508197 0.2706766917293233
0.039301310043668124 0.2706766917293233
0.03925845147219193 0.2706766917293233
0.0392156862745098 0.2706766917293233
0.03917301414581066 0.2706766917293233
0.0391304347826087 0.2706766917293233
0.03908794788273615 0.2706766917293233
0.039045553145336226 0.2706766917293233
0.0390032502708559 0.2706766917293233
0.03896103896103896 0.2706766917293233
0.03891891891891892 0.2706766917293233
0.038876889848812095 0.2706766917293233
0.038834951456310676 0.2706766917293233
0.03879310344827586 0.2706766917293233
0.038751345532831 0.2706766917293233
0.03870967741935484 0.2706766917293233
0.03866809881847476 0.2706766917293233
0.03862660944206009 0.2706766917293233
0.03858520900321544 0.2706766917293233
0.03854389721627409 0.2706766917293233
0.038502673796791446 0.2706766917293233
0.038461538461538464 0.2706766917293233
0.0384204909284952 0.2706766917293233
0.03837953091684435 0.2706766917293233
0.038338658146964855 0.2706766917293233
0.03829787234042553 0.2706766917293233
0.03825717321997875 0.2706766917293233
0.03821656050955414 0.2706766917293233
0.03817603393425239 0.2706766917293233
0.038135593220338986 0.2706766917293233
0.0380952380952381 0.2706766917293233
0.03805496828752643 0.2706766917293233
0.03801478352692714 0.2706766917293233
0.0379746835443038 0.2706766917293233
0.037934668071654375 0.2706766917293233
0.037894736842105266 0.2706766917293233
0.03785488958990536 0.2706766917293233
0.037815126050420166 0.2706766917293233
0.03777544596012592 0.2706766917293233
0.03773584905660377 0.2706766917293233
0.03769633507853403 0.2706766917293233
0.03765690376569038 0.2706766917293233
0.03761755485893417 0.2706766917293233
0.037578288100208766 0.2706766917293233
0.03753910323253389 0.2706766917293233
0.0375 0.2706766917293233
0.037460978147762745 0.2706766917293233
0.037422037422037424 0.2706766917293233
0.037383177570093455 0.2706766917293233
0.03734439834024896 0.2706766917293233
0.03730569948186528 0.2706766917293233
0.037267080745341616 0.2706766917293233
0.03722854188210962 0.2706766917293233
0.0371900826446281 0.2706766917293233
0.03715170278637771 0.2706766917293233
0.03711340206185567 0.2706766917293233
0.037075180226570546 0.2706766917293233
0.037037037037037035 0.2706766917293233
0.03699897225077081 0.2706766917293233
0.03696098562628337 0.2706766917293233
0.036923076923076927 0.2706766917293233
0.036885245901639344 0.2706766917293233
0.0368474923234391 0.2706766917293233
0.03680981595092025 0.2706766917293233
0.03677221654749745 0.2706766917293233
0.036734693877551024 0.2706766917293233
0.03669724770642202 0.2706766917293233
0.03665987780040733 0.2706766917293233
0.03662258392675483 0.2706766917293233
0.036585365853658534 0.2706766917293233
0.03654822335025381 0.2706766917293233
0.036511156186612576 0.2706766917293233
0.0364741641337386 0.2706766917293233
0.03643724696356275 0.2706766917293233
0.03640040444893832 0.2706766917293233
0.03636363636363636 0.2706766917293233
0.03632694248234107 0.2706766917293233
0.036290322580645164 0.2706766917293233
0.03625377643504532 0.2706766917293233
0.03621730382293763 0.2706766917293233
0.036180904522613064 0.2706766917293233
0.03614457831325301 0.2706766917293233
0.03610832497492478 0.2706766917293233
0.036072144288577156 0.2706766917293233
0.036036036036036036 0.2706766917293233
0.036 0.2706766917293233
0.03596403596403597 0.2706766917293233
0.03592814371257485 0.2706766917293233
0.03589232303090728 0.2706766917293233
0.035856573705179286 0.2706766917293233
0.03582089552238806 0.2706766917293233
0.03578528827037773 0.2706766917293233
0.03574975173783516 0.2706766917293233
0.03571428571428571 0.2706766917293233
0.035678889990089196 0.2706766917293233
0.03564356435643564 0.2706766917293233
0.03560830860534125 0.2706766917293233
0.03557312252964427 0.2706766917293233
0.035538005923000986 0.2706766917293233
0.03550295857988166 0.2706766917293233
0.035467980295566505 0.2706766917293233
0.03543307086614173 0.2706766917293233
0.035398230088495575 0.2706766917293233
0.03536345776031434 0.2706766917293233
0.03532875368007851 0.2706766917293233
0.03529411764705882 0.2706766917293233
0.03525954946131244 0.2706766917293233
0.03522504892367906 0.2706766917293233
0.03519061583577713 0.2706766917293233
0.03515625 0.2706766917293233
0.0351219512195122 0.2706766917293233
0.03508771929824561 0.2706766917293233
0.035053554040895815 0.2706766917293233
0.03501945525291829 0.2706766917293233
0.03498542274052478 0.2706766917293233
0.03495145631067961 0.2706766917293233
0.03491755577109602 0.2706766917293233
0.03488372093023256 0.2706766917293233
0.03484995159728945 0.2706766917293233
0.03481624758220503 0.2706766917293233
0.034782608695652174 0.2706766917293233
0.03474903474903475 0.2706766917293233
0.03471552555448409 0.2706766917293233
0.03468208092485549 0.2706766917293233
0.03464870067372473 0.2706766917293233
0.03461538461538462 0.2706766917293233
0.0345821325648415 0.2706766917293233
0.0345489443378119 0.2706766917293233
0.03451581975071908 0.2706766917293233
0.034482758620689655 0.2706766917293233
0.03444976076555024 0.2706766917293233
0.03441682600382409 0.2706766917293233
0.034383954154727794 0.2706766917293233
0.03435114503816794 0.2706766917293233
0.034318398474737846 0.2706766917293233
0.03428571428571429 0.2706766917293233
0.03425309229305423 0.2706766917293233
0.034220532319391636 0.2706766917293233
0.03418803418803419 0.2706766917293233
0.03415559772296015 0.2706766917293233
0.034123222748815164 0.2706766917293233
0.03409090909090909 0.2706766917293233
0.03405865657521287 0.2706766917293233
0.034026465028355386 0.2706766917293233
0.0339943342776204 0.2706766917293233
0.033962264150943396 0.2706766917293233
0.033930254476908575 0.2706766917293233
0.03389830508474576 0.2706766917293233
0.03386641580432737 0.2706766917293233
0.03383458646616541 0.2706766917293233
0.03380281690140845 0.2706766917293233
0.03377110694183865 0.2706766917293233
0.033739456419868794 0.2706766917293233
0.033707865168539325 0.2706766917293233
0.03367633302151544 0.2706766917293233
0.03364485981308411 0.2706766917293233
0.03361344537815126 0.2706766917293233
0.033582089552238806 0.2706766917293233
0.033550792171481825 0.2706766917293233
0.0335195530726257 0.2706766917293233
0.03348837209302326 0.2706766917293233
0.03345724907063197 0.2706766917293233
0.033426183844011144 0.2706766917293233
0.03339517625231911 0.2706766917293233
0.033364226135310475 0.2706766917293233
0.03333333333333333 0.2706766917293233
0.03330249768732655 0.2706766917293233
0.033271719038817 0.2706766917293233
0.0332409972299169 0.2706766917293233
0.033210332103321034 0.2706766917293233
0.03317972350230415 0.2706766917293233
0.03314917127071823 0.2706766917293233
0.03311867525298988 0.2706766917293233
0.03308823529411765 0.2706766917293233
0.03305785123966942 0.2706766917293233
0.03302752293577982 0.2706766917293233
0.03299725022914757 0.2706766917293233
0.03296703296703297 0.2706766917293233
0.03293687099725526 0.2706766917293233
0.03290676416819013 0.2706766917293233
0.03287671232876712 0.2706766917293233
0.032846715328467155 0.2706766917293233
0.032816773017319965 0.2706766917293233
0.03278688524590164 0.2706766917293233
0.03275705186533212 0.2706766917293233
0.03272727272727273 0.2706766917293233
0.0326975476839237 0.2706766917293233
0.032667876588021776 0.2706766917293233
0.032638259292837715 0.2706766917293233
0.03260869565217391 0.2706766917293233
0.03257918552036199 0.2706766917293233
0.0325497287522604 0.2706766917293233
0.032520325203252036 0.2706766917293233
0.032490974729241874 0.2706766917293233
0.032461677186654644 0.2706766917293233
0.032432432432432434 0.2706766917293233
0.032403240324032405 0.2706766917293233
0.03237410071942446 0.2706766917293233
0.03234501347708895 0.2706766917293233
0.03231597845601436 0.2706766917293233
0.03228699551569507 0.2706766917293233
0.03225806451612903 0.2706766917293233
0.03222918531781558 0.2706766917293233
0.03220035778175313 0.2706766917293233
0.032171581769437 0.2706766917293233
0.03214285714285714 0.2706766917293233
0.032114183764495985 0.2706766917293233
0.03208556149732621 0.2706766917293233
0.032056990204808546 0.2706766917293233
0.03202846975088968 0.2706766917293233
0.032 0.2706766917293233
0.03197158081705151 0.2706766917293233
0.03194321206743567 0.2706766917293233
0.031914893617021274 0.2706766917293233
0.03188662533215235 0.2706766917293233
0.03185840707964602 0.2706766917293233
0.03183023872679045 0.2706766917293233
0.03180212014134275 0.2706766917293233
0.03177405119152692 0.2706766917293233
0.031746031746031744 0.2706766917293233
0.03171806167400881 0.2706766917293233
0.03169014084507042 0.2706766917293233
0.0316622691292876 0.2706766917293233
0.03163444639718805 0.2706766917293233
0.03160667251975417 0.2706766917293233
0.031578947368421054 0.2706766917293233
0.03155127081507449 0.2706766917293233
0.03152364273204904 0.2706766917293233
0.031496062992125984 0.2706766917293233
0.03146853146853147 0.2706766917293233
0.0314410480349345 0.2706766917293233
0.031413612565445025 0.2706766917293233
0.03138622493461203 0.2706766917293233
0.0313588850174216 0.2706766917293233
0.031331592689295036 0.2706766917293233
0.03130434782608696 0.2706766917293233
0.03127715030408341 0.2706766917293233
0.03125 0.2706766917293233
0.031222896790980052 0.2706766917293233
0.03119584055459272 0.2706766917293233
0.03116883116883117 0.2706766917293233
0.031141868512110725 0.2706766917293233
0.03111495246326707 0.2706766917293233
0.031088082901554404 0.2706766917293233
0.031061259706643658 0.2706766917293233
0.03103448275862069 0.2706766917293233
0.031007751937984496 0.2706766917293233
0.03098106712564544 0.2706766917293233
0.030954428202923472 0.2706766917293233
0.030927835051546393 0.2706766917293233
0.030901287553648068 0.2706766917293233
0.030874785591766724 0.2706766917293233
0.030848329048843187 0.2706766917293233
0.030821917808219176 0.2706766917293233
0.030795551753635585 0.2706766917293233
0.03076923076923077 0.2706766917293233
0.030742954739538857 0.2706766917293233
0.030716723549488054 0.2706766917293233
0.030690537084398978 0.2706766917293233
0.030664395229982964 0.2706766917293233
0.030638297872340424 0.2706766917293233
0.030612244897959183 0.2706766917293233
0.03058623619371283 0.2706766917293233
0.030560271646859084 0.2706766917293233
0.030534351145038167 0.2706766917293233
0.030508474576271188 0.2706766917293233
0.03048264182895851 0.2706766917293233
0.030456852791878174 0.2706766917293233
0.030431107354184278 0.2706766917293233
0.030405405405405407 0.2706766917293233
0.030379746835443037 0.2706766917293233
0.03035413153456998 0.2706766917293233
0.030328559393428812 0.2706766917293233
0.030303030303030304 0.2706766917293233
0.030277544154751892 0.2706766917293233
0.030252100840336135 0.2706766917293233
0.030226700251889168 0.2706766917293233
0.030201342281879196 0.2706766917293233
0.030176026823134954 0.2706766917293233
0.03015075376884422 0.2706766917293233
0.0301255230125523 0.2706766917293233
0.030100334448160536 0.2706766917293233
0.03007518796992481 0.2706766917293233
0.03005008347245409 0.2706766917293233
0.030025020850708923 0.2706766917293233
0.03 0.2706766917293233
0.02997502081598668 0.2706766917293233
0.029950083194675542 0.2706766917293233
0.029925187032418952 0.2706766917293233
0.029900332225913623 0.2706766917293233
0.02987551867219917 0.2706766917293233
0.029850746268656716 0.2706766917293233
0.029826014913007456 0.2706766917293233
0.029801324503311258 0.2706766917293233
0.02977667493796526 0.2706766917293233
0.02975206611570248 0.2706766917293233
0.02972749793559042 0.2706766917293233
0.0297029702970297 0.2706766917293233
0.02967848309975268 0.2706766917293233
0.029654036243822075 0.2706766917293233
0.02962962962962963 0.2706766917293233
0.029605263157894735 0.2706766917293233
0.029580936729663106 0.2706766917293233
0.029556650246305417 0.2706766917293233
0.029532403609515995 0.2706766917293233
0.029508196721311476 0.2706766917293233
0.029484029484029485 0.2706766917293233
0.029459901800327332 0.2706766917293233
0.029435813573180702 0.2706766917293233
0.029411764705882353 0.2706766917293233
0.029387755102040815 0.2706766917293233
0.02936378466557912 0.2706766917293233
0.029339853300733496 0.2706766917293233
0.029315960912052116 0.2706766917293233
0.029292107404393815 0.2706766917293233
0.02926829268292683 0.2706766917293233
0.02924451665312754 0.2706766917293233
0.02922077922077922 0.2706766917293233
0.029197080291970802 0.2706766917293233
0.029173419773095625 0.2706766917293233
0.029149797570850202 0.2706766917293233
0.02912621359223301 0.2706766917293233
0.02910266774454325 0.2706766917293233
0.029079159935379646 0.2706766917293233
0.029055690072639227 0.2706766917293233
0.02903225806451613 0.2706766917293233
0.029008863819500404 0.2706766917293233
0.028985507246376812 0.2706766917293233
0.028962188254223652 0.2706766917293233
0.028938906752411574 0.2706766917293233
0.02891566265060241 0.2706766917293233
0.028892455858747994 0.2706766917293233
0.028869286287089013 0.2706766917293233
0.028846153846153848 0.2706766917293233
0.028823058446757407 0.2706766917293233
0.0288 0.2706766917293233
0.02877697841726619 0.2706766917293233
0.02875399361022364 0.2706766917293233
0.028731045490822026 0.2706766917293233
0.028708133971291867 0.2706766917293233
0.028685258964143426 0.2706766917293233
0.028662420382165606 0.2706766917293233
0.028639618138424822 0.2706766917293233
0.028616852146263912 0.2706766917293233
0.028594122319301033 0.2706766917293233
0.02857142857142857 0.2706766917293233
0.028548770816812053 0.2706766917293233
0.028526148969889066 0.2706766917293233
0.028503562945368172 0.2706766917293233
0.028481012658227847 0.2706766917293233
0.028458498023715414 0.2706766917293233
0.02843601895734597 0.2706766917293233
0.028413575374901343 0.2706766917293233
0.028391167192429023 0.2706766917293233
0.028368794326241134 0.2706766917293233
0.028346456692913385 0.2706766917293233
0.02832415420928403 0.2706766917293233
0.02830188679245283 0.2706766917293233
0.028279654359780047 0.2706766917293233
0.0282574568288854 0.2706766917293233
0.02823529411764706 0.2706766917293233
0.02821316614420063 0.2706766917293233
0.028191072826938137 0.2706766917293233
0.028169014084507043 0.2706766917293233
0.028146989835809225 0.2706766917293233
0.028125 0.2706766917293233
0.02810304449648712 0.2706766917293233
0.028081123244929798 0.2706766917293233
0.028059236165237724 0.2706766917293233
0.028037383177570093 0.2706766917293233
0.02801556420233463 0.2706766917293233
0.027993779160186624 0.2706766917293233
0.027972027972027972 0.2706766917293233
0.027950310559006212 0.2706766917293233
0.027928626842513578 0.2706766917293233
0.027906976744186046 0.2706766917293233
0.027885360185902403 0.2706766917293233
0.02786377708978328 0.2706766917293233
0.027842227378190254 0.2706766917293233
0.027820710973724884 0.2706766917293233
0.027799227799227798 0.2706766917293233
0.027777777777777776 0.2706766917293233
0.027756360832690823 0.2706766917293233
0.02773497688751926 0.2706766917293233
0.02771362586605081 0.2706766917293233
0.027692307692307693 0.2706766917293233
0.027671022290545733 0.2706766917293233
0.027649769585253458 0.2706766917293233
0.02762854950115119 0.2706766917293233
0.027607361963190184 0.2706766917293233
0.027586206896551724 0.2706766917293233
0.027565084226646247 0.2706766917293233
0.02754399387911247 0.2706766917293233
0.027522935779816515 0.2706766917293233
0.02750190985485103 0.2706766917293233
0.02748091603053435 0.2706766917293233
0.02745995423340961 0.2706766917293233
0.027439024390243903 0.2706766917293233
0.027418126428027417 0.2706766917293233
0.0273972602739726 0.2706766917293233
0.02737642585551331 0.2706766917293233
0.02735562310030395 0.2706766917293233
0.02733485193621868 0.2706766917293233
0.027314112291350532 0.2706766917293233
0.027293404094010616 0.2706766917293233
0.02727272727272727 0.2706766917293233
0.02725208175624527 0.2706766917293233
0.02723146747352496 0.2706766917293233
0.027210884353741496 0.2706766917293233
0.027190332326283987 0.2706766917293233
0.027169811320754716 0.2706766917293233
0.027149321266968326 0.2706766917293233
0.027128862094951016 0.2706766917293233
0.02710843373493976 0.2706766917293233
0.02708803611738149 0.2706766917293233
0.02706766917293233 0.2706766917293233
0.027047332832456798 0.2706766917293233
0.02702702702702703 0.2706766917293233
0.02700675168792198 0.2706766917293233
0.026986506746626688 0.2706766917293233
0.02696629213483146 0.2706766917293233
0.02694610778443114 0.2706766917293233
0.02692595362752431 0.2706766917293233
0.026905829596412557 0.2706766917293233
0.0268857356235997 0.2706766917293233
0.026865671641791045 0.2706766917293233
0.026845637583892617 0.2706766917293233
0.026825633383010434 0.2706766917293233
0.02680565897244974 0.2706766917293233
0.026785714285714284 0.2706766917293233
0.026765799256505577 0.2706766917293233
0.02674591381872214 0.2706766917293233
0.026726057906458798 0.2706766917293233
0.026706231454005934 0.2706766917293233
0.026686434395848776 0.2706766917293233
0.02666666666666667 0.2706766917293233
0.026646928201332347 0.2706766917293233
0.026627218934911243 0.2706766917293233
0.026607538802660754 0.2706766917293233
0.026587887740029542 0.2706766917293233
0.02730627306273063 0.2781954887218045
0.028023598820058997 0.2857142857142857
0.02800294767870302 0.2857142857142857
0.027982326951399118 0.2857142857142857
0.027961736571008096 0.2857142857142857
0.027941176470588237 0.2857142857142857
0.027920646583394562 0.2857142857142857
0.027900146842878122 0.2857142857142857
0.027879677182685254 0.2857142857142857
0.02785923753665689 0.2857142857142857
0.02783882783882784 0.2857142857142857
0.027818448023426062 0.2857142857142857
0.02852962692026335 0.2932330827067669
0.02850877192982456 0.2932330827067669
0.028487947406866325 0.2932330827067669
0.02846715328467153 0.2932330827067669
0.028446389496717725 0.2932330827067669
0.028425655976676383 0.2932330827067669
0.028404952658412235 0.2932330827067669
0.028384279475982533 0.2932330827067669
0.028363636363636365 0.2932330827067669
0.028343023255813952 0.2932330827067669
0.02832244008714597 0.2932330827067669
0.02830188679245283 0.2932330827067669
0.028281363306744016 0.2932330827067669
0.02826086956521739 0.2932330827067669
0.028240405503258507 0.2932330827067669
0.028219971056439943 0.2932330827067669
0.028199566160520606 0.2932330827067669
0.028179190751445087 0.2932330827067669
0.02815884476534296 0.2932330827067669
0.02813852813852814 0.2932330827067669
0.028118240807498196 0.2932330827067669
0.028097982708933718 0.2932330827067669
0.028077753779697623 0.2932330827067669
0.02805755395683453 0.2932330827067669
0.028037383177570093 0.2932330827067669
0.028017241379310345 0.2932330827067669
0.02799712849964106 0.2932330827067669
0.027977044476327116 0.2932330827067669
0.02795698924731183 0.2932330827067669
0.027936962750716332 0.2932330827067669
0.02791696492483894 0.2932330827067669
0.027896995708154508 0.2932330827067669
0.027877055039313797 0.2932330827067669
0.027857142857142858 0.2932330827067669
0.027837259100642397 0.2932330827067669
0.02781740370898716 0.2932330827067669
0.027797576621525304 0.2932330827067669
0.027777777777777776 0.2932330827067669
0.027758007117437724 0.2932330827067669
0.027738264580369845 0.2932330827067669
0.02771855010660981 0.2932330827067669
0.027698863636363636 0.2932330827067669
0.027679205110007096 0.2932330827067669
0.027659574468085105 0.2932330827067669
0.027639971651311126 0.2932330827067669
0.02762039660056657 0.2932330827067669
0.027600849256900213 0.2932330827067669
0.027581329561527583 0.2932330827067669
0.02756183745583039 0.2932330827067669
0.02754237288135593 0.2932330827067669
0.027522935779816515 0.2932330827067669
0.027503526093088856 0.2932330827067669
0.02748414376321353 0.2932330827067669
0.027464788732394368 0.2932330827067669
0.02744546094299789 0.2932330827067669
0.027426160337552744 0.2932330827067669
0.027406886858749122 0.2932330827067669
0.027387640449438203 0.2932330827067669
0.02736842105263158 0.2932330827067669
0.0273492286115007 0.2932330827067669
0.027330063069376315 0.2932330827067669
0.028011204481792718 0.3007518796992481
0.02799160251924423 0.3007518796992481
0.028671328671328673 0.3082706766917293
0.0286512928022362 0.3082706766917293
0.02863128491620112 0.3082706766917293
0.028611304954640614 0.3082706766917293
0.028591352859135284 0.3082706766917293
0.02857142857142857 0.3082706766917293
0.028551532033426183 0.3082706766917293
0.028531663187195546 0.3082706766917293
0.02851182197496523 0.3082706766917293
0.02849200833912439 0.3082706766917293
0.02847222222222222 0.3082706766917293
0.028452463566967384 0.3082706766917293
0.028432732316227463 0.3082706766917293
0.028413028413028413 0.3082706766917293
0.028393351800554016 0.3082706766917293
0.02906574394463668 0.3157894736842105
0.029045643153526972 0.3157894736842105
0.02902557014512785 0.3157894736842105
0.029005524861878452 0.3157894736842105
0.028985507246376812 0.3157894736842105
0.029655172413793104 0.3233082706766917
0.029634734665747762 0.3233082706766917
0.029614325068870524 0.3233082706766917
0.029593943565037854 0.3233082706766917
0.029573590096286108 0.3233082706766917
0.029553264604810996 0.3233082706766917
0.029532967032967032 0.3233082706766917
0.029512697323266987 0.3233082706766917
0.029492455418381344 0.3233082706766917
0.029472241261137764 0.3233082706766917
0.02945205479452055 0.3233082706766917
0.02943189596167009 0.3233082706766917
0.029411764705882353 0.3233082706766917
0.02939166097060834 0.3233082706766917
0.029371584699453553 0.3233082706766917
0.029351535836177476 0.3233082706766917
0.029331514324693043 0.3233082706766917
0.02931152010906612 0.3233082706766917
0.029291553133514985 0.3233082706766917
0.029271613342409804 0.3233082706766917
0.029251700680272108 0.3233082706766917
0.029231815091774305 0.3233082706766917
0.029211956521739132 0.3233082706766917
0.029192124915139173 0.3233082706766917
0.029172320217096336 0.3233082706766917
0.029152542372881354 0.3233082706766917
0.029132791327913278 0.3233082706766917
0.02911306702775897 0.3233082706766917
0.029093369418132613 0.3233082706766917
0.0290736984448952 0.3233082706766917
0.029054054054054056 0.3233082706766917
0.02903443619176232 0.3233082706766917
0.029014844804318488 0.3233082706766917
0.02899527983816588 0.3233082706766917
0.028975741239892182 0.3233082706766917
0.028956228956228958 0.3233082706766917
0.028936742934051143 0.3233082706766917
0.028917283120376596 0.3233082706766917
0.02889784946236559 0.3233082706766917
0.02887844190732035 0.3233082706766917
0.028859060402684565 0.3233082706766917
0.028839704896042925 0.3233082706766917
0.028820375335120642 0.3233082706766917
0.028801071667782986 0.3233082706766917
0.028781793842034806 0.3233082706766917
0.028762541806020066 0.3233082706766917
0.02874331550802139 0.3233082706766917
0.029392117568470273 0.3308270676691729
0.029372496662216287 0.3308270676691729
0.02935290193462308 0.3308270676691729
0.029333333333333333 0.3308270676691729
0.029313790806129246 0.3308270676691729
0.02929427430093209 0.3308270676691729
0.02927478376580173 0.3308270676691729
0.02925531914893617 0.3308270676691729
0.029235880398671095 0.3308270676691729
0.029216467463479414 0.3308270676691729
0.029197080291970802 0.3308270676691729
0.029177718832891247 0.3308270676691729
0.0291583830351226 0.3308270676691729
0.02913907284768212 0.3308270676691729
0.02911978821972204 0.3308270676691729
0.0291005291005291 0.3308270676691729
0.029081295439524125 0.3308270676691729
0.02906208718626156 0.3308270676691729
0.029042904290429043 0.3308270676691729
0.029023746701846966 0.3308270676691729
0.02900461437046803 0.3308270676691729
0.028985507246376812 0.3308270676691729
0.028966425279789335 0.3308270676691729
0.02894736842105263 0.3308270676691729
0.028928336620644313 0.3308270676691729
0.02890932982917214 0.3308270676691729
0.028890347997373604 0.3308270676691729
0.028871391076115485 0.3308270676691729
0.028852459016393443 0.3308270676691729
0.028833551769331587 0.3308270676691729
0.028814669286182055 0.3308270676691729
0.028795811518324606 0.3308270676691729
0.02877697841726619 0.3308270676691729
0.02875816993464052 0.3308270676691729
0.028739386022207707 0.3308270676691729
0.028720626631853787 0.3308270676691729
0.028701891715590344 0.3308270676691729
0.028683181225554105 0.3308270676691729
0.028664495114006514 0.3308270676691729
0.028645833333333332 0.3308270676691729
0.028627195836044242 0.3308270676691729
0.02860858257477243 0.3308270676691729
0.028589993502274202 0.3308270676691729
0.02857142857142857 0.3308270676691729
0.02855288773523686 0.3308270676691729
0.028534370946822308 0.3308270676691729
0.028515878159429683 0.3308270676691729
0.02849740932642487 0.3308270676691729
0.0284789644012945 0.3308270676691729
0.028460543337645538 0.3308270676691729
0.028442146089204912 0.3308270676691729
0.028423772609819122 0.3308270676691729
0.028405422853453842 0.3308270676691729
0.02838709677419355 0.3308270676691729
0.028368794326241134 0.3308270676691729
0.028350515463917526 0.3308270676691729
0.028332260141661302 0.3308270676691729
0.028314028314028315 0.3308270676691729
0.02829581993569132 0.3308270676691729
0.028277634961439587 0.3308270676691729
0.028259473346178548 0.3308270676691729
0.028241335044929396 0.3308270676691729
0.028223220012828735 0.3308270676691729
0.028205128205128206 0.3308270676691729
0.028187059577194105 0.3308270676691729
0.028169014084507043 0.3308270676691729
0.02815099168266155 0.3308270676691729
0.028132992327365727 0.3308270676691729
0.028115015974440896 0.3308270676691729
0.0280970625798212 0.3308270676691729
0.028079132099553285 0.3308270676691729
0.02806122448979592 0.3308270676691729
0.02804333970681963 0.3308270676691729
0.02802547770700637 0.3308270676691729
0.028007638446849142 0.3308270676691729
0.027989821882951654 0.3308270676691729
0.027972027972027972 0.3308270676691729
0.02795425667090216 0.3308270676691729
0.027936507936507936 0.3308270676691729
0.027918781725888325 0.3308270676691729
0.027901077996195307 0.3308270676691729
0.02788339670468948 0.3308270676691729
0.02786573780873971 0.3308270676691729
0.027848101265822784 0.3308270676691729
0.027830487033523088 0.3308270676691729
0.02781289506953224 0.3308270676691729
0.027795325331648767 0.3308270676691729
0.027777777777777776 0.3308270676691729
0.0277602523659306 0.3308270676691729
0.027742749054224466 0.3308270676691729
0.027725267800882167 0.3308270676691729
0.027707808564231738 0.3308270676691729
0.027690371302706105 0.3308270676691729
0.027672955974842768 0.3308270676691729
0.02765556253928347 0.3308270676691729
0.02763819095477387 0.3308270676691729
0.027620841180163214 0.3308270676691729
0.027603513174404015 0.3308270676691729
0.027586206896551724 0.3308270676691729
0.02756892230576441 0.3308270676691729
0.027551659361302442 0.3308270676691729
0.02753441802252816 0.3308270676691729
0.027517198248905566 0.3308270676691729
0.0275 0.3308270676691729
0.027482823235477825 0.3308270676691729
0.02746566791510612 0.3308270676691729
0.02744853399875234 0.3308270676691729
0.02743142144638404 0.3308270676691729
0.027414330218068536 0.3308270676691729
0.0273972602739726 0.3308270676691729
0.027380211574362167 0.3308270676691729
0.02736318407960199 0.3308270676691729
0.027346177750155375 0.3308270676691729
0.02732919254658385 0.3308270676691729
0.027312228429546864 0.3308270676691729
