1.0 0.0024813895781637717
1.0 0.004962779156327543
0.6666666666666666 0.004962779156327543
0.5 0.004962779156327543
0.4 0.004962779156327543
0.3333333333333333 0.004962779156327543
0.2857142857142857 0.004962779156327543
0.25 0.004962779156327543
0.2222222222222222 0.004962779156327543
0.3 0.007444168734491315
0.36363636363636365 0.009925558312655087
0.4166666666666667 0.01240694789081886
0.46153846153846156 0.01488833746898263
0.42857142857142855 0.01488833746898263
0.4 0.01488833746898263
0.4375 0.017369727047146403
0.47058823529411764 0.019851116625310174
0.4444444444444444 0.019851116625310174
0.42105263157894735 0.019851116625310174
0.4 0.019851116625310174
0.38095238095238093 0.019851116625310174
0.36363636363636365 0.019851116625310174
0.391304347826087 0.022332506203473945
0.375 0.022332506203473945
0.4 0.02481389578163772
0.4230769230769231 0.02729528535980149
0.4074074074074074 0.02729528535980149
0.39285714285714285 0.02729528535980149
0.3793103448275862 0.02729528535980149
0.36666666666666664 0.02729528535980149
0.3548387096774194 0.02729528535980149
0.34375 0.02729528535980149
0.3333333333333333 0.02729528535980149
0.3235294117647059 0.02729528535980149
0.3142857142857143 0.02729528535980149
0.3055555555555556 0.02729528535980149
0.2972972972972973 0.02729528535980149
0.2894736842105263 0.02729528535980149
0.3076923076923077 0.02977667493796526
0.3 0.02977667493796526
0.2926829268292683 0.02977667493796526
0.2857142857142857 0.02977667493796526
0.27906976744186046 0.02977667493796526
0.2727272727272727 0.02977667493796526
0.28888888888888886 0.03225806451612903
0.2826086956521739 0.03225806451612903
0.2978723404255319 0.034739454094292806
0.2916666666666667 0.034739454094292806
0.2857142857142857 0.034739454094292806
0.28 0.034739454094292806
0.29411764705882354 0.03722084367245657
0.28846153846153844 0.03722084367245657
0.2830188679245283 0.03722084367245657
0.2777777777777778 0.03722084367245657
0.2909090909090909 0.03970223325062035
0.30357142857142855 0.04218362282878412
0.2982456140350877 0.04218362282878412
0.29310344827586204 0.04218362282878412
0.288135593220339 0.04218362282878412
0.2833333333333333 0.04218362282878412
0.2786885245901639 0.04218362282878412
0.27419354838709675 0.04218362282878412
0.2698412698412698 0.04218362282878412
0.265625 0.04218362282878412
0.26153846153846155 0.04218362282878412
0.25757575757575757 0.04218362282878412
0.2537313432835821 0.04218362282878412
0.25 0.04218362282878412
0.2463768115942029 0.04218362282878412
0.24285714285714285 0.04218362282878412
0.23943661971830985 0.04218362282878412
0.2361111111111111 0.04218362282878412
0.2328767123287671 0.04218362282878412
0.24324324324324326 0.04466501240694789
0.25333333333333335 0.04714640198511166
0.25 0.04714640198511166
0.2597402597402597 0.04962779156327544
0.2564102564102564 0.04962779156327544
0.25316455696202533 0.04962779156327544
0.25 0.04962779156327544
0.24691358024691357 0.04962779156327544
0.24390243902439024 0.04962779156327544
0.24096385542168675 0.04962779156327544
0.23809523809523808 0.04962779156327544
0.23529411764705882 0.04962779156327544
0.2441860465116279 0.052109181141439205
0.25287356321839083 0.05459057071960298
0.25 0.05459057071960298
0.25842696629213485 0.05707196029776675
0.25555555555555554 0.05707196029776675
0.25274725274725274 0.05707196029776675
0.25 0.05707196029776675
0.24731182795698925 0.05707196029776675
0.24468085106382978 0.05707196029776675
0.24210526315789474 0.05707196029776675
0.25 0.05955334987593052
0.25773195876288657 0.062034739454094295
0.2653061224489796 0.06451612903225806
0.26262626262626265 0.06451612903225806
0.26 0.06451612903225806
0.25742574257425743 0.06451612903225806
0.2549019607843137 0.06451612903225806
0.2621359223300971 0.06699751861042183
0.2692307692307692 0.06947890818858561
0.26666666666666666 0.06947890818858561
0.27358490566037735 0.07196029776674938
0.27102803738317754 0.07196029776674938
0.26851851851851855 0.07196029776674938
0.26605504587155965 0.07196029776674938
0.2636363636363636 0.07196029776674938
0.26126126126126126 0.07196029776674938
0.25892857142857145 0.07196029776674938
0.25663716814159293 0.07196029776674938
0.2631578947368421 0.07444168734491315
0.26956521739130435 0.07692307692307693
0.2672413793103448 0.07692307692307693
0.26495726495726496 0.07692307692307693
0.2627118644067797 0.07692307692307693
0.2605042016806723 0.07692307692307693
0.25833333333333336 0.07692307692307693
0.256198347107438 0.07692307692307693
0.2540983606557377 0.07692307692307693
0.25203252032520324 0.07692307692307693
0.25 0.07692307692307693
0.248 0.07692307692307693
0.25396825396825395 0.0794044665012407
0.25196850393700787 0.0794044665012407
0.25 0.0794044665012407
0.24806201550387597 0.0794044665012407
0.24615384615384617 0.0794044665012407
0.24427480916030533 0.0794044665012407
0.24242424242424243 0.0794044665012407
0.24060150375939848 0.0794044665012407
0.23880597014925373 0.0794044665012407
0.23703703703703705 0.0794044665012407
0.23529411764705882 0.0794044665012407
0.23357664233576642 0.0794044665012407
0.2318840579710145 0.0794044665012407
0.2302158273381295 0.0794044665012407
0.2357142857142857 0.08188585607940446
0.24113475177304963 0.08436724565756824
0.24647887323943662 0.08684863523573201
0.24475524475524477 0.08684863523573201
0.25 0.08933002481389578
0.25517241379310346 0.09181141439205956
0.2602739726027397 0.09429280397022333
0.2585034013605442 0.09429280397022333
0.2635135135135135 0.0967741935483871
0.26174496644295303 0.0967741935483871
0.26 0.0967741935483871
0.2582781456953642 0.0967741935483871
0.2565789473684211 0.0967741935483871
0.2549019607843137 0.0967741935483871
0.2532467532467532 0.0967741935483871
0.25161290322580643 0.0967741935483871
0.25 0.0967741935483871
0.2484076433121019 0.0967741935483871
0.2468354430379747 0.0967741935483871
0.24528301886792453 0.0967741935483871
0.24375 0.0967741935483871
0.2422360248447205 0.0967741935483871
0.24074074074074073 0.0967741935483871
0.24539877300613497 0.09925558312655088
0.24390243902439024 0.09925558312655088
0.24242424242424243 0.09925558312655088
0.24096385542168675 0.09925558312655088
0.23952095808383234 0.09925558312655088
0.23809523809523808 0.09925558312655088
0.23668639053254437 0.09925558312655088
0.2411764705882353 0.10173697270471464
0.24561403508771928 0.10421836228287841
0.2441860465116279 0.10421836228287841
0.24277456647398843 0.10421836228287841
0.2413793103448276 0.10421836228287841
0.24 0.10421836228287841
0.23863636363636365 0.10421836228287841
0.24293785310734464 0.10669975186104218
0.24719101123595505 0.10918114143920596
0.25139664804469275 0.11166253101736973
0.25555555555555554 0.1141439205955335
0.2541436464088398 0.1141439205955335
0.25824175824175827 0.11662531017369727
0.2568306010928962 0.11662531017369727
0.2554347826086957 0.11662531017369727
0.2594594594594595 0.11910669975186104
0.26344086021505375 0.12158808933002481
0.2620320855614973 0.12158808933002481
0.26063829787234044 0.12158808933002481
0.25925925925925924 0.12158808933002481
0.2578947368421053 0.12158808933002481
0.25654450261780104 0.12158808933002481
0.2552083333333333 0.12158808933002481
0.2538860103626943 0.12158808933002481
0.25257731958762886 0.12158808933002481
0.2512820512820513 0.12158808933002481
0.25 0.12158808933002481
0.24873096446700507 0.12158808933002481
0.2474747474747475 0.12158808933002481
0.24623115577889448 0.12158808933002481
0.245 0.12158808933002481
0.24378109452736318 0.12158808933002481
0.24257425742574257 0.12158808933002481
0.2413793103448276 0.12158808933002481
0.24019607843137256 0.12158808933002481
0.23902439024390243 0.12158808933002481
0.23786407766990292 0.12158808933002481
0.23671497584541062 0.12158808933002481
0.23557692307692307 0.12158808933002481
0.23444976076555024 0.12158808933002481
0.23333333333333334 0.12158808933002481
0.23222748815165878 0.12158808933002481
0.23113207547169812 0.12158808933002481
0.2300469483568075 0.12158808933002481
0.22897196261682243 0.12158808933002481
0.22790697674418606 0.12158808933002481
0.22685185185185186 0.12158808933002481
0.22580645161290322 0.12158808933002481
0.22477064220183487 0.12158808933002481
0.228310502283105 0.12406947890818859
0.2318181818181818 0.12655086848635236
0.23076923076923078 0.12655086848635236
0.22972972972972974 0.12655086848635236
0.22869955156950672 0.12655086848635236
0.22767857142857142 0.12655086848635236
0.22666666666666666 0.12655086848635236
0.22566371681415928 0.12655086848635236
0.22466960352422907 0.12655086848635236
0.2236842105263158 0.12655086848635236
0.22270742358078602 0.12655086848635236
0.2217391304347826 0.12655086848635236
0.22077922077922077 0.12655086848635236
0.22413793103448276 0.12903225806451613
0.22746781115879827 0.1315136476426799
0.23076923076923078 0.13399503722084366
0.23404255319148937 0.13647642679900746
0.23728813559322035 0.13895781637717122
0.23628691983122363 0.13895781637717122
0.23529411764705882 0.13895781637717122
0.2384937238493724 0.141439205955335
0.24166666666666667 0.14392059553349876
0.24481327800829875 0.14640198511166252
0.24793388429752067 0.1488833746898263
0.24691358024691357 0.1488833746898263
0.2459016393442623 0.1488833746898263
0.24489795918367346 0.1488833746898263
0.24390243902439024 0.1488833746898263
0.242914979757085 0.1488833746898263
0.24193548387096775 0.1488833746898263
0.24096385542168675 0.1488833746898263
0.24 0.1488833746898263
0.23904382470119523 0.1488833746898263
0.23809523809523808 0.1488833746898263
0.23715415019762845 0.1488833746898263
0.23622047244094488 0.1488833746898263
0.23529411764705882 0.1488833746898263
0.234375 0.1488833746898263
0.23346303501945526 0.1488833746898263
0.23255813953488372 0.1488833746898263
0.23166023166023167 0.1488833746898263
0.23076923076923078 0.1488833746898263
0.22988505747126436 0.1488833746898263
0.22900763358778625 0.1488833746898263
0.22813688212927757 0.1488833746898263
0.22727272727272727 0.1488833746898263
0.22641509433962265 0.1488833746898263
0.22556390977443608 0.1488833746898263
0.2247191011235955 0.1488833746898263
0.22388059701492538 0.1488833746898263
0.22304832713754646 0.1488833746898263
0.2222222222222222 0.1488833746898263
0.22140221402214022 0.1488833746898263
0.22058823529411764 0.1488833746898263
0.21978021978021978 0.1488833746898263
0.21897810218978103 0.1488833746898263
0.21818181818181817 0.1488833746898263
0.21739130434782608 0.1488833746898263
0.21660649819494585 0.1488833746898263
0.2158273381294964 0.1488833746898263
0.21505376344086022 0.1488833746898263
0.21428571428571427 0.1488833746898263
0.21352313167259787 0.1488833746898263
0.2127659574468085 0.1488833746898263
0.21201413427561838 0.1488833746898263
0.2112676056338028 0.1488833746898263
0.21052631578947367 0.1488833746898263
0.2097902097902098 0.1488833746898263
0.20905923344947736 0.1488833746898263
0.20833333333333334 0.1488833746898263
0.20761245674740483 0.1488833746898263
0.20689655172413793 0.1488833746898263
0.20618556701030927 0.1488833746898263
0.2054794520547945 0.1488833746898263
0.20477815699658702 0.1488833746898263
0.20408163265306123 0.1488833746898263
0.2033898305084746 0.1488833746898263
0.20270270270270271 0.1488833746898263
0.20202020202020202 0.1488833746898263
0.20134228187919462 0.1488833746898263
0.20066889632107024 0.1488833746898263
0.2 0.1488833746898263
0.2026578073089701 0.1513647642679901
0.20198675496688742 0.1513647642679901
0.20132013201320131 0.1513647642679901
0.20065789473684212 0.1513647642679901
0.2 0.1513647642679901
0.19934640522875818 0.1513647642679901
0.1986970684039088 0.1513647642679901
0.19805194805194806 0.1513647642679901
0.20064724919093851 0.15384615384615385
0.2 0.15384615384615385
0.19935691318327975 0.15384615384615385
0.1987179487179487 0.15384615384615385
0.19808306709265175 0.15384615384615385
0.19745222929936307 0.15384615384615385
0.19682539682539682 0.15384615384615385
0.1962025316455696 0.15384615384615385
0.19558359621451105 0.15384615384615385
0.1949685534591195 0.15384615384615385
0.19435736677115986 0.15384615384615385
0.196875 0.15632754342431762
0.19626168224299065 0.15632754342431762
0.19875776397515527 0.1588089330024814
0.19814241486068113 0.1588089330024814
0.19753086419753085 0.1588089330024814
0.2 0.16129032258064516
0.19938650306748465 0.16129032258064516
0.19877675840978593 0.16129032258064516
0.19817073170731708 0.16129032258064516
0.19756838905775076 0.16129032258064516
0.19696969696969696 0.16129032258064516
0.19637462235649547 0.16129032258064516
0.19578313253012047 0.16129032258064516
0.19519519519519518 0.16129032258064516
0.19461077844311378 0.16129032258064516
0.19402985074626866 0.16129032258064516
0.19345238095238096 0.16129032258064516
0.19287833827893175 0.16129032258064516
0.19230769230769232 0.16129032258064516
0.19174041297935104 0.16129032258064516
0.19117647058823528 0.16129032258064516
0.1906158357771261 0.16129032258064516
0.19005847953216373 0.16129032258064516
0.18950437317784258 0.16129032258064516
0.18895348837209303 0.16129032258064516
0.18840579710144928 0.16129032258064516
0.18786127167630057 0.16129032258064516
0.1873198847262248 0.16129032258064516
0.1867816091954023 0.16129032258064516
0.18624641833810887 0.16129032258064516
0.18571428571428572 0.16129032258064516
0.18518518518518517 0.16129032258064516
0.1846590909090909 0.16129032258064516
0.18413597733711048 0.16129032258064516
0.18361581920903955 0.16129032258064516
0.18309859154929578 0.16129032258064516
0.18258426966292135 0.16129032258064516
0.18207282913165265 0.16129032258064516
0.18156424581005587 0.16129032258064516
0.181058495821727 0.16129032258064516
0.18055555555555555 0.16129032258064516
0.18005540166204986 0.16129032258064516
0.17955801104972377 0.16129032258064516
0.1790633608815427 0.16129032258064516
0.17857142857142858 0.16129032258064516
0.1780821917808219 0.16129032258064516
0.17759562841530055 0.16129032258064516
0.1771117166212534 0.16129032258064516
0.1766304347826087 0.16129032258064516
0.17615176151761516 0.16129032258064516
0.17567567567567569 0.16129032258064516
0.1752021563342318 0.16129032258064516
0.17473118279569894 0.16129032258064516
0.1742627345844504 0.16129032258064516
0.17379679144385027 0.16129032258064516
0.17333333333333334 0.16129032258064516
0.17287234042553193 0.16129032258064516
0.1724137931034483 0.16129032258064516
0.17195767195767195 0.16129032258064516
0.17150395778364116 0.16129032258064516
0.17105263157894737 0.16129032258064516
0.17060367454068243 0.16129032258064516
0.17015706806282724 0.16129032258064516
0.16971279373368145 0.16129032258064516
0.16927083333333334 0.16129032258064516
0.16883116883116883 0.16129032258064516
0.16839378238341968 0.16129032258064516
0.16795865633074936 0.16129032258064516
0.16752577319587628 0.16129032258064516
0.16966580976863754 0.16377171215880892
0.1717948717948718 0.1662531017369727
0.17391304347826086 0.1687344913151365
0.17346938775510204 0.1687344913151365
0.17557251908396945 0.17121588089330025
0.17766497461928935 0.17369727047146402
0.17721518987341772 0.17369727047146402
0.17676767676767677 0.17369727047146402
0.17632241813602015 0.17369727047146402
0.17587939698492464 0.17369727047146402
0.17543859649122806 0.17369727047146402
0.175 0.17369727047146402
0.1745635910224439 0.17369727047146402
0.17412935323383086 0.17369727047146402
0.17369727047146402 0.17369727047146402
0.17326732673267325 0.17369727047146402
0.1728395061728395 0.17369727047146402
0.1724137931034483 0.17369727047146402
0.171990171990172 0.17369727047146402
0.1715686274509804 0.17369727047146402
0.17114914425427874 0.17369727047146402
0.17073170731707318 0.17369727047146402
0.170316301703163 0.17369727047146402
0.17233009708737865 0.1761786600496278
0.17191283292978207 0.1761786600496278
0.17149758454106281 0.1761786600496278
0.1710843373493976 0.1761786600496278
0.17067307692307693 0.1761786600496278
0.17026378896882494 0.1761786600496278
0.16985645933014354 0.1761786600496278
0.1718377088305489 0.17866004962779156
0.1738095238095238 0.18114143920595532
0.17577197149643706 0.18362282878411912
0.17772511848341233 0.18610421836228289
0.1773049645390071 0.18610421836228289
0.17688679245283018 0.18610421836228289
0.17882352941176471 0.18858560794044665
0.1807511737089202 0.19106699751861042
0.18266978922716628 0.1935483870967742
0.18457943925233644 0.19602977667493796
0.18414918414918416 0.19602977667493796
0.18372093023255814 0.19602977667493796
0.18329466357308585 0.19602977667493796
0.18287037037037038 0.19602977667493796
0.18244803695150116 0.19602977667493796
0.18202764976958524 0.19602977667493796
0.18160919540229886 0.19602977667493796
0.1811926605504587 0.19602977667493796
0.18077803203661327 0.19602977667493796
0.18036529680365296 0.19602977667493796
0.17995444191343962 0.19602977667493796
0.17954545454545454 0.19602977667493796
0.17913832199546487 0.19602977667493796
0.17873303167420815 0.19602977667493796
0.17832957110609482 0.19602977667493796
0.17792792792792791 0.19602977667493796
0.17752808988764046 0.19602977667493796
0.17713004484304934 0.19602977667493796
0.1767337807606264 0.19602977667493796
0.17633928571428573 0.19602977667493796
0.1759465478841871 0.19602977667493796
0.17555555555555555 0.19602977667493796
0.17516629711751663 0.19602977667493796
0.1747787610619469 0.19602977667493796
0.17439293598233996 0.19602977667493796
0.17400881057268722 0.19602977667493796
0.17362637362637362 0.19602977667493796
0.17324561403508773 0.19602977667493796
0.17286652078774617 0.19602977667493796
0.17248908296943233 0.19602977667493796
0.1721132897603486 0.19602977667493796
0.17173913043478262 0.19602977667493796
0.17136659436008678 0.19602977667493796
0.170995670995671 0.19602977667493796
0.17062634989200864 0.19602977667493796
0.17025862068965517 0.19602977667493796
0.16989247311827957 0.19602977667493796
0.16952789699570817 0.19602977667493796
0.16916488222698073 0.19602977667493796
0.16880341880341881 0.19602977667493796
0.16844349680170576 0.19602977667493796
0.16808510638297872 0.19602977667493796
0.16772823779193205 0.19602977667493796
0.1673728813559322 0.19602977667493796
0.16701902748414377 0.19602977667493796
0.16666666666666666 0.19602977667493796
0.16631578947368422 0.19602977667493796
0.16596638655462184 0.19602977667493796
0.16561844863731656 0.19602977667493796
0.16527196652719664 0.19602977667493796
0.1649269311064718 0.19602977667493796
0.16458333333333333 0.19602977667493796
0.16424116424116425 0.19602977667493796
0.16390041493775934 0.19602977667493796
0.16356107660455488 0.19602977667493796
0.16322314049586778 0.19602977667493796
0.16288659793814433 0.19602977667493796
0.16255144032921812 0.19602977667493796
0.162217659137577 0.19602977667493796
0.16188524590163936 0.19602977667493796
0.16155419222903886 0.19602977667493796
0.16122448979591836 0.19602977667493796
0.16089613034623218 0.19602977667493796
0.16056910569105692 0.19602977667493796
0.16024340770791076 0.19602977667493796
0.15991902834008098 0.19602977667493796
0.1595959595959596 0.19602977667493796
0.1592741935483871 0.19602977667493796
0.158953722334004 0.19602977667493796
0.15863453815261044 0.19602977667493796
0.15831663326653306 0.19602977667493796
0.158 0.19602977667493796
0.15768463073852296 0.19602977667493796
0.15737051792828685 0.19602977667493796
0.15705765407554673 0.19602977667493796
0.15674603174603174 0.19602977667493796
0.15643564356435644 0.19602977667493796
0.15810276679841898 0.19851116625310175
0.15779092702169625 0.19851116625310175
0.1594488188976378 0.20099255583126552
0.15913555992141454 0.20099255583126552
0.1588235294117647 0.20099255583126552
0.15851272015655576 0.20099255583126552
0.158203125 0.20099255583126552
0.15789473684210525 0.20099255583126552
0.1575875486381323 0.20099255583126552
0.15728155339805824 0.20099255583126552
0.1569767441860465 0.20099255583126552
0.15667311411992263 0.20099255583126552
0.15637065637065636 0.20099255583126552
0.15606936416184972 0.20099255583126552
0.15576923076923077 0.20099255583126552
0.15547024952015356 0.20099255583126552
0.15517241379310345 0.20099255583126552
0.15487571701720843 0.20099255583126552
0.15458015267175573 0.20099255583126552
0.15428571428571428 0.20099255583126552
0.15399239543726237 0.20099255583126552
0.15370018975332067 0.20099255583126552
0.1534090909090909 0.20099255583126552
0.15311909262759923 0.20099255583126552
0.15283018867924528 0.20099255583126552
0.15254237288135594 0.20099255583126552
0.15225563909774437 0.20099255583126552
0.15196998123827393 0.20099255583126552
0.15168539325842698 0.20099255583126552
0.15140186915887852 0.20099255583126552
0.15111940298507462 0.20099255583126552
0.15083798882681565 0.20099255583126552
0.15055762081784388 0.20099255583126552
0.150278293135436 0.20099255583126552
0.15 0.20099255583126552
0.14972273567467653 0.20099255583126552
0.14944649446494465 0.20099255583126552
0.15101289134438306 0.20347394540942929
0.15073529411764705 0.20347394540942929
0.15045871559633028 0.20347394540942929
0.15018315018315018 0.20347394540942929
0.15173674588665448 0.20595533498759305
0.15328467153284672 0.20843672456575682
0.15300546448087432 0.20843672456575682
0.15454545454545454 0.2109181141439206
0.1542649727767695 0.2109181141439206
0.1539855072463768 0.2109181141439206
0.15370705244122965 0.2109181141439206
0.1552346570397112 0.21339950372208435
0.15675675675675677 0.21588089330024815
0.1564748201438849 0.21588089330024815
0.15798922800718132 0.21836228287841192
0.15770609318996415 0.21836228287841192
0.15742397137745975 0.21836228287841192
0.15714285714285714 0.21836228287841192
0.1568627450980392 0.21836228287841192
0.15658362989323843 0.21836228287841192
0.15630550621669628 0.21836228287841192
0.15602836879432624 0.21836228287841192
0.15575221238938053 0.21836228287841192
0.15547703180212014 0.21836228287841192
0.15520282186948853 0.21836228287841192
0.15492957746478872 0.21836228287841192
0.1546572934973638 0.21836228287841192
0.1543859649122807 0.21836228287841192
0.15411558669001751 0.21836228287841192
0.15384615384615385 0.21836228287841192
0.15357766143106458 0.21836228287841192
0.15331010452961671 0.21836228287841192
0.15478260869565216 0.22084367245657568
0.1545138888888889 0.22084367245657568
0.1559792027729636 0.22332506203473945
0.15570934256055363 0.22332506203473945
0.15544041450777202 0.22332506203473945
0.15517241379310345 0.22332506203473945
0.1549053356282272 0.22332506203473945
0.15463917525773196 0.22332506203473945
0.15437392795883362 0.22332506203473945
0.1541095890410959 0.22332506203473945
0.15384615384615385 0.22332506203473945
0.15358361774744028 0.22332506203473945
0.15332197614991483 0.22332506203473945
0.15306122448979592 0.22332506203473945
0.15280135823429541 0.22332506203473945
0.15254237288135594 0.22332506203473945
0.15228426395939088 0.22332506203473945
0.15202702702702703 0.22332506203473945
0.15177065767284992 0.22332506203473945
0.15151515151515152 0.22332506203473945
0.15126050420168066 0.22332506203473945
0.15100671140939598 0.22332506203473945
0.1507537688442211 0.22332506203473945
0.1505016722408027 0.22332506203473945
0.15025041736227046 0.22332506203473945
0.15 0.22332506203473945
0.1497504159733777 0.22332506203473945
0.14950166112956811 0.22332506203473945
0.14925373134328357 0.22332506203473945
0.1490066225165563 0.22332506203473945
0.1487603305785124 0.22332506203473945
0.1485148514851485 0.22332506203473945
0.14827018121911037 0.22332506203473945
0.14802631578947367 0.22332506203473945
0.1477832512315271 0.22332506203473945
0.14754098360655737 0.22332506203473945
0.14729950900163666 0.22332506203473945
0.14705882352941177 0.22332506203473945
0.1468189233278956 0.22332506203473945
0.1465798045602606 0.22332506203473945
0.14634146341463414 0.22332506203473945
0.1461038961038961 0.22332506203473945
0.1458670988654781 0.22332506203473945
0.14563106796116504 0.22332506203473945
0.14539579967689822 0.22332506203473945
0.14516129032258066 0.22332506203473945
0.14492753623188406 0.22332506203473945
0.14469453376205788 0.22332506203473945
0.14446227929373998 0.22332506203473945
0.14423076923076922 0.22332506203473945
0.144 0.22332506203473945
0.14376996805111822 0.22332506203473945
0.14354066985645933 0.22332506203473945
0.14331210191082802 0.22332506203473945
0.14308426073131955 0.22332506203473945
0.14285714285714285 0.22332506203473945
0.14263074484944532 0.22332506203473945
0.14240506329113925 0.22332506203473945
0.14218009478672985 0.22332506203473945
0.14195583596214512 0.22332506203473945
0.14173228346456693 0.22332506203473945
0.14150943396226415 0.22332506203473945
0.141287284144427 0.22332506203473945
0.14106583072100312 0.22332506203473945
0.14084507042253522 0.22332506203473945
0.140625 0.22332506203473945
0.14040561622464898 0.22332506203473945
0.14018691588785046 0.22332506203473945
0.13996889580093314 0.22332506203473945
0.13975155279503104 0.22332506203473945
0.14108527131782947 0.22580645161290322
0.14241486068111456 0.228287841191067
0.14219474497681608 0.228287841191067
0.14351851851851852 0.23076923076923078
0.14329738058551617 0.23076923076923078
0.14461538461538462 0.23325062034739455
0.14592933947772657 0.23573200992555832
0.147239263803681 0.23821339950372208
0.14701378254211334 0.23821339950372208
0.14831804281345565 0.24069478908188585
0.1480916030534351 0.24069478908188585
0.14786585365853658 0.24069478908188585
0.1476407914764079 0.24069478908188585
0.1474164133738602 0.24069478908188585
0.1471927162367223 0.24069478908188585
0.14696969696969697 0.24069478908188585
0.14674735249621784 0.24069478908188585
0.14652567975830816 0.24069478908188585
0.14630467571644043 0.24069478908188585
0.1460843373493976 0.24069478908188585
0.14586466165413534 0.24069478908188585
0.14564564564564564 0.24069478908188585
0.1454272863568216 0.24069478908188585
0.14520958083832336 0.24069478908188585
0.14499252615844543 0.24069478908188585
0.14477611940298507 0.24069478908188585
0.14456035767511177 0.24069478908188585
0.14434523809523808 0.24069478908188585
0.14413075780089152 0.24069478908188585
0.14391691394658754 0.24069478908188585
0.1437037037037037 0.24069478908188585
0.14349112426035504 0.24069478908188585
0.1432791728212703 0.24069478908188585
0.1430678466076696 0.24069478908188585
0.14285714285714285 0.24069478908188585
0.1426470588235294 0.24069478908188585
0.14243759177679882 0.24069478908188585
0.14222873900293256 0.24069478908188585
0.14202049780380674 0.24069478908188585
0.14181286549707603 0.24069478908188585
0.1416058394160584 0.24069478908188585
0.141399416909621 0.24069478908188585
0.14119359534206696 0.24069478908188585
0.14098837209302326 0.24069478908188585
0.14078374455732948 0.24069478908188585
0.14057971014492754 0.24069478908188585
0.14037626628075253 0.24069478908188585
0.14017341040462428 0.24069478908188585
0.13997113997113997 0.24069478908188585
0.13976945244956773 0.24069478908188585
0.13956834532374102 0.24069478908188585
0.13936781609195403 0.24069478908188585
0.13916786226685796 0.24069478908188585
0.13896848137535817 0.24069478908188585
0.13876967095851217 0.24069478908188585
0.13857142857142857 0.24069478908188585
0.1383737517831669 0.24069478908188585
0.13817663817663817 0.24069478908188585
0.1379800853485064 0.24069478908188585
0.1377840909090909 0.24069478908188585
0.1375886524822695 0.24069478908188585
0.13739376770538245 0.24069478908188585
0.1371994342291372 0.24069478908188585
0.1370056497175141 0.24069478908188585
0.1368124118476728 0.24069478908188585
0.13661971830985917 0.24069478908188585
0.13642756680731363 0.24069478908188585
0.13623595505617977 0.24069478908188585
0.13604488078541374 0.24069478908188585
0.13585434173669467 0.24069478908188585
0.13566433566433567 0.24069478908188585
0.13547486033519554 0.24069478908188585
0.13528591352859135 0.24069478908188585
0.13509749303621169 0.24069478908188585
0.1349095966620306 0.24069478908188585
0.13472222222222222 0.24069478908188585
0.13453536754507628 0.24069478908188585
0.13434903047091412 0.24069478908188585
0.13416320885200553 0.24069478908188585
0.13397790055248618 0.24069478908188585
0.13379310344827586 0.24069478908188585
0.13360881542699724 0.24069478908188585
0.13342503438789546 0.24069478908188585
0.13324175824175824 0.24069478908188585
0.13305898491083676 0.24069478908188585
0.13287671232876713 0.24069478908188585
0.1326949384404925 0.24069478908188585
0.1325136612021858 0.24069478908188585
0.13233287858117326 0.24069478908188585
0.13215258855585832 0.24069478908188585
0.13197278911564625 0.24069478908188585
0.13179347826086957 0.24069478908188585
0.13161465400271372 0.24069478908188585
0.13143631436314362 0.24069478908188585
0.13125845737483086 0.24069478908188585
0.13108108108108107 0.24069478908188585
0.13090418353576247 0.24069478908188585
0.1307277628032345 0.24069478908188585
0.13055181695827725 0.24069478908188585
0.1303763440860215 0.24069478908188585
0.13020134228187918 0.24069478908188585
0.13002680965147453 0.24069478908188585
0.12985274431057564 0.24069478908188585
0.12967914438502673 0.24069478908188585
0.1295060080106809 0.24069478908188585
0.12933333333333333 0.24069478908188585
0.12916111850865514 0.24069478908188585
0.12898936170212766 0.24069478908188585
0.12881806108897742 0.24069478908188585
0.1286472148541114 0.24069478908188585
0.12847682119205298 0.24069478908188585
0.1283068783068783 0.24069478908188585
0.12813738441215325 0.24069478908188585
0.1279683377308707 0.24069478908188585
0.12779973649538867 0.24069478908188585
0.12763157894736843 0.24069478908188585
0.12746386333771353 0.24069478908188585
0.1272965879265092 0.24069478908188585
0.127129750982962 0.24069478908188585
0.12696335078534032 0.24069478908188585
0.12679738562091503 0.24069478908188585
0.12663185378590078 0.24069478908188585
0.12646675358539766 0.24069478908188585
0.12630208333333334 0.24069478908188585
0.12613784135240572 0.24069478908188585
0.12597402597402596 0.24069478908188585
0.125810635538262 0.24069478908188585
0.12564766839378239 0.24069478908188585
0.12548512289780078 0.24069478908188585
0.12532299741602068 0.24069478908188585
0.12516129032258064 0.24069478908188585
0.125 0.24069478908188585
0.12483912483912483 0.24069478908188585
0.12467866323907455 0.24069478908188585
0.1245186136071887 0.24069478908188585
0.12435897435897436 0.24069478908188585
0.12419974391805377 0.24069478908188585
0.12404092071611253 0.24069478908188585
0.12388250319284802 0.24069478908188585
0.12372448979591837 0.24069478908188585
0.12356687898089172 0.24069478908188585
0.12340966921119594 0.24069478908188585
0.12325285895806862 0.24069478908188585
0.12309644670050761 0.24069478908188585
0.1229404309252218 0.24069478908188585
0.12278481012658228 0.24069478908188585
0.12262958280657396 0.24069478908188585
0.12247474747474747 0.24069478908188585
0.1223203026481715 0.24069478908188585
0.12216624685138538 0.24069478908188585
0.1220125786163522 0.24069478908188585
0.12185929648241206 0.24069478908188585
0.12170639899623588 0.24069478908188585
0.12155388471177944 0.24069478908188585
0.1214017521902378 0.24069478908188585
0.12125 0.24069478908188585
0.12109862671660425 0.24069478908188585
0.12094763092269327 0.24069478908188585
0.12079701120797011 0.24069478908188585
0.12064676616915423 0.24069478908188585
0.12049689440993788 0.24069478908188585
0.12034739454094293 0.24069478908188585
0.12019826517967781 0.24069478908188585
0.12004950495049505 0.24069478908188585
0.11990111248454882 0.24069478908188585
0.11975308641975309 0.24069478908188585
0.11960542540073983 0.24069478908188585
0.11945812807881774 0.24069478908188585
0.11931119311193111 0.24069478908188585
0.11916461916461916 0.24069478908188585
0.11901840490797547 0.24069478908188585
0.11887254901960784 0.24069478908188585
0.11872705018359853 0.24069478908188585
0.11858190709046455 0.24069478908188585
0.11843711843711843 0.24069478908188585
0.11829268292682926 0.24069478908188585
0.11814859926918392 0.24069478908188585
0.11800486618004866 0.24069478908188585
0.11786148238153099 0.24069478908188585
0.11771844660194175 0.24069478908188585
0.11757575757575757 0.24069478908188585
0.11743341404358354 0.24069478908188585
0.11729141475211609 0.24069478908188585
0.11714975845410629 0.24069478908188585
0.11700844390832328 0.24069478908188585
0.11686746987951807 0.24069478908188585
0.11672683513838748 0.24069478908188585
0.11658653846153846 0.24069478908188585
0.11644657863145258 0.24069478908188585
0.11630695443645084 0.24069478908188585
0.11616766467065869 0.24069478908188585
0.11602870813397129 0.24069478908188585
0.11589008363201912 0.24069478908188585
0.11575178997613365 0.24069478908188585
0.11561382598331346 0.24069478908188585
0.11547619047619048 0.24069478908188585
0.11533888228299644 0.24069478908188585
0.11520190023752969 0.24069478908188585
0.11506524317912219 0.24069478908188585
0.11492890995260663 0.24069478908188585
0.11479289940828402 0.24069478908188585
0.11465721040189125 0.24069478908188585
0.11452184179456906 0.24069478908188585
0.11438679245283019 0.24069478908188585
0.11425206124852769 0.24069478908188585
0.11411764705882353 0.24069478908188585
0.11398354876615746 0.24069478908188585
0.11384976525821597 0.24069478908188585
0.11371629542790153 0.24069478908188585
0.11358313817330211 0.24069478908188585
0.11345029239766082 0.24069478908188585
0.1133177570093458 0.24069478908188585
0.11318553092182031 0.24069478908188585
0.11305361305361306 0.24069478908188585
0.11292200232828871 0.24069478908188585
0.1127906976744186 0.24069478908188585
0.11265969802555169 0.24069478908188585
0.11252900232018562 0.24069478908188585
0.11239860950173812 0.24069478908188585
0.11226851851851852 0.24069478908188585
0.11213872832369942 0.24069478908188585
0.11200923787528869 0.24069478908188585
0.1118800461361015 0.24069478908188585
0.11175115207373272 0.24069478908188585
0.11162255466052934 0.24069478908188585
0.11149425287356322 0.24069478908188585
0.1113662456946039 0.24069478908188585
0.11123853211009174 0.24069478908188585
0.1111111111111111 0.24069478908188585
0.11098398169336385 0.24069478908188585
0.11085714285714286 0.24069478908188585
0.11073059360730593 0.24069478908188585
0.11060433295324971 0.24069478908188585
0.11047835990888383 0.24069478908188585
0.11035267349260523 0.24069478908188585
0.11022727272727273 0.24069478908188585
0.11010215664018161 0.24069478908188585
0.10997732426303855 0.24069478908188585
0.10985277463193659 0.24069478908188585
0.10972850678733032 0.24069478908188585
0.1096045197740113 0.24069478908188585
0.10948081264108352 0.24069478908188585
0.10935738444193913 0.24069478908188585
0.10923423423423423 0.24069478908188585
0.10911136107986502 0.24069478908188585
0.10898876404494381 0.24069478908188585
0.10886644219977554 0.24069478908188585
0.10874439461883408 0.24069478908188585
0.10862262038073908 0.24069478908188585
0.10850111856823266 0.24069478908188585
0.10837988826815642 0.24069478908188585
0.10825892857142858 0.24069478908188585
0.10813823857302118 0.24069478908188585
0.10801781737193764 0.24069478908188585
0.10789766407119021 0.24069478908188585
0.10777777777777778 0.24069478908188585
0.1076581576026637 0.24069478908188585
0.10753880266075388 0.24069478908188585
0.10741971207087486 0.24069478908188585
0.10730088495575221 0.24069478908188585
0.10718232044198896 0.24069478908188585
0.10706401766004416 0.24069478908188585
0.10694597574421169 0.24069478908188585
0.10682819383259912 0.24069478908188585
0.10671067106710672 0.24069478908188585
0.10659340659340659 0.24069478908188585
0.10647639956092206 0.24069478908188585
0.10635964912280702 0.24069478908188585
0.10624315443592552 0.24069478908188585
0.1061269146608315 0.24069478908188585
0.10601092896174863 0.24069478908188585
0.10589519650655022 0.24069478908188585
0.10577971646673937 0.24069478908188585
0.1056644880174292 0.24069478908188585
0.10554951033732318 0.24069478908188585
0.10543478260869565 0.24069478908188585
0.10532030401737243 0.24069478908188585
0.1052060737527115 0.24069478908188585
0.10509209100758396 0.24069478908188585
0.10497835497835498 0.24069478908188585
0.10486486486486486 0.24069478908188585
0.10475161987041037 0.24069478908188585
0.104638619201726 0.24069478908188585
0.10452586206896551 0.24069478908188585
0.10441334768568353 0.24069478908188585
0.1043010752688172 0.24069478908188585
0.1041890440386681 0.24069478908188585
0.10407725321888411 0.24069478908188585
0.10396570203644159 0.24069478908188585
0.10385438972162742 0.24069478908188585
0.10374331550802139 0.24069478908188585
0.10363247863247864 0.24069478908188585
0.10352187833511206 0.24069478908188585
0.10341151385927505 0.24069478908188585
0.1033013844515442 0.24069478908188585
0.10319148936170212 0.24069478908188585
0.1030818278427205 0.24069478908188585
0.1029723991507431 0.24069478908188585
0.10286320254506894 0.24069478908188585
0.1027542372881356 0.24069478908188585
0.10264550264550265 0.24069478908188585
0.10253699788583509 0.24069478908188585
0.10242872228088701 0.24069478908188585
0.10232067510548523 0.24069478908188585
0.10221285563751317 0.24069478908188585
0.10210526315789474 0.24069478908188585
0.10199789695057834 0.24069478908188585
0.10189075630252101 0.24069478908188585
0.10178384050367262 0.24069478908188585
0.10167714884696016 0.24069478908188585
0.10157068062827225 0.24069478908188585
0.10146443514644352 0.24069478908188585
0.1013584117032393 0.24069478908188585
0.10125260960334029 0.24069478908188585
0.10114702815432743 0.24069478908188585
0.10104166666666667 0.24069478908188585
0.10093652445369407 0.24069478908188585
0.10083160083160084 0.24069478908188585
0.10072689511941849 0.24069478908188585
0.10062240663900415 0.24069478908188585
0.10051813471502591 0.24069478908188585
0.10041407867494824 0.24069478908188585
0.10031023784901758 0.24069478908188585
0.10020661157024793 0.24069478908188585
0.1001031991744066 0.24069478908188585
0.1 0.24069478908188585
0.09989701338825953 0.24069478908188585
0.09979423868312758 0.24069478908188585
0.09969167523124357 0.24069478908188585
0.09958932238193019 0.24069478908188585
0.09948717948717949 0.24069478908188585
0.09938524590163934 0.24069478908188585
0.0992835209825998 0.24069478908188585
0.09918200408997956 0.24069478908188585
0.09908069458631256 0.24069478908188585
0.09897959183673469 0.24069478908188585
0.09887869520897044 0.24069478908188585
0.09877800407331976 0.24069478908188585
0.09867751780264497 0.24069478908188585
0.09857723577235772 0.24069478908188585
0.09847715736040609 0.24069478908188585
0.09837728194726167 0.24069478908188585
0.09827760891590678 0.24069478908188585
0.09817813765182186 0.24069478908188585
0.0980788675429727 0.24069478908188585
0.09797979797979799 0.24069478908188585
0.09788092835519677 0.24069478908188585
0.09778225806451613 0.24069478908188585
0.09768378650553877 0.24069478908188585
0.09758551307847083 0.24069478908188585
0.09748743718592964 0.24069478908188585
0.09738955823293173 0.24069478908188585
0.09729187562688064 0.24069478908188585
0.09719438877755511 0.24069478908188585
0.0970970970970971 0.24069478908188585
0.097 0.24069478908188585
0.0969030969030969 0.24069478908188585
0.0968063872255489 0.24069478908188585
0.0967098703888335 0.24069478908188585
0.09661354581673307 0.24069478908188585
0.09651741293532339 0.24069478908188585
0.09642147117296222 0.24069478908188585
0.09632571996027806 0.24069478908188585
0.09623015873015874 0.24069478908188585
0.09613478691774034 0.24069478908188585
0.09603960396039604 0.24069478908188585
0.09594460929772503 0.24069478908188585
0.0958498023715415 0.24069478908188585
0.09575518262586377 0.24069478908188585
0.09566074950690336 0.24069478908188585
0.09556650246305419 0.24069478908188585
0.09547244094488189 0.24069478908188585
0.09537856440511308 0.24069478908188585
0.09528487229862476 0.24069478908188585
0.09519136408243375 0.24069478908188585
0.09509803921568627 0.24069478908188585
0.09500489715964741 0.24069478908188585
0.0949119373776908 0.24069478908188585
0.09481915933528837 0.24069478908188585
0.0947265625 0.24069478908188585
0.09463414634146342 0.24069478908188585
0.09454191033138401 0.24069478908188585
0.09444985394352483 0.24069478908188585
0.0943579766536965 0.24069478908188585
0.09426627793974733 0.24069478908188585
0.0941747572815534 0.24069478908188585
0.09408341416100872 0.24069478908188585
0.0939922480620155 0.24069478908188585
0.09390125847047434 0.24069478908188585
0.09381044487427466 0.24069478908188585
0.09371980676328502 0.24069478908188585
0.09362934362934362 0.24069478908188585
0.0935390549662488 0.24069478908188585
0.09344894026974952 0.24069478908188585
0.0933589990375361 0.24069478908188585
0.09326923076923077 0.24069478908188585
0.09317963496637849 0.24069478908188585
0.09309021113243762 0.24069478908188585
0.09300095877277086 0.24069478908188585
0.09291187739463602 0.24069478908188585
0.09282296650717703 0.24069478908188585
0.09273422562141491 0.24069478908188585
0.09264565425023878 0.24069478908188585
0.09255725190839695 0.24069478908188585
0.09246901811248809 0.24069478908188585
0.09238095238095238 0.24069478908188585
0.0922930542340628 0.24069478908188585
0.09220532319391635 0.24069478908188585
0.09211775878442545 0.24069478908188585
0.0920303605313093 0.24069478908188585
0.09194312796208531 0.24069478908188585
0.09185606060606061 0.24069478908188585
0.09176915799432356 0.24069478908188585
0.09168241965973535 0.24069478908188585
0.09159584513692162 0.24069478908188585
0.09150943396226414 0.24069478908188585
0.09142318567389256 0.24069478908188585
0.09133709981167608 0.24069478908188585
0.09125117591721543 0.24069478908188585
0.09116541353383459 0.24069478908188585
0.09107981220657277 0.24069478908188585
0.09099437148217636 0.24069478908188585
0.09090909090909091 0.24069478908188585
0.09082397003745318 0.24069478908188585
0.09073900841908325 0.24069478908188585
0.09065420560747664 0.24069478908188585
0.09056956115779645 0.24069478908188585
0.09048507462686567 0.24069478908188585
0.09040074557315937 0.24069478908188585
0.09031657355679702 0.24069478908188585
0.09023255813953489 0.24069478908188585
0.09014869888475836 0.24069478908188585
0.09006499535747446 0.24069478908188585
0.08998144712430427 0.24069478908188585
0.08989805375347544 0.24069478908188585
0.08981481481481482 0.24069478908188585
0.08973172987974098 0.24069478908188585
0.08964879852125693 0.24069478908188585
0.08956602031394276 0.24069478908188585
0.08948339483394833 0.24069478908188585
0.08940092165898618 0.24069478908188585
0.08931860036832412 0.24069478908188585
0.08923643054277829 0.24069478908188585
0.08915441176470588 0.24069478908188585
0.08907254361799816 0.24069478908188585
0.0889908256880734 0.24069478908188585
0.08890925756186985 0.24069478908188585
0.08882783882783883 0.24069478908188585
0.08874656907593778 0.24069478908188585
0.0886654478976234 0.24069478908188585
0.08858447488584476 0.24069478908188585
0.0885036496350365 0.24069478908188585
0.08842297174111212 0.24069478908188585
0.0883424408014572 0.24069478908188585
0.08826205641492266 0.24069478908188585
0.08818181818181818 0.24069478908188585
0.08810172570390554 0.24069478908188585
0.08802177858439202 0.24069478908188585
0.08794197642792384 0.24069478908188585
0.08786231884057971 0.24069478908188585
0.08778280542986425 0.24069478908188585
0.08770343580470162 0.24069478908188585
0.08762420957542909 0.24069478908188585
0.08754512635379061 0.24069478908188585
0.08746618575293057 0.24069478908188585
0.08738738738738738 0.24069478908188585
0.08730873087308731 0.24069478908188585
0.08723021582733813 0.24069478908188585
0.08715184186882301 0.24069478908188585
0.08707360861759425 0.24069478908188585
0.08699551569506726 0.24069478908188585
0.08691756272401434 0.24069478908188585
0.08683974932855863 0.24069478908188585
0.08676207513416816 0.24069478908188585
0.08668453976764968 0.24069478908188585
0.08660714285714285 0.24069478908188585
0.08652988403211419 0.24069478908188585
0.08645276292335116 0.24069478908188585
0.08637577916295637 0.24069478908188585
0.08629893238434164 0.24069478908188585
0.08622222222222223 0.24069478908188585
0.08614564831261101 0.24069478908188585
0.08606921029281278 0.24069478908188585
0.08599290780141844 0.24069478908188585
0.08591674047829938 0.24069478908188585
0.08584070796460178 0.24069478908188585
0.08576480990274093 0.24069478908188585
0.08568904593639576 0.24069478908188585
0.08561341571050309 0.24069478908188585
0.0855379188712522 0.24069478908188585
0.08546255506607929 0.24069478908188585
0.08538732394366197 0.24069478908188585
0.0853122251539138 0.24069478908188585
0.0852372583479789 0.24069478908188585
0.08516242317822652 0.24069478908188585
0.08508771929824561 0.24069478908188585
0.08501314636283962 0.24069478908188585
0.08493870402802102 0.24069478908188585
0.08486439195100612 0.24069478908188585
0.08479020979020979 0.24069478908188585
0.08471615720524017 0.24069478908188585
0.08464223385689354 0.24069478908188585
0.08456843940714909 0.24069478908188585
0.08449477351916376 0.24069478908188585
0.08442123585726719 0.24069478908188585
0.08434782608695653 0.24069478908188585
0.0842745438748914 0.24069478908188585
0.0842013888888889 0.24069478908188585
0.08412836079791847 0.24069478908188585
0.08405545927209705 0.24069478908188585
0.08398268398268398 0.24069478908188585
0.08391003460207612 0.24069478908188585
0.08383751080380294 0.24069478908188585
0.0846286701208981 0.24317617866004962
0.08455565142364108 0.24317617866004962
0.08448275862068966 0.24317617866004962
0.08440999138673558 0.24317617866004962
0.08433734939759036 0.24317617866004962
0.08426483233018056 0.24317617866004962
0.08419243986254296 0.24317617866004962
0.08412017167381974 0.24317617866004962
0.08404802744425385 0.24317617866004962
0.08397600685518423 0.24317617866004962
0.0839041095890411 0.24317617866004962
0.08383233532934131 0.24317617866004962
0.08376068376068375 0.24317617866004962
0.08368915456874466 0.24317617866004962
0.08361774744027303 0.24317617866004962
0.08354646206308611 0.24317617866004962
0.08347529812606473 0.24317617866004962
0.08340425531914894 0.24317617866004962
0.08333333333333333 0.24317617866004962
0.08326253186066271 0.24317617866004962
0.0831918505942275 0.24317617866004962
0.08312128922815945 0.24317617866004962
0.08305084745762711 0.24317617866004962
0.0829805249788315 0.24317617866004962
0.0829103214890017 0.24317617866004962
0.08284023668639054 0.24317617866004962
0.08277027027027027 0.24317617866004962
0.08270042194092828 0.24317617866004962
0.08263069139966273 0.24317617866004962
0.08256107834877843 0.24317617866004962
0.08249158249158249 0.24317617866004962
0.08242220353238015 0.24317617866004962
0.08235294117647059 0.24317617866004962
0.08228379513014274 0.24317617866004962
0.08221476510067115 0.24317617866004962
0.08214585079631181 0.24317617866004962
0.08207705192629816 0.24317617866004962
0.08200836820083682 0.24317617866004962
0.08193979933110368 0.24317617866004962
0.08187134502923976 0.24317617866004962
0.08180300500834725 0.24317617866004962
0.0817347789824854 0.24317617866004962
0.08166666666666667 0.24317617866004962
0.08159866777685262 0.24317617866004962
0.08153078202995008 0.24317617866004962
0.08146300914380715 0.24317617866004962
0.08139534883720931 0.24317617866004962
0.08132780082987552 0.24317617866004962
0.08208955223880597 0.2456575682382134
0.0820215410107705 0.2456575682382134
0.08195364238410596 0.2456575682382134
0.08188585607940446 0.2456575682382134
0.08181818181818182 0.2456575682382134
0.08175061932287365 0.2456575682382134
0.08168316831683169 0.2456575682382134
0.08161582852431987 0.2456575682382134
0.0815485996705107 0.2456575682382134
0.08148148148148149 0.2456575682382134
0.08141447368421052 0.2456575682382134
0.08134757600657354 0.2456575682382134
0.0812807881773399 0.2456575682382134
0.081214109926169 0.2456575682382134
0.08114754098360656 0.2456575682382134
0.08108108108108109 0.2456575682382134
0.08101472995090016 0.2456575682382134
0.08094848732624693 0.2456575682382134
0.08088235294117647 0.2456575682382134
0.08081632653061224 0.2456575682382134
0.08075040783034258 0.2456575682382134
0.08068459657701711 0.2456575682382134
0.08061889250814332 0.2456575682382134
0.080553295362083 0.2456575682382134
0.08048780487804878 0.2456575682382134
0.08042242079610074 0.2456575682382134
0.08035714285714286 0.2456575682382134
0.08029197080291971 0.2456575682382134
0.08022690437601297 0.2456575682382134
0.08016194331983806 0.2456575682382134
0.08009708737864078 0.2456575682382134
0.08003233629749394 0.2456575682382134
0.07996768982229402 0.2456575682382134
0.07990314769975787 0.2456575682382134
0.07983870967741935 0.2456575682382134
0.07977437550362611 0.2456575682382134
0.07971014492753623 0.2456575682382134
0.07964601769911504 0.2456575682382134
0.07958199356913183 0.2456575682382134
0.07951807228915662 0.2456575682382134
0.07945425361155699 0.2456575682382134
0.07939053728949479 0.2456575682382134
0.07932692307692307 0.2456575682382134
0.07926341072858287 0.2456575682382134
0.0792 0.2456575682382134
0.07913669064748201 0.2456575682382134
0.07907348242811502 0.2456575682382134
0.07901037509976057 0.2456575682382134
0.07894736842105263 0.2456575682382134
0.07888446215139443 0.2456575682382134
0.07882165605095541 0.2456575682382134
0.07875894988066826 0.2456575682382134
0.07869634340222575 0.2456575682382134
0.07863383637807785 0.2456575682382134
0.07857142857142857 0.2456575682382134
0.07850911974623315 0.2456575682382134
0.07844690966719493 0.2456575682382134
0.07838479809976247 0.2456575682382134
0.07832278481012658 0.2456575682382134
0.0782608695652174 0.2456575682382134
0.07819905213270142 0.2456575682382134
0.07813733228097869 0.2456575682382134
0.07807570977917981 0.2456575682382134
0.07801418439716312 0.2456575682382134
0.07795275590551182 0.2456575682382134
0.07789142407553108 0.2456575682382134
0.07783018867924528 0.2456575682382134
0.07776904948939513 0.2456575682382134
0.07770800627943485 0.2456575682382134
0.07764705882352942 0.2456575682382134
0.07758620689655173 0.2456575682382134
0.07752545027407988 0.2456575682382134
0.07746478873239436 0.2456575682382134
0.07740422204847537 0.2456575682382134
0.07734375 0.2456575682382134
0.07728337236533958 0.2456575682382134
0.07722308892355695 0.2456575682382134
0.07716289945440374 0.2456575682382134
0.07710280373831775 0.2456575682382134
0.07704280155642024 0.2456575682382134
0.07698289269051321 0.2456575682382134
0.07692307692307693 0.2456575682382134
0.07686335403726709 0.2456575682382134
0.07680372381691233 0.2456575682382134
0.07674418604651163 0.2456575682382134
0.0766847405112316 0.2456575682382134
0.07662538699690402 0.2456575682382134
0.0765661252900232 0.2456575682382134
0.07650695517774343 0.2456575682382134
0.07644787644787644 0.2456575682382134
0.0763888888888889 0.2456575682382134
0.07632999228989977 0.2456575682382134
0.07627118644067797 0.2456575682382134
0.07621247113163972 0.2456575682382134
0.07615384615384616 0.2456575682382134
0.07609531129900077 0.2456575682382134
0.07603686635944701 0.2456575682382134
0.07597851112816577 0.2456575682382134
0.07592024539877301 0.2456575682382134
0.07586206896551724 0.2456575682382134
0.07580398162327719 0.2456575682382134
0.0757459831675593 0.2456575682382134
0.07568807339449542 0.2456575682382134
0.07563025210084033 0.2456575682382134
0.07557251908396946 0.2456575682382134
0.07551487414187644 0.2456575682382134
0.07545731707317073 0.2456575682382134
0.0753998476770754 0.2456575682382134
0.07534246575342465 0.2456575682382134
0.0752851711026616 0.2456575682382134
0.07522796352583587 0.2456575682382134
0.07517084282460136 0.2456575682382134
0.07511380880121396 0.2456575682382134
0.07505686125852919 0.2456575682382134
0.075 0.2456575682382134
0.07494322482967448 0.2456575682382134
0.07488653555219364 0.2456575682382134
0.07482993197278912 0.2456575682382134
0.07477341389728097 0.2456575682382134
0.07471698113207548 0.2456575682382134
0.0746606334841629 0.2456575682382134
0.0746043707611153 0.2456575682382134
0.07454819277108433 0.2456575682382134
0.0744920993227991 0.2456575682382134
0.07443609022556391 0.2456575682382134
0.0743801652892562 0.2456575682382134
0.07432432432432433 0.2456575682382134
0.07426856714178545 0.2456575682382134
0.07421289355322339 0.2456575682382134
0.07415730337078652 0.2456575682382134
0.07410179640718563 0.2456575682382134
0.07404637247569185 0.2456575682382134
0.07399103139013453 0.2456575682382134
0.07393577296489919 0.2456575682382134
0.07388059701492537 0.2456575682382134
0.0738255033557047 0.2456575682382134
0.07377049180327869 0.2456575682382134
0.07371556217423679 0.2456575682382134
0.07366071428571429 0.2456575682382134
0.07360594795539034 0.2456575682382134
0.07355126300148589 0.2456575682382134
0.07349665924276169 0.2456575682382134
0.07344213649851632 0.2456575682382134
0.07338769458858414 0.2456575682382134
0.07333333333333333 0.2456575682382134
0.07327905255366396 0.2456575682382134
0.07322485207100592 0.2456575682382134
0.07317073170731707 0.2456575682382134
0.07311669128508123 0.2456575682382134
0.07306273062730627 0.2456575682382134
0.07300884955752213 0.2456575682382134
0.07295504789977893 0.2456575682382134
0.07290132547864507 0.2456575682382134
0.0728476821192053 0.2456575682382134
0.07279411764705883 0.2456575682382134
0.07274063188831742 0.2456575682382134
0.07268722466960352 0.2456575682382134
0.07263389581804842 0.2456575682382134
0.07258064516129033 0.2456575682382134
0.07252747252747253 0.2456575682382134
0.07247437774524158 0.2456575682382134
0.07242136064374542 0.2456575682382134
0.07236842105263158 0.2456575682382134
0.0723155588020453 0.2456575682382134
0.07226277372262774 0.2456575682382134
0.07221006564551423 0.2456575682382134
0.07215743440233237 0.2456575682382134
0.0721048798252003 0.2456575682382134
0.07205240174672489 0.2456575682382134
0.072 0.2456575682382134
0.07194767441860465 0.2456575682382134
0.0718954248366013 0.2456575682382134
0.07184325108853411 0.2456575682382134
0.07179115300942712 0.2456575682382134
0.07173913043478261 0.2456575682382134
0.07168718320057929 0.2456575682382134
0.07163531114327062 0.2456575682382134
0.07158351409978309 0.2456575682382134
0.07153179190751445 0.2456575682382134
0.07148014440433213 0.2456575682382134
0.07142857142857142 0.2456575682382134
0.07137707281903388 0.2456575682382134
0.07132564841498559 0.2456575682382134
0.07127429805615551 0.2456575682382134
0.07122302158273382 0.2456575682382134
0.07117181883537024 0.2456575682382134
0.07112068965517242 0.2456575682382134
0.07106963388370424 0.2456575682382134
0.07101865136298421 0.2456575682382134
0.07096774193548387 0.2456575682382134
0.07091690544412607 0.2456575682382134
0.07086614173228346 0.2456575682382134
0.07081545064377683 0.2456575682382134
0.07076483202287348 0.2456575682382134
0.07071428571428572 0.2456575682382134
0.07066381156316917 0.2456575682382134
0.07061340941512126 0.2456575682382134
0.07056307911617961 0.2456575682382134
0.07051282051282051 0.2456575682382134
0.0704626334519573 0.2456575682382134
0.07041251778093884 0.2456575682382134
0.07036247334754797 0.2456575682382134
0.0703125 0.2456575682382134
0.07026259758694109 0.2456575682382134
0.07021276595744681 0.2456575682382134
0.07016300496102056 0.2456575682382134
0.07011331444759207 0.2456575682382134
0.07006369426751592 0.2456575682382134
0.07001414427157002 0.2456575682382134
0.06996466431095406 0.2456575682382134
0.06991525423728813 0.2456575682382134
0.06986591390261115 0.2456575682382134
0.06981664315937941 0.2456575682382134
0.06976744186046512 0.2456575682382134
0.06971830985915493 0.2456575682382134
0.06966924700914849 0.2456575682382134
0.06962025316455696 0.2456575682382134
0.06957132817990162 0.2456575682382134
0.06952247191011236 0.2456575682382134
0.06947368421052631 0.2456575682382134
0.0694249649368864 0.2456575682382134
