0.0 0.0
0.0 0.0
0.0 0.0
0.0 0.0
0.0 0.0
0.0 0.0
0.0 0.0
0.0 0.0
0.1111111111111111 0.0007604562737642585
0.1 0.0007604562737642585
0.09090909090909091 0.0007604562737642585
0.08333333333333333 0.0007604562737642585
0.07692307692307693 0.0007604562737642585
0.07142857142857142 0.0007604562737642585
0.06666666666666667 0.0007604562737642585
0.0625 0.0007604562737642585
0.058823529411764705 0.0007604562737642585
0.05555555555555555 0.0007604562737642585
0.05263157894736842 0.0007604562737642585
0.05 0.0007604562737642585
0.047619047619047616 0.0007604562737642585
0.045454545454545456 0.0007604562737642585
0.043478260869565216 0.0007604562737642585
0.041666666666666664 0.0007604562737642585
0.04 0.0007604562737642585
0.038461538461538464 0.0007604562737642585
0.037037037037037035 0.0007604562737642585
0.03571428571428571 0.0007604562737642585
0.034482758620689655 0.0007604562737642585
0.03333333333333333 0.0007604562737642585
0.03225806451612903 0.0007604562737642585
0.03125 0.0007604562737642585
0.06060606060606061 0.001520912547528517
0.058823529411764705 0.001520912547528517
0.08571428571428572 0.0022813688212927757
0.08333333333333333 0.0022813688212927757
0.08108108108108109 0.0022813688212927757
0.07894736842105263 0.0022813688212927757
0.07692307692307693 0.0022813688212927757
0.075 0.0022813688212927757
0.07317073170731707 0.0022813688212927757
0.07142857142857142 0.0022813688212927757
0.06976744186046512 0.0022813688212927757
0.06818181818181818 0.0022813688212927757
0.06666666666666667 0.0022813688212927757
0.06521739130434782 0.0022813688212927757
0.06382978723404255 0.0022813688212927757
0.0625 0.0022813688212927757
0.061224489795918366 0.0022813688212927757
0.06 0.0022813688212927757
0.058823529411764705 0.0022813688212927757
0.057692307692307696 0.0022813688212927757
0.05660377358490566 0.0022813688212927757
0.05555555555555555 0.0022813688212927757
0.07272727272727272 0.003041825095057034
0.07142857142857142 0.003041825095057034
0.07017543859649122 0.003041825095057034
0.06896551724137931 0.003041825095057034
0.06779661016949153 0.003041825095057034
0.06666666666666667 0.003041825095057034
0.06557377049180328 0.003041825095057034
0.06451612903225806 0.003041825095057034
0.06349206349206349 0.003041825095057034
0.0625 0.003041825095057034
0.06153846153846154 0.003041825095057034
0.06060606060606061 0.003041825095057034
0.05970149253731343 0.003041825095057034
0.058823529411764705 0.003041825095057034
0.057971014492753624 0.003041825095057034
0.05714285714285714 0.003041825095057034
0.056338028169014086 0.003041825095057034
0.05555555555555555 0.003041825095057034
0.0547945205479452 0.003041825095057034
0.05405405405405406 0.003041825095057034
0.05333333333333334 0.003041825095057034
0.05263157894736842 0.003041825095057034
0.05194805194805195 0.003041825095057034
0.05128205128205128 0.003041825095057034
0.05063291139240506 0.003041825095057034
0.05 0.003041825095057034
0.04938271604938271 0.003041825095057034
0.04878048780487805 0.003041825095057034
0.04819277108433735 0.003041825095057034
0.047619047619047616 0.003041825095057034
0.047058823529411764 0.003041825095057034
0.05813953488372093 0.0038022813688212928
0.05747126436781609 0.0038022813688212928
0.056818181818181816 0.0038022813688212928
0.056179775280898875 0.0038022813688212928
0.05555555555555555 0.0038022813688212928
0.054945054945054944 0.0038022813688212928
0.05434782608695652 0.0038022813688212928
0.053763440860215055 0.0038022813688212928
0.05319148936170213 0.0038022813688212928
0.05263157894736842 0.0038022813688212928
0.052083333333333336 0.0038022813688212928
0.05154639175257732 0.0038022813688212928
0.05102040816326531 0.0038022813688212928
0.050505050505050504 0.0038022813688212928
0.05 0.0038022813688212928
0.04950495049504951 0.0038022813688212928
0.049019607843137254 0.0038022813688212928
0.04854368932038835 0.0038022813688212928
0.04807692307692308 0.0038022813688212928
0.047619047619047616 0.0038022813688212928
0.04716981132075472 0.0038022813688212928
0.04672897196261682 0.0038022813688212928
0.046296296296296294 0.0038022813688212928
0.045871559633027525 0.0038022813688212928
0.045454545454545456 0.0038022813688212928
0.04504504504504504 0.0038022813688212928
0.044642857142857144 0.0038022813688212928
0.04424778761061947 0.0038022813688212928
0.043859649122807015 0.0038022813688212928
0.043478260869565216 0.0038022813688212928
0.04310344827586207 0.0038022813688212928
0.042735042735042736 0.0038022813688212928
0.0423728813559322 0.0038022813688212928
0.04201680672268908 0.0038022813688212928
0.041666666666666664 0.0038022813688212928
0.04132231404958678 0.0038022813688212928
0.040983606557377046 0.0038022813688212928
0.04065040650406504 0.0038022813688212928
0.04032258064516129 0.0038022813688212928
0.04 0.0038022813688212928
0.03968253968253968 0.0038022813688212928
0.03937007874015748 0.0038022813688212928
0.0390625 0.0038022813688212928
0.03875968992248062 0.0038022813688212928
0.038461538461538464 0.0038022813688212928
0.03816793893129771 0.0038022813688212928
0.03787878787878788 0.0038022813688212928
0.03759398496240601 0.0038022813688212928
0.04477611940298507 0.0045627376425855515
0.044444444444444446 0.0045627376425855515
0.04411764705882353 0.0045627376425855515
0.043795620437956206 0.0045627376425855515
0.043478260869565216 0.0045627376425855515
0.04316546762589928 0.0045627376425855515
0.04285714285714286 0.0045627376425855515
0.0425531914893617 0.0045627376425855515
0.04225352112676056 0.0045627376425855515
0.04195804195804196 0.0045627376425855515
0.041666666666666664 0.0045627376425855515
0.041379310344827586 0.0045627376425855515
0.0410958904109589 0.0045627376425855515
0.04081632653061224 0.0045627376425855515
0.04054054054054054 0.0045627376425855515
0.040268456375838924 0.0045627376425855515
0.04 0.0045627376425855515
0.039735099337748346 0.0045627376425855515
0.039473684210526314 0.0045627376425855515
0.0392156862745098 0.0045627376425855515
0.03896103896103896 0.0045627376425855515
0.03870967741935484 0.0045627376425855515
0.038461538461538464 0.0045627376425855515
0.03821656050955414 0.0045627376425855515
0.0379746835443038 0.0045627376425855515
0.03773584905660377 0.0045627376425855515
0.0375 0.0045627376425855515
0.037267080745341616 0.0045627376425855515
0.037037037037037035 0.0045627376425855515
0.03680981595092025 0.0045627376425855515
0.036585365853658534 0.0045627376425855515
0.03636363636363636 0.0045627376425855515
0.03614457831325301 0.0045627376425855515
0.03592814371257485 0.0045627376425855515
0.03571428571428571 0.0045627376425855515
0.03550295857988166 0.0045627376425855515
0.03529411764705882 0.0045627376425855515
0.03508771929824561 0.0045627376425855515
0.03488372093023256 0.0045627376425855515
0.03468208092485549 0.0045627376425855515
0.034482758620689655 0.0045627376425855515
0.03428571428571429 0.0045627376425855515
0.03409090909090909 0.0045627376425855515
0.03389830508474576 0.0045627376425855515
0.033707865168539325 0.0045627376425855515
0.0335195530726257 0.0045627376425855515
0.03333333333333333 0.0045627376425855515
0.03314917127071823 0.0045627376425855515
0.03296703296703297 0.0045627376425855515
0.03278688524590164 0.0045627376425855515
0.03804347826086957 0.00532319391634981
0.03783783783783784 0.00532319391634981
0.03763440860215054 0.00532319391634981
0.0374331550802139 0.00532319391634981
0.03723404255319149 0.00532319391634981
0.037037037037037035 0.00532319391634981
0.03684210526315789 0.00532319391634981
0.03664921465968586 0.00532319391634981
0.036458333333333336 0.00532319391634981
0.03626943005181347 0.00532319391634981
0.03608247422680412 0.00532319391634981
0.035897435897435895 0.00532319391634981
0.03571428571428571 0.00532319391634981
0.03553299492385787 0.00532319391634981
0.03535353535353535 0.00532319391634981
0.035175879396984924 0.00532319391634981
0.035 0.00532319391634981
0.03482587064676617 0.00532319391634981
0.034653465346534656 0.00532319391634981
0.034482758620689655 0.00532319391634981
0.03431372549019608 0.00532319391634981
0.03414634146341464 0.00532319391634981
0.03398058252427184 0.00532319391634981
0.033816425120772944 0.00532319391634981
0.03365384615384615 0.00532319391634981
0.03349282296650718 0.00532319391634981
0.03333333333333333 0.00532319391634981
0.03317535545023697 0.00532319391634981
0.0330188679245283 0.00532319391634981
0.03286384976525822 0.00532319391634981
0.03271028037383177 0.00532319391634981
0.03255813953488372 0.00532319391634981
0.032407407407407406 0.00532319391634981
0.03225806451612903 0.00532319391634981
0.03211009174311927 0.00532319391634981
0.0319634703196347 0.00532319391634981
0.031818181818181815 0.00532319391634981
0.03167420814479638 0.00532319391634981
0.03153153153153153 0.00532319391634981
0.03139013452914798 0.00532319391634981
0.03125 0.00532319391634981
0.03111111111111111 0.00532319391634981
0.030973451327433628 0.00532319391634981
0.030837004405286344 0.00532319391634981
0.03070175438596491 0.00532319391634981
0.03056768558951965 0.00532319391634981
0.030434782608695653 0.00532319391634981
0.030303030303030304 0.00532319391634981
0.03017241379310345 0.00532319391634981
0.030042918454935622 0.00532319391634981
0.029914529914529916 0.00532319391634981
0.029787234042553193 0.00532319391634981
0.029661016949152543 0.00532319391634981
0.029535864978902954 0.00532319391634981
0.029411764705882353 0.00532319391634981
0.029288702928870293 0.00532319391634981
0.029166666666666667 0.00532319391634981
0.029045643153526972 0.00532319391634981
0.028925619834710745 0.00532319391634981
0.02880658436213992 0.00532319391634981
0.028688524590163935 0.00532319391634981
0.02857142857142857 0.00532319391634981
0.028455284552845527 0.00532319391634981
0.02834008097165992 0.00532319391634981
0.028225806451612902 0.00532319391634981
0.028112449799196786 0.00532319391634981
0.028 0.00532319391634981
0.027888446215139442 0.00532319391634981
0.027777777777777776 0.00532319391634981
0.02766798418972332 0.00532319391634981
0.027559055118110236 0.00532319391634981
0.027450980392156862 0.00532319391634981
0.02734375 0.00532319391634981
0.027237354085603113 0.00532319391634981
0.027131782945736434 0.00532319391634981
0.02702702702702703 0.00532319391634981
0.026923076923076925 0.00532319391634981
0.02681992337164751 0.00532319391634981
0.026717557251908396 0.00532319391634981
0.026615969581749048 0.00532319391634981
0.026515151515151516 0.00532319391634981
0.026415094339622643 0.00532319391634981
0.02631578947368421 0.00532319391634981
0.026217228464419477 0.00532319391634981
0.026119402985074626 0.00532319391634981
0.026022304832713755 0.00532319391634981
0.025925925925925925 0.00532319391634981
0.025830258302583026 0.00532319391634981
0.025735294117647058 0.00532319391634981
0.02564102564102564 0.00532319391634981
0.025547445255474453 0.00532319391634981
0.025454545454545455 0.00532319391634981
0.025362318840579712 0.00532319391634981
0.02527075812274368 0.00532319391634981
0.025179856115107913 0.00532319391634981
0.025089605734767026 0.00532319391634981
0.025 0.00532319391634981
0.02491103202846975 0.00532319391634981
0.024822695035460994 0.00532319391634981
0.024734982332155476 0.00532319391634981
0.02464788732394366 0.00532319391634981
0.02456140350877193 0.00532319391634981
0.024475524475524476 0.00532319391634981
0.024390243902439025 0.00532319391634981
0.024305555555555556 0.00532319391634981
0.02422145328719723 0.00532319391634981
0.02413793103448276 0.00532319391634981
0.024054982817869417 0.00532319391634981
0.023972602739726026 0.00532319391634981
0.023890784982935155 0.00532319391634981
0.023809523809523808 0.00532319391634981
0.023728813559322035 0.00532319391634981
0.02364864864864865 0.00532319391634981
0.02356902356902357 0.00532319391634981
0.02348993288590604 0.00532319391634981
0.023411371237458192 0.00532319391634981
0.023333333333333334 0.00532319391634981
0.023255813953488372 0.00532319391634981
0.023178807947019868 0.00532319391634981
0.0231023102310231 0.00532319391634981
0.023026315789473683 0.00532319391634981
0.022950819672131147 0.00532319391634981
0.02287581699346405 0.00532319391634981
0.026058631921824105 0.006083650190114068
0.025974025974025976 0.006083650190114068
0.025889967637540454 0.006083650190114068
0.025806451612903226 0.006083650190114068
0.02572347266881029 0.006083650190114068
0.02564102564102564 0.006083650190114068
0.025559105431309903 0.006083650190114068
0.025477707006369428 0.006083650190114068
0.025396825396825397 0.006083650190114068
0.02531645569620253 0.006083650190114068
0.025236593059936908 0.006083650190114068
0.025157232704402517 0.006083650190114068
0.02821316614420063 0.006844106463878327
0.028125 0.006844106463878327
0.028037383177570093 0.006844106463878327
0.027950310559006212 0.006844106463878327
0.02786377708978328 0.006844106463878327
0.027777777777777776 0.006844106463878327
0.027692307692307693 0.006844106463878327
0.027607361963190184 0.006844106463878327
0.027522935779816515 0.006844106463878327
0.027439024390243903 0.006844106463878327
0.02735562310030395 0.006844106463878327
0.02727272727272727 0.006844106463878327
0.027190332326283987 0.006844106463878327
0.02710843373493976 0.006844106463878327
0.02702702702702703 0.006844106463878327
0.02694610778443114 0.006844106463878327
0.026865671641791045 0.006844106463878327
0.026785714285714284 0.006844106463878327
0.026706231454005934 0.006844106463878327
0.026627218934911243 0.006844106463878327
0.02654867256637168 0.006844106463878327
0.026470588235294117 0.006844106463878327
0.026392961876832845 0.006844106463878327
0.02631578947368421 0.006844106463878327
0.026239067055393587 0.006844106463878327
0.02616279069767442 0.006844106463878327
0.02608695652173913 0.006844106463878327
0.02601156069364162 0.006844106463878327
0.025936599423631124 0.006844106463878327
0.02586206896551724 0.006844106463878327
0.025787965616045846 0.006844106463878327
0.025714285714285714 0.006844106463878327
0.02564102564102564 0.006844106463878327
0.02556818181818182 0.006844106463878327
0.025495750708215296 0.006844106463878327
0.025423728813559324 0.006844106463878327
0.02535211267605634 0.006844106463878327
0.025280898876404494 0.006844106463878327
0.028011204481792718 0.0076045627376425855
0.027932960893854747 0.0076045627376425855
0.027855153203342618 0.0076045627376425855
0.027777777777777776 0.0076045627376425855
0.027700831024930747 0.0076045627376425855
0.027624309392265192 0.0076045627376425855
0.027548209366391185 0.0076045627376425855
0.027472527472527472 0.0076045627376425855
0.0273972602739726 0.0076045627376425855
0.0273224043715847 0.0076045627376425855
0.027247956403269755 0.0076045627376425855
0.02717391304347826 0.0076045627376425855
0.02710027100271003 0.0076045627376425855
0.02702702702702703 0.0076045627376425855
0.026954177897574125 0.0076045627376425855
0.026881720430107527 0.0076045627376425855
0.02680965147453083 0.0076045627376425855
0.026737967914438502 0.0076045627376425855
0.02666666666666667 0.0076045627376425855
0.026595744680851064 0.0076045627376425855
0.026525198938992044 0.0076045627376425855
0.026455026455026454 0.0076045627376425855
0.026385224274406333 0.0076045627376425855
0.02631578947368421 0.0076045627376425855
0.026246719160104987 0.0076045627376425855
0.02617801047120419 0.0076045627376425855
0.02610966057441253 0.0076045627376425855
0.026041666666666668 0.0076045627376425855
0.025974025974025976 0.0076045627376425855
0.025906735751295335 0.0076045627376425855
0.025839793281653745 0.0076045627376425855
0.02577319587628866 0.0076045627376425855
0.02570694087403599 0.0076045627376425855
0.02564102564102564 0.0076045627376425855
0.02557544757033248 0.0076045627376425855
0.025510204081632654 0.0076045627376425855
0.02544529262086514 0.0076045627376425855
0.025380710659898477 0.0076045627376425855
0.02531645569620253 0.0076045627376425855
0.025252525252525252 0.0076045627376425855
0.02518891687657431 0.0076045627376425855
0.02512562814070352 0.0076045627376425855
0.02506265664160401 0.0076045627376425855
0.025 0.0076045627376425855
0.02493765586034913 0.0076045627376425855
0.024875621890547265 0.0076045627376425855
0.02481389578163772 0.0076045627376425855
0.024752475247524754 0.0076045627376425855
0.024691358024691357 0.0076045627376425855
0.024630541871921183 0.0076045627376425855
0.02457002457002457 0.0076045627376425855
0.024509803921568627 0.0076045627376425855
0.02444987775061125 0.0076045627376425855
0.024390243902439025 0.0076045627376425855
0.024330900243309004 0.0076045627376425855
0.024271844660194174 0.0076045627376425855
0.024213075060532687 0.0076045627376425855
0.024154589371980676 0.0076045627376425855
0.024096385542168676 0.0076045627376425855
0.02403846153846154 0.0076045627376425855
0.023980815347721823 0.0076045627376425855
0.023923444976076555 0.0076045627376425855
0.02386634844868735 0.0076045627376425855
0.023809523809523808 0.0076045627376425855
0.023752969121140142 0.0076045627376425855
0.023696682464454975 0.0076045627376425855
0.02364066193853428 0.0076045627376425855
0.02358490566037736 0.0076045627376425855
0.023529411764705882 0.0076045627376425855
0.023474178403755867 0.0076045627376425855
0.0234192037470726 0.0076045627376425855
0.02336448598130841 0.0076045627376425855
0.023310023310023312 0.0076045627376425855
0.023255813953488372 0.0076045627376425855
0.02320185614849188 0.0076045627376425855
0.023148148148148147 0.0076045627376425855
0.023094688221709007 0.0076045627376425855
0.02304147465437788 0.0076045627376425855
0.022988505747126436 0.0076045627376425855
0.022935779816513763 0.0076045627376425855
0.02288329519450801 0.0076045627376425855
0.0228310502283105 0.0076045627376425855
0.022779043280182234 0.0076045627376425855
0.022727272727272728 0.0076045627376425855
0.022675736961451247 0.0076045627376425855
0.02262443438914027 0.0076045627376425855
0.022573363431151242 0.0076045627376425855
0.02252252252252252 0.0076045627376425855
0.02247191011235955 0.0076045627376425855
0.02242152466367713 0.0076045627376425855
0.02237136465324385 0.0076045627376425855
0.022321428571428572 0.0076045627376425855
0.022271714922048998 0.0076045627376425855
0.022222222222222223 0.0076045627376425855
0.022172949002217297 0.0076045627376425855
0.022123893805309734 0.0076045627376425855
0.02207505518763797 0.0076045627376425855
0.022026431718061675 0.0076045627376425855
0.02197802197802198 0.0076045627376425855
0.021929824561403508 0.0076045627376425855
0.02188183807439825 0.0076045627376425855
0.021834061135371178 0.0076045627376425855
0.02178649237472767 0.0076045627376425855
0.021739130434782608 0.0076045627376425855
0.021691973969631236 0.0076045627376425855
0.021645021645021644 0.0076045627376425855
0.023758099352051837 0.008365019011406844
0.023706896551724137 0.008365019011406844
0.023655913978494623 0.008365019011406844
0.023605150214592276 0.008365019011406844
0.02569593147751606 0.009125475285171103
0.02564102564102564 0.009125475285171103
0.0255863539445629 0.009125475285171103
0.02553191489361702 0.009125475285171103
0.025477707006369428 0.009125475285171103
0.025423728813559324 0.009125475285171103
0.02536997885835095 0.009125475285171103
0.02531645569620253 0.009125475285171103
0.02526315789473684 0.009125475285171103
0.025210084033613446 0.009125475285171103
0.025157232704402517 0.009125475285171103
0.02510460251046025 0.009125475285171103
0.025052192066805846 0.009125475285171103
0.025 0.009125475285171103
0.02494802494802495 0.009125475285171103
0.024896265560165973 0.009125475285171103
0.024844720496894408 0.009125475285171103
0.024793388429752067 0.009125475285171103
0.024742268041237112 0.009125475285171103
0.024691358024691357 0.009125475285171103
0.024640657084188913 0.009125475285171103
0.02459016393442623 0.009125475285171103
0.024539877300613498 0.009125475285171103
0.024489795918367346 0.009125475285171103
0.024439918533604887 0.009125475285171103
0.024390243902439025 0.009125475285171103
0.02434077079107505 0.009125475285171103
0.024291497975708502 0.009125475285171103
0.024242424242424242 0.009125475285171103
0.024193548387096774 0.009125475285171103
0.02414486921529175 0.009125475285171103
0.024096385542168676 0.009125475285171103
0.02404809619238477 0.009125475285171103
0.024 0.009125475285171103
0.023952095808383235 0.009125475285171103
0.02390438247011952 0.009125475285171103
0.02385685884691849 0.009125475285171103
0.023809523809523808 0.009125475285171103
0.023762376237623763 0.009125475285171103
0.023715415019762844 0.009125475285171103
0.023668639053254437 0.009125475285171103
0.023622047244094488 0.009125475285171103
0.023575638506876228 0.009125475285171103
0.023529411764705882 0.009125475285171103
0.023483365949119372 0.009125475285171103
0.0234375 0.009125475285171103
0.023391812865497075 0.009125475285171103
0.023346303501945526 0.009125475285171103
0.02330097087378641 0.009125475285171103
0.023255813953488372 0.009125475285171103
0.02321083172147002 0.009125475285171103
0.023166023166023165 0.009125475285171103
0.023121387283236993 0.009125475285171103
0.023076923076923078 0.009125475285171103
0.023032629558541268 0.009125475285171103
0.022988505747126436 0.009125475285171103
0.022944550669216062 0.009125475285171103
0.022900763358778626 0.009125475285171103
0.022857142857142857 0.009125475285171103
0.022813688212927757 0.009125475285171103
0.022770398481973434 0.009125475285171103
0.022727272727272728 0.009125475285171103
0.022684310018903593 0.009125475285171103
0.022641509433962263 0.009125475285171103
0.022598870056497175 0.009125475285171103
0.022556390977443608 0.009125475285171103
0.0225140712945591 0.009125475285171103
0.02247191011235955 0.009125475285171103
0.024299065420560748 0.00988593155893536
0.024253731343283583 0.00988593155893536
0.024208566108007448 0.00988593155893536
0.024163568773234202 0.00988593155893536
0.02411873840445269 0.00988593155893536
0.024074074074074074 0.00988593155893536
0.024029574861367836 0.00988593155893536
0.023985239852398525 0.00988593155893536
0.02394106813996317 0.00988593155893536
0.02389705882352941 0.00988593155893536
0.023853211009174313 0.00988593155893536
0.023809523809523808 0.00988593155893536
0.02376599634369287 0.00988593155893536
0.023722627737226276 0.00988593155893536
0.023679417122040074 0.00988593155893536
0.023636363636363636 0.00988593155893536
0.025408348457350273 0.01064638783269962
0.025362318840579712 0.01064638783269962
0.02531645569620253 0.01064638783269962
0.02527075812274368 0.01064638783269962
0.025225225225225224 0.01064638783269962
0.025179856115107913 0.01064638783269962
0.025134649910233394 0.01064638783269962
0.025089605734767026 0.01064638783269962
0.025044722719141325 0.01064638783269962
0.025 0.01064638783269962
0.024955436720142603 0.01064638783269962
0.02491103202846975 0.01064638783269962
0.02486678507992895 0.01064638783269962
0.024822695035460994 0.01064638783269962
0.024778761061946902 0.01064638783269962
0.024734982332155476 0.01064638783269962
0.024691358024691357 0.01064638783269962
0.02464788732394366 0.01064638783269962
0.02460456942003515 0.01064638783269962
0.02456140350877193 0.01064638783269962
0.024518388791593695 0.01064638783269962
0.024475524475524476 0.01064638783269962
0.02443280977312391 0.01064638783269962
0.024390243902439025 0.01064638783269962
0.02434782608695652 0.01064638783269962
0.024305555555555556 0.01064638783269962
0.024263431542461005 0.01064638783269962
0.02422145328719723 0.01064638783269962
0.024179620034542316 0.01064638783269962
0.02413793103448276 0.01064638783269962
0.024096385542168676 0.01064638783269962
0.024054982817869417 0.01064638783269962
0.024013722126929673 0.01064638783269962
0.023972602739726026 0.01064638783269962
0.023931623931623933 0.01064638783269962
0.023890784982935155 0.01064638783269962
0.02385008517887564 0.01064638783269962
0.023809523809523808 0.01064638783269962
0.023769100169779286 0.01064638783269962
0.023728813559322035 0.01064638783269962
0.023688663282571912 0.01064638783269962
0.02364864864864865 0.01064638783269962
0.023608768971332208 0.01064638783269962
0.02356902356902357 0.01064638783269962
0.023529411764705882 0.01064638783269962
0.02348993288590604 0.01064638783269962
0.023450586264656615 0.01064638783269962
0.023411371237458192 0.01064638783269962
0.02337228714524207 0.01064638783269962
0.023333333333333334 0.01064638783269962
0.024958402662229616 0.011406844106463879
0.024916943521594685 0.011406844106463879
0.024875621890547265 0.011406844106463879
0.024834437086092714 0.011406844106463879
0.024793388429752067 0.011406844106463879
0.024752475247524754 0.011406844106463879
0.02471169686985173 0.011406844106463879
0.024671052631578948 0.011406844106463879
0.024630541871921183 0.011406844106463879
0.02459016393442623 0.011406844106463879
0.024549918166939442 0.011406844106463879
0.024509803921568627 0.011406844106463879
0.024469820554649267 0.011406844106463879
0.024429967426710098 0.011406844106463879
0.024390243902439025 0.011406844106463879
0.024350649350649352 0.011406844106463879
0.024311183144246355 0.011406844106463879
0.024271844660194174 0.011406844106463879
0.024232633279483037 0.011406844106463879
0.024193548387096774 0.011406844106463879
0.024154589371980676 0.011406844106463879
0.024115755627009645 0.011406844106463879
0.024077046548956663 0.011406844106463879
0.02403846153846154 0.011406844106463879
0.024 0.011406844106463879
0.023961661341853034 0.011406844106463879
0.023923444976076555 0.011406844106463879
0.02388535031847134 0.011406844106463879
0.02384737678855326 0.011406844106463879
0.023809523809523808 0.011406844106463879
0.02377179080824089 0.011406844106463879
0.023734177215189875 0.011406844106463879
0.023696682464454975 0.011406844106463879
0.02365930599369085 0.011406844106463879
0.023622047244094488 0.011406844106463879
0.02358490566037736 0.011406844106463879
0.023547880690737835 0.011406844106463879
0.023510971786833857 0.011406844106463879
0.023474178403755867 0.011406844106463879
0.0234375 0.011406844106463879
0.0234009360374415 0.011406844106463879
0.02336448598130841 0.011406844106463879
0.02332814930015552 0.011406844106463879
0.023291925465838508 0.011406844106463879
0.023255813953488372 0.011406844106463879
0.02321981424148607 0.011406844106463879
0.023183925811437404 0.011406844106463879
0.023148148148148147 0.011406844106463879
0.023112480739599383 0.011406844106463879
0.023076923076923078 0.011406844106463879
0.02304147465437788 0.011406844106463879
0.023006134969325152 0.011406844106463879
0.022970903522205207 0.011406844106463879
0.022935779816513763 0.011406844106463879
0.022900763358778626 0.011406844106463879
0.022865853658536585 0.011406844106463879
0.0228310502283105 0.011406844106463879
0.022796352583586626 0.011406844106463879
0.02276176024279211 0.011406844106463879
0.022727272727272728 0.011406844106463879
0.0226928895612708 0.011406844106463879
0.022658610271903322 0.011406844106463879
0.02262443438914027 0.011406844106463879
0.022590361445783132 0.011406844106463879
0.022556390977443608 0.011406844106463879
0.02252252252252252 0.011406844106463879
0.022488755622188907 0.011406844106463879
0.02245508982035928 0.011406844106463879
0.02242152466367713 0.011406844106463879
0.022388059701492536 0.011406844106463879
0.022354694485842028 0.011406844106463879
0.022321428571428572 0.011406844106463879
0.022288261515601784 0.011406844106463879
0.02225519287833828 0.011406844106463879
0.022222222222222223 0.011406844106463879
0.022189349112426034 0.011406844106463879
0.022156573116691284 0.011406844106463879
0.022123893805309734 0.011406844106463879
0.022091310751104567 0.011406844106463879
0.022058823529411766 0.011406844106463879
0.022026431718061675 0.011406844106463879
0.021994134897360705 0.011406844106463879
0.021961932650073207 0.011406844106463879
0.021929824561403508 0.011406844106463879
0.021897810218978103 0.011406844106463879
0.021865889212827987 0.011406844106463879
0.021834061135371178 0.011406844106463879
0.02180232558139535 0.011406844106463879
0.02177068214804064 0.011406844106463879
0.021739130434782608 0.011406844106463879
0.02170767004341534 0.011406844106463879
0.02167630057803468 0.011406844106463879
0.021645021645021644 0.011406844106463879
0.021613832853025938 0.011406844106463879
0.02158273381294964 0.011406844106463879
0.021551724137931036 0.011406844106463879
0.021520803443328552 0.011406844106463879
0.02148997134670487 0.011406844106463879
0.02145922746781116 0.011406844106463879
0.02142857142857143 0.011406844106463879
0.021398002853067047 0.011406844106463879
0.021367521367521368 0.011406844106463879
0.021337126600284494 0.011406844106463879
0.02130681818181818 0.011406844106463879
0.02127659574468085 0.011406844106463879
0.021246458923512748 0.011406844106463879
0.021216407355021217 0.011406844106463879
0.0211864406779661 0.011406844106463879
0.021156558533145273 0.011406844106463879
0.022535211267605635 0.012167300380228136
0.02250351617440225 0.012167300380228136
0.02247191011235955 0.012167300380228136
0.02244039270687237 0.012167300380228136
0.022408963585434174 0.012167300380228136
0.022377622377622378 0.012167300380228136
0.0223463687150838 0.012167300380228136
0.022315202231520222 0.012167300380228136
0.022284122562674095 0.012167300380228136
0.022253129346314324 0.012167300380228136
0.022222222222222223 0.012167300380228136
0.022191400832177532 0.012167300380228136
0.0221606648199446 0.012167300380228136
0.022130013831258646 0.012167300380228136
0.022099447513812154 0.012167300380228136
0.022068965517241378 0.012167300380228136
0.02203856749311295 0.012167300380228136
0.02200825309491059 0.012167300380228136
0.02197802197802198 0.012167300380228136
0.02194787379972565 0.012167300380228136
0.021917808219178082 0.012167300380228136
0.02188782489740082 0.012167300380228136
0.02185792349726776 0.012167300380228136
0.021828103683492497 0.012167300380228136
0.021798365122615803 0.012167300380228136
0.021768707482993196 0.012167300380228136
0.021739130434782608 0.012167300380228136
0.021709633649932156 0.012167300380228136
0.02168021680216802 0.012167300380228136
0.02165087956698241 0.012167300380228136
0.021621621621621623 0.012167300380228136
0.021592442645074223 0.012167300380228136
0.0215633423180593 0.012167300380228136
0.021534320323014805 0.012167300380228136
0.021505376344086023 0.012167300380228136
0.021476510067114093 0.012167300380228136
0.021447721179624665 0.012167300380228136
0.0214190093708166 0.012167300380228136
0.0213903743315508 0.012167300380228136
0.021361815754339118 0.012167300380228136
0.021333333333333333 0.012167300380228136
0.02130492676431425 0.012167300380228136
0.02127659574468085 0.012167300380228136
0.021248339973439574 0.012167300380228136
0.021220159151193633 0.012167300380228136
0.02119205298013245 0.012167300380228136
0.021164021164021163 0.012167300380228136
0.021136063408190225 0.012167300380228136
0.021108179419525065 0.012167300380228136
0.021080368906455864 0.012167300380228136
0.021052631578947368 0.012167300380228136
0.02102496714848883 0.012167300380228136
0.02099737532808399 0.012167300380228136
0.020969855832241154 0.012167300380228136
0.020942408376963352 0.012167300380228136
0.02091503267973856 0.012167300380228136
0.020887728459530026 0.012167300380228136
0.020860495436766623 0.012167300380228136
0.022135416666666668 0.012927756653992395
0.022106631989596878 0.012927756653992395
0.02207792207792208 0.012927756653992395
0.02204928664072633 0.012927756653992395
0.022020725388601035 0.012927756653992395
0.02199223803363519 0.012927756653992395
0.021963824289405683 0.012927756653992395
0.02193548387096774 0.012927756653992395
0.02190721649484536 0.012927756653992395
0.021879021879021878 0.012927756653992395
0.021850899742930592 0.012927756653992395
0.021822849807445442 0.012927756653992395
0.021794871794871794 0.012927756653992395
0.02176696542893726 0.012927756653992395
0.021739130434782608 0.012927756653992395
0.021711366538952746 0.012927756653992395
0.021683673469387755 0.012927756653992395
0.02165605095541401 0.012927756653992395
0.021628498727735368 0.012927756653992395
0.021601016518424398 0.012927756653992395
0.021573604060913704 0.012927756653992395
0.021546261089987327 0.012927756653992395
0.021518987341772152 0.012927756653992395
0.021491782553729456 0.012927756653992395
0.021464646464646464 0.012927756653992395
0.021437578814627996 0.012927756653992395
0.021410579345088162 0.012927756653992395
0.021383647798742137 0.012927756653992395
0.02135678391959799 0.012927756653992395
0.02132998745294856 0.012927756653992395
0.021303258145363407 0.012927756653992395
0.02127659574468085 0.012927756653992395
0.02125 0.012927756653992395
0.02122347066167291 0.012927756653992395
0.02119700748129676 0.012927756653992395
0.021170610211706103 0.012927756653992395
0.021144278606965175 0.012927756653992395
0.02111801242236025 0.012927756653992395
0.02109181141439206 0.012927756653992395
0.021065675340768277 0.012927756653992395
0.02103960396039604 0.012927756653992395
0.021013597033374538 0.012927756653992395
0.020987654320987655 0.012927756653992395
0.02096177558569667 0.012927756653992395
0.020935960591133004 0.012927756653992395
0.020910209102091022 0.012927756653992395
0.020884520884520884 0.012927756653992395
0.020858895705521473 0.012927756653992395
0.020833333333333332 0.012927756653992395
0.0208078335373317 0.012927756653992395
0.02078239608801956 0.012927756653992395
0.020757020757020756 0.012927756653992395
0.020731707317073172 0.012927756653992395
0.020706455542021926 0.012927756653992395
0.02068126520681265 0.012927756653992395
0.020656136087484813 0.012927756653992395
0.02063106796116505 0.012927756653992395
0.020606060606060607 0.012927756653992395
0.020581113801452784 0.012927756653992395
0.020556227327690448 0.012927756653992395
0.020531400966183576 0.012927756653992395
0.020506634499396863 0.012927756653992395
0.020481927710843374 0.012927756653992395
0.02045728038507822 0.012927756653992395
0.020432692307692308 0.012927756653992395
0.02040816326530612 0.012927756653992395
0.02038369304556355 0.012927756653992395
0.02035928143712575 0.012927756653992395
0.02033492822966507 0.012927756653992395
0.02031063321385902 0.012927756653992395
0.02028639618138425 0.012927756653992395
0.02026221692491061 0.012927756653992395
0.02023809523809524 0.012927756653992395
0.020214030915576695 0.012927756653992395
0.020190023752969122 0.012927756653992395
0.020166073546856466 0.012927756653992395
0.02014218009478673 0.012927756653992395
0.021301775147928994 0.013688212927756654
0.02127659574468085 0.013688212927756654
0.021251475796930343 0.013688212927756654
0.02122641509433962 0.013688212927756654
0.02120141342756184 0.013688212927756654
0.021176470588235293 0.013688212927756654
0.021151586368977675 0.013688212927756654
0.02112676056338028 0.013688212927756654
0.021101992966002344 0.013688212927756654
0.02107728337236534 0.013688212927756654
0.021052631578947368 0.013688212927756654
0.02102803738317757 0.013688212927756654
0.021003500583430573 0.013688212927756654
0.02097902097902098 0.013688212927756654
0.020954598370197905 0.013688212927756654
0.020930232558139535 0.013688212927756654
0.020905923344947737 0.013688212927756654
0.02088167053364269 0.013688212927756654
0.02085747392815759 0.013688212927756654
0.020833333333333332 0.013688212927756654
0.020809248554913295 0.013688212927756654
0.020785219399538105 0.013688212927756654
0.020761245674740483 0.013688212927756654
0.020737327188940093 0.013688212927756654
0.020713463751438434 0.013688212927756654
0.020689655172413793 0.013688212927756654
0.02066590126291619 0.013688212927756654
0.020642201834862386 0.013688212927756654
0.020618556701030927 0.013688212927756654
0.020594965675057208 0.013688212927756654
0.02057142857142857 0.013688212927756654
0.02054794520547945 0.013688212927756654
0.020524515393386546 0.013688212927756654
0.02050113895216401 0.013688212927756654
0.020477815699658702 0.013688212927756654
0.020454545454545454 0.013688212927756654
0.02043132803632236 0.013688212927756654
0.02040816326530612 0.013688212927756654
0.020385050962627407 0.013688212927756654
0.020361990950226245 0.013688212927756654
0.020338983050847456 0.013688212927756654
0.020316027088036117 0.013688212927756654
0.020293122886133032 0.013688212927756654
0.02027027027027027 0.013688212927756654
0.020247469066366704 0.013688212927756654
0.020224719101123594 0.013688212927756654
0.020202020202020204 0.013688212927756654
0.020179372197309416 0.013688212927756654
0.020156774916013438 0.013688212927756654
0.020134228187919462 0.013688212927756654
0.02011173184357542 0.013688212927756654
0.020089285714285716 0.013688212927756654
0.020066889632107024 0.013688212927756654
0.0200445434298441 0.013688212927756654
0.020022246941045607 0.013688212927756654
0.02 0.013688212927756654
0.01997780244173141 0.013688212927756654
0.019955654101995565 0.013688212927756654
0.019933554817275746 0.013688212927756654
0.01991150442477876 0.013688212927756654
0.019889502762430938 0.013688212927756654
0.019867549668874173 0.013688212927756654
0.019845644983461964 0.013688212927756654
0.019823788546255508 0.013688212927756654
0.019801980198019802 0.013688212927756654
0.01978021978021978 0.013688212927756654
0.019758507135016465 0.013688212927756654
0.019736842105263157 0.013688212927756654
0.019715224534501644 0.013688212927756654
0.019693654266958426 0.013688212927756654
0.019672131147540985 0.013688212927756654
0.019650655021834062 0.013688212927756654
0.019629225736095966 0.013688212927756654
0.0196078431372549 0.013688212927756654
0.01958650707290533 0.013688212927756654
0.01956521739130435 0.013688212927756654
0.019543973941368076 0.013688212927756654
0.019522776572668113 0.013688212927756654
0.01950162513542795 0.013688212927756654
0.01948051948051948 0.013688212927756654
0.01945945945945946 0.013688212927756654
0.019438444924406047 0.013688212927756654
0.019417475728155338 0.013688212927756654
0.01939655172413793 0.013688212927756654
0.0193756727664155 0.013688212927756654
0.01935483870967742 0.013688212927756654
0.01933404940923738 0.013688212927756654
0.019313304721030045 0.013688212927756654
0.01929260450160772 0.013688212927756654
0.019271948608137045 0.013688212927756654
0.019251336898395723 0.013688212927756654
0.019230769230769232 0.013688212927756654
0.0192102454642476 0.013688212927756654
0.019189765458422176 0.013688212927756654
0.019169329073482427 0.013688212927756654
0.019148936170212766 0.013688212927756654
0.019128586609989374 0.013688212927756654
0.01910828025477707 0.013688212927756654
0.019088016967126194 0.013688212927756654
0.019067796610169493 0.013688212927756654
0.01904761904761905 0.013688212927756654
0.019027484143763214 0.013688212927756654
0.01900739176346357 0.013688212927756654
0.0189873417721519 0.013688212927756654
0.018967334035827187 0.013688212927756654
0.018947368421052633 0.013688212927756654
0.01892744479495268 0.013688212927756654
0.018907563025210083 0.013688212927756654
0.01888772298006296 0.013688212927756654
0.018867924528301886 0.013688212927756654
0.018848167539267015 0.013688212927756654
0.01882845188284519 0.013688212927756654
0.018808777429467086 0.013688212927756654
0.018789144050104383 0.013688212927756654
0.018769551616266946 0.013688212927756654
0.01875 0.013688212927756654
0.018730489073881373 0.013688212927756654
0.018711018711018712 0.013688212927756654
0.018691588785046728 0.013688212927756654
0.01867219917012448 0.013688212927756654
0.01865284974093264 0.013688212927756654
0.018633540372670808 0.013688212927756654
0.01964839710444674 0.014448669201520912
0.01962809917355372 0.014448669201520912
0.0196078431372549 0.014448669201520912
0.01958762886597938 0.014448669201520912
0.01956745623069001 0.014448669201520912
0.01954732510288066 0.014448669201520912
0.019527235354573486 0.014448669201520912
0.019507186858316223 0.014448669201520912
0.019487179487179488 0.014448669201520912
0.0194672131147541 0.014448669201520912
0.019447287615148412 0.014448669201520912
0.019427402862985686 0.014448669201520912
0.01940755873340143 0.014448669201520912
0.019387755102040816 0.014448669201520912
0.019367991845056064 0.014448669201520912
0.019348268839103868 0.014448669201520912
0.019328585961342827 0.014448669201520912
0.019308943089430895 0.014448669201520912
0.019289340101522844 0.014448669201520912
0.019269776876267748 0.014448669201520912
0.019250253292806486 0.014448669201520912
0.019230769230769232 0.014448669201520912
0.019211324570273004 0.014448669201520912
0.01919191919191919 0.014448669201520912
0.01917255297679112 0.014448669201520912
0.019153225806451613 0.014448669201520912
0.019133937562940583 0.014448669201520912
0.019114688128772636 0.014448669201520912
0.019095477386934675 0.014448669201520912
0.019076305220883535 0.014448669201520912
0.01905717151454363 0.014448669201520912
0.01903807615230461 0.014448669201520912
0.01901901901901902 0.014448669201520912
0.019 0.014448669201520912
0.01898101898101898 0.014448669201520912
0.018962075848303395 0.014448669201520912
0.018943170488534396 0.014448669201520912
0.018924302788844622 0.014448669201520912
0.01890547263681592 0.014448669201520912
0.018886679920477135 0.014448669201520912
0.018867924528301886 0.014448669201520912
0.018849206349206348 0.014448669201520912
0.018830525272547076 0.014448669201520912
0.01881188118811881 0.014448669201520912
0.018793273986152326 0.014448669201520912
0.018774703557312252 0.014448669201520912
0.018756169792694965 0.014448669201520912
0.01873767258382643 0.014448669201520912
0.0187192118226601 0.014448669201520912
0.018700787401574805 0.014448669201520912
0.018682399213372666 0.014448669201520912
0.018664047151277015 0.014448669201520912
0.018645731108930325 0.014448669201520912
0.018627450980392157 0.014448669201520912
0.01860920666013712 0.014448669201520912
0.018590998043052837 0.014448669201520912
0.01857282502443793 0.014448669201520912
0.0185546875 0.014448669201520912
0.018536585365853658 0.014448669201520912
0.018518518518518517 0.014448669201520912
0.018500486854917234 0.014448669201520912
0.01848249027237354 0.014448669201520912
0.0184645286686103 0.014448669201520912
0.018446601941747572 0.014448669201520912
0.01842870999030068 0.014448669201520912
0.018410852713178296 0.014448669201520912
0.018393030009680542 0.014448669201520912
0.0183752417794971 0.014448669201520912
0.018357487922705314 0.014448669201520912
0.01833976833976834 0.014448669201520912
0.01832208293153327 0.014448669201520912
0.018304431599229287 0.014448669201520912
0.01828681424446583 0.014448669201520912
0.01826923076923077 0.014448669201520912
0.01825168107588857 0.014448669201520912
0.019193857965451054 0.015209125475285171
0.019175455417066157 0.015209125475285171
0.019157088122605363 0.015209125475285171
0.019138755980861243 0.015209125475285171
0.019120458891013385 0.015209125475285171
0.019102196752626553 0.015209125475285171
0.019083969465648856 0.015209125475285171
0.019065776930409915 0.015209125475285171
0.01904761904761905 0.015209125475285171
0.019029495718363463 0.015209125475285171
0.019011406844106463 0.015209125475285171
0.01899335232668566 0.015209125475285171
0.018975332068311195 0.015209125475285171
0.018957345971563982 0.015209125475285171
0.01893939393939394 0.015209125475285171
0.01892147587511826 0.015209125475285171
0.01890359168241966 0.015209125475285171
0.018885741265344664 0.015209125475285171
0.018867924528301886 0.015209125475285171
0.01885014137606032 0.015209125475285171
0.01977401129943503 0.01596958174904943
0.01975540921919097 0.01596958174904943
0.019736842105263157 0.01596958174904943
0.01971830985915493 0.01596958174904943
0.019699812382739212 0.01596958174904943
0.019681349578256794 0.01596958174904943
0.019662921348314606 0.01596958174904943
0.019644527595884004 0.01596958174904943
0.019626168224299065 0.01596958174904943
0.0196078431372549 0.01596958174904943
0.01958955223880597 0.01596958174904943
0.0195712954333644 0.01596958174904943
0.019553072625698324 0.01596958174904943
0.01953488372093023 0.01596958174904943
0.019516728624535316 0.01596958174904943
0.019498607242339833 0.01596958174904943
0.01948051948051948 0.01596958174904943
0.019462465245597776 0.01596958174904943
0.019444444444444445 0.01596958174904943
0.01942645698427382 0.01596958174904943
0.019408502772643253 0.01596958174904943
0.019390581717451522 0.01596958174904943
0.01937269372693727 0.01596958174904943
0.01935483870967742 0.01596958174904943
0.019337016574585635 0.01596958174904943
0.019319227230910764 0.01596958174904943
0.019301470588235295 0.01596958174904943
0.01928374655647383 0.01596958174904943
0.01926605504587156 0.01596958174904943
0.01924839596700275 0.01596958174904943
0.019230769230769232 0.01596958174904943
0.0192131747483989 0.01596958174904943
0.019195612431444242 0.01596958174904943
0.019178082191780823 0.01596958174904943
0.01916058394160584 0.01596958174904943
0.019143117593436645 0.01596958174904943
0.01912568306010929 0.01596958174904943
0.01910828025477707 0.01596958174904943
0.019090909090909092 0.01596958174904943
0.01907356948228883 0.01596958174904943
0.019056261343012703 0.01596958174904943
0.019038984587488667 0.01596958174904943
0.019021739130434784 0.01596958174904943
0.019004524886877826 0.01596958174904943
0.0189873417721519 0.01596958174904943
0.018970189701897018 0.01596958174904943
0.01895306859205776 0.01596958174904943
0.018935978358881875 0.01596958174904943
0.01891891891891892 0.01596958174904943
0.018901890189018902 0.01596958174904943
0.018884892086330936 0.01596958174904943
0.018867924528301886 0.01596958174904943
0.018850987432675045 0.01596958174904943
0.01883408071748879 0.01596958174904943
0.01881720430107527 0.01596958174904943
0.018800358102059087 0.01596958174904943
0.018783542039355994 0.01596958174904943
0.01876675603217158 0.01596958174904943
0.01875 0.01596958174904943
0.01873327386262266 0.01596958174904943
0.01871657754010695 0.01596958174904943
0.018699910952804988 0.01596958174904943
0.018683274021352312 0.01596958174904943
0.018666666666666668 0.01596958174904943
0.018650088809946713 0.01596958174904943
0.018633540372670808 0.01596958174904943
0.018617021276595744 0.01596958174904943
0.018600531443755536 0.01596958174904943
0.018584070796460177 0.01596958174904943
0.01856763925729443 0.01596958174904943
0.018551236749116608 0.01596958174904943
0.018534863195057368 0.01596958174904943
0.018518518518518517 0.01596958174904943
0.018502202643171806 0.01596958174904943
0.018485915492957746 0.01596958174904943
0.018469656992084433 0.01596958174904943
0.01845342706502636 0.01596958174904943
0.019315188762071993 0.016730038022813688
0.01929824561403509 0.016730038022813688
0.019281332164767746 0.016730038022813688
0.01926444833625219 0.016730038022813688
0.019247594050743656 0.016730038022813688
0.019230769230769232 0.016730038022813688
0.01921397379912664 0.016730038022813688
0.019197207678883072 0.016730038022813688
0.01918047079337402 0.016730038022813688
0.01916376306620209 0.016730038022813688
0.019147084421235857 0.016730038022813688
0.019130434782608695 0.016730038022813688
0.019113814074717638 0.016730038022813688
0.019097222222222224 0.016730038022813688
0.019080659150043366 0.016730038022813688
0.019064124783362217 0.016730038022813688
0.01904761904761905 0.016730038022813688
0.01903114186851211 0.016730038022813688
0.01901469317199654 0.016730038022813688
0.018998272884283247 0.016730038022813688
0.01898188093183779 0.016730038022813688
0.01896551724137931 0.016730038022813688
0.018949181739879414 0.016730038022813688
0.0189328743545611 0.016730038022813688
0.018916595012897677 0.016730038022813688
0.018900343642611683 0.016730038022813688
0.01888412017167382 0.016730038022813688
0.018867924528301886 0.016730038022813688
0.018851756640959727 0.016730038022813688
0.018835616438356163 0.016730038022813688
0.018819503849443968 0.016730038022813688
0.018803418803418803 0.016730038022813688
0.018787361229718188 0.016730038022813688
0.01877133105802048 0.016730038022813688
0.01875532821824382 0.016730038022813688
0.018739352640545145 0.016730038022813688
0.01872340425531915 0.016730038022813688
0.01870748299319728 0.016730038022813688
0.018691588785046728 0.016730038022813688
0.01867572156196944 0.016730038022813688
0.018659881255301103 0.016730038022813688
0.01864406779661017 0.016730038022813688
0.018628281117696866 0.016730038022813688
0.018612521150592216 0.016730038022813688
0.018596787827557058 0.016730038022813688
0.018581081081081082 0.016730038022813688
0.018565400843881856 0.016730038022813688
0.01854974704890388 0.016730038022813688
0.018534119629317607 0.016730038022813688
0.018518518518518517 0.016730038022813688
0.018502943650126155 0.016730038022813688
0.018487394957983194 0.016730038022813688
0.018471872376154493 0.016730038022813688
0.018456375838926176 0.016730038022813688
0.018440905280804692 0.016730038022813688
0.018425460636515914 0.016730038022813688
0.018410041841004185 0.016730038022813688
0.01839464882943144 0.016730038022813688
0.018379281537176273 0.016730038022813688
0.018363939899833055 0.016730038022813688
0.01834862385321101 0.016730038022813688
0.018333333333333333 0.016730038022813688
0.018318068276436304 0.016730038022813688
0.018302828618968387 0.016730038022813688
0.01828761429758936 0.016730038022813688
0.018272425249169437 0.016730038022813688
0.018257261410788383 0.016730038022813688
0.01824212271973466 0.016730038022813688
0.018227009113504555 0.016730038022813688
0.018211920529801324 0.016730038022813688
0.018196856906534328 0.016730038022813688
0.01818181818181818 0.016730038022813688
0.018166804293971925 0.016730038022813688
0.018151815181518153 0.016730038022813688
0.018136850783182192 0.016730038022813688
0.018121911037891267 0.016730038022813688
0.01810699588477366 0.016730038022813688
0.018092105263157895 0.016730038022813688
0.018898931799506986 0.01749049429657795
0.019704433497536946 0.018250950570342206
0.020508613617719443 0.019011406844106463
0.021311475409836064 0.01977186311787072
0.022113022113022112 0.02053231939163498
0.022913256955810146 0.02129277566539924
0.023712183156173343 0.022053231939163497
0.024509803921568627 0.022813688212927757
0.025306122448979593 0.023574144486692015
0.026101141924959218 0.024334600760456272
0.02689486552567237 0.025095057034220533
0.02768729641693811 0.02585551330798479
0.028478437754271765 0.026615969581749048
0.02926829268292683 0.02737642585551331
0.030056864337936636 0.028136882129277566
0.030844155844155844 0.028897338403041824
0.031630170316301706 0.029657794676806085
0.031604538087520256 0.029657794676806085
0.031578947368421054 0.029657794676806085
0.03155339805825243 0.029657794676806085
0.03152789005658852 0.029657794676806085
0.03150242326332795 0.029657794676806085
0.031476997578692496 0.029657794676806085
0.031451612903225803 0.029657794676806085
0.031426269137792104 0.029657794676806085
0.03140096618357488 0.029657794676806085
0.031375703942075624 0.029657794676806085
0.03135048231511254 0.029657794676806085
0.03132530120481928 0.029657794676806085
0.03130016051364366 0.029657794676806085
0.03127506014434643 0.029657794676806085
0.03125 0.029657794676806085
0.03122497998398719 0.029657794676806085
0.0312 0.029657794676806085
0.03117505995203837 0.029657794676806085
0.031150159744408944 0.029657794676806085
0.03112529928172386 0.029657794676806085
0.03110047846889952 0.029657794676806085
0.031075697211155377 0.029657794676806085
0.03105095541401274 0.029657794676806085
0.031026252983293555 0.029657794676806085
0.031001589825119236 0.029657794676806085
0.030976965845909452 0.029657794676806085
0.030952380952380953 0.029657794676806085
0.030927835051546393 0.029657794676806085
0.030903328050713153 0.029657794676806085
0.030878859857482184 0.029657794676806085
0.030854430379746837 0.029657794676806085
0.0308300395256917 0.029657794676806085
0.030805687203791468 0.029657794676806085
0.030781373322809787 0.029657794676806085
0.030757097791798107 0.029657794676806085
0.030732860520094562 0.029657794676806085
0.030708661417322834 0.029657794676806085
0.03068450039339103 0.029657794676806085
0.030660377358490566 0.029657794676806085
0.030636292223095052 0.029657794676806085
0.030612244897959183 0.029657794676806085
0.03137254901960784 0.030418250950570342
0.03134796238244514 0.030418250950570342
0.031323414252153486 0.030418250950570342
0.03129890453834116 0.030418250950570342
0.03127443315089914 0.030418250950570342
0.03125 0.030418250950570342
0.0312256049960968 0.030418250950570342
0.031201248049921998 0.030418250950570342
0.03117692907248636 0.030418250950570342
0.03115264797507788 0.030418250950570342
0.0311284046692607 0.030418250950570342
0.03110419906687403 0.030418250950570342
0.03108003108003108 0.030418250950570342
0.031055900621118012 0.030418250950570342
0.031031807602792862 0.030418250950570342
0.031007751937984496 0.030418250950570342
0.030983733539891558 0.030418250950570342
0.030959752321981424 0.030418250950570342
0.030935808197989172 0.030418250950570342
0.030911901081916538 0.030418250950570342
0.03088803088803089 0.030418250950570342
0.030864197530864196 0.030418250950570342
0.03084040092521203 0.030418250950570342
0.030816640986132512 0.030418250950570342
0.030792917628945343 0.030418250950570342
0.03076923076923077 0.030418250950570342
0.030745580322828592 0.030418250950570342
0.030721966205837174 0.030418250950570342
0.03069838833461243 0.030418250950570342
0.03067484662576687 0.030418250950570342
0.03065134099616858 0.030418250950570342
0.03139356814701378 0.0311787072243346
0.03136954858454476 0.0311787072243346
0.03134556574923547 0.0311787072243346
0.03132161955691368 0.0311787072243346
0.031297709923664124 0.0311787072243346
0.031273836765827616 0.0311787072243346
0.03125 0.0311787072243346
0.031226199543031227 0.0311787072243346
0.03120243531202435 0.0311787072243346
0.0311787072243346 0.0311787072243346
0.03115501519756839 0.0311787072243346
0.031131359149582385 0.0311787072243346
0.03110773899848255 0.0311787072243346
0.0310841546626232 0.0311787072243346
0.03106060606060606 0.0311787072243346
0.031037093111279335 0.0311787072243346
0.031013615733736764 0.0311787072243346
0.030990173847316706 0.0311787072243346
0.030966767371601207 0.0311787072243346
0.030943396226415093 0.0311787072243346
0.03092006033182504 0.0311787072243346
0.03089675960813866 0.0311787072243346
0.030873493975903613 0.0311787072243346
0.030850263355906696 0.0311787072243346
0.030827067669172932 0.0311787072243346
0.030803906836964687 0.0311787072243346
0.03078078078078078 0.0311787072243346
0.03075768942235559 0.0311787072243346
0.03073463268365817 0.0311787072243346
0.030711610486891385 0.0311787072243346
0.030688622754491017 0.0311787072243346
0.030665669409124907 0.0311787072243346
0.030642750373692077 0.0311787072243346
0.030619865571321882 0.0311787072243346
0.030597014925373135 0.0311787072243346
0.030574198359433258 0.0311787072243346
0.030551415797317436 0.0311787072243346
0.03052866716306776 0.0311787072243346
0.03050595238095238 0.0311787072243346
0.030483271375464683 0.0311787072243346
0.030460624071322436 0.0311787072243346
0.030438010393466965 0.0311787072243346
0.030415430267062313 0.0311787072243346
0.03039288361749444 0.0311787072243346
0.03037037037037037 0.0311787072243346
0.030347890451517395 0.0311787072243346
0.030325443786982247 0.0311787072243346
0.030303030303030304 0.0311787072243346
0.030280649926144758 0.0311787072243346
0.03025830258302583 0.0311787072243346
0.03023598820058997 0.0311787072243346
0.03021370670596905 0.0311787072243346
0.030191458026509573 0.0311787072243346
0.03016924208977189 0.0311787072243346
0.030147058823529412 0.0311787072243346
0.030124908155767818 0.0311787072243346
0.03010279001468429 0.0311787072243346
0.03008070432868672 0.0311787072243346
0.030058651026392963 0.0311787072243346
0.030036630036630037 0.0311787072243346
0.030014641288433383 0.0311787072243346
0.029992684711046085 0.0311787072243346
0.029970760233918127 0.0311787072243346
0.029948867786705625 0.0311787072243346
0.029927007299270073 0.0311787072243346
0.029905178701677606 0.0311787072243346
0.02988338192419825 0.0311787072243346
0.02986161689730517 0.0311787072243346
0.029839883551673944 0.0311787072243346
0.029818181818181817 0.0311787072243346
0.029796511627906978 0.0311787072243346
0.029774872912127815 0.0311787072243346
0.029753265602322207 0.0311787072243346
0.02973168963016679 0.0311787072243346
0.029710144927536233 0.0311787072243346
0.029688631426502535 0.0311787072243346
0.029667149059334298 0.0311787072243346
0.02964569775849602 0.0311787072243346
0.029624277456647398 0.0311787072243346
0.0296028880866426 0.0311787072243346
0.02958152958152958 0.0311787072243346
0.029560201874549386 0.0311787072243346
0.029538904899135448 0.0311787072243346
0.029517638588912886 0.0311787072243346
0.029496402877697843 0.0311787072243346
0.029475197699496764 0.0311787072243346
0.029454022988505746 0.0311787072243346
0.029432878679109833 0.0311787072243346
0.029411764705882353 0.0311787072243346
0.02939068100358423 0.0311787072243346
0.029369627507163324 0.0311787072243346
0.02934860415175376 0.0311787072243346
0.029327610872675252 0.0311787072243346
0.029306647605432452 0.0311787072243346
0.029285714285714286 0.0311787072243346
0.02926481084939329 0.0311787072243346
0.029243937232524966 0.0311787072243346
0.029223093371347115 0.0311787072243346
0.0292022792022792 0.0311787072243346
0.029181494661921707 0.0311787072243346
0.029160739687055477 0.0311787072243346
0.02914001421464108 0.0311787072243346
0.02911931818181818 0.0311787072243346
0.029098651525904896 0.0311787072243346
0.029078014184397163 0.0311787072243346
0.029057406094968107 0.0311787072243346
0.02903682719546742 0.0311787072243346
0.029016277423920735 0.0311787072243346
0.028995756718528994 0.0311787072243346
0.028975265017667843 0.0311787072243346
0.028954802259887006 0.0311787072243346
0.02893436838390967 0.0311787072243346
0.028913963328631876 0.0311787072243346
0.028893587033121917 0.0311787072243346
0.028873239436619718 0.0311787072243346
0.028852920478536243 0.0311787072243346
0.028832630098452883 0.0311787072243346
0.02881236823612087 0.0311787072243346
0.028792134831460675 0.0311787072243346
0.028771929824561403 0.0311787072243346
0.028751753155680224 0.0311787072243346
0.028731604765241767 0.0311787072243346
0.028711484593837534 0.0311787072243346
0.028691392582225334 0.0311787072243346
0.028671328671328673 0.0311787072243346
0.0286512928022362 0.0311787072243346
0.02863128491620112 0.0311787072243346
0.028611304954640614 0.0311787072243346
0.028591352859135284 0.0311787072243346
0.02857142857142857 0.0311787072243346
0.028551532033426183 0.0311787072243346
0.028531663187195546 0.0311787072243346
0.02851182197496523 0.0311787072243346
0.02849200833912439 0.0311787072243346
0.02847222222222222 0.0311787072243346
0.028452463566967384 0.0311787072243346
0.028432732316227463 0.0311787072243346
0.028413028413028413 0.0311787072243346
0.028393351800554016 0.0311787072243346
0.02837370242214533 0.0311787072243346
0.028354080221300138 0.0311787072243346
0.028334485141672427 0.0311787072243346
0.028314917127071824 0.0311787072243346
0.028295376121463076 0.0311787072243346
0.028275862068965516 0.0311787072243346
0.028256374913852515 0.0311787072243346
0.028236914600550965 0.0311787072243346
0.028217481073640742 0.0311787072243346
0.028198074277854195 0.0311787072243346
0.028178694158075602 0.0311787072243346
0.02815934065934066 0.0311787072243346
0.028140013726835965 0.0311787072243346
0.028120713305898493 0.0311787072243346
0.02810143934201508 0.0311787072243346
0.028082191780821917 0.0311787072243346
0.02806297056810404 0.0311787072243346
0.0280437756497948 0.0311787072243346
0.028024606971975393 0.0311787072243346
0.028005464480874317 0.0311787072243346
0.027986348122866895 0.0311787072243346
0.02796725784447476 0.0311787072243346
0.02794819359236537 0.0311787072243346
0.027929155313351498 0.0311787072243346
0.027910142954390742 0.0311787072243346
0.027891156462585033 0.0311787072243346
0.02787219578518015 0.0311787072243346
0.027853260869565216 0.0311787072243346
0.027834351663272233 0.0311787072243346
0.027815468113975575 0.0311787072243346
0.027796610169491524 0.0311787072243346
0.027777777777777776 0.0311787072243346
0.027758970886932972 0.0311787072243346
0.02774018944519621 0.0311787072243346
0.027721433400946585 0.0311787072243346
0.027702702702702704 0.0311787072243346
0.027683997299122215 0.0311787072243346
0.02766531713900135 0.0311787072243346
0.027646662171274445 0.0311787072243346
0.027628032345013476 0.0311787072243346
0.027609427609427608 0.0311787072243346
0.02759084791386272 0.0311787072243346
0.02757229320780094 0.0311787072243346
0.027553763440860215 0.0311787072243346
0.027535258562793822 0.0311787072243346
0.027516778523489934 0.0311787072243346
0.028169014084507043 0.03193916349809886
0.028150134048257374 0.03193916349809886
0.02813127930341594 0.03193916349809886
0.028112449799196786 0.03193916349809886
0.028093645484949834 0.03193916349809886
0.02807486631016043 0.03193916349809886
0.028056112224448898 0.03193916349809886
0.028037383177570093 0.03193916349809886
0.028018679119412943 0.03193916349809886
0.028 0.03193916349809886
0.02798134576948701 0.03193916349809886
0.02796271637816245 0.03193916349809886
0.027944111776447105 0.03193916349809886
0.027925531914893616 0.03193916349809886
0.027906976744186046 0.03193916349809886
0.027888446215139442 0.03193916349809886
0.027869940278699403 0.03193916349809886
0.027851458885941646 0.03193916349809886
0.027833001988071572 0.03193916349809886
0.02781456953642384 0.03193916349809886
0.027796161482461945 0.03193916349809886
0.027777777777777776 0.03193916349809886
0.02775941837409121 0.03193916349809886
0.02774108322324967 0.03193916349809886
0.027722772277227723 0.03193916349809886
0.027704485488126648 0.03193916349809886
0.027686222808174028 0.03193916349809886
0.02766798418972332 0.03193916349809886
0.027649769585253458 0.03193916349809886
0.02763157894736842 0.03193916349809886
0.027613412228796843 0.03193916349809886
0.02759526938239159 0.03193916349809886
0.02757715036112935 0.03193916349809886
0.027559055118110236 0.03193916349809886
0.02754098360655738 0.03193916349809886
0.027522935779816515 0.03193916349809886
0.0275049115913556 0.03193916349809886
0.0274869109947644 0.03193916349809886
0.027468933943754086 0.03193916349809886
0.027450980392156862 0.03193916349809886
0.027433050293925537 0.03193916349809886
0.02741514360313316 0.03193916349809886
0.0273972602739726 0.03193916349809886
0.027379400260756193 0.03193916349809886
0.02736156351791531 0.03193916349809886
0.02734375 0.03193916349809886
0.027325959661678594 0.03193916349809886
0.027308192457737322 0.03193916349809886
0.02729044834307992 0.03193916349809886
0.02727272727272727 0.03193916349809886
0.027255029201817 0.03193916349809886
0.027237354085603113 0.03193916349809886
0.027219701879455604 0.03193916349809886
0.027202072538860103 0.03193916349809886
0.027184466019417475 0.03193916349809886
0.027166882276843468 0.03193916349809886
0.027149321266968326 0.03193916349809886
0.027131782945736434 0.03193916349809886
0.02711426726920594 0.03193916349809886
0.027096774193548386 0.03193916349809886
0.027079303675048357 0.03193916349809886
0.027061855670103094 0.03193916349809886
0.02704443013522215 0.03193916349809886
0.02702702702702703 0.03193916349809886
0.027009646302250803 0.03193916349809886
0.02699228791773779 0.03193916349809886
0.02697495183044316 0.03193916349809886
0.026957637997432605 0.03193916349809886
0.026940346375881975 0.03193916349809886
0.026923076923076925 0.03193916349809886
0.026905829596412557 0.03193916349809886
0.026888604353393086 0.03193916349809886
0.026871401151631478 0.03193916349809886
0.026854219948849106 0.03193916349809886
0.0268370607028754 0.03193916349809886
0.02681992337164751 0.03193916349809886
0.026802807913209957 0.03193916349809886
0.026785714285714284 0.03193916349809886
0.02676864244741874 0.03193916349809886
0.0267515923566879 0.03193916349809886
0.02673456397199236 0.03193916349809886
0.026717557251908396 0.03193916349809886
0.02670057215511761 0.03193916349809886
0.026683608640406607 0.03193916349809886
0.02666666666666667 0.03193916349809886
0.0266497461928934 0.03193916349809886
0.02663284717818643 0.03193916349809886
0.026615969581749048 0.03193916349809886
0.026599113362887904 0.03193916349809886
0.026582278481012658 0.03193916349809886
0.026565464895635674 0.03193916349809886
0.02654867256637168 0.03193916349809886
0.026531901452937462 0.03193916349809886
0.026515151515151516 0.03193916349809886
0.026498422712933754 0.03193916349809886
0.02648171500630517 0.03193916349809886
0.026465028355387523 0.03193916349809886
0.02644836272040302 0.03193916349809886
0.02643171806167401 0.03193916349809886
0.026415094339622643 0.03193916349809886
0.026398491514770583 0.03193916349809886
0.026381909547738693 0.03193916349809886
0.026365348399246705 0.03193916349809886
0.026348808030112924 0.03193916349809886
0.026332288401253918 0.03193916349809886
0.02631578947368421 0.03193916349809886
0.026299311208515967 0.03193916349809886
0.026282853566958697 0.03193916349809886
0.02626641651031895 0.03193916349809886
0.026875 0.03269961977186312
0.026858213616489695 0.03269961977186312
0.026841448189762796 0.03269961977186312
0.026824703680598878 0.03269961977186312
0.02680798004987531 0.03269961977186312
0.02679127725856698 0.03269961977186312
0.026774595267745952 0.03269961977186312
0.026757934038581208 0.03269961977186312
0.026741293532338308 0.03269961977186312
0.026724673710379118 0.03269961977186312
0.02670807453416149 0.03269961977186312
0.02669149596523898 0.03269961977186312
0.026674937965260544 0.03269961977186312
0.026658400495970243 0.03269961977186312
0.02664188351920694 0.03269961977186312
0.026625386996904025 0.03269961977186312
0.026608910891089108 0.03269961977186312
0.026592455163883734 0.03269961977186312
0.02657601977750309 0.03269961977186312
0.026559604694255712 0.03269961977186312
0.02654320987654321 0.03269961977186312
0.02652683528685996 0.03269961977186312
0.02651048088779285 0.03269961977186312
0.02649414664202095 0.03269961977186312
0.02647783251231527 0.03269961977186312
0.02646153846153846 0.03269961977186312
0.026445264452644526 0.03269961977186312
0.02642901044867855 0.03269961977186312
0.026412776412776413 0.03269961977186312
0.026396562308164517 0.03269961977186312
0.02638036809815951 0.03269961977186312
0.026364193746167996 0.03269961977186312
0.026348039215686275 0.03269961977186312
0.026331904470300063 0.03269961977186312
0.02631578947368421 0.03269961977186312
0.026299694189602447 0.03269961977186312
0.02628361858190709 0.03269961977186312
0.02626756261453879 0.03269961977186312
0.026251526251526252 0.03269961977186312
0.026235509456985967 0.03269961977186312
0.02621951219512195 0.03269961977186312
0.026203534430225474 0.03269961977186312
0.026187576126674786 0.03269961977186312
0.026171637248934874 0.03269961977186312
0.026155717761557177 0.03269961977186312
0.026139817629179333 0.03269961977186312
0.02612393681652491 0.03269961977186312
0.026108075288403157 0.03269961977186312
0.026092233009708737 0.03269961977186312
0.02607640994542147 0.03269961977186312
0.026060606060606062 0.03269961977186312
0.02604482132041187 0.03269961977186312
0.02602905569007264 0.03269961977186312
0.02601330913490623 0.03269961977186312
0.02599758162031439 0.03269961977186312
0.025981873111782478 0.03269961977186312
0.025966183574879228 0.03269961977186312
0.02595051297525649 0.03269961977186312
0.025934861278648975 0.03269961977186312
0.02591922845087402 0.03269961977186312
0.025903614457831327 0.03269961977186312
0.02588801926550271 0.03269961977186312
0.025872442839951864 0.03269961977186312
0.025856885147324114 0.03269961977186312
0.025841346153846152 0.03269961977186312
0.025825825825825825 0.03269961977186312
0.02581032412965186 0.03269961977186312
0.02579484103179364 0.03269961977186312
0.02577937649880096 0.03269961977186312
