1.0 0.008547008547008548
0.5 0.008547008547008548
0.6666666666666666 0.017094017094017096
0.75 0.02564102564102564
0.6 0.02564102564102564
0.5 0.02564102564102564
0.42857142857142855 0.02564102564102564
0.375 0.02564102564102564
0.4444444444444444 0.03418803418803419
0.4 0.03418803418803419
0.36363636363636365 0.03418803418803419
0.3333333333333333 0.03418803418803419
0.3076923076923077 0.03418803418803419
0.2857142857142857 0.03418803418803419
0.26666666666666666 0.03418803418803419
0.25 0.03418803418803419
0.23529411764705882 0.03418803418803419
0.2222222222222222 0.03418803418803419
0.2631578947368421 0.042735042735042736
0.3 0.05128205128205128
0.3333333333333333 0.05982905982905983
0.36363636363636365 0.06837606837606838
0.391304347826087 0.07692307692307693
0.4166666666666667 0.08547008547008547
0.4 0.08547008547008547
0.38461538461538464 0.08547008547008547
0.4074074074074074 0.09401709401709402
0.39285714285714285 0.09401709401709402
0.3793103448275862 0.09401709401709402
0.36666666666666664 0.09401709401709402
0.3548387096774194 0.09401709401709402
0.34375 0.09401709401709402
0.3333333333333333 0.09401709401709402
0.3235294117647059 0.09401709401709402
0.34285714285714286 0.10256410256410256
0.3611111111111111 0.1111111111111111
0.35135135135135137 0.1111111111111111
0.3684210526315789 0.11965811965811966
0.358974358974359 0.11965811965811966
0.35 0.11965811965811966
0.34146341463414637 0.11965811965811966
0.3333333333333333 0.11965811965811966
0.32558139534883723 0.11965811965811966
0.3181818181818182 0.11965811965811966
0.3111111111111111 0.11965811965811966
0.30434782608695654 0.11965811965811966
0.2978723404255319 0.11965811965811966
0.2916666666666667 0.11965811965811966
0.2857142857142857 0.11965811965811966
0.28 0.11965811965811966
0.27450980392156865 0.11965811965811966
0.2692307692307692 0.11965811965811966
0.2641509433962264 0.11965811965811966
0.25925925925925924 0.11965811965811966
0.2727272727272727 0.1282051282051282
0.2857142857142857 0.13675213675213677
0.2982456140350877 0.1452991452991453
0.3103448275862069 0.15384615384615385
0.3220338983050847 0.1623931623931624
0.3333333333333333 0.17094017094017094
0.3442622950819672 0.1794871794871795
0.3548387096774194 0.18803418803418803
0.3492063492063492 0.18803418803418803
0.34375 0.18803418803418803
0.3384615384615385 0.18803418803418803
0.3484848484848485 0.19658119658119658
0.3582089552238806 0.20512820512820512
0.36764705882352944 0.21367521367521367
0.37681159420289856 0.2222222222222222
0.38571428571428573 0.23076923076923078
0.39436619718309857 0.23931623931623933
0.3888888888888889 0.23931623931623933
