1.0 0.008547008547008548
0.5 0.008547008547008548
0.3333333333333333 0.008547008547008548
0.25 0.008547008547008548
0.2 0.008547008547008548
0.16666666666666666 0.008547008547008548
0.14285714285714285 0.008547008547008548
0.125 0.008547008547008548
0.1111111111111111 0.008547008547008548
0.1 0.008547008547008548
0.09090909090909091 0.008547008547008548
0.08333333333333333 0.008547008547008548
0.07692307692307693 0.008547008547008548
0.07142857142857142 0.008547008547008548
0.06666666666666667 0.008547008547008548
0.0625 0.008547008547008548
0.058823529411764705 0.008547008547008548
0.05555555555555555 0.008547008547008548
0.05263157894736842 0.008547008547008548
0.05 0.008547008547008548
0.047619047619047616 0.008547008547008548
0.045454545454545456 0.008547008547008548
0.043478260869565216 0.008547008547008548
0.041666666666666664 0.008547008547008548
0.04 0.008547008547008548
0.038461538461538464 0.008547008547008548
0.037037037037037035 0.008547008547008548
0.03571428571428571 0.008547008547008548
0.034482758620689655 0.008547008547008548
0.03333333333333333 0.008547008547008548
0.03225806451612903 0.008547008547008548
0.03125 0.008547008547008548
0.030303030303030304 0.008547008547008548
0.029411764705882353 0.008547008547008548
0.02857142857142857 0.008547008547008548
0.027777777777777776 0.008547008547008548
0.02702702702702703 0.008547008547008548
0.02631578947368421 0.008547008547008548
0.02564102564102564 0.008547008547008548
0.025 0.008547008547008548
0.024390243902439025 0.008547008547008548
0.023809523809523808 0.008547008547008548
0.023255813953488372 0.008547008547008548
0.022727272727272728 0.008547008547008548
0.022222222222222223 0.008547008547008548
0.021739130434782608 0.008547008547008548
0.02127659574468085 0.008547008547008548
0.020833333333333332 0.008547008547008548
0.02040816326530612 0.008547008547008548
0.02 0.008547008547008548
0.0196078431372549 0.008547008547008548
0.019230769230769232 0.008547008547008548
0.018867924528301886 0.008547008547008548
0.018518518518518517 0.008547008547008548
0.01818181818181818 0.008547008547008548
0.017857142857142856 0.008547008547008548
0.017543859649122806 0.008547008547008548
0.017241379310344827 0.008547008547008548
0.01694915254237288 0.008547008547008548
0.016666666666666666 0.008547008547008548
0.01639344262295082 0.008547008547008548
0.016129032258064516 0.008547008547008548
0.015873015873015872 0.008547008547008548
0.015625 0.008547008547008548
0.015384615384615385 0.008547008547008548
0.015151515151515152 0.008547008547008548
0.014925373134328358 0.008547008547008548
0.014705882352941176 0.008547008547008548
0.014492753623188406 0.008547008547008548
0.014285714285714285 0.008547008547008548
0.014084507042253521 0.008547008547008548
0.013888888888888888 0.008547008547008548
0.0136986301369863 0.008547008547008548
0.013513513513513514 0.008547008547008548
0.013333333333333334 0.008547008547008548
0.013157894736842105 0.008547008547008548
0.012987012987012988 0.008547008547008548
0.01282051282051282 0.008547008547008548
0.012658227848101266 0.008547008547008548
0.0125 0.008547008547008548
0.012345679012345678 0.008547008547008548
0.012195121951219513 0.008547008547008548
0.012048192771084338 0.008547008547008548
0.011904761904761904 0.008547008547008548
0.011764705882352941 0.008547008547008548
0.011627906976744186 0.008547008547008548
0.011494252873563218 0.008547008547008548
0.011363636363636364 0.008547008547008548
0.011235955056179775 0.008547008547008548
0.011111111111111112 0.008547008547008548
0.02197802197802198 0.017094017094017096
0.021739130434782608 0.017094017094017096
0.021505376344086023 0.017094017094017096
0.02127659574468085 0.017094017094017096
0.021052631578947368 0.017094017094017096
0.020833333333333332 0.017094017094017096
0.020618556701030927 0.017094017094017096
0.02040816326530612 0.017094017094017096
0.020202020202020204 0.017094017094017096
0.02 0.017094017094017096
0.019801980198019802 0.017094017094017096
0.0196078431372549 0.017094017094017096
0.019417475728155338 0.017094017094017096
0.019230769230769232 0.017094017094017096
0.01904761904761905 0.017094017094017096
0.018867924528301886 0.017094017094017096
0.018691588785046728 0.017094017094017096
0.018518518518518517 0.017094017094017096
0.01834862385321101 0.017094017094017096
0.01818181818181818 0.017094017094017096
0.018018018018018018 0.017094017094017096
0.017857142857142856 0.017094017094017096
0.017699115044247787 0.017094017094017096
0.017543859649122806 0.017094017094017096
0.017391304347826087 0.017094017094017096
0.017241379310344827 0.017094017094017096
0.017094017094017096 0.017094017094017096
0.01694915254237288 0.017094017094017096
0.01680672268907563 0.017094017094017096
0.016666666666666666 0.017094017094017096
0.01652892561983471 0.017094017094017096
0.01639344262295082 0.017094017094017096
0.016260162601626018 0.017094017094017096
0.016129032258064516 0.017094017094017096
0.016 0.017094017094017096
0.015873015873015872 0.017094017094017096
0.015748031496062992 0.017094017094017096
0.015625 0.017094017094017096
0.015503875968992248 0.017094017094017096
0.015384615384615385 0.017094017094017096
0.015267175572519083 0.017094017094017096
0.015151515151515152 0.017094017094017096
0.015037593984962405 0.017094017094017096
0.014925373134328358 0.017094017094017096
0.014814814814814815 0.017094017094017096
0.014705882352941176 0.017094017094017096
0.014598540145985401 0.017094017094017096
0.014492753623188406 0.017094017094017096
0.014388489208633094 0.017094017094017096
0.014285714285714285 0.017094017094017096
0.014184397163120567 0.017094017094017096
0.014084507042253521 0.017094017094017096
0.013986013986013986 0.017094017094017096
0.013888888888888888 0.017094017094017096
0.013793103448275862 0.017094017094017096
0.0136986301369863 0.017094017094017096
0.013605442176870748 0.017094017094017096
0.013513513513513514 0.017094017094017096
0.013422818791946308 0.017094017094017096
0.013333333333333334 0.017094017094017096
0.013245033112582781 0.017094017094017096
0.013157894736842105 0.017094017094017096
0.013071895424836602 0.017094017094017096
0.012987012987012988 0.017094017094017096
0.012903225806451613 0.017094017094017096
0.01282051282051282 0.017094017094017096
0.01910828025477707 0.02564102564102564
0.0189873417721519 0.02564102564102564
0.018867924528301886 0.02564102564102564
0.01875 0.02564102564102564
0.018633540372670808 0.02564102564102564
0.018518518518518517 0.02564102564102564
0.018404907975460124 0.02564102564102564
0.018292682926829267 0.02564102564102564
0.01818181818181818 0.02564102564102564
0.018072289156626505 0.02564102564102564
0.017964071856287425 0.02564102564102564
0.017857142857142856 0.02564102564102564
0.01775147928994083 0.02564102564102564
0.01764705882352941 0.02564102564102564
0.017543859649122806 0.02564102564102564
0.01744186046511628 0.02564102564102564
0.017341040462427744 0.02564102564102564
0.017241379310344827 0.02564102564102564
0.017142857142857144 0.02564102564102564
0.017045454545454544 0.02564102564102564
0.01694915254237288 0.02564102564102564
0.016853932584269662 0.02564102564102564
0.01675977653631285 0.02564102564102564
0.016666666666666666 0.02564102564102564
0.016574585635359115 0.02564102564102564
0.016483516483516484 0.02564102564102564
0.01639344262295082 0.02564102564102564
0.016304347826086956 0.02564102564102564
0.016216216216216217 0.02564102564102564
0.016129032258064516 0.02564102564102564
0.016042780748663103 0.02564102564102564
0.015957446808510637 0.02564102564102564
0.015873015873015872 0.02564102564102564
0.015789473684210527 0.02564102564102564
0.015706806282722512 0.02564102564102564
0.015625 0.02564102564102564
0.015544041450777202 0.02564102564102564
0.015463917525773196 0.02564102564102564
0.015384615384615385 0.02564102564102564
0.015306122448979591 0.02564102564102564
0.015228426395939087 0.02564102564102564
0.015151515151515152 0.02564102564102564
0.01507537688442211 0.02564102564102564
0.015 0.02564102564102564
0.014925373134328358 0.02564102564102564
0.01485148514851485 0.02564102564102564
0.014778325123152709 0.02564102564102564
0.014705882352941176 0.02564102564102564
0.014634146341463415 0.02564102564102564
0.014563106796116505 0.02564102564102564
0.014492753623188406 0.02564102564102564
0.014423076923076924 0.02564102564102564
0.014354066985645933 0.02564102564102564
0.014285714285714285 0.02564102564102564
0.014218009478672985 0.02564102564102564
0.014150943396226415 0.02564102564102564
0.014084507042253521 0.02564102564102564
0.014018691588785047 0.02564102564102564
0.013953488372093023 0.02564102564102564
0.013888888888888888 0.02564102564102564
0.013824884792626729 0.02564102564102564
0.013761467889908258 0.02564102564102564
0.0136986301369863 0.02564102564102564
0.013636363636363636 0.02564102564102564
0.013574660633484163 0.02564102564102564
0.013513513513513514 0.02564102564102564
0.013452914798206279 0.02564102564102564
0.013392857142857142 0.02564102564102564
0.013333333333333334 0.02564102564102564
0.01327433628318584 0.02564102564102564
0.013215859030837005 0.02564102564102564
0.013157894736842105 0.02564102564102564
0.013100436681222707 0.02564102564102564
0.013043478260869565 0.02564102564102564
0.012987012987012988 0.02564102564102564
0.01293103448275862 0.02564102564102564
0.012875536480686695 0.02564102564102564
0.01282051282051282 0.02564102564102564
0.01276595744680851 0.02564102564102564
0.012711864406779662 0.02564102564102564
0.012658227848101266 0.02564102564102564
0.012605042016806723 0.02564102564102564
0.012552301255230125 0.02564102564102564
0.0125 0.02564102564102564
0.012448132780082987 0.02564102564102564
0.012396694214876033 0.02564102564102564
0.012345679012345678 0.02564102564102564
0.012295081967213115 0.02564102564102564
0.012244897959183673 0.02564102564102564
0.012195121951219513 0.02564102564102564
0.012145748987854251 0.02564102564102564
0.012096774193548387 0.02564102564102564
0.012048192771084338 0.02564102564102564
0.012 0.02564102564102564
0.01195219123505976 0.02564102564102564
0.011904761904761904 0.02564102564102564
0.011857707509881422 0.02564102564102564
0.011811023622047244 0.02564102564102564
0.011764705882352941 0.02564102564102564
0.01171875 0.02564102564102564
0.011673151750972763 0.02564102564102564
0.011627906976744186 0.02564102564102564
0.011583011583011582 0.02564102564102564
0.011538461538461539 0.02564102564102564
0.011494252873563218 0.02564102564102564
0.011450381679389313 0.02564102564102564
0.011406844106463879 0.02564102564102564
0.011363636363636364 0.02564102564102564
0.011320754716981131 0.02564102564102564
0.011278195488721804 0.02564102564102564
0.011235955056179775 0.02564102564102564
0.011194029850746268 0.02564102564102564
0.011152416356877323 0.02564102564102564
0.011111111111111112 0.02564102564102564
0.01107011070110701 0.02564102564102564
0.011029411764705883 0.02564102564102564
0.01098901098901099 0.02564102564102564
0.010948905109489052 0.02564102564102564
0.01090909090909091 0.02564102564102564
0.010869565217391304 0.02564102564102564
0.010830324909747292 0.02564102564102564
0.01079136690647482 0.02564102564102564
0.010752688172043012 0.02564102564102564
0.010714285714285714 0.02564102564102564
0.010676156583629894 0.02564102564102564
0.010638297872340425 0.02564102564102564
0.01060070671378092 0.02564102564102564
0.01056338028169014 0.02564102564102564
0.010526315789473684 0.02564102564102564
0.01048951048951049 0.02564102564102564
0.010452961672473868 0.02564102564102564
0.010416666666666666 0.02564102564102564
0.010380622837370242 0.02564102564102564
0.010344827586206896 0.02564102564102564
0.010309278350515464 0.02564102564102564
0.010273972602739725 0.02564102564102564
0.010238907849829351 0.02564102564102564
0.01020408163265306 0.02564102564102564
0.010169491525423728 0.02564102564102564
0.010135135135135136 0.02564102564102564
0.010101010101010102 0.02564102564102564
0.010067114093959731 0.02564102564102564
0.010033444816053512 0.02564102564102564
0.01 0.02564102564102564
0.009966777408637873 0.02564102564102564
0.009933774834437087 0.02564102564102564
0.009900990099009901 0.02564102564102564
0.009868421052631578 0.02564102564102564
0.009836065573770493 0.02564102564102564
0.00980392156862745 0.02564102564102564
0.009771986970684038 0.02564102564102564
0.012987012987012988 0.03418803418803419
0.012944983818770227 0.03418803418803419
0.012903225806451613 0.03418803418803419
0.012861736334405145 0.03418803418803419
0.01282051282051282 0.03418803418803419
0.012779552715654952 0.03418803418803419
0.012738853503184714 0.03418803418803419
0.012698412698412698 0.03418803418803419
0.012658227848101266 0.03418803418803419
0.012618296529968454 0.03418803418803419
0.012578616352201259 0.03418803418803419
0.012539184952978056 0.03418803418803419
0.0125 0.03418803418803419
0.012461059190031152 0.03418803418803419
0.012422360248447204 0.03418803418803419
0.01238390092879257 0.03418803418803419
0.012345679012345678 0.03418803418803419
0.012307692307692308 0.03418803418803419
0.012269938650306749 0.03418803418803419
0.012232415902140673 0.03418803418803419
0.012195121951219513 0.03418803418803419
0.0121580547112462 0.03418803418803419
0.012121212121212121 0.03418803418803419
0.012084592145015106 0.03418803418803419
0.012048192771084338 0.03418803418803419
0.012012012012012012 0.03418803418803419
0.011976047904191617 0.03418803418803419
0.011940298507462687 0.03418803418803419
0.011904761904761904 0.03418803418803419
0.011869436201780416 0.03418803418803419
0.011834319526627219 0.03418803418803419
0.011799410029498525 0.03418803418803419
0.011764705882352941 0.03418803418803419
0.011730205278592375 0.03418803418803419
0.011695906432748537 0.03418803418803419
0.011661807580174927 0.03418803418803419
0.011627906976744186 0.03418803418803419
0.011594202898550725 0.03418803418803419
0.011560693641618497 0.03418803418803419
0.011527377521613832 0.03418803418803419
0.011494252873563218 0.03418803418803419
0.011461318051575931 0.03418803418803419
0.011428571428571429 0.03418803418803419
0.011396011396011397 0.03418803418803419
0.011363636363636364 0.03418803418803419
0.0113314447592068 0.03418803418803419
0.011299435028248588 0.03418803418803419
0.011267605633802818 0.03418803418803419
0.011235955056179775 0.03418803418803419
0.011204481792717087 0.03418803418803419
0.0111731843575419 0.03418803418803419
0.011142061281337047 0.03418803418803419
0.011111111111111112 0.03418803418803419
0.0110803324099723 0.03418803418803419
0.011049723756906077 0.03418803418803419
0.011019283746556474 0.03418803418803419
0.01098901098901099 0.03418803418803419
0.010958904109589041 0.03418803418803419
0.01092896174863388 0.03418803418803419
0.010899182561307902 0.03418803418803419
0.010869565217391304 0.03418803418803419
0.01084010840108401 0.03418803418803419
0.010810810810810811 0.03418803418803419
0.01078167115902965 0.03418803418803419
0.010752688172043012 0.03418803418803419
0.010723860589812333 0.03418803418803419
0.0106951871657754 0.03418803418803419
0.010666666666666666 0.03418803418803419
0.010638297872340425 0.03418803418803419
0.010610079575596816 0.03418803418803419
0.010582010582010581 0.03418803418803419
0.010554089709762533 0.03418803418803419
0.010526315789473684 0.03418803418803419
0.010498687664041995 0.03418803418803419
0.010471204188481676 0.03418803418803419
0.010443864229765013 0.03418803418803419
0.010416666666666666 0.03418803418803419
0.01038961038961039 0.03418803418803419
0.010362694300518135 0.03418803418803419
0.0103359173126615 0.03418803418803419
0.010309278350515464 0.03418803418803419
0.010282776349614395 0.03418803418803419
0.010256410256410256 0.03418803418803419
0.010230179028132993 0.03418803418803419
0.01020408163265306 0.03418803418803419
0.010178117048346057 0.03418803418803419
0.01015228426395939 0.03418803418803419
0.010126582278481013 0.03418803418803419
0.010101010101010102 0.03418803418803419
0.010075566750629723 0.03418803418803419
0.010050251256281407 0.03418803418803419
0.010025062656641603 0.03418803418803419
0.01 0.03418803418803419
0.00997506234413965 0.03418803418803419
0.009950248756218905 0.03418803418803419
0.009925558312655087 0.03418803418803419
0.009900990099009901 0.03418803418803419
0.009876543209876543 0.03418803418803419
0.009852216748768473 0.03418803418803419
0.009828009828009828 0.03418803418803419
0.00980392156862745 0.03418803418803419
0.009779951100244499 0.03418803418803419
0.00975609756097561 0.03418803418803419
0.009732360097323601 0.03418803418803419
0.009708737864077669 0.03418803418803419
0.009685230024213076 0.03418803418803419
0.00966183574879227 0.03418803418803419
0.00963855421686747 0.03418803418803419
0.009615384615384616 0.03418803418803419
0.009592326139088728 0.03418803418803419
0.009569377990430622 0.03418803418803419
0.00954653937947494 0.03418803418803419
0.009523809523809525 0.03418803418803419
0.009501187648456057 0.03418803418803419
0.009478672985781991 0.03418803418803419
0.009456264775413711 0.03418803418803419
0.009433962264150943 0.03418803418803419
0.009411764705882352 0.03418803418803419
0.009389671361502348 0.03418803418803419
0.00936768149882904 0.03418803418803419
0.009345794392523364 0.03418803418803419
0.009324009324009324 0.03418803418803419
0.009302325581395349 0.03418803418803419
0.009280742459396751 0.03418803418803419
0.009259259259259259 0.03418803418803419
0.009237875288683603 0.03418803418803419
0.009216589861751152 0.03418803418803419
0.009195402298850575 0.03418803418803419
0.009174311926605505 0.03418803418803419
0.009153318077803204 0.03418803418803419
0.0091324200913242 0.03418803418803419
0.009111617312072893 0.03418803418803419
0.00909090909090909 0.03418803418803419
0.009070294784580499 0.03418803418803419
0.00904977375565611 0.03418803418803419
0.009029345372460496 0.03418803418803419
0.009009009009009009 0.03418803418803419
0.008988764044943821 0.03418803418803419
0.008968609865470852 0.03418803418803419
0.008948545861297539 0.03418803418803419
0.008928571428571428 0.03418803418803419
0.008908685968819599 0.03418803418803419
0.008888888888888889 0.03418803418803419
0.008869179600886918 0.03418803418803419
0.008849557522123894 0.03418803418803419
0.008830022075055188 0.03418803418803419
0.00881057268722467 0.03418803418803419
0.01098901098901099 0.042735042735042736
0.010964912280701754 0.042735042735042736
0.010940919037199124 0.042735042735042736
0.013100436681222707 0.05128205128205128
0.013071895424836602 0.05128205128205128
0.013043478260869565 0.05128205128205128
0.013015184381778741 0.05128205128205128
0.012987012987012988 0.05128205128205128
0.012958963282937365 0.05128205128205128
0.01293103448275862 0.05128205128205128
0.012903225806451613 0.05128205128205128
0.012875536480686695 0.05128205128205128
0.01284796573875803 0.05128205128205128
0.01282051282051282 0.05128205128205128
0.01279317697228145 0.05128205128205128
0.01276595744680851 0.05128205128205128
0.012738853503184714 0.05128205128205128
0.012711864406779662 0.05128205128205128
0.012684989429175475 0.05128205128205128
0.012658227848101266 0.05128205128205128
0.01263157894736842 0.05128205128205128
0.012605042016806723 0.05128205128205128
0.012578616352201259 0.05128205128205128
0.014644351464435146 0.05982905982905983
0.014613778705636743 0.05982905982905983
0.014583333333333334 0.05982905982905983
0.014553014553014554 0.05982905982905983
0.014522821576763486 0.05982905982905983
0.014492753623188406 0.05982905982905983
0.014462809917355372 0.05982905982905983
0.01443298969072165 0.05982905982905983
0.01440329218106996 0.05982905982905983
0.014373716632443531 0.05982905982905983
0.014344262295081968 0.05982905982905983
0.016359918200409 0.06837606837606838
0.0163265306122449 0.06837606837606838
0.016293279022403257 0.06837606837606838
0.016260162601626018 0.06837606837606838
0.016227180527383367 0.06837606837606838
0.016194331983805668 0.06837606837606838
0.01616161616161616 0.06837606837606838
0.016129032258064516 0.06837606837606838
0.01609657947686117 0.06837606837606838
0.01606425702811245 0.06837606837606838
0.01603206412825651 0.06837606837606838
0.016 0.06837606837606838
0.015968063872255488 0.06837606837606838
0.01593625498007968 0.06837606837606838
0.015904572564612324 0.06837606837606838
0.015873015873015872 0.06837606837606838
0.015841584158415842 0.06837606837606838
0.015810276679841896 0.06837606837606838
0.015779092702169626 0.06837606837606838
0.015748031496062992 0.06837606837606838
0.015717092337917484 0.06837606837606838
0.01568627450980392 0.06837606837606838
0.015655577299412915 0.06837606837606838
0.015625 0.06837606837606838
0.015594541910331383 0.06837606837606838
0.01556420233463035 0.06837606837606838
0.015533980582524271 0.06837606837606838
0.015503875968992248 0.06837606837606838
0.015473887814313346 0.06837606837606838
0.015444015444015444 0.06837606837606838
0.015414258188824663 0.06837606837606838
0.015384615384615385 0.06837606837606838
0.015355086372360844 0.06837606837606838
0.01532567049808429 0.06837606837606838
0.015296367112810707 0.06837606837606838
0.015267175572519083 0.06837606837606838
0.015238095238095238 0.06837606837606838
0.015209125475285171 0.06837606837606838
0.015180265654648957 0.06837606837606838
0.015151515151515152 0.06837606837606838
0.017013232514177693 0.07692307692307693
0.018867924528301886 0.08547008547008547
0.018832391713747645 0.08547008547008547
0.018796992481203006 0.08547008547008547
0.01876172607879925 0.08547008547008547
0.018726591760299626 0.08547008547008547
0.018691588785046728 0.08547008547008547
0.018656716417910446 0.08547008547008547
0.0186219739292365 0.08547008547008547
0.01858736059479554 0.08547008547008547
0.01855287569573284 0.08547008547008547
0.018518518518518517 0.08547008547008547
0.018484288354898338 0.08547008547008547
0.01845018450184502 0.08547008547008547
0.01841620626151013 0.08547008547008547
0.01838235294117647 0.08547008547008547
0.01834862385321101 0.08547008547008547
0.018315018315018316 0.08547008547008547
0.018281535648994516 0.08547008547008547
0.01824817518248175 0.08547008547008547
0.018214936247723135 0.08547008547008547
0.01818181818181818 0.08547008547008547
0.018148820326678767 0.08547008547008547
0.018115942028985508 0.08547008547008547
0.018083182640144666 0.08547008547008547
0.018050541516245487 0.08547008547008547
0.018018018018018018 0.08547008547008547
0.017985611510791366 0.08547008547008547
0.017953321364452424 0.08547008547008547
0.017921146953405017 0.08547008547008547
0.017889087656529516 0.08547008547008547
0.017857142857142856 0.08547008547008547
0.017825311942959002 0.08547008547008547
0.017793594306049824 0.08547008547008547
0.017761989342806393 0.08547008547008547
0.01773049645390071 0.08547008547008547
0.017699115044247787 0.08547008547008547
0.0176678445229682 0.08547008547008547
0.01763668430335097 0.08547008547008547
0.017605633802816902 0.08547008547008547
0.01757469244288225 0.08547008547008547
0.017543859649122806 0.08547008547008547
0.017513134851138354 0.08547008547008547
0.017482517482517484 0.08547008547008547
0.017452006980802792 0.08547008547008547
0.017421602787456445 0.08547008547008547
0.017391304347826087 0.08547008547008547
0.017361111111111112 0.08547008547008547
0.01733102253032929 0.08547008547008547
0.01730103806228374 0.08547008547008547
0.017271157167530225 0.08547008547008547
0.017241379310344827 0.08547008547008547
0.01721170395869191 0.08547008547008547
0.01718213058419244 0.08547008547008547
0.017152658662092625 0.08547008547008547
0.017123287671232876 0.08547008547008547
0.017094017094017096 0.08547008547008547
0.017064846416382253 0.08547008547008547
0.017035775127768313 0.08547008547008547
0.017006802721088437 0.08547008547008547
0.01697792869269949 0.08547008547008547
0.01694915254237288 0.08547008547008547
0.01692047377326565 0.08547008547008547
0.016891891891891893 0.08547008547008547
0.016863406408094434 0.08547008547008547
0.016835016835016835 0.08547008547008547
0.01680672268907563 0.08547008547008547
0.016778523489932886 0.08547008547008547
0.01675041876046901 0.08547008547008547
0.016722408026755852 0.08547008547008547
0.01669449081803005 0.08547008547008547
0.016666666666666666 0.08547008547008547
0.016638935108153077 0.08547008547008547
0.016611295681063124 0.08547008547008547
0.01658374792703151 0.08547008547008547
0.016556291390728478 0.08547008547008547
0.01652892561983471 0.08547008547008547
0.0165016501650165 0.08547008547008547
0.016474464579901153 0.08547008547008547
0.018092105263157895 0.09401709401709402
0.0180623973727422 0.09401709401709402
0.018032786885245903 0.09401709401709402
0.01800327332242226 0.09401709401709402
0.017973856209150325 0.09401709401709402
0.01794453507340946 0.09401709401709402
0.017915309446254073 0.09401709401709402
0.01788617886178862 0.09401709401709402
0.017857142857142856 0.09401709401709402
0.017828200972447326 0.09401709401709402
0.01779935275080906 0.09401709401709402
0.017770597738287562 0.09401709401709402
0.017741935483870968 0.09401709401709402
0.017713365539452495 0.09401709401709402
0.017684887459807074 0.09401709401709402
0.01765650080256822 0.09401709401709402
0.017628205128205128 0.09401709401709402
0.0176 0.09401709401709402
0.01757188498402556 0.09401709401709402
0.017543859649122806 0.09401709401709402
0.01751592356687898 0.09401709401709402
0.017488076311605722 0.09401709401709402
0.01746031746031746 0.09401709401709402
0.017432646592709985 0.09401709401709402
0.01740506329113924 0.09401709401709402
0.017377567140600316 0.09401709401709402
0.017350157728706624 0.09401709401709402
0.01732283464566929 0.09401709401709402
0.01729559748427673 0.09401709401709402
0.01726844583987441 0.09401709401709402
0.017241379310344827 0.09401709401709402
0.017214397496087636 0.09401709401709402
0.0171875 0.09401709401709402
0.0171606864274571 0.09401709401709402
0.017133956386292833 0.09401709401709402
0.017107309486780714 0.09401709401709402
0.017080745341614908 0.09401709401709402
0.017054263565891473 0.09401709401709402
0.017027863777089782 0.09401709401709402
0.017001545595054096 0.09401709401709402
0.016975308641975308 0.09401709401709402
0.01694915254237288 0.09401709401709402
0.016923076923076923 0.09401709401709402
0.016897081413210446 0.09401709401709402
0.01687116564417178 0.09401709401709402
0.016845329249617153 0.09401709401709402
0.016819571865443424 0.09401709401709402
0.016793893129770993 0.09401709401709402
0.01676829268292683 0.09401709401709402
0.0167427701674277 0.09401709401709402
0.016717325227963525 0.09401709401709402
0.01669195751138088 0.09401709401709402
0.016666666666666666 0.09401709401709402
0.01664145234493192 0.09401709401709402
0.01661631419939577 0.09401709401709402
0.016591251885369532 0.09401709401709402
0.016566265060240965 0.09401709401709402
0.016541353383458645 0.09401709401709402
0.016516516516516516 0.09401709401709402
0.01649175412293853 0.09401709401709402
0.016467065868263474 0.09401709401709402
0.016442451420029897 0.09401709401709402
0.016417910447761194 0.09401709401709402
0.01639344262295082 0.09401709401709402
0.01636904761904762 0.09401709401709402
0.01634472511144131 0.09401709401709402
0.016320474777448073 0.09401709401709402
0.016296296296296295 0.09401709401709402
0.016272189349112426 0.09401709401709402
0.01624815361890694 0.09401709401709402
0.016224188790560472 0.09401709401709402
0.016200294550810016 0.09401709401709402
0.016176470588235296 0.09401709401709402
0.016152716593245228 0.09401709401709402
0.016129032258064516 0.09401709401709402
0.016105417276720352 0.09401709401709402
0.01608187134502924 0.09401709401709402
0.016058394160583942 0.09401709401709402
0.016034985422740525 0.09401709401709402
0.01601164483260553 0.09401709401709402
0.015988372093023256 0.09401709401709402
0.015965166908563134 0.09401709401709402
0.015942028985507246 0.09401709401709402
0.015918958031837915 0.09401709401709402
0.015895953757225433 0.09401709401709402
0.015873015873015872 0.09401709401709402
0.01585014409221902 0.09401709401709402
0.015827338129496403 0.09401709401709402
0.015804597701149427 0.09401709401709402
0.015781922525107604 0.09401709401709402
0.015759312320916905 0.09401709401709402
0.015736766809728183 0.09401709401709402
0.015714285714285715 0.09401709401709402
0.015691868758915834 0.09401709401709402
0.01566951566951567 0.09401709401709402
0.015647226173541962 0.09401709401709402
0.015625 0.09401709401709402
0.015602836879432624 0.09401709401709402
0.015580736543909348 0.09401709401709402
0.015558698727015558 0.09401709401709402
0.015536723163841809 0.09401709401709402
0.015514809590973202 0.09401709401709402
0.015492957746478873 0.09401709401709402
0.015471167369901548 0.09401709401709402
0.01544943820224719 0.09401709401709402
0.015427769985974754 0.09401709401709402
0.015406162464985995 0.09401709401709402
0.015384615384615385 0.09401709401709402
0.015363128491620111 0.09401709401709402
0.015341701534170154 0.09401709401709402
0.01532033426183844 0.09401709401709402
0.015299026425591099 0.09401709401709402
0.015277777777777777 0.09401709401709402
0.015256588072122053 0.09401709401709402
0.015235457063711912 0.09401709401709402
0.015214384508990318 0.09401709401709402
0.015193370165745856 0.09401709401709402
0.015172413793103448 0.09401709401709402
0.015151515151515152 0.09401709401709402
0.015130674002751032 0.09401709401709402
0.01510989010989011 0.09401709401709402
0.015089163237311385 0.09401709401709402
0.015068493150684932 0.09401709401709402
0.015047879616963064 0.09401709401709402
0.015027322404371584 0.09401709401709402
0.015006821282401092 0.09401709401709402
0.014986376021798364 0.09401709401709402
0.014965986394557823 0.09401709401709402
0.014945652173913044 0.09401709401709402
0.014925373134328358 0.09401709401709402
0.014905149051490514 0.09401709401709402
0.014884979702300407 0.09401709401709402
0.014864864864864866 0.09401709401709402
0.014844804318488529 0.09401709401709402
0.014824797843665768 0.09401709401709402
0.014804845222072678 0.09401709401709402
0.01478494623655914 0.09401709401709402
0.01476510067114094 0.09401709401709402
0.014745308310991957 0.09401709401709402
0.014725568942436412 0.09401709401709402
0.014705882352941176 0.09401709401709402
0.014686248331108143 0.09401709401709402
0.014666666666666666 0.09401709401709402
0.014647137150466045 0.09401709401709402
0.014627659574468085 0.09401709401709402
0.014608233731739707 0.09401709401709402
0.014588859416445624 0.09401709401709402
0.01456953642384106 0.09401709401709402
0.01455026455026455 0.09401709401709402
0.01453104359313078 0.09401709401709402
0.014511873350923483 0.09401709401709402
0.014492753623188406 0.09401709401709402
0.014473684210526316 0.09401709401709402
0.01445466491458607 0.09401709401709402
0.014435695538057743 0.09401709401709402
0.014416775884665793 0.09401709401709402
0.014397905759162303 0.09401709401709402
0.01437908496732026 0.09401709401709402
0.014360313315926894 0.09401709401709402
0.014341590612777053 0.09401709401709402
0.014322916666666666 0.09401709401709402
0.014304291287386216 0.09401709401709402
0.014285714285714285 0.09401709401709402
0.014267185473411154 0.09401709401709402
0.014248704663212436 0.09401709401709402
0.014230271668822769 0.09401709401709402
0.014211886304909561 0.09401709401709402
0.014193548387096775 0.09401709401709402
0.014175257731958763 0.09401709401709402
0.014157014157014158 0.09401709401709402
0.014138817480719794 0.09401709401709402
0.014120667522464698 0.09401709401709402
0.014102564102564103 0.09401709401709402
0.014084507042253521 0.09401709401709402
0.014066496163682864 0.09401709401709402
0.0140485312899106 0.09401709401709402
0.01403061224489796 0.09401709401709402
0.014012738853503185 0.09401709401709402
0.013994910941475827 0.09401709401709402
0.01397712833545108 0.09401709401709402
0.013959390862944163 0.09401709401709402
0.01394169835234474 0.09401709401709402
0.013924050632911392 0.09401709401709402
0.01390644753476612 0.09401709401709402
0.013888888888888888 0.09401709401709402
0.013871374527112233 0.09401709401709402
0.013853904282115869 0.09401709401709402
0.013836477987421384 0.09401709401709402
0.013819095477386936 0.09401709401709402
0.013801756587202008 0.09401709401709402
0.013784461152882205 0.09401709401709402
0.01376720901126408 0.09401709401709402
0.01375 0.09401709401709402
0.01373283395755306 0.09401709401709402
0.01371571072319202 0.09401709401709402
0.0136986301369863 0.09401709401709402
0.013681592039800995 0.09401709401709402
0.013664596273291925 0.09401709401709402
0.013647642679900745 0.09401709401709402
0.013630731102850062 0.09401709401709402
0.013613861386138614 0.09401709401709402
0.013597033374536464 0.09401709401709402
0.013580246913580247 0.09401709401709402
0.013563501849568433 0.09401709401709402
0.013546798029556651 0.09401709401709402
0.013530135301353014 0.09401709401709402
0.013513513513513514 0.09401709401709402
0.013496932515337423 0.09401709401709402
0.013480392156862746 0.09401709401709402
0.01346389228886169 0.09401709401709402
0.013447432762836185 0.09401709401709402
0.013431013431013432 0.09401709401709402
0.013414634146341463 0.09401709401709402
0.013398294762484775 0.09401709401709402
0.01338199513381995 0.09401709401709402
0.013365735115431349 0.09401709401709402
0.013349514563106795 0.09401709401709402
0.013333333333333334 0.09401709401709402
0.013317191283292978 0.09401709401709402
0.013301088270858524 0.09401709401709402
0.013285024154589372 0.09401709401709402
0.013268998793727383 0.09401709401709402
0.01325301204819277 0.09401709401709402
0.013237063778580024 0.09401709401709402
0.013221153846153846 0.09401709401709402
0.013205282112845138 0.09401709401709402
0.014388489208633094 0.10256410256410256
0.01437125748502994 0.10256410256410256
0.014354066985645933 0.10256410256410256
0.014336917562724014 0.10256410256410256
0.014319809069212411 0.10256410256410256
0.014302741358760428 0.10256410256410256
0.015476190476190477 0.1111111111111111
0.015457788347205707 0.1111111111111111
0.015439429928741092 0.1111111111111111
0.01542111506524318 0.1111111111111111
0.016587677725118485 0.11965811965811966
0.016568047337278107 0.11965811965811966
0.016548463356973995 0.11965811965811966
0.01652892561983471 0.11965811965811966
0.01650943396226415 0.11965811965811966
0.016489988221436984 0.11965811965811966
0.01647058823529412 0.11965811965811966
0.01645123384253819 0.11965811965811966
0.01643192488262911 0.11965811965811966
0.016412661195779603 0.11965811965811966
0.01639344262295082 0.11965811965811966
0.016374269005847954 0.11965811965811966
0.016355140186915886 0.11965811965811966
0.01633605600933489 0.11965811965811966
0.016317016317016316 0.11965811965811966
0.01629802095459837 0.11965811965811966
0.01627906976744186 0.11965811965811966
0.016260162601626018 0.11965811965811966
0.016241299303944315 0.11965811965811966
0.016222479721900347 0.11965811965811966
0.016203703703703703 0.11965811965811966
0.016184971098265895 0.11965811965811966
0.016166281755196306 0.11965811965811966
0.016147635524798153 0.11965811965811966
0.016129032258064516 0.11965811965811966
0.01611047180667434 0.11965811965811966
0.016091954022988506 0.11965811965811966
0.016073478760045924 0.11965811965811966
0.016055045871559634 0.11965811965811966
0.016036655211912942 0.11965811965811966
0.016018306636155607 0.11965811965811966
0.016 0.11965811965811966
0.01598173515981735 0.11965811965811966
0.01596351197263398 0.11965811965811966
0.015945330296127564 0.11965811965811966
0.015927189988623434 0.11965811965811966
0.015909090909090907 0.11965811965811966
0.015891032917139614 0.11965811965811966
0.015873015873015872 0.11965811965811966
0.015855039637599093 0.11965811965811966
0.01583710407239819 0.11965811965811966
0.015819209039548022 0.11965811965811966
0.01580135440180587 0.11965811965811966
0.015783540022547914 0.11965811965811966
0.015765765765765764 0.11965811965811966
0.015748031496062992 0.11965811965811966
0.015730337078651686 0.11965811965811966
0.015712682379349047 0.11965811965811966
0.01569506726457399 0.11965811965811966
0.015677491601343786 0.11965811965811966
0.015659955257270694 0.11965811965811966
0.01564245810055866 0.11965811965811966
0.015625 0.11965811965811966
0.01560758082497213 0.11965811965811966
0.015590200445434299 0.11965811965811966
0.01557285873192436 0.11965811965811966
0.015555555555555555 0.11965811965811966
0.01553829078801332 0.11965811965811966
0.015521064301552107 0.11965811965811966
0.015503875968992248 0.11965811965811966
0.015486725663716814 0.11965811965811966
0.015469613259668509 0.11965811965811966
0.01545253863134658 0.11965811965811966
0.015435501653803748 0.11965811965811966
0.015418502202643172 0.11965811965811966
0.015401540154015401 0.11965811965811966
0.015384615384615385 0.11965811965811966
0.015367727771679473 0.11965811965811966
0.015350877192982455 0.11965811965811966
0.01533406352683461 0.11965811965811966
0.015317286652078774 0.11965811965811966
0.015300546448087432 0.11965811965811966
0.015283842794759825 0.11965811965811966
0.015267175572519083 0.11965811965811966
0.015250544662309368 0.11965811965811966
0.015233949945593036 0.11965811965811966
0.015217391304347827 0.11965811965811966
0.01520086862106406 0.11965811965811966
0.015184381778741865 0.11965811965811966
0.015167930660888408 0.11965811965811966
0.015151515151515152 0.11965811965811966
0.015135135135135135 0.11965811965811966
0.01511879049676026 0.11965811965811966
0.015102481121898598 0.11965811965811966
0.015086206896551725 0.11965811965811966
0.015069967707212056 0.11965811965811966
0.015053763440860216 0.11965811965811966
0.015037593984962405 0.11965811965811966
0.015021459227467811 0.11965811965811966
0.015005359056806002 0.11965811965811966
0.014989293361884369 0.11965811965811966
0.014973262032085561 0.11965811965811966
0.014957264957264958 0.11965811965811966
0.014941302027748132 0.11965811965811966
0.014925373134328358 0.11965811965811966
0.014909478168264111 0.11965811965811966
0.014893617021276596 0.11965811965811966
0.01487778958554729 0.11965811965811966
0.014861995753715499 0.11965811965811966
0.014846235418875928 0.11965811965811966
0.014830508474576272 0.11965811965811966
0.014814814814814815 0.11965811965811966
0.014799154334038054 0.11965811965811966
0.014783526927138331 0.11965811965811966
0.014767932489451477 0.11965811965811966
0.014752370916754479 0.11965811965811966
0.014736842105263158 0.11965811965811966
0.014721345951629864 0.11965811965811966
0.014705882352941176 0.11965811965811966
0.014690451206715634 0.11965811965811966
0.014675052410901468 0.11965811965811966
0.014659685863874346 0.11965811965811966
0.014644351464435146 0.11965811965811966
0.014629049111807733 0.11965811965811966
0.014613778705636743 0.11965811965811966
0.014598540145985401 0.11965811965811966
0.014583333333333334 0.11965811965811966
0.014568158168574402 0.11965811965811966
0.014553014553014554 0.11965811965811966
0.014537902388369679 0.11965811965811966
0.014522821576763486 0.11965811965811966
0.014507772020725389 0.11965811965811966
0.014492753623188406 0.11965811965811966
0.014477766287487074 0.11965811965811966
0.014462809917355372 0.11965811965811966
0.014447884416924664 0.11965811965811966
0.01443298969072165 0.11965811965811966
0.014418125643666324 0.11965811965811966
0.01440329218106996 0.11965811965811966
0.014388489208633094 0.11965811965811966
0.014373716632443531 0.11965811965811966
0.014358974358974359 0.11965811965811966
0.014344262295081968 0.11965811965811966
0.014329580348004094 0.11965811965811966
0.014314928425357873 0.11965811965811966
0.014300306435137897 0.11965811965811966
0.014285714285714285 0.11965811965811966
0.014271151885830785 0.11965811965811966
0.014256619144602852 0.11965811965811966
0.014242115971515769 0.11965811965811966
0.014227642276422764 0.11965811965811966
0.014213197969543147 0.11965811965811966
0.014198782961460446 0.11965811965811966
0.014184397163120567 0.11965811965811966
0.01417004048582996 0.11965811965811966
0.014155712841253791 0.11965811965811966
0.014141414141414142 0.11965811965811966
0.014127144298688193 0.11965811965811966
0.014112903225806451 0.11965811965811966
0.014098690835850957 0.11965811965811966
0.014084507042253521 0.11965811965811966
0.01407035175879397 0.11965811965811966
0.014056224899598393 0.11965811965811966
0.014042126379137413 0.11965811965811966
0.014028056112224449 0.11965811965811966
0.014014014014014014 0.11965811965811966
0.014 0.11965811965811966
0.013986013986013986 0.11965811965811966
0.013972055888223553 0.11965811965811966
0.013958125623130608 0.11965811965811966
0.013944223107569721 0.11965811965811966
0.013930348258706468 0.11965811965811966
0.013916500994035786 0.11965811965811966
0.013902681231380337 0.11965811965811966
0.013888888888888888 0.11965811965811966
0.013875123885034688 0.11965811965811966
0.013861386138613862 0.11965811965811966
0.013847675568743818 0.11965811965811966
0.01383399209486166 0.11965811965811966
0.013820335636722606 0.11965811965811966
0.013806706114398421 0.11965811965811966
0.013793103448275862 0.11965811965811966
0.013779527559055118 0.11965811965811966
0.01376597836774828 0.11965811965811966
0.0137524557956778 0.11965811965811966
0.013738959764474975 0.11965811965811966
0.013725490196078431 0.11965811965811966
0.013712047012732615 0.11965811965811966
0.0136986301369863 0.11965811965811966
0.013685239491691105 0.11965811965811966
0.013671875 0.11965811965811966
0.013658536585365854 0.11965811965811966
0.01364522417153996 0.11965811965811966
0.013631937682570594 0.11965811965811966
0.013618677042801557 0.11965811965811966
0.013605442176870748 0.11965811965811966
0.013592233009708738 0.11965811965811966
0.013579049466537343 0.11965811965811966
0.013565891472868217 0.11965811965811966
0.013552758954501452 0.11965811965811966
0.013539651837524178 0.11965811965811966
0.01352657004830918 0.11965811965811966
0.013513513513513514 0.11965811965811966
0.013500482160077145 0.11965811965811966
0.01348747591522158 0.11965811965811966
0.013474494706448507 0.11965811965811966
0.013461538461538462 0.11965811965811966
0.013448607108549471 0.11965811965811966
0.013435700575815739 0.11965811965811966
0.013422818791946308 0.11965811965811966
0.013409961685823755 0.11965811965811966
0.013397129186602871 0.11965811965811966
0.01338432122370937 0.11965811965811966
0.013371537726838587 0.11965811965811966
0.013358778625954198 0.11965811965811966
0.01334604385128694 0.11965811965811966
0.013333333333333334 0.11965811965811966
0.013320647002854425 0.11965811965811966
0.013307984790874524 0.11965811965811966
0.013295346628679962 0.11965811965811966
0.013282732447817837 0.11965811965811966
0.013270142180094787 0.11965811965811966
0.013257575757575758 0.11965811965811966
0.013245033112582781 0.11965811965811966
0.013232514177693762 0.11965811965811966
0.013220018885741265 0.11965811965811966
0.013207547169811321 0.11965811965811966
0.013195098963242224 0.11965811965811966
0.013182674199623353 0.11965811965811966
0.01317027281279398 0.11965811965811966
0.013157894736842105 0.11965811965811966
0.013145539906103286 0.11965811965811966
0.013133208255159476 0.11965811965811966
0.013120899718837863 0.11965811965811966
0.013108614232209739 0.11965811965811966
0.013096351730589336 0.11965811965811966
0.013084112149532711 0.11965811965811966
0.013071895424836602 0.11965811965811966
0.013059701492537313 0.11965811965811966
0.0130475302889096 0.11965811965811966
0.01303538175046555 0.11965811965811966
0.013023255813953489 0.11965811965811966
0.013011152416356878 0.11965811965811966
0.012999071494893221 0.11965811965811966
0.012987012987012988 0.11965811965811966
0.012974976830398516 0.11965811965811966
0.012962962962962963 0.11965811965811966
0.012950971322849213 0.11965811965811966
0.012939001848428836 0.11965811965811966
0.012927054478301015 0.11965811965811966
0.012915129151291513 0.11965811965811966
0.012903225806451613 0.11965811965811966
0.01289134438305709 0.11965811965811966
0.012879484820607176 0.11965811965811966
0.012867647058823529 0.11965811965811966
0.012855831037649219 0.11965811965811966
0.012844036697247707 0.11965811965811966
0.012832263978001834 0.11965811965811966
0.01282051282051282 0.11965811965811966
0.012808783165599268 0.11965811965811966
0.012797074954296161 0.11965811965811966
0.012785388127853882 0.11965811965811966
0.012773722627737226 0.11965811965811966
0.01276207839562443 0.11965811965811966
0.012750455373406194 0.11965811965811966
0.012738853503184714 0.11965811965811966
0.012727272727272728 0.11965811965811966
0.012715712988192553 0.11965811965811966
0.012704174228675136 0.11965811965811966
0.012692656391659111 0.11965811965811966
0.012681159420289856 0.11965811965811966
0.012669683257918552 0.11965811965811966
0.012658227848101266 0.11965811965811966
0.012646793134598013 0.11965811965811966
0.01263537906137184 0.11965811965811966
0.012623985572587917 0.11965811965811966
0.012612612612612612 0.11965811965811966
0.012601260126012601 0.11965811965811966
0.012589928057553957 0.11965811965811966
0.012578616352201259 0.11965811965811966
0.012567324955116697 0.11965811965811966
0.012556053811659192 0.11965811965811966
0.012544802867383513 0.11965811965811966
0.012533572068039392 0.11965811965811966
0.012522361359570662 0.11965811965811966
0.012511170688114389 0.11965811965811966
0.0125 0.11965811965811966
0.012488849241748439 0.11965811965811966
0.012477718360071301 0.11965811965811966
0.012466607301869992 0.11965811965811966
0.012455516014234875 0.11965811965811966
0.012444444444444444 0.11965811965811966
0.012433392539964476 0.11965811965811966
0.012422360248447204 0.11965811965811966
0.012411347517730497 0.11965811965811966
0.012400354295837024 0.11965811965811966
0.012389380530973451 0.11965811965811966
0.01237842617152962 0.11965811965811966
0.012367491166077738 0.11965811965811966
0.01235657546337158 0.11965811965811966
0.012345679012345678 0.11965811965811966
0.012334801762114538 0.11965811965811966
0.01232394366197183 0.11965811965811966
0.012313104661389622 0.11965811965811966
0.012302284710017574 0.11965811965811966
0.012291483757682178 0.11965811965811966
0.012280701754385965 0.11965811965811966
0.012269938650306749 0.11965811965811966
0.012259194395796848 0.11965811965811966
0.012248468941382326 0.11965811965811966
0.012237762237762238 0.11965811965811966
0.01222707423580786 0.11965811965811966
0.012216404886561954 0.11965811965811966
0.012205754141238012 0.11965811965811966
0.012195121951219513 0.11965811965811966
0.012184508268059183 0.11965811965811966
0.01217391304347826 0.11965811965811966
0.01216333622936577 0.11965811965811966
0.012152777777777778 0.11965811965811966
0.012142237640936688 0.11965811965811966
0.012131715771230503 0.11965811965811966
0.012121212121212121 0.11965811965811966
0.012110726643598616 0.11965811965811966
0.012100259291270527 0.11965811965811966
0.012089810017271158 0.11965811965811966
0.012079378774805867 0.11965811965811966
0.01206896551724138 0.11965811965811966
0.012058570198105082 0.11965811965811966
0.012048192771084338 0.11965811965811966
0.012037833190025795 0.11965811965811966
0.012027491408934709 0.11965811965811966
0.01201716738197425 0.11965811965811966
0.012006861063464836 0.11965811965811966
0.011996572407883462 0.11965811965811966
0.011986301369863013 0.11965811965811966
0.011976047904191617 0.11965811965811966
0.011965811965811967 0.11965811965811966
0.011955593509820665 0.11965811965811966
0.011945392491467578 0.11965811965811966
0.011935208866155157 0.11965811965811966
0.01192504258943782 0.11965811965811966
0.011914893617021277 0.11965811965811966
0.011904761904761904 0.11965811965811966
0.0118946474086661 0.11965811965811966
0.011884550084889643 0.11965811965811966
0.011874469889737066 0.11965811965811966
0.011864406779661017 0.11965811965811966
0.011854360711261643 0.11965811965811966
0.011844331641285956 0.11965811965811966
0.011834319526627219 0.11965811965811966
0.011824324324324325 0.11965811965811966
0.01181434599156118 0.11965811965811966
0.011804384485666104 0.11965811965811966
0.011794439764111205 0.11965811965811966
0.011784511784511785 0.11965811965811966
0.011774600504625737 0.11965811965811966
0.011764705882352941 0.11965811965811966
0.011754827875734676 0.11965811965811966
0.01174496644295302 0.11965811965811966
0.01173512154233026 0.11965811965811966
0.011725293132328308 0.11965811965811966
0.011715481171548118 0.11965811965811966
0.011705685618729096 0.11965811965811966
0.011695906432748537 0.11965811965811966
0.011686143572621035 0.11965811965811966
0.011676396997497914 0.11965811965811966
0.011666666666666667 0.11965811965811966
0.011656952539550375 0.11965811965811966
0.011647254575707155 0.11965811965811966
0.011637572734829594 0.11965811965811966
0.011627906976744186 0.11965811965811966
0.011618257261410789 0.11965811965811966
0.011608623548922056 0.11965811965811966
0.0115990057995029 0.11965811965811966
0.011589403973509934 0.11965811965811966
0.011579818031430935 0.11965811965811966
0.011570247933884297 0.11965811965811966
0.011560693641618497 0.11965811965811966
0.01155115511551155 0.11965811965811966
0.011541632316570486 0.11965811965811966
0.011532125205930808 0.11965811965811966
0.011522633744855968 0.11965811965811966
0.011513157894736841 0.11965811965811966
0.011503697617091208 0.11965811965811966
0.011494252873563218 0.11965811965811966
0.011484823625922888 0.11965811965811966
0.011475409836065573 0.11965811965811966
0.011466011466011465 0.11965811965811966
0.011456628477905073 0.11965811965811966
0.011447260834014717 0.11965811965811966
0.011437908496732025 0.11965811965811966
0.011428571428571429 0.11965811965811966
0.011419249592169658 0.11965811965811966
0.011409942950285249 0.11965811965811966
0.011400651465798045 0.11965811965811966
0.011391375101708706 0.11965811965811966
0.011382113821138212 0.11965811965811966
0.011372867587327376 0.11965811965811966
0.011363636363636364 0.11965811965811966
0.0113544201135442 0.11965811965811966
0.011345218800648298 0.11965811965811966
0.011336032388663968 0.11965811965811966
0.011326860841423949 0.11965811965811966
0.01131770412287793 0.11965811965811966
0.011308562197092083 0.11965811965811966
0.011299435028248588 0.11965811965811966
0.01129032258064516 0.11965811965811966
0.011281224818694601 0.11965811965811966
0.011272141706924315 0.11965811965811966
0.011263073209975865 0.11965811965811966
0.011254019292604502 0.11965811965811966
0.011244979919678716 0.11965811965811966
0.011235955056179775 0.11965811965811966
0.011226944667201283 0.11965811965811966
0.011217948717948718 0.11965811965811966
0.01120896717373899 0.11965811965811966
0.0112 0.11965811965811966
0.011191047162270184 0.11965811965811966
0.011182108626198083 0.11965811965811966
0.0111731843575419 0.11965811965811966
0.011164274322169059 0.11965811965811966
0.011155378486055778 0.11965811965811966
0.011146496815286623 0.11965811965811966
0.011137629276054098 0.11965811965811966
0.01192368839427663 0.1282051282051282
0.012708498808578236 0.13675213675213677
0.013492063492063493 0.1452991452991453
0.014274385408406027 0.15384615384615385
0.015055467511885896 0.1623931623931624
0.01583531274742676 0.17094017094017094
0.015822784810126583 0.17094017094017094
0.015810276679841896 0.17094017094017094
0.016587677725118485 0.1794871794871795
0.017363851617995266 0.18803418803418803
0.017350157728706624 0.18803418803418803
0.017336485421591805 0.18803418803418803
0.01732283464566929 0.18803418803418803
0.01730920535011802 0.18803418803418803
0.01729559748427673 0.18803418803418803
0.01728201099764336 0.18803418803418803
0.01726844583987441 0.18803418803418803
0.017254901960784313 0.18803418803418803
0.017241379310344827 0.18803418803418803
0.017227877838684416 0.18803418803418803
0.017214397496087636 0.18803418803418803
0.017200938232994525 0.18803418803418803
0.0171875 0.18803418803418803
0.01717408274785324 0.18803418803418803
0.0171606864274571 0.18803418803418803
0.0171473109898675 0.18803418803418803
0.017133956386292833 0.18803418803418803
0.017120622568093387 0.18803418803418803
0.017107309486780714 0.18803418803418803
0.017094017094017096 0.18803418803418803
0.017080745341614908 0.18803418803418803
0.017067494181536073 0.18803418803418803
0.017054263565891473 0.18803418803418803
0.017041053446940357 0.18803418803418803
0.017027863777089782 0.18803418803418803
0.017014694508894045 0.18803418803418803
0.017001545595054096 0.18803418803418803
0.01698841698841699 0.18803418803418803
0.016975308641975308 0.18803418803418803
0.016962220508866616 0.18803418803418803
0.01694915254237288 0.18803418803418803
0.016936104695919937 0.18803418803418803
0.016923076923076923 0.18803418803418803
0.016910069177555727 0.18803418803418803
0.016897081413210446 0.18803418803418803
0.01688411358403684 0.18803418803418803
0.01687116564417178 0.18803418803418803
0.01685823754789272 0.18803418803418803
0.016845329249617153 0.18803418803418803
0.016832440703902066 0.18803418803418803
0.016819571865443424 0.18803418803418803
0.01680672268907563 0.18803418803418803
0.016793893129770993 0.18803418803418803
0.016781083142639208 0.18803418803418803
0.01676829268292683 0.18803418803418803
0.016755521706016754 0.18803418803418803
0.0167427701674277 0.18803418803418803
0.016730038022813688 0.18803418803418803
0.016717325227963525 0.18803418803418803
0.016704631738800303 0.18803418803418803
0.01669195751138088 0.18803418803418803
0.016679302501895376 0.18803418803418803
0.016666666666666666 0.18803418803418803
0.016654049962149888 0.18803418803418803
0.01664145234493192 0.18803418803418803
0.016628873771730914 0.18803418803418803
0.01661631419939577 0.18803418803418803
0.01660377358490566 0.18803418803418803
0.016591251885369532 0.18803418803418803
0.016578749058025623 0.18803418803418803
0.016566265060240965 0.18803418803418803
0.01655379984951091 0.18803418803418803
0.016541353383458645 0.18803418803418803
0.01652892561983471 0.18803418803418803
0.016516516516516516 0.18803418803418803
0.016504126031507877 0.18803418803418803
0.01649175412293853 0.18803418803418803
0.01647940074906367 0.18803418803418803
0.016467065868263474 0.18803418803418803
0.016454749439042633 0.18803418803418803
0.016442451420029897 0.18803418803418803
0.016430171769977596 0.18803418803418803
0.016417910447761194 0.18803418803418803
0.01640566741237882 0.18803418803418803
0.01639344262295082 0.18803418803418803
0.016381236038719285 0.18803418803418803
0.01636904761904762 0.18803418803418803
0.016356877323420074 0.18803418803418803
0.01634472511144131 0.18803418803418803
0.016332590942835932 0.18803418803418803
0.016320474777448073 0.18803418803418803
0.01630837657524092 0.18803418803418803
0.016296296296296295 0.18803418803418803
0.01628423390081421 0.18803418803418803
0.016272189349112426 0.18803418803418803
0.016260162601626018 0.18803418803418803
0.01624815361890694 0.18803418803418803
0.016236162361623615 0.18803418803418803
0.016224188790560472 0.18803418803418803
0.016212232866617538 0.18803418803418803
0.016200294550810016 0.18803418803418803
0.016188373804267846 0.18803418803418803
0.016176470588235296 0.18803418803418803
0.016164584864070537 0.18803418803418803
0.016152716593245228 0.18803418803418803
0.016140865737344093 0.18803418803418803
0.016129032258064516 0.18803418803418803
0.01611721611721612 0.18803418803418803
0.016105417276720352 0.18803418803418803
0.016093635698610095 0.18803418803418803
0.01608187134502924 0.18803418803418803
0.016070124178232285 0.18803418803418803
0.016058394160583942 0.18803418803418803
0.016046681254558718 0.18803418803418803
0.016034985422740525 0.18803418803418803
0.016023306627822288 0.18803418803418803
0.01601164483260553 0.18803418803418803
0.016 0.18803418803418803
0.015988372093023256 0.18803418803418803
0.01597676107480029 0.18803418803418803
0.015965166908563134 0.18803418803418803
0.01595358955765047 0.18803418803418803
0.015942028985507246 0.18803418803418803
0.015930485155684286 0.18803418803418803
0.015918958031837915 0.18803418803418803
0.015907447577729574 0.18803418803418803
0.015895953757225433 0.18803418803418803
0.01588447653429603 0.18803418803418803
0.015873015873015872 0.18803418803418803
0.015861571737563085 0.18803418803418803
0.01585014409221902 0.18803418803418803
0.01583873290136789 0.18803418803418803
0.015827338129496403 0.18803418803418803
0.015815959741193385 0.18803418803418803
0.015804597701149427 0.18803418803418803
0.015793251974156496 0.18803418803418803
0.015781922525107604 0.18803418803418803
0.015770609318996417 0.18803418803418803
0.015759312320916905 0.18803418803418803
0.015748031496062992 0.18803418803418803
0.015736766809728183 0.18803418803418803
0.015725518227305217 0.18803418803418803
0.015714285714285715 0.18803418803418803
0.015703069236259814 0.18803418803418803
0.015691868758915834 0.18803418803418803
0.015680684248039915 0.18803418803418803
0.01566951566951567 0.18803418803418803
0.015658362989323844 0.18803418803418803
0.015647226173541962 0.18803418803418803
0.015636105188343994 0.18803418803418803
0.015625 0.18803418803418803
0.015613910574875798 0.18803418803418803
0.015602836879432624 0.18803418803418803
0.01559177888022679 0.18803418803418803
0.015580736543909348 0.18803418803418803
0.01556970983722576 0.18803418803418803
0.015558698727015558 0.18803418803418803
0.015547703180212015 0.18803418803418803
0.015536723163841809 0.18803418803418803
0.015525758645024701 0.18803418803418803
0.015514809590973202 0.18803418803418803
0.015503875968992248 0.18803418803418803
0.015492957746478873 0.18803418803418803
0.015482054890921885 0.18803418803418803
0.015471167369901548 0.18803418803418803
0.015460295151089248 0.18803418803418803
0.01544943820224719 0.18803418803418803
0.015438596491228071 0.18803418803418803
0.015427769985974754 0.18803418803418803
0.015416958654519973 0.18803418803418803
0.015406162464985995 0.18803418803418803
0.015395381385584325 0.18803418803418803
0.015384615384615385 0.18803418803418803
0.015373864430468204 0.18803418803418803
0.015363128491620111 0.18803418803418803
0.015352407536636426 0.18803418803418803
0.015341701534170154 0.18803418803418803
0.015331010452961672 0.18803418803418803
0.01532033426183844 0.18803418803418803
0.015309672929714684 0.18803418803418803
0.015299026425591099 0.18803418803418803
0.015983321751216122 0.19658119658119658
0.01597222222222222 0.19658119658119658
0.015961138098542677 0.19658119658119658
0.0159500693481276 0.19658119658119658
0.01593901593901594 0.19658119658119658
0.01662049861495845 0.20512820512820512
0.01660899653979239 0.20512820512820512
0.016597510373443983 0.20512820512820512
0.0165860400829302 0.20512820512820512
0.017265193370165747 0.21367521367521367
0.01725327812284334 0.21367521367521367
0.017241379310344827 0.21367521367521367
0.01722949689869056 0.21367521367521367
0.01721763085399449 0.21367521367521367
0.017205781142463867 0.21367521367521367
0.0171939477303989 0.21367521367521367
0.01718213058419244 0.21367521367521367
0.017170329670329672 0.21367521367521367
0.017158544955387784 0.21367521367521367
0.017146776406035666 0.21367521367521367
0.017135023989033583 0.21367521367521367
0.017123287671232876 0.21367521367521367
0.017111567419575632 0.21367521367521367
0.01709986320109439 0.21367521367521367
0.017088174982911826 0.21367521367521367
0.01707650273224044 0.21367521367521367
0.017064846416382253 0.21367521367521367
0.017053206002728513 0.21367521367521367
0.017041581458759374 0.21367521367521367
0.0170299727520436 0.21367521367521367
0.01701837985023826 0.21367521367521367
0.017006802721088437 0.21367521367521367
0.01699524133242692 0.21367521367521367
0.016983695652173912 0.21367521367521367
0.01697216564833673 0.21367521367521367
0.016960651289009497 0.21367521367521367
0.01694915254237288 0.21367521367521367
0.016937669376693765 0.21367521367521367
0.016926201760324982 0.21367521367521367
0.016914749661705007 0.21367521367521367
0.016903313049357674 0.21367521367521367
0.016891891891891893 0.21367521367521367
0.01688048615800135 0.21367521367521367
0.016869095816464237 0.21367521367521367
0.016857720836142953 0.21367521367521367
0.016846361185983826 0.21367521367521367
0.016835016835016835 0.21367521367521367
0.016823687752355317 0.21367521367521367
0.016812373907195696 0.21367521367521367
0.016801075268817203 0.21367521367521367
0.0167897918065816 0.21367521367521367
0.016778523489932886 0.21367521367521367
0.01676727028839705 0.21367521367521367
0.01675603217158177 0.21367521367521367
0.016744809109176157 0.21367521367521367
0.01673360107095047 0.21367521367521367
0.016722408026755852 0.21367521367521367
0.016711229946524065 0.21367521367521367
0.016700066800267203 0.21367521367521367
0.016688918558077435 0.21367521367521367
0.01667778519012675 0.21367521367521367
0.016666666666666666 0.21367521367521367
0.016655562958027982 0.21367521367521367
0.016644474034620507 0.21367521367521367
0.0166333998669328 0.21367521367521367
0.016622340425531915 0.21367521367521367
0.016611295681063124 0.21367521367521367
0.016600265604249667 0.21367521367521367
0.0165892501658925 0.21367521367521367
0.016578249336870028 0.21367521367521367
0.01656726308813784 0.21367521367521367
0.016556291390728478 0.21367521367521367
0.01654533421575116 0.21367521367521367
0.016534391534391533 0.21367521367521367
0.016523463317911435 0.21367521367521367
0.016512549537648614 0.21367521367521367
0.0165016501650165 0.21367521367521367
0.016490765171503958 0.21367521367521367
0.016479894528675015 0.21367521367521367
0.016469038208168644 0.21367521367521367
0.016458196181698487 0.21367521367521367
0.01644736842105263 0.21367521367521367
0.01643655489809336 0.21367521367521367
0.0164257555847569 0.21367521367521367
0.016414970453053186 0.21367521367521367
0.016404199475065617 0.21367521367521367
0.01639344262295082 0.21367521367521367
0.0163826998689384 0.21367521367521367
0.016371971185330715 0.21367521367521367
0.016361256544502618 0.21367521367521367
0.016350555918901243 0.21367521367521367
0.016339869281045753 0.21367521367521367
0.016329196603527107 0.21367521367521367
0.016318537859007835 0.21367521367521367
0.016307893020221786 0.21367521367521367
0.016297262059973925 0.21367521367521367
0.016286644951140065 0.21367521367521367
0.016927083333333332 0.2222222222222222
0.016916070266753416 0.2222222222222222
0.016905071521456438 0.2222222222222222
0.016894087069525665 0.2222222222222222
0.016883116883116882 0.2222222222222222
0.016872160934458143 0.2222222222222222
0.016861219195849545 0.2222222222222222
0.017498379779650033 0.23076923076923078
0.017487046632124352 0.23076923076923078
0.017475728155339806 0.23076923076923078
0.017464424320827943 0.23076923076923078
0.017453135100193924 0.23076923076923078
0.01808785529715762 0.23931623931623933
0.018076178179470628 0.23931623931623933
0.01806451612903226 0.23931623931623933
0.018052869116698903 0.23931623931623933
0.01804123711340206 0.23931623931623933
0.0180296200901481 0.23931623931623933
0.018018018018018018 0.23931623931623933
0.0180064308681672 0.23931623931623933
0.017994858611825194 0.23931623931623933
0.01798330122029544 0.23931623931623933
0.01797175866495507 0.23931623931623933
0.01796023091725465 0.23931623931623933
0.017948717948717947 0.23931623931623933
0.017937219730941704 0.23931623931623933
0.01792573623559539 0.23931623931623933
0.017914267434420986 0.23931623931623933
0.017902813299232736 0.23931623931623933
0.017891373801916934 0.23931623931623933
0.017879948914431672 0.23931623931623933
0.017868538608806637 0.23931623931623933
0.017857142857142856 0.23931623931623933
0.017845761631612493 0.23931623931623933
0.017834394904458598 0.23931623931623933
0.01782304264799491 0.23931623931623933
0.017811704834605598 0.23931623931623933
0.017800381436745075 0.23931623931623933
0.017789072426937738 0.23931623931623933
0.017777777777777778 0.23931623931623933
0.017766497461928935 0.23931623931623933
0.017755231452124286 0.23931623931623933
0.017743979721166033 0.23931623931623933
0.01773274224192527 0.23931623931623933
0.017721518987341773 0.23931623931623933
0.017710309930423784 0.23931623931623933
0.017699115044247787 0.23931623931623933
0.017687934301958308 0.23931623931623933
0.017676767676767676 0.23931623931623933
0.017665615141955835 0.23931623931623933
0.017654476670870115 0.23931623931623933
0.017643352236925015 0.23931623931623933
0.017632241813602016 0.23931623931623933
0.01762114537444934 0.23931623931623933
0.01761006289308176 0.23931623931623933
0.01759899434318039 0.23931623931623933
0.017587939698492462 0.23931623931623933
0.017576898932831136 0.23931623931623933
0.01756587202007528 0.23931623931623933
0.01755485893416928 0.23931623931623933
0.017543859649122806 0.23931623931623933
0.017532874139010644 0.23931623931623933
0.017521902377972465 0.23931623931623933
