5715 3497
8212 3497
2814 187
2814 1052
2814 845
2814 1054
7718 845
7718 187
7718 1054
7718 1052
7716 1054
7716 845
7716 1052
7716 187
7715 187
7715 845
7715 1054
7715 1052
5737 1054
5737 845
5737 1052
5737 187
7717 187
7717 845
7717 1054
7717 1052
5716 1054
5716 187
5716 1052
5716 845
5916 187
5916 845
5916 1054
5916 1052
1053 1051
1053 5716
1053 4269
1053 739
1053 1055
1054 845
5715 5716
5715 845
845 1491
845 1052
845 410
845 187
845 1054
2815 4269
2815 5716
2815 8841
2815 7717
2815 6095
2815 5916
2815 7941
2815 640
2815 1055
2815 10459
1052 845
1052 1491
8212 7715
8212 942
8212 7717
8212 4302
8212 647
8212 680
8212 801
8841 3497
2262 2011
825 845
825 1052
825 1054
8212 845
8212 1052
8212 1054
6095 3497
2814 2396
2814 825
7718 2396
7718 825
7718 7717
7716 2396
7716 825
7715 2396
7715 825
7715 8212
5737 2396
5737 825
7717 7718
7717 2396
7717 2815
7717 825
7717 8212
5716 8841
5716 2396
5716 2815
5716 825
5716 6095
5716 1053
5716 5715
8212 12612
5916 2396
5916 2815
5916 825
5916 719
2396 845
2396 1054
2396 1052
1053 16913
1053 14147
1054 9422
1054 734
1054 2927
1054 5689
1054 3359
1054 3029
1054 3539
1054 2116
1054 1751
1054 5904
1054 2419
1054 4430
1054 3032
1054 9425
1054 1347
1054 1051
1054 5167
1054 7941
1054 6396
1054 640
1054 3101
1054 1055
1054 14187
1054 10887
1054 4899
1054 9302
1054 1185
1054 7395
1054 6085
1054 12780
1054 7540
1054 9251
1054 10459
1054 12738
1054 9731
1054 10454
1054 13888
5715 315
5715 4305
1053 640
1051 845
1051 1054
187 5526
187 2373
187 972
187 983
187 1491
187 4827
187 998
187 410
187 5691
187 845
187 2312
7717 10459
2814 2262
845 2027
845 2132
845 6100
845 3029
845 3191
845 3202
845 1836
845 217
845 9804
845 1009
845 5469
845 2544
845 2388
845 1051
845 3387
845 5562
845 408
845 799
845 3383
845 4826
845 6396
845 11438
845 1017
845 406
845 7157
845 5470
845 10459
845 1906
845 1298
845 3032
845 1845
845 1003
845 640
845 1055
845 13888
845 274
845 12738
845 5064
7718 2262
7716 2262
7715 2262
5737 2262
7717 2262
5716 2262
5916 2262
14187 1054
1053 2612
845 3287
3497 2814
3497 5737
3497 4598
3497 5716
3497 4275
3497 7716
3497 2815
3497 5715
3497 8212
3497 7718
3497 8841
3497 7717
3497 6095
3497 1053
3497 5916
3497 7715
3497 8843
3497 4302
3497 7719
1052 2011
4269 187
9425 1054
7395 1054
2815 6920
2815 5952
2815 3578
2815 64
2815 5398
2815 7459
2815 9675
2815 59
1054 217
1054 213
9422 1054
3032 845
3032 1052
3032 1054
1052 3026
1052 3816
1052 955
1052 5892
1052 1544
1052 1104
1052 2568
1052 3351
1052 2053
1052 2661
1052 5131
1052 3029
1052 3819
1052 205
1052 9680
1052 88
1052 5108
1052 9769
1052 2116
1052 1906
1052 2418
1052 2415
1052 2152
1052 1102
1052 5904
1052 2419
1052 1440
1052 4957
1052 10938
1052 6211
1052 3032
1052 2854
1052 607
1052 1091
1052 1578
1052 2410
1052 430
1052 749
1052 603
1052 2058
1052 217
1052 6396
1052 5794
1052 2420
1052 640
1052 5196
1052 341
1052 6813
1052 1055
1052 4883
1052 7875
1052 23
1052 6214
1052 13147
1052 1576
1052 2127
1052 9025
1052 790
1052 3028
1052 10758
1052 1575
1052 10439
1052 1737
1052 398
1052 10540
1052 5435
1052 9306
1052 10459
1052 7941
1052 5676
1052 5345
1052 12738
1052 11436
1052 1694
1052 1696
1052 13888
4899 1054
5715 187
2815 1455
2815 1469
2815 394
2815 1470
1054 4690
3029 845
3029 1054
3029 1052
5691 187
9302 1054
4302 3497
8212 4276
8212 1462
8212 4297
8212 4304
8212 4299
8212 5051
8212 4278
8212 4305
8212 4279
10454 1054
1054 1009
1054 5469
1054 5470
1054 1003
8841 2815
8841 5716
3101 1054
9251 1054
5737 755
845 213
5470 410
1053 7715
1053 2814
1053 5737
1053 7716
1053 7717
1053 4598
1053 7718
1053 7719
1053 5916
2262 56
2262 1930
2262 5426
2262 1091
2262 1104
2262 2745
2262 1102
825 2262
825 8043
825 16
4826 845
8843 3497
8212 762
6095 2815
6095 5716
6095 2393
3387 845
1054 1491
4275 3497
2419 1052
2419 1054
7716 1541
7715 160
2116 1054
2116 1052
2815 4883
1298 845
5737 770
5737 160
1055 1491
1055 1052
1055 1054
1055 187
1055 845
5689 1054
5167 1054
8212 6548
8212 10203
5916 4351
5916 160
5916 2518
5916 13344
5916 12322
12780 2011
12780 1054
10887 1054
10540 1052
7941 1054
7941 1052
9306 1052
12612 294
799 845
2815 187
1906 1052
1906 845
2396 1522
2396 125
2396 2258
2396 2262
2396 16
2396 12
3359 1054
11436 1052
1054 207
7157 845
13147 1052
1052 213
4430 1054
4430 998
6085 1054
5562 845
16913 1053
13888 3287
13888 1052
13888 1054
13888 845
14147 1053
9738 187
12738 3287
12738 1052
12738 1054
12738 845
5904 1052
5904 1054
10459 845
10459 1052
10459 1054
3816 1052
9680 1052
10938 1052
9731 1054
3026 5526
3026 1052
1053 9246
1052 5469
1052 5470
1052 1003
1052 1009
1054 6795
1052 9891
1052 12165
1052 631
1052 268
1052 13
1052 4690
825 2661
9804 845
9804 998
1051 640
1051 1053
1051 1055
1051 2605
1054 3026
1054 1013
1054 8212
7715 158
1491 972
1491 983
1491 845
1491 1052
1491 294
1491 187
9769 1052
845 207
2815 2814
2815 5737
2815 4598
2815 7716
2815 7718
2815 7715
2815 7719
5196 1052
6813 1052
5526 998
5526 187
5526 122
5526 2373
187 2027
187 8073
187 4269
187 4582
187 1860
187 306
187 9546
187 8174
187 966
187 6511
187 4346
187 680
187 9536
187 5351
187 7831
187 1098
187 4666
187 10155
187 1641
187 8146
187 370
187 979
187 29
187 7
187 1862
187 1687
187 7124
187 7932
187 2745
187 2416
187 2712
187 2258
187 842
187 2299
187 4777
187 10156
187 6919
187 991
187 3326
187 12
187 1195
187 1871
187 1649
187 4643
187 6323
187 1658
187 408
187 284
187 2004
187 1363
187 4600
187 2136
187 7658
187 320
187 2382
187 113
187 4815
187 4951
187 999
187 50
187 3804
187 196
187 54
187 10158
187 6094
187 5890
187 6817
187 764
187 4851
187 5369
187 3191
187 572
187 4852
187 1915
187 3808
187 4249
187 1549
187 3686
187 1013
187 806
187 1683
187 5997
187 4853
187 846
187 1092
187 1435
187 7788
187 14
187 2497
187 7096
187 1535
187 1832
187 183
187 264
