1.0 0.001984126984126984
1.0 0.003968253968253968
1.0 0.005952380952380952
1.0 0.007936507936507936
1.0 0.00992063492063492
1.0 0.011904761904761904
0.8571428571428571 0.011904761904761904
0.875 0.013888888888888888
0.7777777777777778 0.013888888888888888
0.7 0.013888888888888888
0.6363636363636364 0.013888888888888888
0.5833333333333334 0.013888888888888888
0.6153846153846154 0.015873015873015872
0.5714285714285714 0.015873015873015872
0.5333333333333333 0.015873015873015872
0.5 0.015873015873015872
0.47058823529411764 0.015873015873015872
0.4444444444444444 0.015873015873015872
0.42105263157894735 0.015873015873015872
0.4 0.015873015873015872
0.38095238095238093 0.015873015873015872
0.36363636363636365 0.015873015873015872
0.34782608695652173 0.015873015873015872
0.3333333333333333 0.015873015873015872
0.36 0.017857142857142856
0.34615384615384615 0.017857142857142856
0.3333333333333333 0.017857142857142856
0.32142857142857145 0.017857142857142856
0.3103448275862069 0.017857142857142856
0.3 0.017857142857142856
0.2903225806451613 0.017857142857142856
0.28125 0.017857142857142856
0.2727272727272727 0.017857142857142856
0.2647058823529412 0.017857142857142856
0.2571428571428571 0.017857142857142856
0.25 0.017857142857142856
0.24324324324324326 0.017857142857142856
0.23684210526315788 0.017857142857142856
0.23076923076923078 0.017857142857142856
0.225 0.017857142857142856
0.21951219512195122 0.017857142857142856
0.21428571428571427 0.017857142857142856
0.20930232558139536 0.017857142857142856
0.20454545454545456 0.017857142857142856
0.2 0.017857142857142856
0.1956521739130435 0.017857142857142856
0.19148936170212766 0.017857142857142856
0.1875 0.017857142857142856
0.1836734693877551 0.017857142857142856
0.18 0.017857142857142856
0.19607843137254902 0.01984126984126984
0.21153846153846154 0.021825396825396824
0.22641509433962265 0.023809523809523808
0.24074074074074073 0.025793650793650792
0.23636363636363636 0.025793650793650792
0.23214285714285715 0.025793650793650792
0.22807017543859648 0.025793650793650792
0.22413793103448276 0.025793650793650792
0.22033898305084745 0.025793650793650792
0.21666666666666667 0.025793650793650792
0.21311475409836064 0.025793650793650792
0.20967741935483872 0.025793650793650792
0.20634920634920634 0.025793650793650792
0.203125 0.025793650793650792
0.2153846153846154 0.027777777777777776
0.21212121212121213 0.027777777777777776
0.208955223880597 0.027777777777777776
0.22058823529411764 0.02976190476190476
0.21739130434782608 0.02976190476190476
0.21428571428571427 0.02976190476190476
0.2112676056338028 0.02976190476190476
0.20833333333333334 0.02976190476190476
0.2054794520547945 0.02976190476190476
0.20270270270270271 0.02976190476190476
0.2 0.02976190476190476
0.19736842105263158 0.02976190476190476
0.19480519480519481 0.02976190476190476
0.19230769230769232 0.02976190476190476
0.189873417721519 0.02976190476190476
0.1875 0.02976190476190476
0.18518518518518517 0.02976190476190476
0.18292682926829268 0.02976190476190476
0.18072289156626506 0.02976190476190476
0.17857142857142858 0.02976190476190476
0.18823529411764706 0.031746031746031744
0.19767441860465115 0.03373015873015873
0.20689655172413793 0.03571428571428571
0.20454545454545456 0.03571428571428571
0.20224719101123595 0.03571428571428571
0.2 0.03571428571428571
0.1978021978021978 0.03571428571428571
0.1956521739130435 0.03571428571428571
0.1935483870967742 0.03571428571428571
0.19148936170212766 0.03571428571428571
0.18947368421052632 0.03571428571428571
0.1875 0.03571428571428571
0.18556701030927836 0.03571428571428571
0.1836734693877551 0.03571428571428571
0.18181818181818182 0.03571428571428571
0.18 0.03571428571428571
0.1782178217821782 0.03571428571428571
0.17647058823529413 0.03571428571428571
0.17475728155339806 0.03571428571428571
0.17307692307692307 0.03571428571428571
0.17142857142857143 0.03571428571428571
0.16981132075471697 0.03571428571428571
0.16822429906542055 0.03571428571428571
0.16666666666666666 0.03571428571428571
0.1651376146788991 0.03571428571428571
0.16363636363636364 0.03571428571428571
0.16216216216216217 0.03571428571428571
0.16071428571428573 0.03571428571428571
0.1592920353982301 0.03571428571428571
0.15789473684210525 0.03571428571428571
0.16521739130434782 0.037698412698412696
0.1724137931034483 0.03968253968253968
0.17094017094017094 0.03968253968253968
0.17796610169491525 0.041666666666666664
0.18487394957983194 0.04365079365079365
0.18333333333333332 0.04365079365079365
0.18181818181818182 0.04365079365079365
0.18032786885245902 0.04365079365079365
0.17886178861788618 0.04365079365079365
0.1774193548387097 0.04365079365079365
0.176 0.04365079365079365
0.18253968253968253 0.04563492063492063
0.18110236220472442 0.04563492063492063
0.1875 0.047619047619047616
0.1937984496124031 0.0496031746031746
0.2 0.051587301587301584
0.1984732824427481 0.051587301587301584
0.19696969696969696 0.051587301587301584
0.19548872180451127 0.051587301587301584
0.19402985074626866 0.051587301587301584
0.1925925925925926 0.051587301587301584
0.19117647058823528 0.051587301587301584
0.1897810218978102 0.051587301587301584
0.18840579710144928 0.051587301587301584
0.19424460431654678 0.05357142857142857
0.2 0.05555555555555555
0.19858156028368795 0.05555555555555555
0.19718309859154928 0.05555555555555555
0.1958041958041958 0.05555555555555555
0.2013888888888889 0.057539682539682536
0.2 0.057539682539682536
0.19863013698630136 0.057539682539682536
