0.0 0.0
0.5 0.0024813895781637717
0.6666666666666666 0.004962779156327543
0.6666666666666666 0.004962779156327543
0.6666666666666666 0.004962779156327543
0.75 0.007444168734491315
0.8 0.009925558312655087
0.8333333333333334 0.01240694789081886
0.8571428571428571 0.01488833746898263
0.875 0.017369727047146403
0.8888888888888888 0.019851116625310174
0.9 0.022332506203473945
0.9090909090909091 0.02481389578163772
0.9166666666666666 0.02729528535980149
0.9230769230769231 0.02977667493796526
0.9285714285714286 0.03225806451612903
0.9333333333333333 0.034739454094292806
0.9333333333333333 0.034739454094292806
0.9375 0.03722084367245657
0.9375 0.03722084367245657
0.9375 0.03722084367245657
0.9375 0.03722084367245657
0.9411764705882353 0.03970223325062035
0.9444444444444444 0.04218362282878412
0.9444444444444444 0.04218362282878412
0.9444444444444444 0.04218362282878412
0.9444444444444444 0.04218362282878412
0.9444444444444444 0.04218362282878412
0.9473684210526315 0.04466501240694789
0.9473684210526315 0.04466501240694789
0.9473684210526315 0.04466501240694789
0.9473684210526315 0.04466501240694789
0.9473684210526315 0.04466501240694789
0.9473684210526315 0.04466501240694789
0.9473684210526315 0.04466501240694789
0.9473684210526315 0.04466501240694789
0.95 0.04714640198511166
0.95 0.04714640198511166
0.95 0.04714640198511166
0.95 0.04714640198511166
0.95 0.04714640198511166
0.95 0.04714640198511166
0.95 0.04714640198511166
0.95 0.04714640198511166
0.95 0.04714640198511166
0.95 0.04714640198511166
0.95 0.04714640198511166
0.95 0.04714640198511166
0.95 0.04714640198511166
0.95 0.04714640198511166
0.95 0.04714640198511166
0.95 0.04714640198511166
0.95 0.04714640198511166
0.9047619047619048 0.04714640198511166
0.9047619047619048 0.04714640198511166
0.9047619047619048 0.04714640198511166
0.9047619047619048 0.04714640198511166
0.8636363636363636 0.04714640198511166
0.8636363636363636 0.04714640198511166
0.8636363636363636 0.04714640198511166
0.8636363636363636 0.04714640198511166
0.8260869565217391 0.04714640198511166
0.8260869565217391 0.04714640198511166
0.8260869565217391 0.04714640198511166
0.8260869565217391 0.04714640198511166
0.8260869565217391 0.04714640198511166
0.8260869565217391 0.04714640198511166
0.8260869565217391 0.04714640198511166
0.8260869565217391 0.04714640198511166
0.8260869565217391 0.04714640198511166
0.8260869565217391 0.04714640198511166
0.8260869565217391 0.04714640198511166
0.8260869565217391 0.04714640198511166
0.8260869565217391 0.04714640198511166
0.8260869565217391 0.04714640198511166
0.8260869565217391 0.04714640198511166
0.8260869565217391 0.04714640198511166
0.8260869565217391 0.04714640198511166
0.8260869565217391 0.04714640198511166
0.8260869565217391 0.04714640198511166
0.8260869565217391 0.04714640198511166
0.8260869565217391 0.04714640198511166
0.8260869565217391 0.04714640198511166
0.8260869565217391 0.04714640198511166
0.8333333333333334 0.04962779156327544
0.84 0.052109181141439205
0.84 0.052109181141439205
0.8461538461538461 0.05459057071960298
0.8461538461538461 0.05459057071960298
0.8461538461538461 0.05459057071960298
0.8461538461538461 0.05459057071960298
0.8461538461538461 0.05459057071960298
0.8461538461538461 0.05459057071960298
0.8461538461538461 0.05459057071960298
0.8461538461538461 0.05459057071960298
0.8461538461538461 0.05459057071960298
0.8461538461538461 0.05459057071960298
0.8461538461538461 0.05459057071960298
0.8461538461538461 0.05459057071960298
0.8148148148148148 0.05459057071960298
0.8148148148148148 0.05459057071960298
0.8148148148148148 0.05459057071960298
0.8148148148148148 0.05459057071960298
0.8148148148148148 0.05459057071960298
0.8148148148148148 0.05459057071960298
0.8148148148148148 0.05459057071960298
0.8148148148148148 0.05459057071960298
0.8148148148148148 0.05459057071960298
0.8148148148148148 0.05459057071960298
0.8148148148148148 0.05459057071960298
0.7857142857142857 0.05459057071960298
0.7857142857142857 0.05459057071960298
0.7931034482758621 0.05707196029776675
0.8 0.05955334987593052
0.8 0.05955334987593052
0.8 0.05955334987593052
0.8 0.05955334987593052
0.8 0.05955334987593052
0.8 0.05955334987593052
0.8 0.05955334987593052
0.8 0.05955334987593052
0.8 0.05955334987593052
0.8064516129032258 0.062034739454094295
0.8125 0.06451612903225806
0.8125 0.06451612903225806
0.8235294117647058 0.06947890818858561
0.8235294117647058 0.06947890818858561
0.8285714285714286 0.07196029776674938
0.8055555555555556 0.07196029776674938
0.8108108108108109 0.07444168734491315
0.8157894736842105 0.07692307692307693
0.8157894736842105 0.07692307692307693
0.8157894736842105 0.07692307692307693
0.8205128205128205 0.0794044665012407
0.8205128205128205 0.0794044665012407
0.825 0.08188585607940446
0.825 0.08188585607940446
0.825 0.08188585607940446
0.825 0.08188585607940446
0.825 0.08188585607940446
0.8292682926829268 0.08436724565756824
0.8292682926829268 0.08436724565756824
0.8292682926829268 0.08436724565756824
0.8095238095238095 0.08436724565756824
0.8095238095238095 0.08436724565756824
0.7906976744186046 0.08436724565756824
0.7906976744186046 0.08436724565756824
0.7906976744186046 0.08436724565756824
0.7906976744186046 0.08436724565756824
0.7906976744186046 0.08436724565756824
0.7954545454545454 0.08684863523573201
0.7954545454545454 0.08684863523573201
0.7954545454545454 0.08684863523573201
0.7954545454545454 0.08684863523573201
0.7954545454545454 0.08684863523573201
0.7954545454545454 0.08684863523573201
0.7777777777777778 0.08684863523573201
0.7777777777777778 0.08684863523573201
0.782608695652174 0.08933002481389578
0.782608695652174 0.08933002481389578
0.782608695652174 0.08933002481389578
0.782608695652174 0.08933002481389578
0.782608695652174 0.08933002481389578
0.782608695652174 0.08933002481389578
0.7659574468085106 0.08933002481389578
0.7708333333333334 0.09181141439205956
0.7708333333333334 0.09181141439205956
0.7708333333333334 0.09181141439205956
0.7708333333333334 0.09181141439205956
0.7708333333333334 0.09181141439205956
0.7708333333333334 0.09181141439205956
0.7708333333333334 0.09181141439205956
0.7708333333333334 0.09181141439205956
0.7708333333333334 0.09181141439205956
0.7708333333333334 0.09181141439205956
0.78 0.0967741935483871
0.7843137254901961 0.09925558312655088
0.7843137254901961 0.09925558312655088
0.7843137254901961 0.09925558312655088
0.7843137254901961 0.09925558312655088
0.7924528301886793 0.10421836228287841
0.7962962962962963 0.10669975186104218
0.7962962962962963 0.10669975186104218
0.7962962962962963 0.10669975186104218
0.8 0.10918114143920596
0.8035714285714286 0.11166253101736973
0.8035714285714286 0.11166253101736973
0.8070175438596491 0.1141439205955335
0.8070175438596491 0.1141439205955335
0.8103448275862069 0.11662531017369727
0.8135593220338984 0.11910669975186104
0.8135593220338984 0.11910669975186104
0.8166666666666667 0.12158808933002481
0.819672131147541 0.12406947890818859
0.819672131147541 0.12406947890818859
0.819672131147541 0.12406947890818859
0.819672131147541 0.12406947890818859
0.819672131147541 0.12406947890818859
0.819672131147541 0.12406947890818859
0.819672131147541 0.12406947890818859
0.819672131147541 0.12406947890818859
0.8225806451612904 0.12655086848635236
0.8095238095238095 0.12655086848635236
0.8125 0.12903225806451613
0.8125 0.12903225806451613
0.8125 0.12903225806451613
0.8153846153846154 0.1315136476426799
0.8181818181818182 0.13399503722084366
0.8181818181818182 0.13399503722084366
0.8181818181818182 0.13399503722084366
0.8208955223880597 0.13647642679900746
0.8208955223880597 0.13647642679900746
0.8208955223880597 0.13647642679900746
0.8208955223880597 0.13647642679900746
0.8208955223880597 0.13647642679900746
0.8088235294117647 0.13647642679900746
0.8088235294117647 0.13647642679900746
0.8088235294117647 0.13647642679900746
0.8115942028985508 0.13895781637717122
0.8115942028985508 0.13895781637717122
0.8142857142857143 0.141439205955335
0.8142857142857143 0.141439205955335
0.8169014084507042 0.14392059553349876
0.8169014084507042 0.14392059553349876
0.8194444444444444 0.14640198511166252
0.8194444444444444 0.14640198511166252
0.821917808219178 0.1488833746898263
0.821917808219178 0.1488833746898263
0.8243243243243243 0.1513647642679901
0.8243243243243243 0.1513647642679901
0.8243243243243243 0.1513647642679901
0.8243243243243243 0.1513647642679901
0.8133333333333334 0.1513647642679901
0.8133333333333334 0.1513647642679901
0.8133333333333334 0.1513647642679901
0.8026315789473685 0.1513647642679901
0.8026315789473685 0.1513647642679901
0.8026315789473685 0.1513647642679901
0.8026315789473685 0.1513647642679901
0.8026315789473685 0.1513647642679901
0.8026315789473685 0.1513647642679901
0.7922077922077922 0.1513647642679901
0.7922077922077922 0.1513647642679901
0.7922077922077922 0.1513647642679901
0.7922077922077922 0.1513647642679901
0.7922077922077922 0.1513647642679901
0.7922077922077922 0.1513647642679901
0.7922077922077922 0.1513647642679901
0.7922077922077922 0.1513647642679901
0.7922077922077922 0.1513647642679901
0.7922077922077922 0.1513647642679901
0.7922077922077922 0.1513647642679901
0.782051282051282 0.1513647642679901
0.782051282051282 0.1513647642679901
0.782051282051282 0.1513647642679901
0.782051282051282 0.1513647642679901
0.782051282051282 0.1513647642679901
0.782051282051282 0.1513647642679901
0.782051282051282 0.1513647642679901
0.7848101265822784 0.15384615384615385
0.7875 0.15632754342431762
0.7901234567901234 0.1588089330024814
0.7901234567901234 0.1588089330024814
0.7901234567901234 0.1588089330024814
0.7926829268292683 0.16129032258064516
0.7951807228915663 0.16377171215880892
0.7976190476190477 0.1662531017369727
0.8 0.1687344913151365
0.8 0.1687344913151365
0.8 0.1687344913151365
0.8 0.1687344913151365
0.8023255813953488 0.17121588089330025
0.8023255813953488 0.17121588089330025
0.8045977011494253 0.17369727047146402
0.8068181818181818 0.1761786600496278
0.8089887640449438 0.17866004962779156
0.8111111111111111 0.18114143920595532
0.8111111111111111 0.18114143920595532
0.8131868131868132 0.18362282878411912
0.8152173913043478 0.18610421836228289
0.8172043010752689 0.18858560794044665
0.8191489361702128 0.19106699751861042
0.8210526315789474 0.1935483870967742
0.8229166666666666 0.19602977667493796
0.8229166666666666 0.19602977667493796
0.8247422680412371 0.19851116625310175
0.826530612244898 0.20099255583126552
0.8282828282828283 0.20347394540942929
0.83 0.20595533498759305
0.83 0.20595533498759305
0.83 0.20595533498759305
0.83 0.20595533498759305
0.83 0.20595533498759305
0.83 0.20595533498759305
0.83 0.20595533498759305
0.83 0.20595533498759305
0.83 0.20595533498759305
0.83 0.20595533498759305
0.83 0.20595533498759305
0.83 0.20595533498759305
0.83 0.20595533498759305
0.83 0.20595533498759305
0.83 0.20595533498759305
0.83 0.20595533498759305
0.83 0.20595533498759305
0.83 0.20595533498759305
0.83 0.20595533498759305
0.83 0.20595533498759305
0.83 0.20595533498759305
0.83 0.20595533498759305
0.83 0.20595533498759305
0.8217821782178217 0.20595533498759305
0.8217821782178217 0.20595533498759305
0.8217821782178217 0.20595533498759305
0.8217821782178217 0.20595533498759305
0.8217821782178217 0.20595533498759305
0.8217821782178217 0.20595533498759305
0.8217821782178217 0.20595533498759305
0.8137254901960784 0.20595533498759305
0.8137254901960784 0.20595533498759305
0.8058252427184466 0.20595533498759305
0.8058252427184466 0.20595533498759305
0.8058252427184466 0.20595533498759305
0.8058252427184466 0.20595533498759305
0.8058252427184466 0.20595533498759305
0.8058252427184466 0.20595533498759305
0.8058252427184466 0.20595533498759305
0.8058252427184466 0.20595533498759305
0.7980769230769231 0.20595533498759305
0.7980769230769231 0.20595533498759305
0.7980769230769231 0.20595533498759305
0.7904761904761904 0.20595533498759305
0.7830188679245284 0.20595533498759305
0.7830188679245284 0.20595533498759305
0.7830188679245284 0.20595533498759305
0.7830188679245284 0.20595533498759305
0.7870370370370371 0.2109181141439206
0.7870370370370371 0.2109181141439206
0.7870370370370371 0.2109181141439206
0.7798165137614679 0.2109181141439206
0.7798165137614679 0.2109181141439206
0.7727272727272727 0.2109181141439206
0.7727272727272727 0.2109181141439206
0.7727272727272727 0.2109181141439206
0.7727272727272727 0.2109181141439206
0.7727272727272727 0.2109181141439206
0.7727272727272727 0.2109181141439206
0.7727272727272727 0.2109181141439206
0.7657657657657657 0.2109181141439206
0.7678571428571429 0.21339950372208435
0.7699115044247787 0.21588089330024815
0.7719298245614035 0.21836228287841192
0.7739130434782608 0.22084367245657568
0.7739130434782608 0.22084367245657568
0.7739130434782608 0.22084367245657568
0.7739130434782608 0.22084367245657568
0.7739130434782608 0.22084367245657568
0.7758620689655172 0.22332506203473945
0.7758620689655172 0.22332506203473945
0.7758620689655172 0.22332506203473945
0.7758620689655172 0.22332506203473945
0.7777777777777778 0.22580645161290322
0.7777777777777778 0.22580645161290322
0.7777777777777778 0.22580645161290322
0.7777777777777778 0.22580645161290322
0.7777777777777778 0.22580645161290322
0.7711864406779662 0.22580645161290322
0.7711864406779662 0.22580645161290322
0.7711864406779662 0.22580645161290322
0.7711864406779662 0.22580645161290322
0.7711864406779662 0.22580645161290322
0.7711864406779662 0.22580645161290322
0.7711864406779662 0.22580645161290322
0.7711864406779662 0.22580645161290322
0.7711864406779662 0.22580645161290322
0.7647058823529411 0.22580645161290322
0.7583333333333333 0.22580645161290322
0.7583333333333333 0.22580645161290322
0.7583333333333333 0.22580645161290322
0.7583333333333333 0.22580645161290322
0.7583333333333333 0.22580645161290322
0.7583333333333333 0.22580645161290322
0.7583333333333333 0.22580645161290322
0.7583333333333333 0.22580645161290322
0.7520661157024794 0.22580645161290322
0.7520661157024794 0.22580645161290322
0.7520661157024794 0.22580645161290322
0.7520661157024794 0.22580645161290322
0.7520661157024794 0.22580645161290322
0.7520661157024794 0.22580645161290322
0.7520661157024794 0.22580645161290322
0.7520661157024794 0.22580645161290322
0.7520661157024794 0.22580645161290322
0.7520661157024794 0.22580645161290322
0.7520661157024794 0.22580645161290322
0.7520661157024794 0.22580645161290322
0.7520661157024794 0.22580645161290322
0.7520661157024794 0.22580645161290322
0.7520661157024794 0.22580645161290322
0.7520661157024794 0.22580645161290322
0.7520661157024794 0.22580645161290322
0.7520661157024794 0.22580645161290322
0.7459016393442623 0.22580645161290322
0.7459016393442623 0.22580645161290322
0.7459016393442623 0.22580645161290322
0.7459016393442623 0.22580645161290322
0.7459016393442623 0.22580645161290322
0.7459016393442623 0.22580645161290322
0.7459016393442623 0.22580645161290322
0.7459016393442623 0.22580645161290322
0.7398373983739838 0.22580645161290322
0.7398373983739838 0.22580645161290322
0.7398373983739838 0.22580645161290322
0.7398373983739838 0.22580645161290322
0.7398373983739838 0.22580645161290322
0.7398373983739838 0.22580645161290322
0.7398373983739838 0.22580645161290322
0.7398373983739838 0.22580645161290322
0.7398373983739838 0.22580645161290322
0.7398373983739838 0.22580645161290322
0.7398373983739838 0.22580645161290322
0.7398373983739838 0.22580645161290322
0.7398373983739838 0.22580645161290322
0.7398373983739838 0.22580645161290322
0.7398373983739838 0.22580645161290322
0.7398373983739838 0.22580645161290322
0.7398373983739838 0.22580645161290322
0.7398373983739838 0.22580645161290322
0.7398373983739838 0.22580645161290322
0.7398373983739838 0.22580645161290322
0.7398373983739838 0.22580645161290322
0.7398373983739838 0.22580645161290322
0.7398373983739838 0.22580645161290322
0.7398373983739838 0.22580645161290322
0.7398373983739838 0.22580645161290322
0.7398373983739838 0.22580645161290322
0.7398373983739838 0.22580645161290322
0.7398373983739838 0.22580645161290322
0.7398373983739838 0.22580645161290322
0.7398373983739838 0.22580645161290322
0.7398373983739838 0.22580645161290322
0.7398373983739838 0.22580645161290322
0.7398373983739838 0.22580645161290322
0.7398373983739838 0.22580645161290322
0.7398373983739838 0.22580645161290322
0.7398373983739838 0.22580645161290322
0.7338709677419355 0.22580645161290322
0.7338709677419355 0.22580645161290322
0.7338709677419355 0.22580645161290322
0.7338709677419355 0.22580645161290322
0.7338709677419355 0.22580645161290322
0.7338709677419355 0.22580645161290322
0.7338709677419355 0.22580645161290322
0.7338709677419355 0.22580645161290322
0.7338709677419355 0.22580645161290322
0.728 0.22580645161290322
0.728 0.22580645161290322
0.728 0.22580645161290322
0.728 0.22580645161290322
0.728 0.22580645161290322
0.728 0.22580645161290322
0.728 0.22580645161290322
0.728 0.22580645161290322
0.728 0.22580645161290322
0.7222222222222222 0.22580645161290322
0.7222222222222222 0.22580645161290322
0.7222222222222222 0.22580645161290322
0.7165354330708661 0.22580645161290322
0.7165354330708661 0.22580645161290322
0.7109375 0.22580645161290322
0.7109375 0.22580645161290322
0.7109375 0.22580645161290322
0.7109375 0.22580645161290322
0.7109375 0.22580645161290322
0.7109375 0.22580645161290322
0.7109375 0.22580645161290322
0.7109375 0.22580645161290322
0.7109375 0.22580645161290322
0.7109375 0.22580645161290322
0.7109375 0.22580645161290322
0.7054263565891473 0.22580645161290322
0.7054263565891473 0.22580645161290322
0.7054263565891473 0.22580645161290322
0.7054263565891473 0.22580645161290322
0.7054263565891473 0.22580645161290322
0.7054263565891473 0.22580645161290322
0.7054263565891473 0.22580645161290322
0.7054263565891473 0.22580645161290322
0.7 0.22580645161290322
0.7 0.22580645161290322
0.7 0.22580645161290322
0.7 0.22580645161290322
0.7 0.22580645161290322
0.7 0.22580645161290322
0.7 0.22580645161290322
0.7 0.22580645161290322
0.7 0.22580645161290322
0.7 0.22580645161290322
0.7 0.22580645161290322
0.6946564885496184 0.22580645161290322
0.6893939393939394 0.22580645161290322
0.6893939393939394 0.22580645161290322
0.6893939393939394 0.22580645161290322
0.6893939393939394 0.22580645161290322
0.6893939393939394 0.22580645161290322
0.6893939393939394 0.22580645161290322
0.6893939393939394 0.22580645161290322
0.6893939393939394 0.22580645161290322
0.6893939393939394 0.22580645161290322
0.6893939393939394 0.22580645161290322
0.6893939393939394 0.22580645161290322
0.6893939393939394 0.22580645161290322
0.6893939393939394 0.22580645161290322
0.6893939393939394 0.22580645161290322
0.6893939393939394 0.22580645161290322
0.6842105263157895 0.22580645161290322
0.6842105263157895 0.22580645161290322
0.6842105263157895 0.22580645161290322
0.6842105263157895 0.22580645161290322
0.6842105263157895 0.22580645161290322
0.6842105263157895 0.22580645161290322
0.6842105263157895 0.22580645161290322
0.6842105263157895 0.22580645161290322
0.6842105263157895 0.22580645161290322
0.6842105263157895 0.22580645161290322
0.6842105263157895 0.22580645161290322
0.6842105263157895 0.22580645161290322
0.6791044776119403 0.22580645161290322
0.6791044776119403 0.22580645161290322
0.6791044776119403 0.22580645161290322
0.6791044776119403 0.22580645161290322
0.6791044776119403 0.22580645161290322
0.6791044776119403 0.22580645161290322
0.6791044776119403 0.22580645161290322
0.6791044776119403 0.22580645161290322
0.674074074074074 0.22580645161290322
0.674074074074074 0.22580645161290322
0.674074074074074 0.22580645161290322
0.674074074074074 0.22580645161290322
0.674074074074074 0.22580645161290322
0.674074074074074 0.22580645161290322
0.674074074074074 0.22580645161290322
0.674074074074074 0.22580645161290322
0.674074074074074 0.22580645161290322
0.674074074074074 0.22580645161290322
0.674074074074074 0.22580645161290322
0.674074074074074 0.22580645161290322
0.6764705882352942 0.228287841191067
0.6788321167883211 0.23076923076923078
0.6788321167883211 0.23076923076923078
0.6788321167883211 0.23076923076923078
0.6788321167883211 0.23076923076923078
0.6788321167883211 0.23076923076923078
0.6739130434782609 0.23076923076923078
0.6739130434782609 0.23076923076923078
0.6739130434782609 0.23076923076923078
0.6739130434782609 0.23076923076923078
0.6739130434782609 0.23076923076923078
0.6739130434782609 0.23076923076923078
0.6739130434782609 0.23076923076923078
0.6739130434782609 0.23076923076923078
0.6739130434782609 0.23076923076923078
0.6739130434782609 0.23076923076923078
0.6739130434782609 0.23076923076923078
0.6739130434782609 0.23076923076923078
0.6739130434782609 0.23076923076923078
0.6739130434782609 0.23076923076923078
0.6690647482014388 0.23076923076923078
0.6690647482014388 0.23076923076923078
0.6714285714285714 0.23325062034739455
0.6666666666666666 0.23325062034739455
0.6666666666666666 0.23325062034739455
0.6666666666666666 0.23325062034739455
0.6666666666666666 0.23325062034739455
0.6666666666666666 0.23325062034739455
0.6666666666666666 0.23325062034739455
0.6666666666666666 0.23325062034739455
0.6666666666666666 0.23325062034739455
0.6666666666666666 0.23325062034739455
0.6666666666666666 0.23325062034739455
0.6619718309859155 0.23325062034739455
0.6619718309859155 0.23325062034739455
0.6643356643356644 0.23573200992555832
0.6597222222222222 0.23573200992555832
0.6597222222222222 0.23573200992555832
0.6551724137931034 0.23573200992555832
0.6551724137931034 0.23573200992555832
0.6551724137931034 0.23573200992555832
0.6551724137931034 0.23573200992555832
0.6551724137931034 0.23573200992555832
0.6551724137931034 0.23573200992555832
0.6551724137931034 0.23573200992555832
0.6551724137931034 0.23573200992555832
0.6551724137931034 0.23573200992555832
0.6551724137931034 0.23573200992555832
0.6551724137931034 0.23573200992555832
0.6551724137931034 0.23573200992555832
0.6551724137931034 0.23573200992555832
0.6551724137931034 0.23573200992555832
0.6551724137931034 0.23573200992555832
0.6551724137931034 0.23573200992555832
0.6551724137931034 0.23573200992555832
0.6551724137931034 0.23573200992555832
0.6551724137931034 0.23573200992555832
0.6551724137931034 0.23573200992555832
0.6551724137931034 0.23573200992555832
0.6551724137931034 0.23573200992555832
0.6551724137931034 0.23573200992555832
0.6551724137931034 0.23573200992555832
0.6551724137931034 0.23573200992555832
0.6551724137931034 0.23573200992555832
0.6506849315068494 0.23573200992555832
0.6506849315068494 0.23573200992555832
0.6506849315068494 0.23573200992555832
0.6506849315068494 0.23573200992555832
0.6506849315068494 0.23573200992555832
0.6506849315068494 0.23573200992555832
0.6506849315068494 0.23573200992555832
0.6506849315068494 0.23573200992555832
0.6506849315068494 0.23573200992555832
0.6506849315068494 0.23573200992555832
0.6506849315068494 0.23573200992555832
0.6506849315068494 0.23573200992555832
0.6506849315068494 0.23573200992555832
0.6506849315068494 0.23573200992555832
0.6506849315068494 0.23573200992555832
0.6462585034013606 0.23573200992555832
0.6462585034013606 0.23573200992555832
0.6462585034013606 0.23573200992555832
0.6462585034013606 0.23573200992555832
0.6462585034013606 0.23573200992555832
0.6486486486486487 0.23821339950372208
0.6442953020134228 0.23821339950372208
0.6442953020134228 0.23821339950372208
0.6466666666666666 0.24069478908188585
0.6466666666666666 0.24069478908188585
0.6466666666666666 0.24069478908188585
0.6466666666666666 0.24069478908188585
0.6466666666666666 0.24069478908188585
0.6466666666666666 0.24069478908188585
0.6423841059602649 0.24069478908188585
0.6423841059602649 0.24069478908188585
0.6381578947368421 0.24069478908188585
0.6381578947368421 0.24069478908188585
0.6381578947368421 0.24069478908188585
0.6381578947368421 0.24069478908188585
0.6381578947368421 0.24069478908188585
0.6381578947368421 0.24069478908188585
0.6381578947368421 0.24069478908188585
0.6381578947368421 0.24069478908188585
0.6381578947368421 0.24069478908188585
0.6381578947368421 0.24069478908188585
0.6381578947368421 0.24069478908188585
0.6381578947368421 0.24069478908188585
0.6405228758169934 0.24317617866004962
0.6405228758169934 0.24317617866004962
0.6405228758169934 0.24317617866004962
0.6405228758169934 0.24317617866004962
0.6405228758169934 0.24317617866004962
0.6405228758169934 0.24317617866004962
0.6405228758169934 0.24317617866004962
0.6405228758169934 0.24317617866004962
0.6405228758169934 0.24317617866004962
0.6428571428571429 0.2456575682382134
0.6428571428571429 0.2456575682382134
0.6428571428571429 0.2456575682382134
0.6428571428571429 0.2456575682382134
0.6428571428571429 0.2456575682382134
0.6428571428571429 0.2456575682382134
0.6428571428571429 0.2456575682382134
0.6428571428571429 0.2456575682382134
0.6428571428571429 0.2456575682382134
0.6428571428571429 0.2456575682382134
0.6428571428571429 0.2456575682382134
0.6428571428571429 0.2456575682382134
0.6428571428571429 0.2456575682382134
0.6428571428571429 0.2456575682382134
0.6428571428571429 0.2456575682382134
0.6428571428571429 0.2456575682382134
0.6387096774193548 0.2456575682382134
0.6387096774193548 0.2456575682382134
0.6387096774193548 0.2456575682382134
0.6387096774193548 0.2456575682382134
0.6387096774193548 0.2456575682382134
0.6387096774193548 0.2456575682382134
0.6387096774193548 0.2456575682382134
0.6387096774193548 0.2456575682382134
0.6387096774193548 0.2456575682382134
0.6387096774193548 0.2456575682382134
0.6387096774193548 0.2456575682382134
0.6387096774193548 0.2456575682382134
0.6387096774193548 0.2456575682382134
0.6387096774193548 0.2456575682382134
0.6387096774193548 0.2456575682382134
0.6387096774193548 0.2456575682382134
0.6387096774193548 0.2456575682382134
0.6387096774193548 0.2456575682382134
0.6387096774193548 0.2456575682382134
0.6387096774193548 0.2456575682382134
0.6387096774193548 0.2456575682382134
0.6387096774193548 0.2456575682382134
0.6387096774193548 0.2456575682382134
0.6387096774193548 0.2456575682382134
0.6387096774193548 0.2456575682382134
0.6387096774193548 0.2456575682382134
0.6387096774193548 0.2456575682382134
0.6387096774193548 0.2456575682382134
0.6387096774193548 0.2456575682382134
0.6387096774193548 0.2456575682382134
0.6387096774193548 0.2456575682382134
0.6387096774193548 0.2456575682382134
0.6387096774193548 0.2456575682382134
0.6387096774193548 0.2456575682382134
0.6387096774193548 0.2456575682382134
0.6387096774193548 0.2456575682382134
0.6346153846153846 0.2456575682382134
0.6346153846153846 0.2456575682382134
0.6346153846153846 0.2456575682382134
0.6346153846153846 0.2456575682382134
0.6346153846153846 0.2456575682382134
0.6346153846153846 0.2456575682382134
0.6346153846153846 0.2456575682382134
0.6346153846153846 0.2456575682382134
0.6346153846153846 0.2456575682382134
0.6346153846153846 0.2456575682382134
0.6346153846153846 0.2456575682382134
0.6346153846153846 0.2456575682382134
0.6346153846153846 0.2456575682382134
0.6346153846153846 0.2456575682382134
0.6346153846153846 0.2456575682382134
0.6329113924050633 0.24813895781637718
0.6329113924050633 0.24813895781637718
0.6329113924050633 0.24813895781637718
0.6329113924050633 0.24813895781637718
0.6329113924050633 0.24813895781637718
0.6329113924050633 0.24813895781637718
0.6289308176100629 0.24813895781637718
0.6289308176100629 0.24813895781637718
0.6289308176100629 0.24813895781637718
0.6289308176100629 0.24813895781637718
0.6289308176100629 0.24813895781637718
0.6289308176100629 0.24813895781637718
0.6289308176100629 0.24813895781637718
0.6289308176100629 0.24813895781637718
0.6289308176100629 0.24813895781637718
0.6289308176100629 0.24813895781637718
0.6289308176100629 0.24813895781637718
0.6289308176100629 0.24813895781637718
0.6289308176100629 0.24813895781637718
0.6289308176100629 0.24813895781637718
0.625 0.24813895781637718
0.625 0.24813895781637718
0.625 0.24813895781637718
0.625 0.24813895781637718
0.625 0.24813895781637718
0.625 0.24813895781637718
0.625 0.24813895781637718
0.625 0.24813895781637718
0.625 0.24813895781637718
0.625 0.24813895781637718
0.625 0.24813895781637718
0.625 0.24813895781637718
0.625 0.24813895781637718
0.625 0.24813895781637718
0.625 0.24813895781637718
0.625 0.24813895781637718
0.625 0.24813895781637718
0.625 0.24813895781637718
0.625 0.24813895781637718
0.625 0.24813895781637718
0.625 0.24813895781637718
0.625 0.24813895781637718
0.625 0.24813895781637718
0.625 0.24813895781637718
0.625 0.24813895781637718
0.625 0.24813895781637718
0.6211180124223602 0.24813895781637718
0.6211180124223602 0.24813895781637718
0.6211180124223602 0.24813895781637718
0.6211180124223602 0.24813895781637718
0.6211180124223602 0.24813895781637718
0.6211180124223602 0.24813895781637718
0.6211180124223602 0.24813895781637718
0.6211180124223602 0.24813895781637718
0.6211180124223602 0.24813895781637718
0.6172839506172839 0.24813895781637718
0.6172839506172839 0.24813895781637718
0.6172839506172839 0.24813895781637718
0.6172839506172839 0.24813895781637718
0.6172839506172839 0.24813895781637718
0.6172839506172839 0.24813895781637718
0.6172839506172839 0.24813895781637718
0.6172839506172839 0.24813895781637718
0.6172839506172839 0.24813895781637718
0.6134969325153374 0.24813895781637718
0.6134969325153374 0.24813895781637718
0.6134969325153374 0.24813895781637718
0.6134969325153374 0.24813895781637718
0.6134969325153374 0.24813895781637718
0.6134969325153374 0.24813895781637718
0.6134969325153374 0.24813895781637718
0.6134969325153374 0.24813895781637718
0.6134969325153374 0.24813895781637718
0.6134969325153374 0.24813895781637718
0.6097560975609756 0.24813895781637718
0.6097560975609756 0.24813895781637718
0.6097560975609756 0.24813895781637718
0.6097560975609756 0.24813895781637718
0.6097560975609756 0.24813895781637718
0.6097560975609756 0.24813895781637718
0.6097560975609756 0.24813895781637718
0.6097560975609756 0.24813895781637718
0.6097560975609756 0.24813895781637718
0.6097560975609756 0.24813895781637718
0.6097560975609756 0.24813895781637718
0.6097560975609756 0.24813895781637718
0.6097560975609756 0.24813895781637718
0.6097560975609756 0.24813895781637718
0.6097560975609756 0.24813895781637718
0.6097560975609756 0.24813895781637718
0.6097560975609756 0.24813895781637718
0.6097560975609756 0.24813895781637718
0.6097560975609756 0.24813895781637718
0.6097560975609756 0.24813895781637718
0.6097560975609756 0.24813895781637718
0.6097560975609756 0.24813895781637718
0.6097560975609756 0.24813895781637718
0.6097560975609756 0.24813895781637718
0.6097560975609756 0.24813895781637718
0.6097560975609756 0.24813895781637718
0.6097560975609756 0.24813895781637718
0.6097560975609756 0.24813895781637718
0.6097560975609756 0.24813895781637718
0.6097560975609756 0.24813895781637718
0.6097560975609756 0.24813895781637718
0.6097560975609756 0.24813895781637718
0.6097560975609756 0.24813895781637718
0.6097560975609756 0.24813895781637718
0.6097560975609756 0.24813895781637718
0.6097560975609756 0.24813895781637718
0.6097560975609756 0.24813895781637718
0.6060606060606061 0.24813895781637718
0.6060606060606061 0.24813895781637718
0.6060606060606061 0.24813895781637718
0.6060606060606061 0.24813895781637718
0.6060606060606061 0.24813895781637718
0.6060606060606061 0.24813895781637718
0.6060606060606061 0.24813895781637718
0.6060606060606061 0.24813895781637718
0.6060606060606061 0.24813895781637718
0.6060606060606061 0.24813895781637718
0.6060606060606061 0.24813895781637718
0.6060606060606061 0.24813895781637718
0.6024096385542169 0.24813895781637718
0.6024096385542169 0.24813895781637718
0.6024096385542169 0.24813895781637718
0.6024096385542169 0.24813895781637718
0.6024096385542169 0.24813895781637718
0.6024096385542169 0.24813895781637718
0.6024096385542169 0.24813895781637718
0.5988023952095808 0.24813895781637718
0.5988023952095808 0.24813895781637718
0.5952380952380952 0.24813895781637718
0.5952380952380952 0.24813895781637718
0.5952380952380952 0.24813895781637718
0.591715976331361 0.24813895781637718
0.591715976331361 0.24813895781637718
0.591715976331361 0.24813895781637718
0.591715976331361 0.24813895781637718
0.591715976331361 0.24813895781637718
0.591715976331361 0.24813895781637718
0.5882352941176471 0.24813895781637718
0.5882352941176471 0.24813895781637718
0.5847953216374269 0.24813895781637718
0.5847953216374269 0.24813895781637718
0.5847953216374269 0.24813895781637718
0.5847953216374269 0.24813895781637718
0.5847953216374269 0.24813895781637718
0.5847953216374269 0.24813895781637718
0.5847953216374269 0.24813895781637718
0.5847953216374269 0.24813895781637718
0.5847953216374269 0.24813895781637718
0.5847953216374269 0.24813895781637718
0.5847953216374269 0.24813895781637718
0.5847953216374269 0.24813895781637718
0.5813953488372093 0.24813895781637718
0.5813953488372093 0.24813895781637718
0.5813953488372093 0.24813895781637718
0.5813953488372093 0.24813895781637718
0.5813953488372093 0.24813895781637718
0.5813953488372093 0.24813895781637718
0.5813953488372093 0.24813895781637718
0.5813953488372093 0.24813895781637718
0.5813953488372093 0.24813895781637718
0.5813953488372093 0.24813895781637718
0.5813953488372093 0.24813895781637718
0.5813953488372093 0.24813895781637718
0.5813953488372093 0.24813895781637718
0.5813953488372093 0.24813895781637718
0.5813953488372093 0.24813895781637718
0.5813953488372093 0.24813895781637718
0.5813953488372093 0.24813895781637718
0.5813953488372093 0.24813895781637718
0.5813953488372093 0.24813895781637718
0.5813953488372093 0.24813895781637718
0.5813953488372093 0.24813895781637718
0.5813953488372093 0.24813895781637718
0.5813953488372093 0.24813895781637718
0.5780346820809249 0.24813895781637718
0.5780346820809249 0.24813895781637718
0.5780346820809249 0.24813895781637718
0.5780346820809249 0.24813895781637718
0.5780346820809249 0.24813895781637718
0.5780346820809249 0.24813895781637718
0.5780346820809249 0.24813895781637718
0.5780346820809249 0.24813895781637718
0.5747126436781609 0.24813895781637718
0.5747126436781609 0.24813895781637718
0.5747126436781609 0.24813895781637718
0.5747126436781609 0.24813895781637718
0.5747126436781609 0.24813895781637718
0.5747126436781609 0.24813895781637718
0.5747126436781609 0.24813895781637718
0.5747126436781609 0.24813895781637718
0.5747126436781609 0.24813895781637718
0.5747126436781609 0.24813895781637718
0.5747126436781609 0.24813895781637718
0.5747126436781609 0.24813895781637718
0.5747126436781609 0.24813895781637718
0.5747126436781609 0.24813895781637718
0.5747126436781609 0.24813895781637718
0.5747126436781609 0.24813895781637718
0.5747126436781609 0.24813895781637718
0.5747126436781609 0.24813895781637718
0.5747126436781609 0.24813895781637718
0.5747126436781609 0.24813895781637718
0.5747126436781609 0.24813895781637718
0.5747126436781609 0.24813895781637718
0.5747126436781609 0.24813895781637718
0.5747126436781609 0.24813895781637718
0.5747126436781609 0.24813895781637718
0.5747126436781609 0.24813895781637718
0.5747126436781609 0.24813895781637718
0.5747126436781609 0.24813895781637718
0.5747126436781609 0.24813895781637718
0.5747126436781609 0.24813895781637718
0.5747126436781609 0.24813895781637718
0.5747126436781609 0.24813895781637718
0.5747126436781609 0.24813895781637718
0.5747126436781609 0.24813895781637718
0.5747126436781609 0.24813895781637718
0.5747126436781609 0.24813895781637718
0.5747126436781609 0.24813895781637718
0.5747126436781609 0.24813895781637718
0.5747126436781609 0.24813895781637718
0.5747126436781609 0.24813895781637718
0.5747126436781609 0.24813895781637718
0.5747126436781609 0.24813895781637718
0.5747126436781609 0.24813895781637718
0.5747126436781609 0.24813895781637718
0.5747126436781609 0.24813895781637718
0.5714285714285714 0.24813895781637718
0.5714285714285714 0.24813895781637718
0.5714285714285714 0.24813895781637718
0.5714285714285714 0.24813895781637718
0.5714285714285714 0.24813895781637718
0.5714285714285714 0.24813895781637718
0.5714285714285714 0.24813895781637718
0.5714285714285714 0.24813895781637718
0.5714285714285714 0.24813895781637718
0.5714285714285714 0.24813895781637718
0.5714285714285714 0.24813895781637718
0.5714285714285714 0.24813895781637718
0.5714285714285714 0.24813895781637718
0.5714285714285714 0.24813895781637718
0.5714285714285714 0.24813895781637718
0.5681818181818182 0.24813895781637718
0.5681818181818182 0.24813895781637718
0.5681818181818182 0.24813895781637718
0.5681818181818182 0.24813895781637718
0.5681818181818182 0.24813895781637718
0.5681818181818182 0.24813895781637718
0.5681818181818182 0.24813895781637718
0.5681818181818182 0.24813895781637718
0.5681818181818182 0.24813895781637718
0.5681818181818182 0.24813895781637718
0.5681818181818182 0.24813895781637718
0.5681818181818182 0.24813895781637718
0.5649717514124294 0.24813895781637718
0.5649717514124294 0.24813895781637718
0.5649717514124294 0.24813895781637718
0.5617977528089888 0.24813895781637718
0.5617977528089888 0.24813895781637718
0.5617977528089888 0.24813895781637718
0.5586592178770949 0.24813895781637718
0.5586592178770949 0.24813895781637718
0.5586592178770949 0.24813895781637718
0.5586592178770949 0.24813895781637718
0.5586592178770949 0.24813895781637718
0.5555555555555556 0.24813895781637718
0.5555555555555556 0.24813895781637718
0.5555555555555556 0.24813895781637718
0.5555555555555556 0.24813895781637718
0.5555555555555556 0.24813895781637718
0.5555555555555556 0.24813895781637718
0.5555555555555556 0.24813895781637718
0.5555555555555556 0.24813895781637718
0.5555555555555556 0.24813895781637718
0.5555555555555556 0.24813895781637718
0.5555555555555556 0.24813895781637718
0.5555555555555556 0.24813895781637718
0.5555555555555556 0.24813895781637718
0.5555555555555556 0.24813895781637718
0.5555555555555556 0.24813895781637718
0.5524861878453039 0.24813895781637718
0.5524861878453039 0.24813895781637718
0.5524861878453039 0.24813895781637718
0.5524861878453039 0.24813895781637718
0.5524861878453039 0.24813895781637718
0.5524861878453039 0.24813895781637718
0.5524861878453039 0.24813895781637718
0.5524861878453039 0.24813895781637718
0.5524861878453039 0.24813895781637718
0.5524861878453039 0.24813895781637718
0.5524861878453039 0.24813895781637718
0.5494505494505495 0.24813895781637718
0.5494505494505495 0.24813895781637718
0.5494505494505495 0.24813895781637718
0.5494505494505495 0.24813895781637718
0.5494505494505495 0.24813895781637718
0.5494505494505495 0.24813895781637718
0.5494505494505495 0.24813895781637718
0.5494505494505495 0.24813895781637718
0.5494505494505495 0.24813895781637718
0.5494505494505495 0.24813895781637718
0.5494505494505495 0.24813895781637718
0.5494505494505495 0.24813895781637718
0.5494505494505495 0.24813895781637718
0.5494505494505495 0.24813895781637718
0.5494505494505495 0.24813895781637718
0.5494505494505495 0.24813895781637718
0.5494505494505495 0.24813895781637718
0.5494505494505495 0.24813895781637718
0.5494505494505495 0.24813895781637718
0.5494505494505495 0.24813895781637718
0.5494505494505495 0.24813895781637718
0.5494505494505495 0.24813895781637718
0.5494505494505495 0.24813895781637718
0.5494505494505495 0.24813895781637718
0.5494505494505495 0.24813895781637718
0.5494505494505495 0.24813895781637718
0.546448087431694 0.24813895781637718
0.546448087431694 0.24813895781637718
0.546448087431694 0.24813895781637718
0.546448087431694 0.24813895781637718
0.546448087431694 0.24813895781637718
0.546448087431694 0.24813895781637718
0.546448087431694 0.24813895781637718
0.546448087431694 0.24813895781637718
0.546448087431694 0.24813895781637718
0.546448087431694 0.24813895781637718
0.546448087431694 0.24813895781637718
0.5434782608695652 0.24813895781637718
0.5434782608695652 0.24813895781637718
0.5434782608695652 0.24813895781637718
0.5434782608695652 0.24813895781637718
0.5434782608695652 0.24813895781637718
0.5434782608695652 0.24813895781637718
0.5434782608695652 0.24813895781637718
0.5434782608695652 0.24813895781637718
0.5434782608695652 0.24813895781637718
0.5434782608695652 0.24813895781637718
0.5434782608695652 0.24813895781637718
0.5434782608695652 0.24813895781637718
0.5434782608695652 0.24813895781637718
0.5434782608695652 0.24813895781637718
0.5434782608695652 0.24813895781637718
0.5434782608695652 0.24813895781637718
0.5434782608695652 0.24813895781637718
0.5434782608695652 0.24813895781637718
0.5459459459459459 0.2506203473945409
0.5459459459459459 0.2506203473945409
