0.0 0.0
0.0 0.0
0.0 0.0
0.0 0.0
0.0 0.0
0.0 0.0
0.0 0.0
0.0 0.0
0.0 0.0
0.0 0.0
0.0 0.0
0.0 0.0
0.0 0.0
0.0 0.0
0.0 0.0
0.0 0.0
0.0 0.0
0.05555555555555555 0.027777777777777776
0.05263157894736842 0.027777777777777776
0.05 0.027777777777777776
0.047619047619047616 0.027777777777777776
0.045454545454545456 0.027777777777777776
0.043478260869565216 0.027777777777777776
0.041666666666666664 0.027777777777777776
0.08 0.05555555555555555
0.07692307692307693 0.05555555555555555
0.07407407407407407 0.05555555555555555
0.07142857142857142 0.05555555555555555
0.06896551724137931 0.05555555555555555
0.06666666666666667 0.05555555555555555
0.06451612903225806 0.05555555555555555
0.0625 0.05555555555555555
0.06060606060606061 0.05555555555555555
0.058823529411764705 0.05555555555555555
0.05714285714285714 0.05555555555555555
0.05555555555555555 0.05555555555555555
0.05405405405405406 0.05555555555555555
0.05263157894736842 0.05555555555555555
0.05128205128205128 0.05555555555555555
0.05 0.05555555555555555
0.04878048780487805 0.05555555555555555
0.047619047619047616 0.05555555555555555
0.046511627906976744 0.05555555555555555
0.045454545454545456 0.05555555555555555
0.044444444444444446 0.05555555555555555
0.043478260869565216 0.05555555555555555
0.0425531914893617 0.05555555555555555
0.041666666666666664 0.05555555555555555
0.04081632653061224 0.05555555555555555
0.04 0.05555555555555555
0.0392156862745098 0.05555555555555555
0.057692307692307696 0.08333333333333333
0.05660377358490566 0.08333333333333333
0.05555555555555555 0.08333333333333333
0.05454545454545454 0.08333333333333333
0.05357142857142857 0.08333333333333333
0.05263157894736842 0.08333333333333333
0.05172413793103448 0.08333333333333333
0.05084745762711865 0.08333333333333333
0.05 0.08333333333333333
0.04918032786885246 0.08333333333333333
0.04838709677419355 0.08333333333333333
0.047619047619047616 0.08333333333333333
0.046875 0.08333333333333333
0.06153846153846154 0.1111111111111111
0.06060606060606061 0.1111111111111111
0.05970149253731343 0.1111111111111111
0.058823529411764705 0.1111111111111111
0.057971014492753624 0.1111111111111111
0.05714285714285714 0.1111111111111111
0.056338028169014086 0.1111111111111111
0.05555555555555555 0.1111111111111111
0.0547945205479452 0.1111111111111111
0.05405405405405406 0.1111111111111111
0.06666666666666667 0.1388888888888889
0.06578947368421052 0.1388888888888889
0.06493506493506493 0.1388888888888889
0.0641025641025641 0.1388888888888889
0.06329113924050633 0.1388888888888889
0.0625 0.1388888888888889
0.06172839506172839 0.1388888888888889
0.06097560975609756 0.1388888888888889
0.060240963855421686 0.1388888888888889
0.05952380952380952 0.1388888888888889
0.058823529411764705 0.1388888888888889
0.05813953488372093 0.1388888888888889
0.05747126436781609 0.1388888888888889
0.056818181818181816 0.1388888888888889
0.056179775280898875 0.1388888888888889
0.05555555555555555 0.1388888888888889
0.054945054945054944 0.1388888888888889
0.05434782608695652 0.1388888888888889
0.053763440860215055 0.1388888888888889
0.05319148936170213 0.1388888888888889
0.05263157894736842 0.1388888888888889
0.052083333333333336 0.1388888888888889
0.05154639175257732 0.1388888888888889
0.05102040816326531 0.1388888888888889
0.050505050505050504 0.1388888888888889
0.05 0.1388888888888889
0.04950495049504951 0.1388888888888889
0.049019607843137254 0.1388888888888889
0.04854368932038835 0.1388888888888889
0.04807692307692308 0.1388888888888889
0.047619047619047616 0.1388888888888889
0.04716981132075472 0.1388888888888889
0.04672897196261682 0.1388888888888889
0.046296296296296294 0.1388888888888889
0.045871559633027525 0.1388888888888889
0.045454545454545456 0.1388888888888889
0.04504504504504504 0.1388888888888889
0.044642857142857144 0.1388888888888889
0.04424778761061947 0.1388888888888889
0.043859649122807015 0.1388888888888889
0.043478260869565216 0.1388888888888889
0.04310344827586207 0.1388888888888889
0.042735042735042736 0.1388888888888889
0.0423728813559322 0.1388888888888889
0.04201680672268908 0.1388888888888889
0.041666666666666664 0.1388888888888889
0.04132231404958678 0.1388888888888889
0.040983606557377046 0.1388888888888889
0.04065040650406504 0.1388888888888889
0.04032258064516129 0.1388888888888889
0.04 0.1388888888888889
0.03968253968253968 0.1388888888888889
0.03937007874015748 0.1388888888888889
0.0390625 0.1388888888888889
0.03875968992248062 0.1388888888888889
0.038461538461538464 0.1388888888888889
0.03816793893129771 0.1388888888888889
0.03787878787878788 0.1388888888888889
0.03759398496240601 0.1388888888888889
0.03731343283582089 0.1388888888888889
0.037037037037037035 0.1388888888888889
0.03676470588235294 0.1388888888888889
0.0364963503649635 0.1388888888888889
0.036231884057971016 0.1388888888888889
0.03597122302158273 0.1388888888888889
0.03571428571428571 0.1388888888888889
0.03546099290780142 0.1388888888888889
0.035211267605633804 0.1388888888888889
0.03496503496503497 0.1388888888888889
0.034722222222222224 0.1388888888888889
0.034482758620689655 0.1388888888888889
0.03424657534246575 0.1388888888888889
0.034013605442176874 0.1388888888888889
0.033783783783783786 0.1388888888888889
0.03355704697986577 0.1388888888888889
0.03333333333333333 0.1388888888888889
0.033112582781456956 0.1388888888888889
0.03289473684210526 0.1388888888888889
0.0392156862745098 0.16666666666666666
0.03896103896103896 0.16666666666666666
0.03870967741935484 0.16666666666666666
0.038461538461538464 0.16666666666666666
0.03821656050955414 0.16666666666666666
0.0379746835443038 0.16666666666666666
0.03773584905660377 0.16666666666666666
0.0375 0.16666666666666666
0.037267080745341616 0.16666666666666666
0.037037037037037035 0.16666666666666666
0.03680981595092025 0.16666666666666666
0.036585365853658534 0.16666666666666666
0.03636363636363636 0.16666666666666666
0.03614457831325301 0.16666666666666666
0.03592814371257485 0.16666666666666666
0.03571428571428571 0.16666666666666666
0.03550295857988166 0.16666666666666666
0.03529411764705882 0.16666666666666666
0.03508771929824561 0.16666666666666666
0.03488372093023256 0.16666666666666666
0.03468208092485549 0.16666666666666666
0.034482758620689655 0.16666666666666666
0.03428571428571429 0.16666666666666666
0.03409090909090909 0.16666666666666666
0.03389830508474576 0.16666666666666666
0.033707865168539325 0.16666666666666666
0.0335195530726257 0.16666666666666666
0.03333333333333333 0.16666666666666666
0.03314917127071823 0.16666666666666666
0.03296703296703297 0.16666666666666666
0.03278688524590164 0.16666666666666666
0.03260869565217391 0.16666666666666666
0.032432432432432434 0.16666666666666666
0.03225806451612903 0.16666666666666666
0.03208556149732621 0.16666666666666666
0.031914893617021274 0.16666666666666666
0.031746031746031744 0.16666666666666666
0.031578947368421054 0.16666666666666666
0.031413612565445025 0.16666666666666666
0.03125 0.16666666666666666
0.031088082901554404 0.16666666666666666
0.030927835051546393 0.16666666666666666
0.03076923076923077 0.16666666666666666
0.030612244897959183 0.16666666666666666
0.030456852791878174 0.16666666666666666
0.030303030303030304 0.16666666666666666
0.03015075376884422 0.16666666666666666
0.03 0.16666666666666666
0.029850746268656716 0.16666666666666666
0.0297029702970297 0.16666666666666666
0.029556650246305417 0.16666666666666666
0.029411764705882353 0.16666666666666666
0.02926829268292683 0.16666666666666666
0.02912621359223301 0.16666666666666666
0.028985507246376812 0.16666666666666666
0.028846153846153848 0.16666666666666666
0.028708133971291867 0.16666666666666666
0.02857142857142857 0.16666666666666666
0.02843601895734597 0.16666666666666666
0.02830188679245283 0.16666666666666666
0.028169014084507043 0.16666666666666666
0.028037383177570093 0.16666666666666666
0.027906976744186046 0.16666666666666666
0.027777777777777776 0.16666666666666666
0.027649769585253458 0.16666666666666666
0.027522935779816515 0.16666666666666666
0.0273972602739726 0.16666666666666666
0.02727272727272727 0.16666666666666666
0.027149321266968326 0.16666666666666666
0.02702702702702703 0.16666666666666666
0.026905829596412557 0.16666666666666666
0.026785714285714284 0.16666666666666666
0.02666666666666667 0.16666666666666666
0.02654867256637168 0.16666666666666666
0.02643171806167401 0.16666666666666666
0.02631578947368421 0.16666666666666666
0.026200873362445413 0.16666666666666666
0.02608695652173913 0.16666666666666666
0.025974025974025976 0.16666666666666666
0.02586206896551724 0.16666666666666666
0.02575107296137339 0.16666666666666666
0.02564102564102564 0.16666666666666666
0.02553191489361702 0.16666666666666666
0.025423728813559324 0.16666666666666666
0.02531645569620253 0.16666666666666666
0.025210084033613446 0.16666666666666666
0.02510460251046025 0.16666666666666666
0.025 0.16666666666666666
0.024896265560165973 0.16666666666666666
0.024793388429752067 0.16666666666666666
0.024691358024691357 0.16666666666666666
0.02459016393442623 0.16666666666666666
0.024489795918367346 0.16666666666666666
0.024390243902439025 0.16666666666666666
0.024291497975708502 0.16666666666666666
0.024193548387096774 0.16666666666666666
0.024096385542168676 0.16666666666666666
0.024 0.16666666666666666
0.02390438247011952 0.16666666666666666
0.023809523809523808 0.16666666666666666
0.023715415019762844 0.16666666666666666
0.023622047244094488 0.16666666666666666
0.023529411764705882 0.16666666666666666
0.0234375 0.16666666666666666
0.023346303501945526 0.16666666666666666
0.023255813953488372 0.16666666666666666
0.023166023166023165 0.16666666666666666
0.023076923076923078 0.16666666666666666
0.022988505747126436 0.16666666666666666
0.022900763358778626 0.16666666666666666
0.022813688212927757 0.16666666666666666
0.022727272727272728 0.16666666666666666
0.022641509433962263 0.16666666666666666
0.022556390977443608 0.16666666666666666
0.02247191011235955 0.16666666666666666
0.022388059701492536 0.16666666666666666
0.022304832713754646 0.16666666666666666
0.022222222222222223 0.16666666666666666
0.02214022140221402 0.16666666666666666
0.022058823529411766 0.16666666666666666
0.02197802197802198 0.16666666666666666
0.021897810218978103 0.16666666666666666
0.02181818181818182 0.16666666666666666
0.021739130434782608 0.16666666666666666
0.021660649819494584 0.16666666666666666
0.02158273381294964 0.16666666666666666
0.021505376344086023 0.16666666666666666
0.02142857142857143 0.16666666666666666
0.021352313167259787 0.16666666666666666
0.02127659574468085 0.16666666666666666
0.02120141342756184 0.16666666666666666
0.02112676056338028 0.16666666666666666
0.021052631578947368 0.16666666666666666
0.02097902097902098 0.16666666666666666
0.020905923344947737 0.16666666666666666
0.020833333333333332 0.16666666666666666
0.020761245674740483 0.16666666666666666
0.020689655172413793 0.16666666666666666
0.020618556701030927 0.16666666666666666
0.02054794520547945 0.16666666666666666
0.020477815699658702 0.16666666666666666
0.02040816326530612 0.16666666666666666
0.020338983050847456 0.16666666666666666
0.02027027027027027 0.16666666666666666
0.020202020202020204 0.16666666666666666
0.020134228187919462 0.16666666666666666
0.020066889632107024 0.16666666666666666
0.02 0.16666666666666666
0.019933554817275746 0.16666666666666666
0.019867549668874173 0.16666666666666666
0.019801980198019802 0.16666666666666666
0.019736842105263157 0.16666666666666666
0.019672131147540985 0.16666666666666666
0.0196078431372549 0.16666666666666666
0.019543973941368076 0.16666666666666666
0.01948051948051948 0.16666666666666666
0.019417475728155338 0.16666666666666666
0.01935483870967742 0.16666666666666666
0.01929260450160772 0.16666666666666666
0.019230769230769232 0.16666666666666666
0.019169329073482427 0.16666666666666666
0.01910828025477707 0.16666666666666666
0.01904761904761905 0.16666666666666666
0.0189873417721519 0.16666666666666666
0.01892744479495268 0.16666666666666666
0.018867924528301886 0.16666666666666666
0.018808777429467086 0.16666666666666666
0.01875 0.16666666666666666
0.018691588785046728 0.16666666666666666
0.018633540372670808 0.16666666666666666
0.018575851393188854 0.16666666666666666
0.018518518518518517 0.16666666666666666
0.018461538461538463 0.16666666666666666
0.018404907975460124 0.16666666666666666
0.01834862385321101 0.16666666666666666
0.018292682926829267 0.16666666666666666
0.0182370820668693 0.16666666666666666
0.01818181818181818 0.16666666666666666
0.01812688821752266 0.16666666666666666
0.018072289156626505 0.16666666666666666
0.018018018018018018 0.16666666666666666
0.017964071856287425 0.16666666666666666
0.01791044776119403 0.16666666666666666
0.017857142857142856 0.16666666666666666
0.017804154302670624 0.16666666666666666
0.01775147928994083 0.16666666666666666
0.017699115044247787 0.16666666666666666
0.01764705882352941 0.16666666666666666
0.017595307917888565 0.16666666666666666
0.017543859649122806 0.16666666666666666
0.01749271137026239 0.16666666666666666
0.01744186046511628 0.16666666666666666
0.017391304347826087 0.16666666666666666
0.017341040462427744 0.16666666666666666
0.01729106628242075 0.16666666666666666
0.017241379310344827 0.16666666666666666
0.017191977077363897 0.16666666666666666
0.017142857142857144 0.16666666666666666
0.017094017094017096 0.16666666666666666
0.019886363636363636 0.19444444444444445
0.0226628895184136 0.2222222222222222
0.022598870056497175 0.2222222222222222
0.022535211267605635 0.2222222222222222
0.02247191011235955 0.2222222222222222
0.022408963585434174 0.2222222222222222
0.0223463687150838 0.2222222222222222
0.022284122562674095 0.2222222222222222
0.022222222222222223 0.2222222222222222
0.0221606648199446 0.2222222222222222
0.022099447513812154 0.2222222222222222
0.02203856749311295 0.2222222222222222
0.02197802197802198 0.2222222222222222
0.021917808219178082 0.2222222222222222
0.02185792349726776 0.2222222222222222
0.021798365122615803 0.2222222222222222
0.021739130434782608 0.2222222222222222
0.02168021680216802 0.2222222222222222
0.021621621621621623 0.2222222222222222
0.0215633423180593 0.2222222222222222
0.021505376344086023 0.2222222222222222
0.021447721179624665 0.2222222222222222
0.0213903743315508 0.2222222222222222
0.021333333333333333 0.2222222222222222
0.02127659574468085 0.2222222222222222
0.021220159151193633 0.2222222222222222
0.021164021164021163 0.2222222222222222
0.021108179419525065 0.2222222222222222
0.021052631578947368 0.2222222222222222
0.02099737532808399 0.2222222222222222
0.020942408376963352 0.2222222222222222
0.020887728459530026 0.2222222222222222
0.020833333333333332 0.2222222222222222
0.02077922077922078 0.2222222222222222
0.02072538860103627 0.2222222222222222
0.020671834625323 0.2222222222222222
0.020618556701030927 0.2222222222222222
0.02313624678663239 0.25
0.023076923076923078 0.25
0.023017902813299233 0.25
0.02295918367346939 0.25
0.022900763358778626 0.25
0.02284263959390863 0.25
0.02278481012658228 0.25
0.022727272727272728 0.25
0.022670025188916875 0.25
0.022613065326633167 0.25
0.022556390977443608 0.25
0.0225 0.25
0.022443890274314215 0.25
0.022388059701492536 0.25
0.022332506203473945 0.25
0.022277227722772276 0.25
0.022222222222222223 0.25
0.022167487684729065 0.25
0.022113022113022112 0.25
0.022058823529411766 0.25
0.022004889975550123 0.25
0.02195121951219512 0.25
0.021897810218978103 0.25
0.021844660194174758 0.25
0.021791767554479417 0.25
0.021739130434782608 0.25
0.021686746987951807 0.25
0.021634615384615384 0.25
0.02158273381294964 0.25
0.0215311004784689 0.25
0.021479713603818614 0.25
0.02142857142857143 0.25
0.021377672209026127 0.25
0.02132701421800948 0.25
0.02127659574468085 0.25
0.02122641509433962 0.25
0.021176470588235293 0.25
0.02112676056338028 0.25
0.02107728337236534 0.25
0.02102803738317757 0.25
0.02097902097902098 0.25
0.020930232558139535 0.25
0.02088167053364269 0.25
0.020833333333333332 0.25
0.020785219399538105 0.25
0.020737327188940093 0.25
0.020689655172413793 0.25
0.020642201834862386 0.25
0.020594965675057208 0.25
0.02054794520547945 0.25
0.02050113895216401 0.25
0.020454545454545454 0.25
0.02040816326530612 0.25
0.020361990950226245 0.25
0.020316027088036117 0.25
0.02027027027027027 0.25
0.020224719101123594 0.25
0.020179372197309416 0.25
0.020134228187919462 0.25
0.020089285714285716 0.25
0.0200445434298441 0.25
0.02 0.25
0.019955654101995565 0.25
0.01991150442477876 0.25
0.019867549668874173 0.25
0.019823788546255508 0.25
0.01978021978021978 0.25
0.019736842105263157 0.25
0.019693654266958426 0.25
0.019650655021834062 0.25
0.0196078431372549 0.25
0.01956521739130435 0.25
0.019522776572668113 0.25
0.01948051948051948 0.25
0.019438444924406047 0.25
0.01939655172413793 0.25
0.01935483870967742 0.25
0.019313304721030045 0.25
0.019271948608137045 0.25
0.019230769230769232 0.25
0.019189765458422176 0.25
0.019148936170212766 0.25
0.01910828025477707 0.25
0.019067796610169493 0.25
0.019027484143763214 0.25
0.0189873417721519 0.25
0.018947368421052633 0.25
0.018907563025210083 0.25
0.018867924528301886 0.25
0.01882845188284519 0.25
0.018789144050104383 0.25
0.01875 0.25
0.018711018711018712 0.25
0.01867219917012448 0.25
0.018633540372670808 0.25
0.01859504132231405 0.25
0.018556701030927835 0.25
0.018518518518518517 0.25
0.018480492813141684 0.25
0.018442622950819672 0.25
0.02044989775051125 0.2777777777777778
0.02040816326530612 0.2777777777777778
0.020366598778004074 0.2777777777777778
0.02032520325203252 0.2777777777777778
0.02028397565922921 0.2777777777777778
0.020242914979757085 0.2777777777777778
0.020202020202020204 0.2777777777777778
0.020161290322580645 0.2777777777777778
0.02012072434607646 0.2777777777777778
0.020080321285140562 0.2777777777777778
0.02004008016032064 0.2777777777777778
0.02 0.2777777777777778
0.01996007984031936 0.2777777777777778
0.0199203187250996 0.2777777777777778
0.019880715705765408 0.2777777777777778
0.01984126984126984 0.2777777777777778
0.019801980198019802 0.2777777777777778
0.019762845849802372 0.2777777777777778
0.01972386587771203 0.2777777777777778
0.01968503937007874 0.2777777777777778
0.019646365422396856 0.2777777777777778
0.0196078431372549 0.2777777777777778
0.019569471624266144 0.2777777777777778
0.01953125 0.2777777777777778
0.01949317738791423 0.2777777777777778
0.019455252918287938 0.2777777777777778
0.019417475728155338 0.2777777777777778
0.01937984496124031 0.2777777777777778
0.019342359767891684 0.2777777777777778
0.019305019305019305 0.2777777777777778
0.019267822736030827 0.2777777777777778
0.019230769230769232 0.2777777777777778
0.019193857965451054 0.2777777777777778
0.019157088122605363 0.2777777777777778
0.019120458891013385 0.2777777777777778
0.019083969465648856 0.2777777777777778
0.01904761904761905 0.2777777777777778
0.019011406844106463 0.2777777777777778
0.018975332068311195 0.2777777777777778
0.01893939393939394 0.2777777777777778
0.01890359168241966 0.2777777777777778
0.018867924528301886 0.2777777777777778
0.018832391713747645 0.2777777777777778
0.018796992481203006 0.2777777777777778
0.01876172607879925 0.2777777777777778
0.018726591760299626 0.2777777777777778
0.018691588785046728 0.2777777777777778
0.018656716417910446 0.2777777777777778
0.0186219739292365 0.2777777777777778
0.01858736059479554 0.2777777777777778
0.01855287569573284 0.2777777777777778
0.018518518518518517 0.2777777777777778
0.018484288354898338 0.2777777777777778
0.01845018450184502 0.2777777777777778
0.01841620626151013 0.2777777777777778
0.01838235294117647 0.2777777777777778
0.01834862385321101 0.2777777777777778
0.018315018315018316 0.2777777777777778
0.018281535648994516 0.2777777777777778
0.01824817518248175 0.2777777777777778
0.018214936247723135 0.2777777777777778
0.01818181818181818 0.2777777777777778
0.018148820326678767 0.2777777777777778
0.018115942028985508 0.2777777777777778
0.018083182640144666 0.2777777777777778
0.018050541516245487 0.2777777777777778
0.018018018018018018 0.2777777777777778
0.017985611510791366 0.2777777777777778
0.017953321364452424 0.2777777777777778
0.017921146953405017 0.2777777777777778
0.017889087656529516 0.2777777777777778
0.017857142857142856 0.2777777777777778
0.017825311942959002 0.2777777777777778
0.017793594306049824 0.2777777777777778
0.017761989342806393 0.2777777777777778
0.01773049645390071 0.2777777777777778
0.017699115044247787 0.2777777777777778
0.0176678445229682 0.2777777777777778
0.01763668430335097 0.2777777777777778
0.017605633802816902 0.2777777777777778
0.01757469244288225 0.2777777777777778
0.017543859649122806 0.2777777777777778
0.017513134851138354 0.2777777777777778
0.017482517482517484 0.2777777777777778
0.017452006980802792 0.2777777777777778
0.017421602787456445 0.2777777777777778
0.017391304347826087 0.2777777777777778
0.017361111111111112 0.2777777777777778
0.01733102253032929 0.2777777777777778
0.01730103806228374 0.2777777777777778
0.017271157167530225 0.2777777777777778
0.017241379310344827 0.2777777777777778
0.01721170395869191 0.2777777777777778
0.01718213058419244 0.2777777777777778
0.017152658662092625 0.2777777777777778
0.017123287671232876 0.2777777777777778
0.017094017094017096 0.2777777777777778
0.017064846416382253 0.2777777777777778
0.017035775127768313 0.2777777777777778
0.017006802721088437 0.2777777777777778
0.01697792869269949 0.2777777777777778
0.01694915254237288 0.2777777777777778
0.01692047377326565 0.2777777777777778
0.016891891891891893 0.2777777777777778
0.016863406408094434 0.2777777777777778
0.016835016835016835 0.2777777777777778
0.01680672268907563 0.2777777777777778
0.018456375838926176 0.3055555555555556
0.018425460636515914 0.3055555555555556
0.01839464882943144 0.3055555555555556
0.018363939899833055 0.3055555555555556
0.02 0.3333333333333333
0.019966722129783693 0.3333333333333333
0.019933554817275746 0.3333333333333333
0.01990049751243781 0.3333333333333333
0.019867549668874173 0.3333333333333333
0.019834710743801654 0.3333333333333333
0.019801980198019802 0.3333333333333333
0.019769357495881382 0.3333333333333333
0.019736842105263157 0.3333333333333333
0.019704433497536946 0.3333333333333333
0.019672131147540985 0.3333333333333333
0.019639934533551555 0.3333333333333333
0.0196078431372549 0.3333333333333333
0.01957585644371941 0.3333333333333333
0.019543973941368076 0.3333333333333333
0.01951219512195122 0.3333333333333333
0.01948051948051948 0.3333333333333333
0.019448946515397084 0.3333333333333333
0.019417475728155338 0.3333333333333333
0.01938610662358643 0.3333333333333333
0.01935483870967742 0.3333333333333333
0.01932367149758454 0.3333333333333333
0.01929260450160772 0.3333333333333333
0.019261637239165328 0.3333333333333333
0.019230769230769232 0.3333333333333333
0.0192 0.3333333333333333
0.019169329073482427 0.3333333333333333
0.019138755980861243 0.3333333333333333
0.01910828025477707 0.3333333333333333
0.019077901430842606 0.3333333333333333
0.01904761904761905 0.3333333333333333
0.01901743264659271 0.3333333333333333
0.0189873417721519 0.3333333333333333
0.018957345971563982 0.3333333333333333
0.01892744479495268 0.3333333333333333
0.01889763779527559 0.3333333333333333
0.018867924528301886 0.3333333333333333
0.018838304552590265 0.3333333333333333
0.018808777429467086 0.3333333333333333
0.018779342723004695 0.3333333333333333
0.01875 0.3333333333333333
0.0187207488299532 0.3333333333333333
0.018691588785046728 0.3333333333333333
0.01866251944012442 0.3333333333333333
0.018633540372670808 0.3333333333333333
0.018604651162790697 0.3333333333333333
0.018575851393188854 0.3333333333333333
0.01854714064914992 0.3333333333333333
0.018518518518518517 0.3333333333333333
0.01848998459167951 0.3333333333333333
0.02 0.3611111111111111
0.019969278033794162 0.3611111111111111
0.019938650306748466 0.3611111111111111
0.019908116385911178 0.3611111111111111
0.019877675840978593 0.3611111111111111
0.01984732824427481 0.3611111111111111
0.019817073170731708 0.3611111111111111
0.0197869101978691 0.3611111111111111
0.019756838905775075 0.3611111111111111
0.019726858877086494 0.3611111111111111
0.019696969696969695 0.3611111111111111
0.019667170953101363 0.3611111111111111
0.019637462235649546 0.3611111111111111
0.0196078431372549 0.3611111111111111
0.01957831325301205 0.3611111111111111
0.019548872180451128 0.3611111111111111
0.01951951951951952 0.3611111111111111
0.019490254872563718 0.3611111111111111
0.019461077844311378 0.3611111111111111
0.01943198804185351 0.3611111111111111
0.019402985074626865 0.3611111111111111
0.019374068554396422 0.3611111111111111
0.019345238095238096 0.3611111111111111
0.019316493313521546 0.3611111111111111
0.019287833827893175 0.3611111111111111
0.01925925925925926 0.3611111111111111
0.019230769230769232 0.3611111111111111
0.019202363367799114 0.3611111111111111
0.019174041297935103 0.3611111111111111
0.01914580265095729 0.3611111111111111
0.01911764705882353 0.3611111111111111
0.01908957415565345 0.3611111111111111
0.01906158357771261 0.3611111111111111
0.01903367496339678 0.3611111111111111
0.019005847953216373 0.3611111111111111
0.01897810218978102 0.3611111111111111
0.018950437317784258 0.3611111111111111
0.018922852983988356 0.3611111111111111
0.0188953488372093 0.3611111111111111
0.018867924528301886 0.3611111111111111
0.01884057971014493 0.3611111111111111
0.01881331403762663 0.3611111111111111
0.01878612716763006 0.3611111111111111
0.01875901875901876 0.3611111111111111
0.018731988472622477 0.3611111111111111
0.01870503597122302 0.3611111111111111
0.01867816091954023 0.3611111111111111
0.018651362984218076 0.3611111111111111
0.01862464183381089 0.3611111111111111
0.01859799713876967 0.3611111111111111
0.018571428571428572 0.3611111111111111
0.018544935805991442 0.3611111111111111
0.018518518518518517 0.3611111111111111
0.01849217638691323 0.3611111111111111
0.018465909090909092 0.3611111111111111
0.018439716312056736 0.3611111111111111
0.018413597733711047 0.3611111111111111
0.018387553041018388 0.3611111111111111
0.018361581920903956 0.3611111111111111
0.018335684062059238 0.3611111111111111
0.018309859154929577 0.3611111111111111
0.01828410689170183 0.3611111111111111
0.018258426966292134 0.3611111111111111
0.0182328190743338 0.3611111111111111
0.018207282913165267 0.3611111111111111
0.01818181818181818 0.3611111111111111
0.018156424581005588 0.3611111111111111
0.01813110181311018 0.3611111111111111
0.018105849582172703 0.3611111111111111
0.01808066759388039 0.3611111111111111
0.018055555555555554 0.3611111111111111
0.018030513176144243 0.3611111111111111
0.018005540166204988 0.3611111111111111
0.017980636237897647 0.3611111111111111
0.017955801104972375 0.3611111111111111
0.01793103448275862 0.3611111111111111
0.01790633608815427 0.3611111111111111
0.017881705639614855 0.3611111111111111
0.017857142857142856 0.3611111111111111
0.01783264746227709 0.3611111111111111
0.01780821917808219 0.3611111111111111
0.017783857729138167 0.3611111111111111
0.017759562841530054 0.3611111111111111
0.017735334242837655 0.3611111111111111
0.017711171662125342 0.3611111111111111
0.017687074829931974 0.3611111111111111
0.017663043478260868 0.3611111111111111
0.017639077340569877 0.3611111111111111
0.017615176151761516 0.3611111111111111
0.017591339648173207 0.3611111111111111
0.01756756756756757 0.3611111111111111
0.017543859649122806 0.3611111111111111
0.01752021563342318 0.3611111111111111
0.017496635262449527 0.3611111111111111
0.01747311827956989 0.3611111111111111
0.0174496644295302 0.3611111111111111
0.01742627345844504 0.3611111111111111
0.01740294511378849 0.3611111111111111
0.017379679144385027 0.3611111111111111
0.017356475300400534 0.3611111111111111
0.017333333333333333 0.3611111111111111
0.017310252996005325 0.3611111111111111
0.017287234042553192 0.3611111111111111
0.017264276228419653 0.3611111111111111
0.017241379310344827 0.3611111111111111
0.017218543046357615 0.3611111111111111
0.017195767195767195 0.3611111111111111
0.017173051519154558 0.3611111111111111
0.017150395778364115 0.3611111111111111
0.017127799736495388 0.3611111111111111
0.017105263157894738 0.3611111111111111
0.017082785808147174 0.3611111111111111
0.01706036745406824 0.3611111111111111
0.01703800786369594 0.3611111111111111
0.017015706806282723 0.3611111111111111
0.01699346405228758 0.3611111111111111
0.016971279373368148 0.3611111111111111
0.01694915254237288 0.3611111111111111
0.016927083333333332 0.3611111111111111
0.016905071521456438 0.3611111111111111
0.016883116883116882 0.3611111111111111
0.016861219195849545 0.3611111111111111
0.01683937823834197 0.3611111111111111
0.016817593790426907 0.3611111111111111
0.016795865633074936 0.3611111111111111
0.016774193548387096 0.3611111111111111
0.01675257731958763 0.3611111111111111
0.01673101673101673 0.3611111111111111
0.016709511568123392 0.3611111111111111
0.01668806161745828 0.3611111111111111
0.016666666666666666 0.3611111111111111
0.016645326504481434 0.3611111111111111
0.016624040920716114 0.3611111111111111
0.016602809706257982 0.3611111111111111
0.016581632653061226 0.3611111111111111
0.016560509554140127 0.3611111111111111
0.01653944020356234 0.3611111111111111
0.016518424396442185 0.3611111111111111
0.01649746192893401 0.3611111111111111
0.016476552598225603 0.3611111111111111
0.016455696202531647 0.3611111111111111
0.01643489254108723 0.3611111111111111
0.016414141414141416 0.3611111111111111
0.01639344262295082 0.3611111111111111
0.0163727959697733 0.3611111111111111
0.016352201257861635 0.3611111111111111
0.016331658291457288 0.3611111111111111
0.01631116687578419 0.3611111111111111
0.016290726817042606 0.3611111111111111
0.016270337922403004 0.3611111111111111
0.01625 0.3611111111111111
0.016229712858926344 0.3611111111111111
0.016209476309226933 0.3611111111111111
0.0161892901618929 0.3611111111111111
0.01616915422885572 0.3611111111111111
0.016149068322981366 0.3611111111111111
0.016129032258064516 0.3611111111111111
0.0161090458488228 0.3611111111111111
0.01608910891089109 0.3611111111111111
0.016069221260815822 0.3611111111111111
0.016049382716049384 0.3611111111111111
0.016029593094944512 0.3611111111111111
0.01600985221674877 0.3611111111111111
0.015990159901599015 0.3611111111111111
0.01597051597051597 0.3611111111111111
0.015950920245398775 0.3611111111111111
0.015931372549019607 0.3611111111111111
0.01591187270501836 0.3611111111111111
0.01589242053789731 0.3611111111111111
0.015873015873015872 0.3611111111111111
0.015853658536585366 0.3611111111111111
0.015834348355663823 0.3611111111111111
0.015815085158150853 0.3611111111111111
0.015795868772782502 0.3611111111111111
0.015776699029126214 0.3611111111111111
0.01575757575757576 0.3611111111111111
0.015738498789346248 0.3611111111111111
0.015719467956469165 0.3611111111111111
0.01570048309178744 0.3611111111111111
0.015681544028950542 0.3611111111111111
0.01566265060240964 0.3611111111111111
0.015643802647412757 0.3611111111111111
0.015625 0.3611111111111111
0.015606242496998799 0.3611111111111111
0.015587529976019185 0.3611111111111111
0.015568862275449102 0.3611111111111111
0.01555023923444976 0.3611111111111111
0.015531660692951015 0.3611111111111111
0.015513126491646777 0.3611111111111111
0.015494636471990465 0.3611111111111111
0.015476190476190477 0.3611111111111111
0.015457788347205707 0.3611111111111111
0.015439429928741092 0.3611111111111111
0.01542111506524318 0.3611111111111111
0.015402843601895734 0.3611111111111111
0.015384615384615385 0.3611111111111111
0.015366430260047281 0.3611111111111111
0.015348288075560802 0.3611111111111111
0.015330188679245283 0.3611111111111111
0.015312131919905771 0.3611111111111111
0.015294117647058824 0.3611111111111111
0.01527614571092832 0.3611111111111111
0.015258215962441314 0.3611111111111111
0.015240328253223915 0.3611111111111111
0.01522248243559719 0.3611111111111111
0.0152046783625731 0.3611111111111111
0.015186915887850467 0.3611111111111111
0.015169194865810968 0.3611111111111111
0.015151515151515152 0.3611111111111111
0.015133876600698487 0.3611111111111111
0.015116279069767442 0.3611111111111111
0.015098722415795587 0.3611111111111111
0.015081206496519721 0.3611111111111111
0.015063731170336037 0.3611111111111111
0.015046296296296295 0.3611111111111111
0.015028901734104046 0.3611111111111111
0.015011547344110854 0.3611111111111111
0.014994232987312572 0.3611111111111111
0.014976958525345621 0.3611111111111111
0.014959723820483314 0.3611111111111111
0.014942528735632184 0.3611111111111111
0.014925373134328358 0.3611111111111111
0.014908256880733946 0.3611111111111111
0.014891179839633447 0.3611111111111111
0.014874141876430207 0.3611111111111111
0.014857142857142857 0.3611111111111111
0.014840182648401826 0.3611111111111111
0.014823261117445839 0.3611111111111111
0.014806378132118452 0.3611111111111111
0.01478953356086462 0.3611111111111111
0.014772727272727272 0.3611111111111111
0.014755959137343927 0.3611111111111111
0.015873015873015872 0.3888888888888889
0.015855039637599093 0.3888888888888889
0.01583710407239819 0.3888888888888889
0.015819209039548022 0.3888888888888889
0.01580135440180587 0.3888888888888889
0.015783540022547914 0.3888888888888889
0.015765765765765764 0.3888888888888889
0.015748031496062992 0.3888888888888889
0.015730337078651686 0.3888888888888889
0.015712682379349047 0.3888888888888889
0.01569506726457399 0.3888888888888889
0.015677491601343786 0.3888888888888889
0.015659955257270694 0.3888888888888889
0.01564245810055866 0.3888888888888889
0.015625 0.3888888888888889
0.01560758082497213 0.3888888888888889
0.015590200445434299 0.3888888888888889
0.01557285873192436 0.3888888888888889
0.015555555555555555 0.3888888888888889
0.01553829078801332 0.3888888888888889
0.015521064301552107 0.3888888888888889
0.015503875968992248 0.3888888888888889
0.015486725663716814 0.3888888888888889
0.015469613259668509 0.3888888888888889
0.01545253863134658 0.3888888888888889
0.015435501653803748 0.3888888888888889
0.015418502202643172 0.3888888888888889
0.015401540154015401 0.3888888888888889
0.015384615384615385 0.3888888888888889
0.015367727771679473 0.3888888888888889
0.015350877192982455 0.3888888888888889
0.01533406352683461 0.3888888888888889
0.015317286652078774 0.3888888888888889
0.015300546448087432 0.3888888888888889
0.015283842794759825 0.3888888888888889
0.015267175572519083 0.3888888888888889
0.015250544662309368 0.3888888888888889
0.015233949945593036 0.3888888888888889
0.015217391304347827 0.3888888888888889
0.01520086862106406 0.3888888888888889
0.015184381778741865 0.3888888888888889
0.015167930660888408 0.3888888888888889
0.015151515151515152 0.3888888888888889
0.015135135135135135 0.3888888888888889
0.01511879049676026 0.3888888888888889
0.015102481121898598 0.3888888888888889
0.015086206896551725 0.3888888888888889
0.015069967707212056 0.3888888888888889
0.015053763440860216 0.3888888888888889
0.015037593984962405 0.3888888888888889
0.015021459227467811 0.3888888888888889
0.015005359056806002 0.3888888888888889
0.014989293361884369 0.3888888888888889
0.014973262032085561 0.3888888888888889
0.014957264957264958 0.3888888888888889
0.014941302027748132 0.3888888888888889
0.014925373134328358 0.3888888888888889
0.014909478168264111 0.3888888888888889
0.014893617021276596 0.3888888888888889
0.01487778958554729 0.3888888888888889
0.014861995753715499 0.3888888888888889
0.014846235418875928 0.3888888888888889
0.014830508474576272 0.3888888888888889
0.014814814814814815 0.3888888888888889
0.014799154334038054 0.3888888888888889
0.014783526927138331 0.3888888888888889
0.014767932489451477 0.3888888888888889
0.014752370916754479 0.3888888888888889
0.014736842105263158 0.3888888888888889
0.014721345951629864 0.3888888888888889
0.014705882352941176 0.3888888888888889
0.014690451206715634 0.3888888888888889
0.014675052410901468 0.3888888888888889
0.014659685863874346 0.3888888888888889
0.014644351464435146 0.3888888888888889
0.014629049111807733 0.3888888888888889
0.014613778705636743 0.3888888888888889
0.014598540145985401 0.3888888888888889
0.014583333333333334 0.3888888888888889
0.014568158168574402 0.3888888888888889
0.014553014553014554 0.3888888888888889
0.014537902388369679 0.3888888888888889
0.014522821576763486 0.3888888888888889
0.014507772020725389 0.3888888888888889
0.014492753623188406 0.3888888888888889
0.014477766287487074 0.3888888888888889
0.014462809917355372 0.3888888888888889
0.014447884416924664 0.3888888888888889
0.01443298969072165 0.3888888888888889
0.014418125643666324 0.3888888888888889
0.01440329218106996 0.3888888888888889
0.014388489208633094 0.3888888888888889
0.014373716632443531 0.3888888888888889
0.014358974358974359 0.3888888888888889
0.014344262295081968 0.3888888888888889
0.014329580348004094 0.3888888888888889
0.014314928425357873 0.3888888888888889
0.014300306435137897 0.3888888888888889
0.014285714285714285 0.3888888888888889
0.014271151885830785 0.3888888888888889
0.014256619144602852 0.3888888888888889
0.014242115971515769 0.3888888888888889
0.014227642276422764 0.3888888888888889
0.014213197969543147 0.3888888888888889
0.014198782961460446 0.3888888888888889
0.014184397163120567 0.3888888888888889
0.01417004048582996 0.3888888888888889
0.014155712841253791 0.3888888888888889
0.014141414141414142 0.3888888888888889
0.014127144298688193 0.3888888888888889
0.014112903225806451 0.3888888888888889
0.014098690835850957 0.3888888888888889
0.014084507042253521 0.3888888888888889
0.01407035175879397 0.3888888888888889
0.014056224899598393 0.3888888888888889
0.014042126379137413 0.3888888888888889
0.014028056112224449 0.3888888888888889
0.014014014014014014 0.3888888888888889
0.014 0.3888888888888889
0.013986013986013986 0.3888888888888889
0.013972055888223553 0.3888888888888889
0.013958125623130608 0.3888888888888889
0.013944223107569721 0.3888888888888889
0.013930348258706468 0.3888888888888889
0.013916500994035786 0.3888888888888889
0.013902681231380337 0.3888888888888889
0.013888888888888888 0.3888888888888889
0.013875123885034688 0.3888888888888889
0.013861386138613862 0.3888888888888889
0.013847675568743818 0.3888888888888889
0.01383399209486166 0.3888888888888889
0.013820335636722606 0.3888888888888889
0.013806706114398421 0.3888888888888889
0.013793103448275862 0.3888888888888889
0.013779527559055118 0.3888888888888889
0.01376597836774828 0.3888888888888889
0.0137524557956778 0.3888888888888889
0.013738959764474975 0.3888888888888889
0.013725490196078431 0.3888888888888889
0.013712047012732615 0.3888888888888889
0.0136986301369863 0.3888888888888889
0.013685239491691105 0.3888888888888889
0.013671875 0.3888888888888889
0.013658536585365854 0.3888888888888889
0.01364522417153996 0.3888888888888889
0.013631937682570594 0.3888888888888889
0.013618677042801557 0.3888888888888889
0.013605442176870748 0.3888888888888889
0.013592233009708738 0.3888888888888889
0.013579049466537343 0.3888888888888889
0.013565891472868217 0.3888888888888889
0.01452081316553727 0.4166666666666667
0.014506769825918761 0.4166666666666667
0.014492753623188406 0.4166666666666667
0.01447876447876448 0.4166666666666667
0.01446480231436837 0.4166666666666667
0.014450867052023121 0.4166666666666667
0.014436958614051972 0.4166666666666667
0.014423076923076924 0.4166666666666667
0.01440922190201729 0.4166666666666667
0.014395393474088292 0.4166666666666667
0.014381591562799617 0.4166666666666667
0.014367816091954023 0.4166666666666667
0.014354066985645933 0.4166666666666667
0.014340344168260038 0.4166666666666667
0.014326647564469915 0.4166666666666667
0.01431297709923664 0.4166666666666667
0.014299332697807437 0.4166666666666667
0.014285714285714285 0.4166666666666667
0.014272121788772598 0.4166666666666667
0.014258555133079848 0.4166666666666667
0.014245014245014245 0.4166666666666667
0.014231499051233396 0.4166666666666667
0.014218009478672985 0.4166666666666667
0.014204545454545454 0.4166666666666667
0.014191106906338695 0.4166666666666667
0.014177693761814745 0.4166666666666667
0.014164305949008499 0.4166666666666667
0.014150943396226415 0.4166666666666667
0.01413760603204524 0.4166666666666667
0.014124293785310734 0.4166666666666667
0.014111006585136407 0.4166666666666667
0.014097744360902255 0.4166666666666667
0.014084507042253521 0.4166666666666667
0.014071294559099437 0.4166666666666667
0.014058106841611996 0.4166666666666667
0.014044943820224719 0.4166666666666667
0.01403180542563143 0.4166666666666667
0.014018691588785047 0.4166666666666667
0.014005602240896359 0.4166666666666667
0.013992537313432836 0.4166666666666667
0.013979496738117428 0.4166666666666667
0.013966480446927373 0.4166666666666667
0.013953488372093023 0.4166666666666667
0.013940520446096654 0.4166666666666667
0.013927576601671309 0.4166666666666667
0.013914656771799629 0.4166666666666667
0.013901760889712697 0.4166666666666667
0.013888888888888888 0.4166666666666667
0.013876040703052728 0.4166666666666667
0.013863216266173753 0.4166666666666667
0.013850415512465374 0.4166666666666667
0.013837638376383764 0.4166666666666667
0.013824884792626729 0.4166666666666667
0.013812154696132596 0.4166666666666667
0.013799448022079117 0.4166666666666667
0.013786764705882353 0.4166666666666667
0.013774104683195593 0.4166666666666667
0.013761467889908258 0.4166666666666667
0.013748854262144821 0.4166666666666667
0.013736263736263736 0.4166666666666667
0.013723696248856358 0.4166666666666667
0.013711151736745886 0.4166666666666667
0.0136986301369863 0.4166666666666667
0.013686131386861315 0.4166666666666667
0.013673655423883319 0.4166666666666667
0.01366120218579235 0.4166666666666667
0.01364877161055505 0.4166666666666667
0.013636363636363636 0.4166666666666667
0.013623978201634877 0.4166666666666667
0.013611615245009074 0.4166666666666667
0.013599274705349048 0.4166666666666667
0.01358695652173913 0.4166666666666667
0.013574660633484163 0.4166666666666667
0.013562386980108499 0.4166666666666667
0.013550135501355014 0.4166666666666667
0.013537906137184115 0.4166666666666667
0.013525698827772768 0.4166666666666667
0.013513513513513514 0.4166666666666667
0.013501350135013501 0.4166666666666667
0.013489208633093525 0.4166666666666667
0.013477088948787063 0.4166666666666667
0.013464991023339317 0.4166666666666667
0.013452914798206279 0.4166666666666667
0.013440860215053764 0.4166666666666667
0.01342882721575649 0.4166666666666667
0.013416815742397137 0.4166666666666667
0.013404825737265416 0.4166666666666667
0.013392857142857142 0.4166666666666667
0.013380909901873328 0.4166666666666667
0.013368983957219251 0.4166666666666667
0.013357079252003561 0.4166666666666667
0.013345195729537367 0.4166666666666667
0.013333333333333334 0.4166666666666667
0.013321492007104795 0.4166666666666667
0.013309671694764862 0.4166666666666667
0.013297872340425532 0.4166666666666667
0.013286093888396812 0.4166666666666667
0.01327433628318584 0.4166666666666667
0.013262599469496022 0.4166666666666667
0.013250883392226149 0.4166666666666667
0.01323918799646955 0.4166666666666667
0.013227513227513227 0.4166666666666667
0.013215859030837005 0.4166666666666667
0.013204225352112676 0.4166666666666667
0.013192612137203167 0.4166666666666667
0.013181019332161687 0.4166666666666667
0.013169446883230905 0.4166666666666667
0.013157894736842105 0.4166666666666667
0.013146362839614373 0.4166666666666667
0.013134851138353765 0.4166666666666667
0.013123359580052493 0.4166666666666667
0.013111888111888112 0.4166666666666667
0.013100436681222707 0.4166666666666667
0.013089005235602094 0.4166666666666667
0.013077593722755012 0.4166666666666667
0.013066202090592335 0.4166666666666667
0.013054830287206266 0.4166666666666667
0.013043478260869565 0.4166666666666667
0.013032145960034752 0.4166666666666667
0.013020833333333334 0.4166666666666667
0.013009540329575022 0.4166666666666667
0.012998266897746967 0.4166666666666667
0.012987012987012988 0.4166666666666667
0.012975778546712802 0.4166666666666667
0.01296456352636128 0.4166666666666667
0.012953367875647668 0.4166666666666667
0.012942191544434857 0.4166666666666667
0.01293103448275862 0.4166666666666667
0.012919896640826873 0.4166666666666667
0.012908777969018933 0.4166666666666667
0.012897678417884782 0.4166666666666667
0.01288659793814433 0.4166666666666667
0.012875536480686695 0.4166666666666667
0.012864493996569469 0.4166666666666667
0.012853470437017995 0.4166666666666667
0.012842465753424657 0.4166666666666667
0.01283147989734816 0.4166666666666667
0.01282051282051282 0.4166666666666667
0.012809564474807857 0.4166666666666667
0.012798634812286689 0.4166666666666667
0.01278772378516624 0.4166666666666667
0.012776831345826235 0.4166666666666667
0.01276595744680851 0.4166666666666667
0.012755102040816327 0.4166666666666667
0.012744265080713678 0.4166666666666667
0.012733446519524618 0.4166666666666667
0.01272264631043257 0.4166666666666667
0.012711864406779662 0.4166666666666667
0.012701100762066046 0.4166666666666667
0.012690355329949238 0.4166666666666667
0.01267962806424345 0.4166666666666667
0.01266891891891892 0.4166666666666667
0.012658227848101266 0.4166666666666667
0.012647554806070826 0.4166666666666667
0.012636899747262006 0.4166666666666667
0.012626262626262626 0.4166666666666667
0.012615643397813289 0.4166666666666667
0.012605042016806723 0.4166666666666667
0.012594458438287154 0.4166666666666667
0.012583892617449664 0.4166666666666667
0.012573344509639563 0.4166666666666667
0.01256281407035176 0.4166666666666667
0.012552301255230125 0.4166666666666667
0.01254180602006689 0.4166666666666667
0.012531328320802004 0.4166666666666667
0.012520868113522538 0.4166666666666667
0.012510425354462052 0.4166666666666667
0.0125 0.4166666666666667
0.012489592006661115 0.4166666666666667
0.012479201331114808 0.4166666666666667
0.012468827930174564 0.4166666666666667
0.012458471760797342 0.4166666666666667
0.012448132780082987 0.4166666666666667
0.012437810945273632 0.4166666666666667
0.012427506213753107 0.4166666666666667
0.012417218543046357 0.4166666666666667
0.01240694789081886 0.4166666666666667
0.012396694214876033 0.4166666666666667
0.012386457473162676 0.4166666666666667
0.012376237623762377 0.4166666666666667
0.01236603462489695 0.4166666666666667
0.012355848434925865 0.4166666666666667
0.012345679012345678 0.4166666666666667
0.012335526315789474 0.4166666666666667
0.012325390304026294 0.4166666666666667
0.012315270935960592 0.4166666666666667
0.012305168170631665 0.4166666666666667
0.012295081967213115 0.4166666666666667
0.012285012285012284 0.4166666666666667
0.012274959083469721 0.4166666666666667
0.012264922322158627 0.4166666666666667
0.012254901960784314 0.4166666666666667
0.012244897959183673 0.4166666666666667
0.012234910277324634 0.4166666666666667
0.012224938875305624 0.4166666666666667
0.012214983713355049 0.4166666666666667
0.012205044751830757 0.4166666666666667
0.012195121951219513 0.4166666666666667
0.012185215272136474 0.4166666666666667
0.012175324675324676 0.4166666666666667
0.012165450121654502 0.4166666666666667
0.012155591572123177 0.4166666666666667
0.012145748987854251 0.4166666666666667
0.012135922330097087 0.4166666666666667
0.012126111560226353 0.4166666666666667
0.012116316639741519 0.4166666666666667
0.012106537530266344 0.4166666666666667
0.012096774193548387 0.4166666666666667
0.012087026591458501 0.4166666666666667
0.012077294685990338 0.4166666666666667
0.012067578439259855 0.4166666666666667
0.012057877813504822 0.4166666666666667
0.012048192771084338 0.4166666666666667
0.012038523274478331 0.4166666666666667
0.012028869286287089 0.4166666666666667
0.01201923076923077 0.4166666666666667
0.01200960768614892 0.4166666666666667
0.012 0.4166666666666667
0.011990407673860911 0.4166666666666667
0.011980830670926517 0.4166666666666667
0.011971268954509178 0.4166666666666667
0.011961722488038277 0.4166666666666667
0.01195219123505976 0.4166666666666667
0.01194267515923567 0.4166666666666667
0.011933174224343675 0.4166666666666667
0.01192368839427663 0.4166666666666667
0.011914217633042097 0.4166666666666667
0.011904761904761904 0.4166666666666667
0.011895321173671689 0.4166666666666667
0.011885895404120444 0.4166666666666667
0.011876484560570071 0.4166666666666667
0.011867088607594937 0.4166666666666667
0.011857707509881422 0.4166666666666667
0.011848341232227487 0.4166666666666667
0.011838989739542225 0.4166666666666667
0.011829652996845425 0.4166666666666667
0.01182033096926714 0.4166666666666667
0.011811023622047244 0.4166666666666667
0.011801730920535013 0.4166666666666667
0.01179245283018868 0.4166666666666667
0.01178318931657502 0.4166666666666667
0.011773940345368918 0.4166666666666667
0.011764705882352941 0.4166666666666667
0.011755485893416929 0.4166666666666667
0.011746280344557557 0.4166666666666667
0.011737089201877934 0.4166666666666667
0.011727912431587178 0.4166666666666667
0.01171875 0.4166666666666667
0.0117096018735363 0.4166666666666667
0.01170046801872075 0.4166666666666667
0.011691348402182385 0.4166666666666667
0.011682242990654205 0.4166666666666667
0.011673151750972763 0.4166666666666667
0.01166407465007776 0.4166666666666667
0.011655011655011656 0.4166666666666667
0.011645962732919254 0.4166666666666667
0.011636927851047323 0.4166666666666667
0.011627906976744186 0.4166666666666667
0.011618900077459334 0.4166666666666667
0.011609907120743035 0.4166666666666667
0.01160092807424594 0.4166666666666667
0.011591962905718702 0.4166666666666667
0.011583011583011582 0.4166666666666667
0.011574074074074073 0.4166666666666667
0.01156515034695451 0.4166666666666667
0.011556240369799691 0.4166666666666667
0.011547344110854504 0.4166666666666667
0.011538461538461539 0.4166666666666667
0.011529592621060722 0.4166666666666667
0.01152073732718894 0.4166666666666667
0.011511895625479662 0.4166666666666667
0.011503067484662576 0.4166666666666667
0.011494252873563218 0.4166666666666667
0.011485451761102604 0.4166666666666667
0.011476664116296864 0.4166666666666667
0.011467889908256881 0.4166666666666667
0.01145912910618793 0.4166666666666667
0.011450381679389313 0.4166666666666667
0.011441647597254004 0.4166666666666667
0.011432926829268292 0.4166666666666667
0.011424219345011425 0.4166666666666667
0.01141552511415525 0.4166666666666667
0.011406844106463879 0.4166666666666667
0.011398176291793313 0.4166666666666667
0.011389521640091117 0.4166666666666667
0.011380880121396054 0.4166666666666667
0.011372251705837756 0.4166666666666667
0.011363636363636364 0.4166666666666667
0.011355034065102196 0.4166666666666667
0.0113464447806354 0.4166666666666667
0.011337868480725623 0.4166666666666667
0.011329305135951661 0.4166666666666667
0.011320754716981131 0.4166666666666667
0.011312217194570135 0.4166666666666667
0.011303692539562924 0.4166666666666667
0.011295180722891566 0.4166666666666667
0.011286681715575621 0.4166666666666667
0.011278195488721804 0.4166666666666667
0.011269722013523666 0.4166666666666667
0.01126126126126126 0.4166666666666667
0.011252813203300824 0.4166666666666667
0.011244377811094454 0.4166666666666667
0.011235955056179775 0.4166666666666667
0.01122754491017964 0.4166666666666667
0.011219147344801795 0.4166666666666667
0.011210762331838564 0.4166666666666667
0.011202389843166542 0.4166666666666667
0.011194029850746268 0.4166666666666667
0.011185682326621925 0.4166666666666667
0.011177347242921014 0.4166666666666667
0.011169024571854059 0.4166666666666667
0.011160714285714286 0.4166666666666667
0.011152416356877323 0.4166666666666667
0.011144130757800892 0.4166666666666667
0.011135857461024499 0.4166666666666667
0.01112759643916914 0.4166666666666667
0.01111934766493699 0.4166666666666667
0.011111111111111112 0.4166666666666667
0.011843079200592153 0.4444444444444444
0.011834319526627219 0.4444444444444444
0.011825572801182557 0.4444444444444444
0.011816838995568686 0.4444444444444444
0.011808118081180811 0.4444444444444444
0.011799410029498525 0.4444444444444444
0.011790714812085483 0.4444444444444444
0.011782032400589101 0.4444444444444444
0.01177336276674025 0.4444444444444444
0.011764705882352941 0.4444444444444444
0.011756061719324026 0.4444444444444444
0.011747430249632892 0.4444444444444444
0.01173881144534116 0.4444444444444444
0.011730205278592375 0.4444444444444444
0.011721611721611722 0.4444444444444444
0.01171303074670571 0.4444444444444444
0.011704462326261888 0.4444444444444444
0.011695906432748537 0.4444444444444444
0.01168736303871439 0.4444444444444444
0.01167883211678832 0.4444444444444444
0.011670313639679067 0.4444444444444444
0.011661807580174927 0.4444444444444444
0.011653313911143482 0.4444444444444444
0.011644832605531296 0.4444444444444444
0.011636363636363636 0.4444444444444444
0.011627906976744186 0.4444444444444444
0.011619462599854757 0.4444444444444444
0.011611030478955007 0.4444444444444444
0.011602610587382161 0.4444444444444444
0.011594202898550725 0.4444444444444444
0.011585807385952208 0.4444444444444444
0.011577424023154847 0.4444444444444444
0.011569052783803326 0.4444444444444444
0.011560693641618497 0.4444444444444444
0.011552346570397111 0.4444444444444444
0.011544011544011544 0.4444444444444444
0.011535688536409516 0.4444444444444444
0.011527377521613832 0.4444444444444444
0.011519078473722102 0.4444444444444444
0.011510791366906475 0.4444444444444444
0.011502516175413372 0.4444444444444444
0.011494252873563218 0.4444444444444444
0.01148600143575018 0.4444444444444444
0.011477761836441894 0.4444444444444444
0.011469534050179211 0.4444444444444444
0.011461318051575931 0.4444444444444444
0.01145311381531854 0.4444444444444444
0.011444921316165951 0.4444444444444444
0.01143674052894925 0.4444444444444444
0.011428571428571429 0.4444444444444444
0.011420413990007138 0.4444444444444444
0.011412268188302425 0.4444444444444444
0.011404133998574484 0.4444444444444444
0.011396011396011397 0.4444444444444444
0.011387900355871887 0.4444444444444444
0.011379800853485065 0.4444444444444444
0.011371712864250177 0.4444444444444444
0.011363636363636364 0.4444444444444444
0.0113555713271824 0.4444444444444444
0.011347517730496455 0.4444444444444444
0.011339475549255847 0.4444444444444444
0.0113314447592068 0.4444444444444444
0.01132342533616419 0.4444444444444444
0.011315417256011316 0.4444444444444444
0.011307420494699646 0.4444444444444444
0.011299435028248588 0.4444444444444444
0.011291460832745237 0.4444444444444444
0.011283497884344146 0.4444444444444444
0.01127554615926709 0.4444444444444444
0.011267605633802818 0.4444444444444444
0.011259676284306826 0.4444444444444444
0.011251758087201125 0.4444444444444444
0.011243851018973999 0.4444444444444444
0.011235955056179775 0.4444444444444444
0.011228070175438596 0.4444444444444444
0.011220196353436185 0.4444444444444444
0.011212333566923615 0.4444444444444444
0.011204481792717087 0.4444444444444444
0.01119664100769769 0.4444444444444444
0.011188811188811189 0.4444444444444444
0.011180992313067784 0.4444444444444444
0.0111731843575419 0.4444444444444444
0.011165387299371946 0.4444444444444444
0.011157601115760111 0.4444444444444444
0.011149825783972125 0.4444444444444444
0.011142061281337047 0.4444444444444444
0.011134307585247043 0.4444444444444444
0.011126564673157162 0.4444444444444444
0.011118832522585128 0.4444444444444444
0.011111111111111112 0.4444444444444444
0.011103400416377515 0.4444444444444444
0.011095700416088766 0.4444444444444444
0.011088011088011088 0.4444444444444444
0.0110803324099723 0.4444444444444444
0.011072664359861591 0.4444444444444444
0.011065006915629323 0.4444444444444444
0.0110573600552868 0.4444444444444444
0.011049723756906077 0.4444444444444444
0.011042097998619738 0.4444444444444444
0.011034482758620689 0.4444444444444444
0.011026878015161957 0.4444444444444444
0.011019283746556474 0.4444444444444444
0.011011699931176875 0.4444444444444444
0.011004126547455296 0.4444444444444444
0.010996563573883162 0.4444444444444444
0.01098901098901099 0.4444444444444444
0.01098146877144818 0.4444444444444444
0.010973936899862825 0.4444444444444444
0.010966415352981495 0.4444444444444444
0.010958904109589041 0.4444444444444444
0.010951403148528405 0.4444444444444444
0.01094391244870041 0.4444444444444444
0.010936431989063569 0.4444444444444444
0.01092896174863388 0.4444444444444444
0.010921501706484642 0.4444444444444444
0.010914051841746248 0.4444444444444444
0.010906612133605999 0.4444444444444444
0.010899182561307902 0.4444444444444444
0.010891763104152484 0.4444444444444444
0.010884353741496598 0.4444444444444444
0.010876954452753228 0.4444444444444444
0.010869565217391304 0.4444444444444444
0.010862186014935505 0.4444444444444444
0.010854816824966078 0.4444444444444444
0.010847457627118645 0.4444444444444444
0.01084010840108401 0.4444444444444444
0.010832769126607989 0.4444444444444444
0.010825439783491205 0.4444444444444444
0.010818120351588911 0.4444444444444444
0.010810810810810811 0.4444444444444444
0.010803511141120865 0.4444444444444444
0.010796221322537112 0.4444444444444444
0.01078894133513149 0.4444444444444444
0.01078167115902965 0.4444444444444444
0.010774410774410775 0.4444444444444444
0.010767160161507403 0.4444444444444444
0.010759919300605245 0.4444444444444444
0.010752688172043012 0.4444444444444444
0.010745466756212223 0.4444444444444444
0.010738255033557046 0.4444444444444444
0.010731052984574111 0.4444444444444444
0.010723860589812333 0.4444444444444444
0.010716677829872739 0.4444444444444444
0.0107095046854083 0.4444444444444444
0.010702341137123745 0.4444444444444444
0.0106951871657754 0.4444444444444444
0.01068804275217101 0.4444444444444444
0.010680907877169559 0.4444444444444444
0.01067378252168112 0.4444444444444444
0.010666666666666666 0.4444444444444444
0.010659560293137908 0.4444444444444444
0.010652463382157125 0.4444444444444444
0.010645375914836993 0.4444444444444444
0.010638297872340425 0.4444444444444444
0.0106312292358804 0.4444444444444444
0.010624169986719787 0.4444444444444444
0.010617120106171201 0.4444444444444444
0.010610079575596816 0.4444444444444444
0.010603048376408217 0.4444444444444444
