1.0 0.004739336492890996
1.0 0.009478672985781991
1.0 0.009478672985781991
1.0 0.014218009478672985
1.0 0.018957345971563982
1.0 0.018957345971563982
1.0 0.018957345971563982
1.0 0.018957345971563982
1.0 0.018957345971563982
1.0 0.018957345971563982
1.0 0.018957345971563982
1.0 0.023696682464454975
1.0 0.02843601895734597
1.0 0.03317535545023697
1.0 0.037914691943127965
1.0 0.037914691943127965
1.0 0.037914691943127965
1.0 0.04265402843601896
1.0 0.04739336492890995
1.0 0.04739336492890995
1.0 0.04739336492890995
1.0 0.04739336492890995
1.0 0.04739336492890995
1.0 0.04739336492890995
1.0 0.052132701421800945
1.0 0.052132701421800945
1.0 0.052132701421800945
1.0 0.05687203791469194
1.0 0.05687203791469194
1.0 0.05687203791469194
1.0 0.061611374407582936
1.0 0.06635071090047394
1.0 0.07109004739336493
1.0 0.07109004739336493
1.0 0.07582938388625593
1.0 0.07582938388625593
1.0 0.07582938388625593
1.0 0.08056872037914692
1.0 0.08530805687203792
1.0 0.09004739336492891
0.95 0.09004739336492891
0.9545454545454546 0.0995260663507109
0.9545454545454546 0.0995260663507109
0.9545454545454546 0.0995260663507109
0.9545454545454546 0.0995260663507109
0.9565217391304348 0.10426540284360189
0.9583333333333334 0.10900473933649289
0.9583333333333334 0.10900473933649289
0.96 0.11374407582938388
0.9615384615384616 0.11848341232227488
0.9615384615384616 0.11848341232227488
0.9615384615384616 0.11848341232227488
0.9615384615384616 0.11848341232227488
0.9615384615384616 0.11848341232227488
0.9615384615384616 0.11848341232227488
0.9629629629629629 0.12322274881516587
0.9629629629629629 0.12322274881516587
0.9629629629629629 0.12322274881516587
0.9629629629629629 0.12322274881516587
0.9629629629629629 0.12322274881516587
0.9642857142857143 0.12796208530805686
0.9642857142857143 0.12796208530805686
0.9655172413793104 0.13270142180094788
0.9666666666666667 0.13744075829383887
0.967741935483871 0.14218009478672985
0.9375 0.14218009478672985
0.9393939393939394 0.14691943127962084
0.9393939393939394 0.14691943127962084
0.9411764705882353 0.15165876777251186
0.9411764705882353 0.15165876777251186
0.9411764705882353 0.15165876777251186
0.9411764705882353 0.15165876777251186
0.9411764705882353 0.15165876777251186
0.9411764705882353 0.15165876777251186
0.9411764705882353 0.15165876777251186
0.9411764705882353 0.15165876777251186
0.9428571428571428 0.15639810426540285
0.9444444444444444 0.16113744075829384
0.9444444444444444 0.16113744075829384
0.9444444444444444 0.16113744075829384
0.9444444444444444 0.16113744075829384
0.9444444444444444 0.16113744075829384
0.9444444444444444 0.16113744075829384
0.9444444444444444 0.16113744075829384
0.9444444444444444 0.16113744075829384
0.9459459459459459 0.16587677725118483
0.9459459459459459 0.16587677725118483
0.9473684210526315 0.17061611374407584
0.9487179487179487 0.17535545023696683
0.95 0.18009478672985782
0.95 0.18009478672985782
0.9512195121951219 0.1848341232227488
0.9512195121951219 0.1848341232227488
0.9523809523809523 0.1895734597156398
0.9523809523809523 0.1895734597156398
0.9523809523809523 0.1895734597156398
0.9302325581395349 0.1895734597156398
0.9302325581395349 0.1895734597156398
0.9302325581395349 0.1895734597156398
0.9302325581395349 0.1895734597156398
0.9302325581395349 0.1895734597156398
0.9302325581395349 0.1895734597156398
0.9302325581395349 0.1895734597156398
0.9318181818181818 0.1943127962085308
0.9318181818181818 0.1943127962085308
0.9318181818181818 0.1943127962085308
0.9318181818181818 0.1943127962085308
0.9318181818181818 0.1943127962085308
0.9318181818181818 0.1943127962085308
0.9318181818181818 0.1943127962085308
0.9318181818181818 0.1943127962085308
0.9333333333333333 0.1990521327014218
0.9347826086956522 0.2037914691943128
0.9347826086956522 0.2037914691943128
0.9361702127659575 0.20853080568720378
0.9375 0.2132701421800948
0.9387755102040817 0.21800947867298578
0.9387755102040817 0.21800947867298578
0.9387755102040817 0.21800947867298578
0.9387755102040817 0.21800947867298578
0.92 0.21800947867298578
0.92 0.21800947867298578
0.92 0.21800947867298578
0.9215686274509803 0.22274881516587677
0.9215686274509803 0.22274881516587677
0.9230769230769231 0.22748815165876776
0.9056603773584906 0.22748815165876776
0.9056603773584906 0.22748815165876776
0.9056603773584906 0.22748815165876776
0.9056603773584906 0.22748815165876776
0.9056603773584906 0.22748815165876776
0.9056603773584906 0.22748815165876776
0.9056603773584906 0.22748815165876776
0.9056603773584906 0.22748815165876776
0.9056603773584906 0.22748815165876776
0.9056603773584906 0.22748815165876776
0.9056603773584906 0.22748815165876776
0.9056603773584906 0.22748815165876776
0.8888888888888888 0.22748815165876776
0.8888888888888888 0.22748815165876776
0.8888888888888888 0.22748815165876776
0.8888888888888888 0.22748815165876776
0.8888888888888888 0.22748815165876776
0.8888888888888888 0.22748815165876776
0.8888888888888888 0.22748815165876776
0.8727272727272727 0.22748815165876776
0.8727272727272727 0.22748815165876776
0.8727272727272727 0.22748815165876776
0.8727272727272727 0.22748815165876776
0.8727272727272727 0.22748815165876776
0.875 0.23222748815165878
0.8771929824561403 0.23696682464454977
0.8771929824561403 0.23696682464454977
0.8771929824561403 0.23696682464454977
0.8771929824561403 0.23696682464454977
0.8793103448275862 0.24170616113744076
0.8793103448275862 0.24170616113744076
0.8793103448275862 0.24170616113744076
0.8793103448275862 0.24170616113744076
0.8793103448275862 0.24170616113744076
0.8793103448275862 0.24170616113744076
0.8793103448275862 0.24170616113744076
0.8793103448275862 0.24170616113744076
0.864406779661017 0.24170616113744076
0.8688524590163934 0.25118483412322273
0.8688524590163934 0.25118483412322273
0.8688524590163934 0.25118483412322273
0.8688524590163934 0.25118483412322273
0.8688524590163934 0.25118483412322273
0.8571428571428571 0.2559241706161137
0.8571428571428571 0.2559241706161137
0.8571428571428571 0.2559241706161137
0.8571428571428571 0.2559241706161137
0.8571428571428571 0.2559241706161137
0.8571428571428571 0.2559241706161137
0.8571428571428571 0.2559241706161137
0.8571428571428571 0.2559241706161137
0.8571428571428571 0.2559241706161137
0.8571428571428571 0.2559241706161137
0.859375 0.26066350710900477
0.859375 0.26066350710900477
0.859375 0.26066350710900477
0.8461538461538461 0.26066350710900477
0.8484848484848485 0.26540284360189575
0.8484848484848485 0.26540284360189575
0.8484848484848485 0.26540284360189575
0.8484848484848485 0.26540284360189575
0.8484848484848485 0.26540284360189575
0.8484848484848485 0.26540284360189575
0.8507462686567164 0.27014218009478674
0.8507462686567164 0.27014218009478674
0.8507462686567164 0.27014218009478674
0.8529411764705882 0.27488151658767773
0.855072463768116 0.2796208530805687
0.855072463768116 0.2796208530805687
0.855072463768116 0.2796208530805687
0.855072463768116 0.2796208530805687
0.855072463768116 0.2796208530805687
0.855072463768116 0.2796208530805687
0.855072463768116 0.2796208530805687
0.855072463768116 0.2796208530805687
0.855072463768116 0.2796208530805687
0.855072463768116 0.2796208530805687
0.855072463768116 0.2796208530805687
0.855072463768116 0.2796208530805687
0.855072463768116 0.2796208530805687
0.855072463768116 0.2796208530805687
0.855072463768116 0.2796208530805687
0.855072463768116 0.2796208530805687
0.855072463768116 0.2796208530805687
0.855072463768116 0.2796208530805687
0.855072463768116 0.2796208530805687
0.855072463768116 0.2796208530805687
0.855072463768116 0.2796208530805687
0.855072463768116 0.2796208530805687
0.855072463768116 0.2796208530805687
0.855072463768116 0.2796208530805687
0.855072463768116 0.2796208530805687
0.8428571428571429 0.2796208530805687
0.8428571428571429 0.2796208530805687
0.8428571428571429 0.2796208530805687
0.8428571428571429 0.2796208530805687
0.8428571428571429 0.2796208530805687
0.8428571428571429 0.2796208530805687
0.8428571428571429 0.2796208530805687
0.8428571428571429 0.2796208530805687
0.8428571428571429 0.2796208530805687
0.8428571428571429 0.2796208530805687
0.8428571428571429 0.2796208530805687
0.8428571428571429 0.2796208530805687
0.8428571428571429 0.2796208530805687
0.8428571428571429 0.2796208530805687
0.8428571428571429 0.2796208530805687
0.8428571428571429 0.2796208530805687
0.8428571428571429 0.2796208530805687
0.8428571428571429 0.2796208530805687
0.8428571428571429 0.2796208530805687
0.8428571428571429 0.2796208530805687
0.8428571428571429 0.2796208530805687
0.8428571428571429 0.2796208530805687
0.8428571428571429 0.2796208530805687
0.8428571428571429 0.2796208530805687
0.8428571428571429 0.2796208530805687
0.8428571428571429 0.2796208530805687
0.8428571428571429 0.2796208530805687
0.8428571428571429 0.2796208530805687
0.8428571428571429 0.2796208530805687
0.8428571428571429 0.2796208530805687
0.8428571428571429 0.2796208530805687
0.8428571428571429 0.2796208530805687
0.8428571428571429 0.2796208530805687
0.8428571428571429 0.2796208530805687
0.8428571428571429 0.2796208530805687
0.8428571428571429 0.2796208530805687
0.8428571428571429 0.2796208530805687
0.8428571428571429 0.2796208530805687
0.8428571428571429 0.2796208530805687
0.8428571428571429 0.2796208530805687
0.8428571428571429 0.2796208530805687
0.8428571428571429 0.2796208530805687
0.8428571428571429 0.2796208530805687
0.8428571428571429 0.2796208530805687
0.8428571428571429 0.2796208530805687
0.8428571428571429 0.2796208530805687
0.8309859154929577 0.2796208530805687
0.8309859154929577 0.2796208530805687
0.8309859154929577 0.2796208530805687
0.8309859154929577 0.2796208530805687
0.8309859154929577 0.2796208530805687
0.8309859154929577 0.2796208530805687
0.8309859154929577 0.2796208530805687
0.8309859154929577 0.2796208530805687
0.8309859154929577 0.2796208530805687
0.8309859154929577 0.2796208530805687
0.8309859154929577 0.2796208530805687
0.8309859154929577 0.2796208530805687
0.8309859154929577 0.2796208530805687
0.8309859154929577 0.2796208530805687
0.8309859154929577 0.2796208530805687
0.8309859154929577 0.2796208530805687
0.8309859154929577 0.2796208530805687
0.8309859154929577 0.2796208530805687
0.8309859154929577 0.2796208530805687
0.8309859154929577 0.2796208530805687
0.8309859154929577 0.2796208530805687
0.8309859154929577 0.2796208530805687
0.8309859154929577 0.2796208530805687
0.8309859154929577 0.2796208530805687
0.8309859154929577 0.2796208530805687
0.8309859154929577 0.2796208530805687
0.8309859154929577 0.2796208530805687
0.8309859154929577 0.2796208530805687
0.8309859154929577 0.2796208530805687
0.8309859154929577 0.2796208530805687
0.8309859154929577 0.2796208530805687
0.8309859154929577 0.2796208530805687
0.8309859154929577 0.2796208530805687
0.8309859154929577 0.2796208530805687
0.8309859154929577 0.2796208530805687
0.8309859154929577 0.2796208530805687
0.8309859154929577 0.2796208530805687
0.8309859154929577 0.2796208530805687
0.8309859154929577 0.2796208530805687
0.8309859154929577 0.2796208530805687
0.8309859154929577 0.2796208530805687
0.8309859154929577 0.2796208530805687
0.8309859154929577 0.2796208530805687
0.8309859154929577 0.2796208530805687
0.8309859154929577 0.2796208530805687
0.8309859154929577 0.2796208530805687
0.8309859154929577 0.2796208530805687
0.8309859154929577 0.2796208530805687
0.8309859154929577 0.2796208530805687
0.8309859154929577 0.2796208530805687
0.8309859154929577 0.2796208530805687
0.8309859154929577 0.2796208530805687
0.8309859154929577 0.2796208530805687
0.8309859154929577 0.2796208530805687
0.8309859154929577 0.2796208530805687
0.8309859154929577 0.2796208530805687
0.8309859154929577 0.2796208530805687
0.8309859154929577 0.2796208530805687
0.8194444444444444 0.2796208530805687
0.8194444444444444 0.2796208530805687
0.8194444444444444 0.2796208530805687
0.8194444444444444 0.2796208530805687
0.8194444444444444 0.2796208530805687
0.8194444444444444 0.2796208530805687
0.8194444444444444 0.2796208530805687
0.8194444444444444 0.2796208530805687
0.8194444444444444 0.2796208530805687
0.8194444444444444 0.2796208530805687
0.8194444444444444 0.2796208530805687
0.8194444444444444 0.2796208530805687
0.8194444444444444 0.2796208530805687
0.8194444444444444 0.2796208530805687
0.8194444444444444 0.2796208530805687
0.8194444444444444 0.2796208530805687
0.8194444444444444 0.2796208530805687
0.8194444444444444 0.2796208530805687
0.8194444444444444 0.2796208530805687
0.8194444444444444 0.2796208530805687
0.8194444444444444 0.2796208530805687
0.8194444444444444 0.2796208530805687
0.8194444444444444 0.2796208530805687
0.8194444444444444 0.2796208530805687
0.8194444444444444 0.2796208530805687
0.8194444444444444 0.2796208530805687
0.8194444444444444 0.2796208530805687
0.8194444444444444 0.2796208530805687
0.8194444444444444 0.2796208530805687
0.8194444444444444 0.2796208530805687
0.8082191780821918 0.2796208530805687
0.8082191780821918 0.2796208530805687
0.8082191780821918 0.2796208530805687
0.8082191780821918 0.2796208530805687
0.8082191780821918 0.2796208530805687
0.8082191780821918 0.2796208530805687
0.8082191780821918 0.2796208530805687
0.8082191780821918 0.2796208530805687
0.8082191780821918 0.2796208530805687
0.8082191780821918 0.2796208530805687
0.8082191780821918 0.2796208530805687
0.8082191780821918 0.2796208530805687
0.8082191780821918 0.2796208530805687
0.8082191780821918 0.2796208530805687
0.8082191780821918 0.2796208530805687
0.8082191780821918 0.2796208530805687
0.8082191780821918 0.2796208530805687
0.8082191780821918 0.2796208530805687
0.8082191780821918 0.2796208530805687
0.8082191780821918 0.2796208530805687
0.8082191780821918 0.2796208530805687
0.8082191780821918 0.2796208530805687
0.8082191780821918 0.2796208530805687
0.8082191780821918 0.2796208530805687
0.8108108108108109 0.2843601895734597
0.8108108108108109 0.2843601895734597
0.8108108108108109 0.2843601895734597
0.8133333333333334 0.2890995260663507
0.8133333333333334 0.2890995260663507
0.8133333333333334 0.2890995260663507
0.8133333333333334 0.2890995260663507
0.8133333333333334 0.2890995260663507
0.8133333333333334 0.2890995260663507
0.8133333333333334 0.2890995260663507
0.8133333333333334 0.2890995260663507
0.8133333333333334 0.2890995260663507
0.8133333333333334 0.2890995260663507
0.8026315789473685 0.2890995260663507
0.8026315789473685 0.2890995260663507
0.8026315789473685 0.2890995260663507
0.8026315789473685 0.2890995260663507
0.8026315789473685 0.2890995260663507
0.8026315789473685 0.2890995260663507
0.8026315789473685 0.2890995260663507
0.8026315789473685 0.2890995260663507
0.8026315789473685 0.2890995260663507
0.8026315789473685 0.2890995260663507
0.7922077922077922 0.2890995260663507
0.7922077922077922 0.2890995260663507
0.7922077922077922 0.2890995260663507
0.7922077922077922 0.2890995260663507
0.782051282051282 0.2890995260663507
0.782051282051282 0.2890995260663507
0.782051282051282 0.2890995260663507
0.782051282051282 0.2890995260663507
0.782051282051282 0.2890995260663507
0.782051282051282 0.2890995260663507
0.782051282051282 0.2890995260663507
0.782051282051282 0.2890995260663507
0.782051282051282 0.2890995260663507
0.782051282051282 0.2890995260663507
0.782051282051282 0.2890995260663507
0.782051282051282 0.2890995260663507
0.782051282051282 0.2890995260663507
0.782051282051282 0.2890995260663507
0.782051282051282 0.2890995260663507
0.782051282051282 0.2890995260663507
0.782051282051282 0.2890995260663507
0.782051282051282 0.2890995260663507
0.782051282051282 0.2890995260663507
0.782051282051282 0.2890995260663507
0.782051282051282 0.2890995260663507
0.782051282051282 0.2890995260663507
0.7721518987341772 0.2890995260663507
0.7625 0.2890995260663507
0.7625 0.2890995260663507
0.7625 0.2890995260663507
0.7625 0.2890995260663507
0.7625 0.2890995260663507
0.7625 0.2890995260663507
0.7625 0.2890995260663507
0.7625 0.2890995260663507
0.7625 0.2890995260663507
0.7625 0.2890995260663507
0.7625 0.2890995260663507
0.7625 0.2890995260663507
0.7625 0.2890995260663507
0.7625 0.2890995260663507
0.7625 0.2890995260663507
0.7625 0.2890995260663507
0.7625 0.2890995260663507
0.7625 0.2890995260663507
0.7625 0.2890995260663507
0.7625 0.2890995260663507
0.7625 0.2890995260663507
0.7625 0.2890995260663507
0.7625 0.2890995260663507
0.7625 0.2890995260663507
0.7625 0.2890995260663507
0.7625 0.2890995260663507
0.7625 0.2890995260663507
0.7625 0.2890995260663507
0.7625 0.2890995260663507
0.7530864197530864 0.2890995260663507
0.7530864197530864 0.2890995260663507
0.7530864197530864 0.2890995260663507
0.7530864197530864 0.2890995260663507
0.7530864197530864 0.2890995260663507
0.7530864197530864 0.2890995260663507
0.7530864197530864 0.2890995260663507
0.7530864197530864 0.2890995260663507
0.7530864197530864 0.2890995260663507
0.7530864197530864 0.2890995260663507
0.7530864197530864 0.2890995260663507
0.7530864197530864 0.2890995260663507
0.7530864197530864 0.2890995260663507
0.7530864197530864 0.2890995260663507
0.7530864197530864 0.2890995260663507
0.7530864197530864 0.2890995260663507
0.7439024390243902 0.2890995260663507
0.7439024390243902 0.2890995260663507
0.7439024390243902 0.2890995260663507
0.7439024390243902 0.2890995260663507
0.7439024390243902 0.2890995260663507
0.7439024390243902 0.2890995260663507
0.7439024390243902 0.2890995260663507
0.7439024390243902 0.2890995260663507
0.7439024390243902 0.2890995260663507
0.7439024390243902 0.2890995260663507
0.7439024390243902 0.2890995260663507
0.7439024390243902 0.2890995260663507
0.7439024390243902 0.2890995260663507
0.7439024390243902 0.2890995260663507
0.7439024390243902 0.2890995260663507
0.7439024390243902 0.2890995260663507
0.7439024390243902 0.2890995260663507
0.7439024390243902 0.2890995260663507
0.7439024390243902 0.2890995260663507
0.7439024390243902 0.2890995260663507
0.7439024390243902 0.2890995260663507
0.7439024390243902 0.2890995260663507
0.7439024390243902 0.2890995260663507
0.7439024390243902 0.2890995260663507
0.7439024390243902 0.2890995260663507
0.7439024390243902 0.2890995260663507
0.7439024390243902 0.2890995260663507
0.7439024390243902 0.2890995260663507
0.7439024390243902 0.2890995260663507
0.7439024390243902 0.2890995260663507
0.7439024390243902 0.2890995260663507
0.7439024390243902 0.2890995260663507
0.7439024390243902 0.2890995260663507
0.7439024390243902 0.2890995260663507
0.7469879518072289 0.2938388625592417
0.7469879518072289 0.2938388625592417
0.7469879518072289 0.2938388625592417
0.7469879518072289 0.2938388625592417
0.7469879518072289 0.2938388625592417
0.7380952380952381 0.2938388625592417
0.7294117647058823 0.2938388625592417
0.7294117647058823 0.2938388625592417
0.7294117647058823 0.2938388625592417
0.7325581395348837 0.2985781990521327
0.7325581395348837 0.2985781990521327
0.735632183908046 0.3033175355450237
0.735632183908046 0.3033175355450237
0.735632183908046 0.3033175355450237
0.735632183908046 0.3033175355450237
0.735632183908046 0.3033175355450237
0.735632183908046 0.3033175355450237
0.735632183908046 0.3033175355450237
0.735632183908046 0.3033175355450237
0.735632183908046 0.3033175355450237
0.735632183908046 0.3033175355450237
0.735632183908046 0.3033175355450237
0.735632183908046 0.3033175355450237
0.735632183908046 0.3033175355450237
0.735632183908046 0.3033175355450237
0.735632183908046 0.3033175355450237
0.735632183908046 0.3033175355450237
0.735632183908046 0.3033175355450237
0.735632183908046 0.3033175355450237
0.735632183908046 0.3033175355450237
0.735632183908046 0.3033175355450237
0.735632183908046 0.3033175355450237
0.735632183908046 0.3033175355450237
0.735632183908046 0.3033175355450237
0.735632183908046 0.3033175355450237
0.735632183908046 0.3033175355450237
0.735632183908046 0.3033175355450237
0.735632183908046 0.3033175355450237
0.735632183908046 0.3033175355450237
0.735632183908046 0.3033175355450237
0.735632183908046 0.3033175355450237
0.735632183908046 0.3033175355450237
0.735632183908046 0.3033175355450237
0.735632183908046 0.3033175355450237
0.735632183908046 0.3033175355450237
0.735632183908046 0.3033175355450237
0.735632183908046 0.3033175355450237
0.735632183908046 0.3033175355450237
0.735632183908046 0.3033175355450237
0.735632183908046 0.3033175355450237
0.735632183908046 0.3033175355450237
0.735632183908046 0.3033175355450237
0.735632183908046 0.3033175355450237
0.735632183908046 0.3033175355450237
0.735632183908046 0.3033175355450237
0.735632183908046 0.3033175355450237
0.735632183908046 0.3033175355450237
0.735632183908046 0.3033175355450237
0.735632183908046 0.3033175355450237
0.735632183908046 0.3033175355450237
0.735632183908046 0.3033175355450237
0.735632183908046 0.3033175355450237
0.735632183908046 0.3033175355450237
0.735632183908046 0.3033175355450237
0.7386363636363636 0.3080568720379147
0.7386363636363636 0.3080568720379147
0.7386363636363636 0.3080568720379147
0.7386363636363636 0.3080568720379147
0.7386363636363636 0.3080568720379147
0.7386363636363636 0.3080568720379147
0.7386363636363636 0.3080568720379147
0.7386363636363636 0.3080568720379147
0.7386363636363636 0.3080568720379147
0.7386363636363636 0.3080568720379147
0.7386363636363636 0.3080568720379147
0.7386363636363636 0.3080568720379147
0.7386363636363636 0.3080568720379147
0.7386363636363636 0.3080568720379147
0.7386363636363636 0.3080568720379147
0.7386363636363636 0.3080568720379147
0.7386363636363636 0.3080568720379147
0.7386363636363636 0.3080568720379147
0.7386363636363636 0.3080568720379147
0.7386363636363636 0.3080568720379147
0.7386363636363636 0.3080568720379147
0.7386363636363636 0.3080568720379147
0.7386363636363636 0.3080568720379147
0.7386363636363636 0.3080568720379147
0.7386363636363636 0.3080568720379147
0.7386363636363636 0.3080568720379147
0.7386363636363636 0.3080568720379147
0.7386363636363636 0.3080568720379147
0.7386363636363636 0.3080568720379147
0.7386363636363636 0.3080568720379147
0.7386363636363636 0.3080568720379147
0.7386363636363636 0.3080568720379147
0.7386363636363636 0.3080568720379147
0.7386363636363636 0.3080568720379147
0.7386363636363636 0.3080568720379147
0.7386363636363636 0.3080568720379147
0.7386363636363636 0.3080568720379147
0.7386363636363636 0.3080568720379147
0.7386363636363636 0.3080568720379147
0.7386363636363636 0.3080568720379147
0.7386363636363636 0.3080568720379147
0.7303370786516854 0.3080568720379147
0.7303370786516854 0.3080568720379147
0.7303370786516854 0.3080568720379147
0.7303370786516854 0.3080568720379147
0.7303370786516854 0.3080568720379147
0.7303370786516854 0.3080568720379147
0.7303370786516854 0.3080568720379147
0.7303370786516854 0.3080568720379147
0.7303370786516854 0.3080568720379147
0.7303370786516854 0.3080568720379147
0.7303370786516854 0.3080568720379147
0.7303370786516854 0.3080568720379147
0.7303370786516854 0.3080568720379147
0.7142857142857143 0.3080568720379147
0.7065217391304348 0.3080568720379147
0.7065217391304348 0.3080568720379147
0.7065217391304348 0.3080568720379147
0.7065217391304348 0.3080568720379147
0.7065217391304348 0.3080568720379147
0.6989247311827957 0.3080568720379147
0.6989247311827957 0.3080568720379147
0.6989247311827957 0.3080568720379147
0.6989247311827957 0.3080568720379147
0.6914893617021277 0.3080568720379147
0.6914893617021277 0.3080568720379147
0.6914893617021277 0.3080568720379147
0.6914893617021277 0.3080568720379147
0.6914893617021277 0.3080568720379147
0.6914893617021277 0.3080568720379147
0.6914893617021277 0.3080568720379147
0.6842105263157895 0.3080568720379147
0.6842105263157895 0.3080568720379147
0.6842105263157895 0.3080568720379147
0.6842105263157895 0.3080568720379147
0.6842105263157895 0.3080568720379147
0.6842105263157895 0.3080568720379147
0.6842105263157895 0.3080568720379147
0.6842105263157895 0.3080568720379147
0.6842105263157895 0.3080568720379147
0.6842105263157895 0.3080568720379147
0.6770833333333334 0.3080568720379147
0.6770833333333334 0.3080568720379147
0.6770833333333334 0.3080568720379147
0.6770833333333334 0.3080568720379147
0.6770833333333334 0.3080568720379147
0.6770833333333334 0.3080568720379147
0.6770833333333334 0.3080568720379147
0.6770833333333334 0.3080568720379147
0.6770833333333334 0.3080568720379147
0.6770833333333334 0.3080568720379147
0.6770833333333334 0.3080568720379147
0.6770833333333334 0.3080568720379147
0.6770833333333334 0.3080568720379147
0.6770833333333334 0.3080568720379147
0.6770833333333334 0.3080568720379147
0.6770833333333334 0.3080568720379147
0.6770833333333334 0.3080568720379147
0.6770833333333334 0.3080568720379147
0.6770833333333334 0.3080568720379147
0.6770833333333334 0.3080568720379147
0.6770833333333334 0.3080568720379147
0.6770833333333334 0.3080568720379147
0.6770833333333334 0.3080568720379147
0.6770833333333334 0.3080568720379147
0.6770833333333334 0.3080568720379147
0.6770833333333334 0.3080568720379147
0.6770833333333334 0.3080568720379147
0.6770833333333334 0.3080568720379147
0.6770833333333334 0.3080568720379147
0.6770833333333334 0.3080568720379147
0.6770833333333334 0.3080568720379147
0.6770833333333334 0.3080568720379147
0.6770833333333334 0.3080568720379147
0.6770833333333334 0.3080568720379147
0.6770833333333334 0.3080568720379147
0.6770833333333334 0.3080568720379147
0.6770833333333334 0.3080568720379147
0.6770833333333334 0.3080568720379147
0.6770833333333334 0.3080568720379147
0.6770833333333334 0.3080568720379147
0.6770833333333334 0.3080568720379147
0.6770833333333334 0.3080568720379147
0.6770833333333334 0.3080568720379147
0.6770833333333334 0.3080568720379147
0.6770833333333334 0.3080568720379147
0.6770833333333334 0.3080568720379147
0.6770833333333334 0.3080568720379147
0.6770833333333334 0.3080568720379147
0.6770833333333334 0.3080568720379147
0.6770833333333334 0.3080568720379147
0.6770833333333334 0.3080568720379147
0.6770833333333334 0.3080568720379147
0.6770833333333334 0.3080568720379147
0.6770833333333334 0.3080568720379147
0.6770833333333334 0.3080568720379147
0.6770833333333334 0.3080568720379147
0.6770833333333334 0.3080568720379147
0.6770833333333334 0.3080568720379147
0.6770833333333334 0.3080568720379147
0.6770833333333334 0.3080568720379147
0.6770833333333334 0.3080568720379147
0.6770833333333334 0.3080568720379147
0.6770833333333334 0.3080568720379147
0.6770833333333334 0.3080568720379147
0.6770833333333334 0.3080568720379147
0.6770833333333334 0.3080568720379147
0.6770833333333334 0.3080568720379147
0.6701030927835051 0.3080568720379147
0.6701030927835051 0.3080568720379147
0.6701030927835051 0.3080568720379147
0.6701030927835051 0.3080568720379147
0.6701030927835051 0.3080568720379147
0.6701030927835051 0.3080568720379147
0.6701030927835051 0.3080568720379147
0.6701030927835051 0.3080568720379147
0.6701030927835051 0.3080568720379147
0.6701030927835051 0.3080568720379147
0.6701030927835051 0.3080568720379147
0.6701030927835051 0.3080568720379147
0.6701030927835051 0.3080568720379147
0.6701030927835051 0.3080568720379147
0.6701030927835051 0.3080568720379147
0.6701030927835051 0.3080568720379147
0.6701030927835051 0.3080568720379147
0.6701030927835051 0.3080568720379147
0.6701030927835051 0.3080568720379147
0.6701030927835051 0.3080568720379147
0.6632653061224489 0.3080568720379147
0.6632653061224489 0.3080568720379147
0.6632653061224489 0.3080568720379147
0.6632653061224489 0.3080568720379147
0.6632653061224489 0.3080568720379147
0.6632653061224489 0.3080568720379147
0.6632653061224489 0.3080568720379147
0.6632653061224489 0.3080568720379147
0.6632653061224489 0.3080568720379147
0.6632653061224489 0.3080568720379147
0.6632653061224489 0.3080568720379147
0.6632653061224489 0.3080568720379147
0.6632653061224489 0.3080568720379147
0.6632653061224489 0.3080568720379147
0.6565656565656566 0.3080568720379147
0.6565656565656566 0.3080568720379147
0.6565656565656566 0.3080568720379147
0.6565656565656566 0.3080568720379147
0.6565656565656566 0.3080568720379147
0.6565656565656566 0.3080568720379147
0.6565656565656566 0.3080568720379147
0.6565656565656566 0.3080568720379147
0.6565656565656566 0.3080568720379147
0.6565656565656566 0.3080568720379147
0.6565656565656566 0.3080568720379147
0.6565656565656566 0.3080568720379147
0.6565656565656566 0.3080568720379147
0.6565656565656566 0.3080568720379147
0.6565656565656566 0.3080568720379147
0.6565656565656566 0.3080568720379147
0.6565656565656566 0.3080568720379147
0.6565656565656566 0.3080568720379147
0.6565656565656566 0.3080568720379147
0.6565656565656566 0.3080568720379147
0.6565656565656566 0.3080568720379147
0.6565656565656566 0.3080568720379147
0.65 0.3080568720379147
0.65 0.3080568720379147
0.65 0.3080568720379147
0.65 0.3080568720379147
0.65 0.3080568720379147
0.65 0.3080568720379147
0.65 0.3080568720379147
0.65 0.3080568720379147
0.65 0.3080568720379147
0.65 0.3080568720379147
0.65 0.3080568720379147
0.65 0.3080568720379147
0.65 0.3080568720379147
0.65 0.3080568720379147
0.65 0.3080568720379147
0.65 0.3080568720379147
0.65 0.3080568720379147
0.65 0.3080568720379147
0.65 0.3080568720379147
0.65 0.3080568720379147
0.65 0.3080568720379147
0.65 0.3080568720379147
0.65 0.3080568720379147
0.65 0.3080568720379147
0.65 0.3080568720379147
0.6435643564356436 0.3080568720379147
0.6435643564356436 0.3080568720379147
0.6435643564356436 0.3080568720379147
0.6435643564356436 0.3080568720379147
0.6435643564356436 0.3080568720379147
0.6435643564356436 0.3080568720379147
0.6435643564356436 0.3080568720379147
0.6435643564356436 0.3080568720379147
0.6435643564356436 0.3080568720379147
0.6435643564356436 0.3080568720379147
0.6435643564356436 0.3080568720379147
0.6435643564356436 0.3080568720379147
0.6435643564356436 0.3080568720379147
0.6435643564356436 0.3080568720379147
0.6435643564356436 0.3080568720379147
0.6435643564356436 0.3080568720379147
0.6435643564356436 0.3080568720379147
0.6435643564356436 0.3080568720379147
0.6435643564356436 0.3080568720379147
0.6435643564356436 0.3080568720379147
0.6372549019607843 0.3080568720379147
0.6372549019607843 0.3080568720379147
0.6372549019607843 0.3080568720379147
0.6372549019607843 0.3080568720379147
0.6372549019607843 0.3080568720379147
0.6372549019607843 0.3080568720379147
0.6372549019607843 0.3080568720379147
0.6372549019607843 0.3080568720379147
0.6372549019607843 0.3080568720379147
0.6372549019607843 0.3080568720379147
0.6372549019607843 0.3080568720379147
0.6372549019607843 0.3080568720379147
0.6372549019607843 0.3080568720379147
0.6372549019607843 0.3080568720379147
0.6372549019607843 0.3080568720379147
0.6372549019607843 0.3080568720379147
0.6372549019607843 0.3080568720379147
0.6372549019607843 0.3080568720379147
0.6372549019607843 0.3080568720379147
0.6372549019607843 0.3080568720379147
0.6372549019607843 0.3080568720379147
0.6372549019607843 0.3080568720379147
0.6372549019607843 0.3080568720379147
0.6372549019607843 0.3080568720379147
0.6372549019607843 0.3080568720379147
0.6372549019607843 0.3080568720379147
0.6372549019607843 0.3080568720379147
0.6372549019607843 0.3080568720379147
0.6372549019607843 0.3080568720379147
0.6372549019607843 0.3080568720379147
0.6372549019607843 0.3080568720379147
0.6372549019607843 0.3080568720379147
0.6407766990291263 0.3127962085308057
0.6407766990291263 0.3127962085308057
0.6407766990291263 0.3127962085308057
0.6407766990291263 0.3127962085308057
0.6407766990291263 0.3127962085308057
0.6407766990291263 0.3127962085308057
0.6407766990291263 0.3127962085308057
0.6407766990291263 0.3127962085308057
0.6407766990291263 0.3127962085308057
0.6407766990291263 0.3127962085308057
0.6407766990291263 0.3127962085308057
0.6407766990291263 0.3127962085308057
0.6407766990291263 0.3127962085308057
0.6407766990291263 0.3127962085308057
0.6407766990291263 0.3127962085308057
0.6407766990291263 0.3127962085308057
0.6407766990291263 0.3127962085308057
0.6346153846153846 0.3127962085308057
0.6346153846153846 0.3127962085308057
0.6346153846153846 0.3127962085308057
0.6346153846153846 0.3127962085308057
0.6346153846153846 0.3127962085308057
0.6346153846153846 0.3127962085308057
0.6346153846153846 0.3127962085308057
0.638095238095238 0.3175355450236967
0.6415094339622641 0.3222748815165877
0.6415094339622641 0.3222748815165877
0.6415094339622641 0.3222748815165877
0.6415094339622641 0.3222748815165877
0.6415094339622641 0.3222748815165877
0.6355140186915887 0.3222748815165877
0.6355140186915887 0.3222748815165877
0.6355140186915887 0.3222748815165877
0.6355140186915887 0.3222748815165877
0.6355140186915887 0.3222748815165877
0.6355140186915887 0.3222748815165877
0.6355140186915887 0.3222748815165877
0.6355140186915887 0.3222748815165877
0.6355140186915887 0.3222748815165877
0.6355140186915887 0.3222748815165877
0.6355140186915887 0.3222748815165877
0.6355140186915887 0.3222748815165877
0.6296296296296297 0.3222748815165877
0.6296296296296297 0.3222748815165877
0.6296296296296297 0.3222748815165877
0.6296296296296297 0.3222748815165877
0.6296296296296297 0.3222748815165877
0.6296296296296297 0.3222748815165877
0.6296296296296297 0.3222748815165877
0.6296296296296297 0.3222748815165877
0.6296296296296297 0.3222748815165877
0.6296296296296297 0.3222748815165877
0.6296296296296297 0.3222748815165877
0.6296296296296297 0.3222748815165877
0.6296296296296297 0.3222748815165877
0.6296296296296297 0.3222748815165877
0.6296296296296297 0.3222748815165877
0.6296296296296297 0.3222748815165877
0.6238532110091743 0.3222748815165877
0.6181818181818182 0.3222748815165877
0.6181818181818182 0.3222748815165877
0.6181818181818182 0.3222748815165877
0.6181818181818182 0.3222748815165877
0.6126126126126126 0.3222748815165877
0.6126126126126126 0.3222748815165877
0.6126126126126126 0.3222748815165877
0.6126126126126126 0.3222748815165877
0.6126126126126126 0.3222748815165877
0.6126126126126126 0.3222748815165877
0.6126126126126126 0.3222748815165877
0.6126126126126126 0.3222748815165877
0.6126126126126126 0.3222748815165877
0.6126126126126126 0.3222748815165877
0.6126126126126126 0.3222748815165877
0.6126126126126126 0.3222748815165877
0.6126126126126126 0.3222748815165877
0.6160714285714286 0.32701421800947866
0.6160714285714286 0.32701421800947866
0.6160714285714286 0.32701421800947866
0.6160714285714286 0.32701421800947866
0.6160714285714286 0.32701421800947866
0.6160714285714286 0.32701421800947866
0.6160714285714286 0.32701421800947866
0.6160714285714286 0.32701421800947866
0.6160714285714286 0.32701421800947866
0.6160714285714286 0.32701421800947866
0.6160714285714286 0.32701421800947866
0.6106194690265486 0.32701421800947866
0.6106194690265486 0.32701421800947866
0.6106194690265486 0.32701421800947866
0.6106194690265486 0.32701421800947866
0.6106194690265486 0.32701421800947866
0.6106194690265486 0.32701421800947866
0.6106194690265486 0.32701421800947866
0.6106194690265486 0.32701421800947866
0.6106194690265486 0.32701421800947866
0.6106194690265486 0.32701421800947866
0.6052631578947368 0.32701421800947866
0.6052631578947368 0.32701421800947866
0.6052631578947368 0.32701421800947866
0.6052631578947368 0.32701421800947866
0.6052631578947368 0.32701421800947866
0.6052631578947368 0.32701421800947866
0.6052631578947368 0.32701421800947866
0.6052631578947368 0.32701421800947866
0.6052631578947368 0.32701421800947866
0.6052631578947368 0.32701421800947866
0.6052631578947368 0.32701421800947866
0.6052631578947368 0.32701421800947866
0.6052631578947368 0.32701421800947866
0.6052631578947368 0.32701421800947866
0.6052631578947368 0.32701421800947866
0.6052631578947368 0.32701421800947866
0.6052631578947368 0.32701421800947866
0.6052631578947368 0.32701421800947866
0.6052631578947368 0.32701421800947866
0.6052631578947368 0.32701421800947866
0.6052631578947368 0.32701421800947866
0.6052631578947368 0.32701421800947866
0.6052631578947368 0.32701421800947866
0.6052631578947368 0.32701421800947866
0.6052631578947368 0.32701421800947866
0.6052631578947368 0.32701421800947866
0.6052631578947368 0.32701421800947866
0.6052631578947368 0.32701421800947866
0.6052631578947368 0.32701421800947866
0.6052631578947368 0.32701421800947866
0.6052631578947368 0.32701421800947866
0.6052631578947368 0.32701421800947866
0.6 0.32701421800947866
0.6 0.32701421800947866
0.6 0.32701421800947866
0.603448275862069 0.33175355450236965
0.603448275862069 0.33175355450236965
0.5982905982905983 0.33175355450236965
0.5982905982905983 0.33175355450236965
0.5982905982905983 0.33175355450236965
0.5982905982905983 0.33175355450236965
0.5982905982905983 0.33175355450236965
0.5932203389830508 0.33175355450236965
0.5932203389830508 0.33175355450236965
0.5932203389830508 0.33175355450236965
0.5932203389830508 0.33175355450236965
0.5932203389830508 0.33175355450236965
0.5932203389830508 0.33175355450236965
0.5932203389830508 0.33175355450236965
0.5932203389830508 0.33175355450236965
0.5932203389830508 0.33175355450236965
0.5932203389830508 0.33175355450236965
0.5932203389830508 0.33175355450236965
0.5932203389830508 0.33175355450236965
0.5932203389830508 0.33175355450236965
0.5932203389830508 0.33175355450236965
0.5932203389830508 0.33175355450236965
0.5932203389830508 0.33175355450236965
0.5932203389830508 0.33175355450236965
0.5932203389830508 0.33175355450236965
0.5932203389830508 0.33175355450236965
0.5932203389830508 0.33175355450236965
0.5932203389830508 0.33175355450236965
0.5932203389830508 0.33175355450236965
0.5932203389830508 0.33175355450236965
0.5932203389830508 0.33175355450236965
0.5932203389830508 0.33175355450236965
0.5882352941176471 0.33175355450236965
0.5882352941176471 0.33175355450236965
0.5916666666666667 0.33649289099526064
