1.0 0.00909090909090909
1.0 0.01818181818181818
1.0 0.02727272727272727
1.0 0.03636363636363636
1.0 0.045454545454545456
1.0 0.05454545454545454
1.0 0.06363636363636363
1.0 0.07272727272727272
1.0 0.07272727272727272
1.0 0.08181818181818182
1.0 0.08181818181818182
1.0 0.08181818181818182
1.0 0.08181818181818182
1.0 0.08181818181818182
1.0 0.08181818181818182
1.0 0.08181818181818182
1.0 0.08181818181818182
1.0 0.08181818181818182
1.0 0.08181818181818182
1.0 0.08181818181818182
1.0 0.08181818181818182
1.0 0.08181818181818182
1.0 0.08181818181818182
1.0 0.08181818181818182
1.0 0.08181818181818182
1.0 0.08181818181818182
1.0 0.08181818181818182
1.0 0.08181818181818182
1.0 0.08181818181818182
1.0 0.08181818181818182
1.0 0.08181818181818182
1.0 0.08181818181818182
1.0 0.08181818181818182
1.0 0.08181818181818182
1.0 0.08181818181818182
1.0 0.08181818181818182
1.0 0.08181818181818182
1.0 0.08181818181818182
1.0 0.08181818181818182
1.0 0.09090909090909091
1.0 0.09090909090909091
1.0 0.1
1.0 0.1
1.0 0.1
1.0 0.1
1.0 0.1
1.0 0.1
1.0 0.1
1.0 0.1
1.0 0.1
1.0 0.1
1.0 0.10909090909090909
1.0 0.10909090909090909
1.0 0.10909090909090909
1.0 0.10909090909090909
1.0 0.10909090909090909
1.0 0.10909090909090909
1.0 0.10909090909090909
1.0 0.10909090909090909
1.0 0.10909090909090909
1.0 0.10909090909090909
1.0 0.10909090909090909
1.0 0.10909090909090909
1.0 0.10909090909090909
1.0 0.10909090909090909
1.0 0.10909090909090909
1.0 0.10909090909090909
1.0 0.10909090909090909
1.0 0.10909090909090909
1.0 0.10909090909090909
1.0 0.10909090909090909
1.0 0.10909090909090909
1.0 0.10909090909090909
1.0 0.10909090909090909
1.0 0.10909090909090909
1.0 0.10909090909090909
1.0 0.10909090909090909
0.9230769230769231 0.10909090909090909
0.9230769230769231 0.10909090909090909
0.9230769230769231 0.10909090909090909
0.9230769230769231 0.10909090909090909
0.9230769230769231 0.10909090909090909
0.9230769230769231 0.10909090909090909
0.9230769230769231 0.10909090909090909
0.9230769230769231 0.10909090909090909
0.9230769230769231 0.10909090909090909
0.9230769230769231 0.10909090909090909
0.9285714285714286 0.11818181818181818
0.8666666666666667 0.11818181818181818
0.8666666666666667 0.11818181818181818
0.8666666666666667 0.11818181818181818
0.8666666666666667 0.11818181818181818
0.8666666666666667 0.11818181818181818
0.8666666666666667 0.11818181818181818
0.8666666666666667 0.11818181818181818
0.8666666666666667 0.11818181818181818
0.8666666666666667 0.11818181818181818
0.8666666666666667 0.11818181818181818
0.8666666666666667 0.11818181818181818
0.8666666666666667 0.11818181818181818
0.8666666666666667 0.11818181818181818
0.8666666666666667 0.11818181818181818
0.8666666666666667 0.11818181818181818
0.8666666666666667 0.11818181818181818
0.8666666666666667 0.11818181818181818
0.8666666666666667 0.11818181818181818
0.8666666666666667 0.11818181818181818
0.8666666666666667 0.11818181818181818
0.8666666666666667 0.11818181818181818
0.8666666666666667 0.11818181818181818
0.8666666666666667 0.11818181818181818
0.8125 0.11818181818181818
0.8125 0.11818181818181818
0.8125 0.11818181818181818
0.8125 0.11818181818181818
0.7647058823529411 0.11818181818181818
0.7647058823529411 0.11818181818181818
0.7647058823529411 0.11818181818181818
0.7647058823529411 0.11818181818181818
0.7647058823529411 0.11818181818181818
0.7222222222222222 0.11818181818181818
0.7222222222222222 0.11818181818181818
0.7222222222222222 0.11818181818181818
0.7222222222222222 0.11818181818181818
0.7222222222222222 0.11818181818181818
0.7222222222222222 0.11818181818181818
0.7222222222222222 0.11818181818181818
0.7222222222222222 0.11818181818181818
0.7222222222222222 0.11818181818181818
0.7222222222222222 0.11818181818181818
0.7222222222222222 0.11818181818181818
0.7222222222222222 0.11818181818181818
0.7222222222222222 0.11818181818181818
0.7222222222222222 0.11818181818181818
0.7222222222222222 0.11818181818181818
0.7222222222222222 0.11818181818181818
0.7222222222222222 0.11818181818181818
0.7222222222222222 0.11818181818181818
0.7222222222222222 0.11818181818181818
0.7222222222222222 0.11818181818181818
0.7222222222222222 0.11818181818181818
0.7222222222222222 0.11818181818181818
0.7222222222222222 0.11818181818181818
0.7222222222222222 0.11818181818181818
0.7222222222222222 0.11818181818181818
0.7222222222222222 0.11818181818181818
0.7222222222222222 0.11818181818181818
0.7222222222222222 0.11818181818181818
0.7222222222222222 0.11818181818181818
0.7222222222222222 0.11818181818181818
0.7222222222222222 0.11818181818181818
0.7222222222222222 0.11818181818181818
0.7222222222222222 0.11818181818181818
0.7222222222222222 0.11818181818181818
0.7222222222222222 0.11818181818181818
0.7222222222222222 0.11818181818181818
0.7222222222222222 0.11818181818181818
0.7222222222222222 0.11818181818181818
0.7222222222222222 0.11818181818181818
0.7222222222222222 0.11818181818181818
0.7222222222222222 0.11818181818181818
0.7222222222222222 0.11818181818181818
0.7222222222222222 0.11818181818181818
0.7222222222222222 0.11818181818181818
0.7222222222222222 0.11818181818181818
0.7222222222222222 0.11818181818181818
0.7368421052631579 0.12727272727272726
0.7368421052631579 0.12727272727272726
0.7368421052631579 0.12727272727272726
0.7368421052631579 0.12727272727272726
0.7368421052631579 0.12727272727272726
0.7368421052631579 0.12727272727272726
0.7368421052631579 0.12727272727272726
0.7368421052631579 0.12727272727272726
0.7368421052631579 0.12727272727272726
0.7368421052631579 0.12727272727272726
0.7368421052631579 0.12727272727272726
0.7368421052631579 0.12727272727272726
0.7368421052631579 0.12727272727272726
0.7368421052631579 0.12727272727272726
0.7368421052631579 0.12727272727272726
0.7368421052631579 0.12727272727272726
0.7368421052631579 0.12727272727272726
0.7368421052631579 0.12727272727272726
0.7368421052631579 0.12727272727272726
0.7368421052631579 0.12727272727272726
0.7368421052631579 0.12727272727272726
0.7368421052631579 0.12727272727272726
0.7368421052631579 0.12727272727272726
0.7368421052631579 0.12727272727272726
0.7368421052631579 0.12727272727272726
0.7368421052631579 0.12727272727272726
0.7368421052631579 0.12727272727272726
0.7368421052631579 0.12727272727272726
0.7368421052631579 0.12727272727272726
0.7368421052631579 0.12727272727272726
0.7368421052631579 0.12727272727272726
0.7368421052631579 0.12727272727272726
0.7368421052631579 0.12727272727272726
0.7368421052631579 0.12727272727272726
0.7368421052631579 0.12727272727272726
0.7368421052631579 0.12727272727272726
0.7368421052631579 0.12727272727272726
0.7368421052631579 0.12727272727272726
0.7368421052631579 0.12727272727272726
0.7368421052631579 0.12727272727272726
0.7368421052631579 0.12727272727272726
0.7368421052631579 0.12727272727272726
0.7368421052631579 0.12727272727272726
0.7368421052631579 0.12727272727272726
0.7368421052631579 0.12727272727272726
0.7368421052631579 0.12727272727272726
0.7368421052631579 0.12727272727272726
0.7368421052631579 0.12727272727272726
0.7368421052631579 0.12727272727272726
0.7368421052631579 0.12727272727272726
0.7368421052631579 0.12727272727272726
0.7368421052631579 0.12727272727272726
0.7368421052631579 0.12727272727272726
0.7368421052631579 0.12727272727272726
0.7368421052631579 0.12727272727272726
0.7368421052631579 0.12727272727272726
0.7368421052631579 0.12727272727272726
0.7368421052631579 0.12727272727272726
0.7368421052631579 0.12727272727272726
0.7368421052631579 0.12727272727272726
0.7368421052631579 0.12727272727272726
0.7368421052631579 0.12727272727272726
0.7368421052631579 0.12727272727272726
0.7368421052631579 0.12727272727272726
0.7368421052631579 0.12727272727272726
0.7368421052631579 0.12727272727272726
0.7368421052631579 0.12727272727272726
0.7368421052631579 0.12727272727272726
0.7368421052631579 0.12727272727272726
0.7368421052631579 0.12727272727272726
0.7368421052631579 0.12727272727272726
0.7368421052631579 0.12727272727272726
0.7368421052631579 0.12727272727272726
0.7368421052631579 0.12727272727272726
0.7368421052631579 0.12727272727272726
0.7368421052631579 0.12727272727272726
0.7368421052631579 0.12727272727272726
0.7368421052631579 0.12727272727272726
0.7368421052631579 0.12727272727272726
0.7368421052631579 0.12727272727272726
0.7368421052631579 0.12727272727272726
0.7368421052631579 0.12727272727272726
0.7368421052631579 0.12727272727272726
0.7368421052631579 0.12727272727272726
0.7368421052631579 0.12727272727272726
0.7368421052631579 0.12727272727272726
0.7368421052631579 0.12727272727272726
0.7368421052631579 0.12727272727272726
0.7368421052631579 0.12727272727272726
0.7368421052631579 0.12727272727272726
0.7368421052631579 0.12727272727272726
0.7368421052631579 0.12727272727272726
0.7368421052631579 0.12727272727272726
0.7368421052631579 0.12727272727272726
0.7368421052631579 0.12727272727272726
0.7368421052631579 0.12727272727272726
0.7368421052631579 0.12727272727272726
0.7 0.12727272727272726
0.7 0.12727272727272726
0.7 0.12727272727272726
0.7 0.12727272727272726
0.7 0.12727272727272726
0.7 0.12727272727272726
0.7 0.12727272727272726
0.7 0.12727272727272726
0.7 0.12727272727272726
0.7 0.12727272727272726
0.7 0.12727272727272726
0.7 0.12727272727272726
0.7 0.12727272727272726
0.7 0.12727272727272726
0.7 0.12727272727272726
0.7 0.12727272727272726
0.7 0.12727272727272726
0.7 0.12727272727272726
0.7 0.12727272727272726
0.7 0.12727272727272726
0.7 0.12727272727272726
0.7 0.12727272727272726
0.7 0.12727272727272726
0.7 0.12727272727272726
0.7 0.12727272727272726
0.7 0.12727272727272726
0.7 0.12727272727272726
0.7 0.12727272727272726
0.7 0.12727272727272726
0.7 0.12727272727272726
0.7 0.12727272727272726
0.7 0.12727272727272726
0.7 0.12727272727272726
0.7 0.12727272727272726
0.7 0.12727272727272726
0.7 0.12727272727272726
0.7 0.12727272727272726
0.7 0.12727272727272726
0.7 0.12727272727272726
0.7 0.12727272727272726
0.7 0.12727272727272726
0.7 0.12727272727272726
0.7 0.12727272727272726
0.7142857142857143 0.13636363636363635
0.7272727272727273 0.14545454545454545
0.7391304347826086 0.15454545454545454
0.75 0.16363636363636364
0.75 0.16363636363636364
0.75 0.16363636363636364
0.75 0.16363636363636364
0.75 0.16363636363636364
0.75 0.16363636363636364
0.75 0.16363636363636364
0.76 0.17272727272727273
0.76 0.17272727272727273
0.7692307692307693 0.18181818181818182
0.7692307692307693 0.18181818181818182
0.7692307692307693 0.18181818181818182
0.7692307692307693 0.18181818181818182
0.7692307692307693 0.18181818181818182
0.7692307692307693 0.18181818181818182
0.7692307692307693 0.18181818181818182
0.7692307692307693 0.18181818181818182
0.7692307692307693 0.18181818181818182
0.7692307692307693 0.18181818181818182
0.7692307692307693 0.18181818181818182
0.7692307692307693 0.18181818181818182
0.7692307692307693 0.18181818181818182
0.7692307692307693 0.18181818181818182
0.7777777777777778 0.19090909090909092
0.7777777777777778 0.19090909090909092
0.7777777777777778 0.19090909090909092
0.7777777777777778 0.19090909090909092
0.7777777777777778 0.19090909090909092
0.7777777777777778 0.19090909090909092
0.7777777777777778 0.19090909090909092
0.7777777777777778 0.19090909090909092
0.7777777777777778 0.19090909090909092
0.7777777777777778 0.19090909090909092
0.7777777777777778 0.19090909090909092
0.7777777777777778 0.19090909090909092
0.7777777777777778 0.19090909090909092
0.7777777777777778 0.19090909090909092
0.7777777777777778 0.19090909090909092
0.7777777777777778 0.19090909090909092
0.7777777777777778 0.19090909090909092
0.7777777777777778 0.19090909090909092
0.75 0.19090909090909092
0.75 0.19090909090909092
0.75 0.19090909090909092
0.75 0.19090909090909092
0.75 0.19090909090909092
0.75 0.19090909090909092
0.75 0.19090909090909092
0.75 0.19090909090909092
0.75 0.19090909090909092
0.75 0.19090909090909092
0.75 0.19090909090909092
0.75 0.19090909090909092
0.75 0.19090909090909092
0.75 0.19090909090909092
0.75 0.19090909090909092
0.75 0.19090909090909092
0.75 0.19090909090909092
0.75 0.19090909090909092
0.75 0.19090909090909092
0.75 0.19090909090909092
0.75 0.19090909090909092
0.75 0.19090909090909092
0.75 0.19090909090909092
0.75 0.19090909090909092
0.75 0.19090909090909092
0.75 0.19090909090909092
0.75 0.19090909090909092
0.75 0.19090909090909092
0.75 0.19090909090909092
0.75 0.19090909090909092
0.75 0.19090909090909092
0.75 0.19090909090909092
0.75 0.19090909090909092
0.75 0.19090909090909092
0.75 0.19090909090909092
0.75 0.19090909090909092
0.75 0.19090909090909092
0.75 0.19090909090909092
0.75 0.19090909090909092
0.75 0.19090909090909092
0.75 0.19090909090909092
0.75 0.19090909090909092
0.75 0.19090909090909092
0.75 0.19090909090909092
0.75 0.19090909090909092
0.75 0.19090909090909092
0.75 0.19090909090909092
0.75 0.19090909090909092
0.75 0.19090909090909092
0.75 0.19090909090909092
0.75 0.19090909090909092
0.75 0.19090909090909092
0.75 0.19090909090909092
0.75 0.19090909090909092
0.75 0.19090909090909092
0.75 0.19090909090909092
0.75 0.19090909090909092
0.75 0.19090909090909092
0.75 0.19090909090909092
0.75 0.19090909090909092
0.75 0.19090909090909092
0.75 0.19090909090909092
0.75 0.19090909090909092
0.75 0.19090909090909092
0.75 0.19090909090909092
0.75 0.19090909090909092
0.75 0.19090909090909092
0.75 0.19090909090909092
0.75 0.19090909090909092
0.75 0.19090909090909092
0.75 0.19090909090909092
0.75 0.19090909090909092
0.75 0.19090909090909092
0.75 0.19090909090909092
0.75 0.19090909090909092
0.75 0.19090909090909092
0.75 0.19090909090909092
0.75 0.19090909090909092
0.75 0.19090909090909092
0.75 0.19090909090909092
0.75 0.19090909090909092
0.75 0.19090909090909092
0.75 0.19090909090909092
0.75 0.19090909090909092
0.75 0.19090909090909092
0.75 0.19090909090909092
0.75 0.19090909090909092
0.75 0.19090909090909092
0.75 0.19090909090909092
0.75 0.19090909090909092
0.75 0.19090909090909092
0.75 0.19090909090909092
0.75 0.19090909090909092
0.75 0.19090909090909092
0.75 0.19090909090909092
0.75 0.19090909090909092
0.75 0.19090909090909092
0.75 0.19090909090909092
0.75 0.19090909090909092
0.75 0.19090909090909092
0.75 0.19090909090909092
0.75 0.19090909090909092
0.75 0.19090909090909092
0.75 0.19090909090909092
0.75 0.19090909090909092
0.75 0.19090909090909092
0.75 0.19090909090909092
0.75 0.19090909090909092
0.75 0.19090909090909092
0.75 0.19090909090909092
0.75 0.19090909090909092
0.75 0.19090909090909092
0.75 0.19090909090909092
0.75 0.19090909090909092
0.75 0.19090909090909092
0.75 0.19090909090909092
0.75 0.19090909090909092
0.75 0.19090909090909092
0.75 0.19090909090909092
0.75 0.19090909090909092
0.75 0.19090909090909092
0.75 0.19090909090909092
0.75 0.19090909090909092
0.75 0.19090909090909092
0.75 0.19090909090909092
0.75 0.19090909090909092
0.75 0.19090909090909092
0.75 0.19090909090909092
0.75 0.19090909090909092
0.75 0.19090909090909092
0.75 0.19090909090909092
0.75 0.19090909090909092
0.75 0.19090909090909092
0.75 0.19090909090909092
0.75 0.19090909090909092
0.75 0.19090909090909092
0.75 0.19090909090909092
0.75 0.19090909090909092
0.75 0.19090909090909092
0.75 0.19090909090909092
0.75 0.19090909090909092
0.75 0.19090909090909092
0.75 0.19090909090909092
0.75 0.19090909090909092
0.75 0.19090909090909092
0.75 0.19090909090909092
0.75 0.19090909090909092
0.75 0.19090909090909092
0.75 0.19090909090909092
0.75 0.19090909090909092
0.75 0.19090909090909092
0.75 0.19090909090909092
0.75 0.19090909090909092
0.75 0.19090909090909092
0.7241379310344828 0.19090909090909092
0.7241379310344828 0.19090909090909092
0.7241379310344828 0.19090909090909092
0.7241379310344828 0.19090909090909092
0.7241379310344828 0.19090909090909092
0.7241379310344828 0.19090909090909092
0.7241379310344828 0.19090909090909092
0.7241379310344828 0.19090909090909092
0.7241379310344828 0.19090909090909092
0.7241379310344828 0.19090909090909092
0.7241379310344828 0.19090909090909092
0.7241379310344828 0.19090909090909092
0.7241379310344828 0.19090909090909092
0.7241379310344828 0.19090909090909092
0.7241379310344828 0.19090909090909092
0.7241379310344828 0.19090909090909092
0.7241379310344828 0.19090909090909092
0.7241379310344828 0.19090909090909092
0.7241379310344828 0.19090909090909092
0.7241379310344828 0.19090909090909092
0.7241379310344828 0.19090909090909092
0.7241379310344828 0.19090909090909092
0.7241379310344828 0.19090909090909092
0.7241379310344828 0.19090909090909092
0.7241379310344828 0.19090909090909092
0.7241379310344828 0.19090909090909092
0.7241379310344828 0.19090909090909092
0.7241379310344828 0.19090909090909092
0.7241379310344828 0.19090909090909092
0.7241379310344828 0.19090909090909092
0.7241379310344828 0.19090909090909092
0.7241379310344828 0.19090909090909092
0.7241379310344828 0.19090909090909092
0.7241379310344828 0.19090909090909092
0.7241379310344828 0.19090909090909092
0.7241379310344828 0.19090909090909092
0.7241379310344828 0.19090909090909092
0.7241379310344828 0.19090909090909092
0.7241379310344828 0.19090909090909092
0.7241379310344828 0.19090909090909092
0.7 0.19090909090909092
0.7 0.19090909090909092
0.7 0.19090909090909092
0.7 0.19090909090909092
0.7 0.19090909090909092
0.7 0.19090909090909092
0.7 0.19090909090909092
0.7 0.19090909090909092
0.7 0.19090909090909092
0.7 0.19090909090909092
0.7 0.19090909090909092
0.7 0.19090909090909092
0.7 0.19090909090909092
0.7 0.19090909090909092
0.7 0.19090909090909092
0.7 0.19090909090909092
0.7 0.19090909090909092
0.7 0.19090909090909092
0.7 0.19090909090909092
0.7 0.19090909090909092
0.7 0.19090909090909092
0.7 0.19090909090909092
0.7 0.19090909090909092
0.7 0.19090909090909092
0.7 0.19090909090909092
0.7 0.19090909090909092
0.7 0.19090909090909092
0.7 0.19090909090909092
0.7 0.19090909090909092
0.7 0.19090909090909092
0.7 0.19090909090909092
0.7 0.19090909090909092
0.7 0.19090909090909092
0.7 0.19090909090909092
0.7 0.19090909090909092
0.7 0.19090909090909092
0.7 0.19090909090909092
0.7 0.19090909090909092
0.7 0.19090909090909092
0.7 0.19090909090909092
0.7 0.19090909090909092
0.7 0.19090909090909092
0.7 0.19090909090909092
0.7 0.19090909090909092
0.7 0.19090909090909092
0.7 0.19090909090909092
0.7 0.19090909090909092
0.7 0.19090909090909092
0.7 0.19090909090909092
0.7 0.19090909090909092
0.7 0.19090909090909092
0.7 0.19090909090909092
0.7 0.19090909090909092
0.7 0.19090909090909092
0.7 0.19090909090909092
0.7 0.19090909090909092
0.7 0.19090909090909092
0.7096774193548387 0.2
0.7096774193548387 0.2
0.7096774193548387 0.2
0.7096774193548387 0.2
0.7096774193548387 0.2
0.7096774193548387 0.2
0.7096774193548387 0.2
0.7096774193548387 0.2
0.7096774193548387 0.2
0.7096774193548387 0.2
0.7096774193548387 0.2
0.7096774193548387 0.2
0.7096774193548387 0.2
0.7096774193548387 0.2
0.7096774193548387 0.2
0.7096774193548387 0.2
0.7096774193548387 0.2
0.7096774193548387 0.2
0.7096774193548387 0.2
0.7096774193548387 0.2
0.7096774193548387 0.2
0.7096774193548387 0.2
0.7096774193548387 0.2
0.7096774193548387 0.2
0.7096774193548387 0.2
0.7096774193548387 0.2
0.7096774193548387 0.2
0.7096774193548387 0.2
0.7096774193548387 0.2
0.7096774193548387 0.2
0.7096774193548387 0.2
0.7096774193548387 0.2
0.7096774193548387 0.2
0.7096774193548387 0.2
0.7096774193548387 0.2
0.7096774193548387 0.2
0.7096774193548387 0.2
0.7096774193548387 0.2
0.7096774193548387 0.2
0.7096774193548387 0.2
0.7096774193548387 0.2
0.7096774193548387 0.2
0.7096774193548387 0.2
0.7096774193548387 0.2
0.7096774193548387 0.2
0.7096774193548387 0.2
0.7096774193548387 0.2
0.7096774193548387 0.2
0.7096774193548387 0.2
0.7096774193548387 0.2
0.7096774193548387 0.2
0.7096774193548387 0.2
0.7096774193548387 0.2
0.7096774193548387 0.2
0.7096774193548387 0.2
0.7096774193548387 0.2
0.7096774193548387 0.2
0.7096774193548387 0.2
0.7096774193548387 0.2
0.7096774193548387 0.2
0.7096774193548387 0.2
0.7096774193548387 0.2
0.7096774193548387 0.2
0.7096774193548387 0.2
0.7096774193548387 0.2
0.7096774193548387 0.2
0.7096774193548387 0.2
0.7096774193548387 0.2
0.7096774193548387 0.2
0.7096774193548387 0.2
0.7096774193548387 0.2
0.7096774193548387 0.2
0.7096774193548387 0.2
0.7096774193548387 0.2
0.7096774193548387 0.2
0.7096774193548387 0.2
0.7096774193548387 0.2
0.7096774193548387 0.2
0.7096774193548387 0.2
0.7096774193548387 0.2
0.7096774193548387 0.2
0.7096774193548387 0.2
0.7096774193548387 0.2
0.7096774193548387 0.2
0.7096774193548387 0.2
0.7096774193548387 0.2
0.7096774193548387 0.2
0.7096774193548387 0.2
0.7096774193548387 0.2
0.7096774193548387 0.2
0.7096774193548387 0.2
0.7096774193548387 0.2
0.7096774193548387 0.2
0.7096774193548387 0.2
0.7096774193548387 0.2
0.7096774193548387 0.2
0.7096774193548387 0.2
0.7096774193548387 0.2
0.7096774193548387 0.2
0.7096774193548387 0.2
0.7096774193548387 0.2
0.7096774193548387 0.2
0.7096774193548387 0.2
0.7096774193548387 0.2
0.6875 0.2
0.6875 0.2
0.6875 0.2
0.6875 0.2
0.6875 0.2
0.6875 0.2
0.6875 0.2
0.6875 0.2
0.6875 0.2
0.6875 0.2
0.6875 0.2
0.6875 0.2
0.6875 0.2
0.6875 0.2
0.6875 0.2
0.6875 0.2
0.6875 0.2
0.6875 0.2
0.6875 0.2
0.6875 0.2
0.6875 0.2
0.6875 0.2
0.6875 0.2
0.6875 0.2
0.6875 0.2
0.6875 0.2
0.6875 0.2
0.6875 0.2
0.6875 0.2
0.6875 0.2
0.6875 0.2
0.6875 0.2
0.6875 0.2
0.6875 0.2
0.6875 0.2
0.6875 0.2
0.6875 0.2
0.6875 0.2
0.6875 0.2
0.6875 0.2
0.6875 0.2
0.6875 0.2
0.6875 0.2
0.6875 0.2
0.6875 0.2
0.6875 0.2
0.6875 0.2
0.6875 0.2
0.6875 0.2
0.6875 0.2
0.6875 0.2
0.6875 0.2
0.6875 0.2
0.6875 0.2
0.6875 0.2
0.6875 0.2
0.6875 0.2
0.6875 0.2
0.6875 0.2
0.6875 0.2
0.6875 0.2
0.6875 0.2
0.6875 0.2
0.6875 0.2
0.6875 0.2
0.6875 0.2
0.6875 0.2
0.6875 0.2
0.6875 0.2
0.6875 0.2
0.6875 0.2
0.6875 0.2
0.6875 0.2
0.6875 0.2
0.6875 0.2
0.6875 0.2
0.6875 0.2
0.6875 0.2
0.6875 0.2
0.6875 0.2
0.6875 0.2
0.6875 0.2
0.6875 0.2
0.6875 0.2
0.6875 0.2
0.6875 0.2
0.6875 0.2
0.6875 0.2
0.6875 0.2
0.6875 0.2
0.6875 0.2
0.6875 0.2
0.6875 0.2
0.6875 0.2
0.6875 0.2
0.6875 0.2
0.6875 0.2
0.6875 0.2
0.6875 0.2
0.6875 0.2
0.6666666666666666 0.2
0.6666666666666666 0.2
0.6666666666666666 0.2
0.6666666666666666 0.2
0.6666666666666666 0.2
0.6666666666666666 0.2
0.6666666666666666 0.2
0.6666666666666666 0.2
0.6666666666666666 0.2
0.6666666666666666 0.2
0.6666666666666666 0.2
0.6666666666666666 0.2
0.6666666666666666 0.2
0.6666666666666666 0.2
0.6666666666666666 0.2
0.6666666666666666 0.2
0.6666666666666666 0.2
0.6666666666666666 0.2
0.6666666666666666 0.2
0.6666666666666666 0.2
0.6666666666666666 0.2
0.6666666666666666 0.2
0.6666666666666666 0.2
0.6666666666666666 0.2
0.6666666666666666 0.2
0.6666666666666666 0.2
0.6666666666666666 0.2
0.6666666666666666 0.2
0.6666666666666666 0.2
0.6666666666666666 0.2
0.6666666666666666 0.2
0.6666666666666666 0.2
0.6666666666666666 0.2
0.6666666666666666 0.2
0.6666666666666666 0.2
0.6666666666666666 0.2
0.6666666666666666 0.2
0.6666666666666666 0.2
0.6666666666666666 0.2
0.6666666666666666 0.2
0.6666666666666666 0.2
0.6666666666666666 0.2
0.6666666666666666 0.2
0.6666666666666666 0.2
0.6666666666666666 0.2
0.6666666666666666 0.2
0.6666666666666666 0.2
0.6666666666666666 0.2
0.6666666666666666 0.2
0.6666666666666666 0.2
0.6666666666666666 0.2
0.6666666666666666 0.2
0.6666666666666666 0.2
0.6666666666666666 0.2
0.6666666666666666 0.2
0.6666666666666666 0.2
0.6666666666666666 0.2
0.6666666666666666 0.2
0.6666666666666666 0.2
0.6666666666666666 0.2
0.6666666666666666 0.2
0.6666666666666666 0.2
0.6666666666666666 0.2
0.6666666666666666 0.2
0.6666666666666666 0.2
0.6666666666666666 0.2
0.6666666666666666 0.2
0.6666666666666666 0.2
0.6666666666666666 0.2
0.6666666666666666 0.2
0.6666666666666666 0.2
0.6666666666666666 0.2
0.6666666666666666 0.2
0.6666666666666666 0.2
0.6666666666666666 0.2
0.6666666666666666 0.2
0.6666666666666666 0.2
0.6666666666666666 0.2
0.6666666666666666 0.2
0.6666666666666666 0.2
0.6666666666666666 0.2
0.6666666666666666 0.2
0.6666666666666666 0.2
0.6666666666666666 0.2
0.6666666666666666 0.2
0.6666666666666666 0.2
0.6666666666666666 0.2
0.6666666666666666 0.2
0.6666666666666666 0.2
0.6666666666666666 0.2
0.6666666666666666 0.2
0.6666666666666666 0.2
0.6666666666666666 0.2
0.6666666666666666 0.2
0.6666666666666666 0.2
0.6666666666666666 0.2
0.6666666666666666 0.2
0.6666666666666666 0.2
0.6666666666666666 0.2
0.6666666666666666 0.2
0.6666666666666666 0.2
0.6666666666666666 0.2
0.6666666666666666 0.2
0.6666666666666666 0.2
0.6666666666666666 0.2
0.6666666666666666 0.2
0.6666666666666666 0.2
0.6666666666666666 0.2
0.6666666666666666 0.2
0.6666666666666666 0.2
0.6666666666666666 0.2
0.6666666666666666 0.2
0.6666666666666666 0.2
0.6666666666666666 0.2
0.6666666666666666 0.2
0.6666666666666666 0.2
0.6666666666666666 0.2
0.6666666666666666 0.2
0.6666666666666666 0.2
0.6666666666666666 0.2
0.6666666666666666 0.2
0.6666666666666666 0.2
0.6666666666666666 0.2
0.6666666666666666 0.2
0.6666666666666666 0.2
0.6666666666666666 0.2
0.6666666666666666 0.2
0.6666666666666666 0.2
0.6666666666666666 0.2
0.6666666666666666 0.2
0.6666666666666666 0.2
0.6666666666666666 0.2
0.6666666666666666 0.2
0.6470588235294118 0.2
0.6470588235294118 0.2
0.6470588235294118 0.2
0.6470588235294118 0.2
0.6470588235294118 0.2
0.6470588235294118 0.2
0.6470588235294118 0.2
0.6470588235294118 0.2
0.6470588235294118 0.2
0.6470588235294118 0.2
0.6470588235294118 0.2
0.6470588235294118 0.2
0.6470588235294118 0.2
0.6470588235294118 0.2
0.6470588235294118 0.2
0.6470588235294118 0.2
0.6470588235294118 0.2
0.6470588235294118 0.2
0.6470588235294118 0.2
0.6470588235294118 0.2
0.6470588235294118 0.2
0.6470588235294118 0.2
0.6470588235294118 0.2
0.6470588235294118 0.2
0.6470588235294118 0.2
0.6470588235294118 0.2
0.6470588235294118 0.2
0.6470588235294118 0.2
0.6470588235294118 0.2
0.6470588235294118 0.2
0.6470588235294118 0.2
0.6470588235294118 0.2
0.6470588235294118 0.2
0.6470588235294118 0.2
0.6470588235294118 0.2
0.6470588235294118 0.2
0.6470588235294118 0.2
0.6470588235294118 0.2
0.6470588235294118 0.2
0.6470588235294118 0.2
0.6470588235294118 0.2
0.6470588235294118 0.2
0.6470588235294118 0.2
0.6470588235294118 0.2
0.6470588235294118 0.2
0.6470588235294118 0.2
0.6470588235294118 0.2
0.6470588235294118 0.2
0.6470588235294118 0.2
0.6470588235294118 0.2
0.6470588235294118 0.2
0.6470588235294118 0.2
0.6470588235294118 0.2
0.6470588235294118 0.2
0.6470588235294118 0.2
0.6470588235294118 0.2
0.6285714285714286 0.2
0.6285714285714286 0.2
0.6285714285714286 0.2
0.6285714285714286 0.2
0.6285714285714286 0.2
0.6285714285714286 0.2
0.6285714285714286 0.2
0.6285714285714286 0.2
0.6285714285714286 0.2
0.6285714285714286 0.2
0.6285714285714286 0.2
0.6285714285714286 0.2
0.6285714285714286 0.2
0.6285714285714286 0.2
0.6285714285714286 0.2
0.6285714285714286 0.2
0.6285714285714286 0.2
0.6285714285714286 0.2
0.6285714285714286 0.2
0.6285714285714286 0.2
0.6285714285714286 0.2
0.6285714285714286 0.2
0.6285714285714286 0.2
0.6285714285714286 0.2
0.6285714285714286 0.2
0.6285714285714286 0.2
0.6285714285714286 0.2
0.6285714285714286 0.2
0.6111111111111112 0.2
0.6111111111111112 0.2
0.6111111111111112 0.2
0.6111111111111112 0.2
0.6111111111111112 0.2
0.6111111111111112 0.2
0.6111111111111112 0.2
0.6111111111111112 0.2
0.6111111111111112 0.2
0.6111111111111112 0.2
0.6111111111111112 0.2
0.6111111111111112 0.2
0.6111111111111112 0.2
0.6111111111111112 0.2
0.6111111111111112 0.2
0.6111111111111112 0.2
0.6111111111111112 0.2
0.6111111111111112 0.2
0.6111111111111112 0.2
0.6111111111111112 0.2
0.6111111111111112 0.2
0.6111111111111112 0.2
0.6111111111111112 0.2
0.6111111111111112 0.2
0.6111111111111112 0.2
0.6111111111111112 0.2
0.6111111111111112 0.2
0.6111111111111112 0.2
0.6111111111111112 0.2
0.6111111111111112 0.2
0.6111111111111112 0.2
0.6111111111111112 0.2
0.6111111111111112 0.2
0.6111111111111112 0.2
0.6111111111111112 0.2
0.6111111111111112 0.2
0.6111111111111112 0.2
0.6111111111111112 0.2
0.6111111111111112 0.2
0.6111111111111112 0.2
0.6111111111111112 0.2
0.6111111111111112 0.2
0.6111111111111112 0.2
0.6111111111111112 0.2
0.6111111111111112 0.2
0.6111111111111112 0.2
0.6111111111111112 0.2
0.6111111111111112 0.2
0.6111111111111112 0.2
0.6111111111111112 0.2
0.6111111111111112 0.2
0.6111111111111112 0.2
0.6111111111111112 0.2
0.6111111111111112 0.2
0.6111111111111112 0.2
0.6111111111111112 0.2
0.6111111111111112 0.2
0.6111111111111112 0.2
0.6111111111111112 0.2
0.6111111111111112 0.2
0.6111111111111112 0.2
0.6111111111111112 0.2
0.6111111111111112 0.2
0.6111111111111112 0.2
0.6111111111111112 0.2
0.6111111111111112 0.2
0.6111111111111112 0.2
0.6111111111111112 0.2
0.6111111111111112 0.2
0.6111111111111112 0.2
0.6111111111111112 0.2
0.6111111111111112 0.2
0.6111111111111112 0.2
0.6111111111111112 0.2
0.6111111111111112 0.2
0.6111111111111112 0.2
0.6111111111111112 0.2
0.6111111111111112 0.2
0.6111111111111112 0.2
0.6111111111111112 0.2
0.6111111111111112 0.2
0.6111111111111112 0.2
0.6111111111111112 0.2
0.6111111111111112 0.2
0.6111111111111112 0.2
0.6111111111111112 0.2
0.6111111111111112 0.2
0.6111111111111112 0.2
0.6111111111111112 0.2
0.6111111111111112 0.2
0.6111111111111112 0.2
0.6111111111111112 0.2
0.6111111111111112 0.2
0.6111111111111112 0.2
0.6111111111111112 0.2
0.6111111111111112 0.2
0.6111111111111112 0.2
0.6111111111111112 0.2
0.6111111111111112 0.2
0.6111111111111112 0.2
0.6111111111111112 0.2
0.6111111111111112 0.2
0.6111111111111112 0.2
0.6111111111111112 0.2
0.6111111111111112 0.2
0.6111111111111112 0.2
0.6111111111111112 0.2
0.6111111111111112 0.2
0.6111111111111112 0.2
0.6111111111111112 0.2
0.6111111111111112 0.2
0.6111111111111112 0.2
0.6111111111111112 0.2
0.6111111111111112 0.2
0.6111111111111112 0.2
0.6111111111111112 0.2
0.6111111111111112 0.2
0.6111111111111112 0.2
0.6111111111111112 0.2
0.6111111111111112 0.2
0.6111111111111112 0.2
0.6111111111111112 0.2
0.6111111111111112 0.2
0.6111111111111112 0.2
0.6111111111111112 0.2
0.6111111111111112 0.2
0.6111111111111112 0.2
0.6111111111111112 0.2
0.6111111111111112 0.2
0.5945945945945946 0.2
0.5945945945945946 0.2
0.5945945945945946 0.2
0.5945945945945946 0.2
0.5945945945945946 0.2
0.5945945945945946 0.2
0.5945945945945946 0.2
0.5945945945945946 0.2
0.5945945945945946 0.2
0.5945945945945946 0.2
0.5945945945945946 0.2
0.5945945945945946 0.2
0.5945945945945946 0.2
0.5945945945945946 0.2
0.5945945945945946 0.2
0.5945945945945946 0.2
0.5945945945945946 0.2
0.5945945945945946 0.2
0.5945945945945946 0.2
0.5945945945945946 0.2
0.5945945945945946 0.2
0.5945945945945946 0.2
0.5945945945945946 0.2
0.5945945945945946 0.2
0.5945945945945946 0.2
0.5945945945945946 0.2
0.5945945945945946 0.2
0.5945945945945946 0.2
0.5945945945945946 0.2
0.5945945945945946 0.2
0.5945945945945946 0.2
0.5945945945945946 0.2
0.5945945945945946 0.2
0.5945945945945946 0.2
0.5945945945945946 0.2
0.5945945945945946 0.2
0.5945945945945946 0.2
0.5945945945945946 0.2
0.5945945945945946 0.2
0.5945945945945946 0.2
0.5945945945945946 0.2
0.5945945945945946 0.2
0.5945945945945946 0.2
0.5945945945945946 0.2
0.5945945945945946 0.2
0.5945945945945946 0.2
0.5945945945945946 0.2
0.5945945945945946 0.2
0.5945945945945946 0.2
0.5945945945945946 0.2
0.5945945945945946 0.2
0.5945945945945946 0.2
0.5945945945945946 0.2
0.5945945945945946 0.2
0.5945945945945946 0.2
0.5945945945945946 0.2
0.5945945945945946 0.2
0.5945945945945946 0.2
0.5945945945945946 0.2
0.5945945945945946 0.2
0.5945945945945946 0.2
0.5945945945945946 0.2
0.5945945945945946 0.2
0.5945945945945946 0.2
0.5945945945945946 0.2
0.5945945945945946 0.2
0.5945945945945946 0.2
0.5945945945945946 0.2
0.5945945945945946 0.2
0.5945945945945946 0.2
0.5945945945945946 0.2
0.5945945945945946 0.2
0.5945945945945946 0.2
0.5945945945945946 0.2
0.5945945945945946 0.2
0.5945945945945946 0.2
0.5945945945945946 0.2
0.5945945945945946 0.2
0.5945945945945946 0.2
0.5945945945945946 0.2
0.5945945945945946 0.2
0.5945945945945946 0.2
0.5789473684210527 0.2
0.5789473684210527 0.2
0.5789473684210527 0.2
0.5641025641025641 0.2
0.5641025641025641 0.2
0.5641025641025641 0.2
0.5641025641025641 0.2
0.5641025641025641 0.2
0.5641025641025641 0.2
0.5641025641025641 0.2
0.5641025641025641 0.2
0.5641025641025641 0.2
0.5641025641025641 0.2
0.5641025641025641 0.2
0.5641025641025641 0.2
0.5641025641025641 0.2
0.5641025641025641 0.2
0.5641025641025641 0.2
0.5641025641025641 0.2
0.5641025641025641 0.2
0.5641025641025641 0.2
0.5641025641025641 0.2
0.5641025641025641 0.2
0.5641025641025641 0.2
0.5641025641025641 0.2
0.5641025641025641 0.2
0.5641025641025641 0.2
0.5641025641025641 0.2
0.5641025641025641 0.2
0.5641025641025641 0.2
0.55 0.2
0.55 0.2
0.55 0.2
0.55 0.2
0.55 0.2
0.55 0.2
0.55 0.2
0.55 0.2
0.55 0.2
0.55 0.2
0.55 0.2
0.55 0.2
0.55 0.2
0.55 0.2
0.55 0.2
0.5365853658536586 0.2
0.5365853658536586 0.2
0.5365853658536586 0.2
0.5365853658536586 0.2
0.5365853658536586 0.2
0.5365853658536586 0.2
0.5365853658536586 0.2
0.5365853658536586 0.2
0.5365853658536586 0.2
0.5365853658536586 0.2
0.5238095238095238 0.2
0.5238095238095238 0.2
0.5238095238095238 0.2
0.5238095238095238 0.2
0.5238095238095238 0.2
0.5238095238095238 0.2
0.5238095238095238 0.2
0.5116279069767442 0.2
0.5116279069767442 0.2
0.5116279069767442 0.2
0.5116279069767442 0.2
0.5116279069767442 0.2
0.5116279069767442 0.2
0.5116279069767442 0.2
0.5116279069767442 0.2
0.5116279069767442 0.2
0.5116279069767442 0.2
0.5116279069767442 0.2
0.5116279069767442 0.2
0.5116279069767442 0.2
0.5116279069767442 0.2
0.5116279069767442 0.2
0.5116279069767442 0.2
0.5116279069767442 0.2
0.5116279069767442 0.2
0.5116279069767442 0.2
0.5116279069767442 0.2
0.5116279069767442 0.2
0.5116279069767442 0.2
0.5116279069767442 0.2
0.5116279069767442 0.2
0.5116279069767442 0.2
0.5116279069767442 0.2
0.5116279069767442 0.2
0.5 0.2
0.5 0.2
0.5 0.2
0.5 0.2
0.5 0.2
0.5 0.2
0.5 0.2
0.5 0.2
0.5 0.2
0.5 0.2
0.5 0.2
0.5 0.2
0.5 0.2
0.5 0.2
0.5 0.2
0.5 0.2
0.5 0.2
0.5 0.2
0.5 0.2
0.5 0.2
0.5 0.2
0.5 0.2
0.5 0.2
0.5 0.2
0.5 0.2
0.5 0.2
0.4888888888888889 0.2
0.4888888888888889 0.2
0.4782608695652174 0.2
0.4782608695652174 0.2
0.4782608695652174 0.2
0.4782608695652174 0.2
0.4782608695652174 0.2
0.4782608695652174 0.2
0.4782608695652174 0.2
0.4782608695652174 0.2
0.4782608695652174 0.2
0.4782608695652174 0.2
0.4782608695652174 0.2
0.4782608695652174 0.2
0.4782608695652174 0.2
0.4782608695652174 0.2
0.4782608695652174 0.2
0.4782608695652174 0.2
