1.0 0.0012330456226880395
1.0 0.002466091245376079
1.0 0.0036991368680641184
1.0 0.004932182490752158
1.0 0.006165228113440197
1.0 0.007398273736128237
0.8571428571428571 0.007398273736128237
0.875 0.008631319358816275
0.8888888888888888 0.009864364981504316
0.9 0.011097410604192354
0.9090909090909091 0.012330456226880395
0.9166666666666666 0.013563501849568433
0.9230769230769231 0.014796547472256474
0.9285714285714286 0.016029593094944512
0.9333333333333333 0.01726263871763255
0.9375 0.018495684340320593
0.9411764705882353 0.01972872996300863
0.9444444444444444 0.02096177558569667
0.9473684210526315 0.02219482120838471
0.95 0.02342786683107275
0.9523809523809523 0.02466091245376079
0.9545454545454546 0.025893958076448828
0.9565217391304348 0.027127003699136867
0.9583333333333334 0.02836004932182491
0.96 0.029593094944512947
0.9615384615384616 0.030826140567200986
0.9629629629629629 0.032059186189889025
0.9642857142857143 0.03329223181257707
0.9655172413793104 0.0345252774352651
0.9666666666666667 0.035758323057953144
0.967741935483871 0.036991368680641186
0.96875 0.03822441430332922
0.9696969696969697 0.03945745992601726
0.9705882352941176 0.040690505548705305
0.9714285714285714 0.04192355117139334
0.9722222222222222 0.04315659679408138
0.972972972972973 0.04438964241676942
0.9736842105263158 0.04562268803945746
0.9743589743589743 0.0468557336621455
0.975 0.04808877928483354
0.975609756097561 0.04932182490752158
0.9523809523809523 0.04932182490752158
0.9534883720930233 0.05055487053020962
0.9545454545454546 0.051787916152897656
0.9555555555555556 0.0530209617755857
0.9565217391304348 0.05425400739827373
0.9574468085106383 0.055487053020961775
0.9583333333333334 0.05672009864364982
0.9591836734693877 0.05795314426633785
0.96 0.059186189889025895
0.9607843137254902 0.06041923551171394
0.9615384615384616 0.06165228113440197
0.9622641509433962 0.06288532675709001
0.9629629629629629 0.06411837237977805
0.9636363636363636 0.06535141800246609
0.9642857142857143 0.06658446362515413
0.9649122807017544 0.06781750924784218
0.9655172413793104 0.0690505548705302
0.9661016949152542 0.07028360049321825
0.9666666666666667 0.07151664611590629
0.9672131147540983 0.07274969173859433
0.967741935483871 0.07398273736128237
0.9682539682539683 0.0752157829839704
0.96875 0.07644882860665844
0.9692307692307692 0.07768187422934648
0.9696969696969697 0.07891491985203453
0.9701492537313433 0.08014796547472257
0.9705882352941176 0.08138101109741061
0.9710144927536232 0.08261405672009864
0.9714285714285714 0.08384710234278668
0.971830985915493 0.08508014796547472
0.9722222222222222 0.08631319358816276
0.958904109589041 0.08631319358816276
0.9594594594594594 0.08754623921085081
0.96 0.08877928483353884
0.9605263157894737 0.09001233045622688
0.961038961038961 0.09124537607891492
0.9615384615384616 0.09247842170160296
0.9620253164556962 0.093711467324291
0.9625 0.09494451294697903
0.9629629629629629 0.09617755856966707
0.9634146341463414 0.09741060419235512
0.963855421686747 0.09864364981504316
0.9642857142857143 0.0998766954377312
0.9647058823529412 0.10110974106041924
0.9651162790697675 0.10234278668310727
0.9655172413793104 0.10357583230579531
0.9545454545454546 0.10357583230579531
0.9438202247191011 0.10357583230579531
0.9333333333333333 0.10357583230579531
0.9340659340659341 0.10480887792848335
0.9347826086956522 0.1060419235511714
0.9354838709677419 0.10727496917385944
0.9361702127659575 0.10850801479654747
0.9368421052631579 0.10974106041923551
0.9375 0.11097410604192355
0.9278350515463918 0.11097410604192355
0.9285714285714286 0.11220715166461159
0.9292929292929293 0.11344019728729964
0.92 0.11344019728729964
0.9108910891089109 0.11344019728729964
0.9117647058823529 0.11467324290998766
0.9029126213592233 0.11467324290998766
0.8942307692307693 0.11467324290998766
0.8857142857142857 0.11467324290998766
0.8867924528301887 0.1159062885326757
0.8878504672897196 0.11713933415536375
0.8796296296296297 0.11713933415536375
0.8715596330275229 0.11713933415536375
0.8727272727272727 0.11837237977805179
0.8738738738738738 0.11960542540073983
0.875 0.12083847102342787
0.8672566371681416 0.12083847102342787
0.868421052631579 0.1220715166461159
0.8695652173913043 0.12330456226880394
0.8706896551724138 0.12453760789149199
0.8717948717948718 0.12577065351418001
0.8728813559322034 0.12700369913686807
0.8739495798319328 0.1282367447595561
0.875 0.12946979038224415
0.8760330578512396 0.13070283600493218
0.8688524590163934 0.13070283600493218
0.8699186991869918 0.1319358816276202
0.8709677419354839 0.13316892725030827
0.864 0.13316892725030827
0.8650793650793651 0.1344019728729963
0.8582677165354331 0.1344019728729963
0.859375 0.13563501849568435
0.8527131782945736 0.13563501849568435
0.8461538461538461 0.13563501849568435
0.8473282442748091 0.13686806411837238
0.8484848484848485 0.1381011097410604
0.8421052631578947 0.1381011097410604
0.835820895522388 0.1381011097410604
0.8296296296296296 0.1381011097410604
0.8235294117647058 0.1381011097410604
0.8248175182481752 0.13933415536374846
0.8188405797101449 0.13933415536374846
0.8129496402877698 0.13933415536374846
0.8071428571428572 0.13933415536374846
0.8014184397163121 0.13933415536374846
0.795774647887324 0.13933415536374846
0.7902097902097902 0.13933415536374846
0.7847222222222222 0.13933415536374846
0.7793103448275862 0.13933415536374846
0.773972602739726 0.13933415536374846
0.7687074829931972 0.13933415536374846
0.7635135135135135 0.13933415536374846
0.7583892617449665 0.13933415536374846
0.7533333333333333 0.13933415536374846
0.7483443708609272 0.13933415536374846
0.743421052631579 0.13933415536374846
0.738562091503268 0.13933415536374846
0.7337662337662337 0.13933415536374846
0.7290322580645161 0.13933415536374846
0.7243589743589743 0.13933415536374846
0.7261146496815286 0.1405672009864365
0.7278481012658228 0.14180024660912455
0.7232704402515723 0.14180024660912455
0.71875 0.14180024660912455
0.7142857142857143 0.14180024660912455
0.7098765432098766 0.14180024660912455
0.7055214723926381 0.14180024660912455
0.7012195121951219 0.14180024660912455
0.696969696969697 0.14180024660912455
0.6987951807228916 0.14303329223181258
0.7005988023952096 0.1442663378545006
0.7023809523809523 0.14549938347718866
0.6982248520710059 0.14549938347718866
0.7 0.1467324290998767
0.695906432748538 0.1467324290998767
0.6976744186046512 0.14796547472256474
0.6994219653179191 0.14919852034525277
0.7011494252873564 0.1504315659679408
0.7028571428571428 0.15166461159062886
0.6988636363636364 0.15166461159062886
0.7005649717514124 0.15289765721331688
0.6966292134831461 0.15289765721331688
0.6983240223463687 0.15413070283600494
0.6944444444444444 0.15413070283600494
0.6906077348066298 0.15413070283600494
0.6923076923076923 0.15536374845869297
0.6939890710382514 0.15659679408138102
0.6956521739130435 0.15782983970406905
0.6972972972972973 0.15906288532675708
0.6989247311827957 0.16029593094944514
0.6951871657754011 0.16029593094944514
0.6914893617021277 0.16029593094944514
0.6878306878306878 0.16029593094944514
0.6842105263157895 0.16029593094944514
0.6858638743455497 0.16152897657213316
0.6822916666666666 0.16152897657213316
0.6839378238341969 0.16276202219482122
0.6804123711340206 0.16276202219482122
0.6820512820512821 0.16399506781750925
0.6836734693877551 0.16522811344019728
0.6852791878172588 0.16646115906288533
0.6818181818181818 0.16646115906288533
0.678391959798995 0.16646115906288533
0.675 0.16646115906288533
0.6766169154228856 0.16769420468557336
0.6782178217821783 0.16892725030826142
0.6798029556650246 0.17016029593094945
0.6764705882352942 0.17016029593094945
0.6780487804878049 0.17139334155363747
0.6796116504854369 0.17262638717632553
0.6811594202898551 0.17385943279901356
0.6778846153846154 0.17385943279901356
0.6794258373205742 0.17509247842170161
0.680952380952381 0.17632552404438964
0.6777251184834123 0.17632552404438964
0.6792452830188679 0.17755856966707767
0.6807511737089202 0.17879161528976573
0.6822429906542056 0.18002466091245375
0.6790697674418604 0.18002466091245375
0.6805555555555556 0.1812577065351418
0.6820276497695853 0.18249075215782984
0.6834862385321101 0.18372379778051787
0.680365296803653 0.18372379778051787
0.6818181818181818 0.18495684340320592
0.6832579185520362 0.18618988902589395
0.6846846846846847 0.187422934648582
0.6860986547085202 0.18865598027127004
0.6875 0.18988902589395806
0.6888888888888889 0.19112207151664612
0.6902654867256637 0.19235511713933415
0.6916299559471366 0.1935881627620222
0.6885964912280702 0.1935881627620222
0.6855895196506551 0.1935881627620222
0.6826086956521739 0.1935881627620222
0.6796536796536796 0.1935881627620222
0.6767241379310345 0.1935881627620222
0.6738197424892703 0.1935881627620222
0.6709401709401709 0.1935881627620222
