0.0 0.0
0.5 0.000588235294117647
0.6666666666666666 0.001176470588235294
0.75 0.0017647058823529412
0.8 0.002352941176470588
0.8333333333333334 0.0029411764705882353
0.8571428571428571 0.0035294117647058825
0.875 0.00411764705882353
0.8888888888888888 0.004705882352941176
0.9 0.005294117647058823
0.9090909090909091 0.0058823529411764705
0.9166666666666666 0.006470588235294118
0.9230769230769231 0.007058823529411765
0.9285714285714286 0.007647058823529412
0.9333333333333333 0.00823529411764706
0.9375 0.008823529411764706
0.9411764705882353 0.009411764705882352
0.9444444444444444 0.01
0.9473684210526315 0.010588235294117647
0.95 0.011176470588235295
0.9523809523809523 0.011764705882352941
0.9545454545454546 0.012352941176470587
0.9565217391304348 0.012941176470588235
0.9583333333333334 0.013529411764705882
0.96 0.01411764705882353
0.9615384615384616 0.014705882352941176
0.9629629629629629 0.015294117647058824
0.9642857142857143 0.01588235294117647
0.9655172413793104 0.01647058823529412
0.9666666666666667 0.017058823529411765
0.967741935483871 0.01764705882352941
0.96875 0.018235294117647058
0.9696969696969697 0.018823529411764704
0.9705882352941176 0.019411764705882354
0.9714285714285714 0.02
0.9722222222222222 0.020588235294117647
0.972972972972973 0.021176470588235293
0.9736842105263158 0.02176470588235294
0.9743589743589743 0.02235294117647059
0.975 0.022941176470588236
0.975609756097561 0.023529411764705882
0.9523809523809523 0.023529411764705882
0.9534883720930233 0.02411764705882353
0.9545454545454546 0.024705882352941175
0.9555555555555556 0.025294117647058825
0.9565217391304348 0.02588235294117647
0.9574468085106383 0.026470588235294117
0.9583333333333334 0.027058823529411764
0.9591836734693877 0.027647058823529413
0.96 0.02823529411764706
0.9607843137254902 0.028823529411764706
0.9615384615384616 0.029411764705882353
0.9622641509433962 0.03
0.9444444444444444 0.03
0.9272727272727272 0.03
0.9285714285714286 0.03058823529411765
0.9298245614035088 0.031176470588235295
0.9310344827586207 0.03176470588235294
0.9322033898305084 0.03235294117647059
0.9333333333333333 0.03294117647058824
0.9344262295081968 0.033529411764705884
0.9354838709677419 0.03411764705882353
0.9206349206349206 0.03411764705882353
0.921875 0.03470588235294118
0.9230769230769231 0.03529411764705882
0.9242424242424242 0.03588235294117647
0.9253731343283582 0.036470588235294116
0.9117647058823529 0.036470588235294116
0.8985507246376812 0.036470588235294116
0.8857142857142857 0.036470588235294116
0.8732394366197183 0.036470588235294116
0.875 0.03705882352941176
0.8767123287671232 0.03764705882352941
0.8648648648648649 0.03764705882352941
0.8533333333333334 0.03764705882352941
0.8552631578947368 0.03823529411764706
0.8441558441558441 0.03823529411764706
0.8333333333333334 0.03823529411764706
0.8227848101265823 0.03823529411764706
0.8125 0.03823529411764706
0.8148148148148148 0.03882352941176471
0.8048780487804879 0.03882352941176471
0.8072289156626506 0.039411764705882354
0.8095238095238095 0.04
0.8117647058823529 0.04058823529411765
0.813953488372093 0.041176470588235294
0.8160919540229885 0.04176470588235294
0.8068181818181818 0.04176470588235294
0.8089887640449438 0.042352941176470586
0.8111111111111111 0.04294117647058823
0.8131868131868132 0.04352941176470588
0.8152173913043478 0.04411764705882353
0.8172043010752689 0.04470588235294118
0.8085106382978723 0.04470588235294118
0.8105263157894737 0.045294117647058825
0.8125 0.04588235294117647
0.8144329896907216 0.04647058823529412
0.8163265306122449 0.047058823529411764
0.8181818181818182 0.04764705882352941
0.82 0.04823529411764706
0.8217821782178217 0.0488235294117647
0.8235294117647058 0.04941176470588235
0.8252427184466019 0.05
0.8173076923076923 0.05
0.8095238095238095 0.05
0.8018867924528302 0.05
0.794392523364486 0.05
0.7962962962962963 0.05058823529411765
0.7981651376146789 0.051176470588235295
0.8 0.05176470588235294
0.8018018018018018 0.05235294117647059
0.7946428571428571 0.05235294117647059
0.7876106194690266 0.05235294117647059
0.7807017543859649 0.05235294117647059
0.7739130434782608 0.05235294117647059
0.7672413793103449 0.05235294117647059
0.7606837606837606 0.05235294117647059
0.7542372881355932 0.05235294117647059
0.7478991596638656 0.05235294117647059
0.7416666666666667 0.05235294117647059
0.7355371900826446 0.05235294117647059
0.7295081967213115 0.05235294117647059
0.7235772357723578 0.05235294117647059
0.717741935483871 0.05235294117647059
0.712 0.05235294117647059
0.7063492063492064 0.05235294117647059
0.7007874015748031 0.05235294117647059
0.6953125 0.05235294117647059
0.689922480620155 0.05235294117647059
0.6846153846153846 0.05235294117647059
0.6793893129770993 0.05235294117647059
0.6742424242424242 0.05235294117647059
0.6766917293233082 0.052941176470588235
0.6791044776119403 0.05352941176470588
0.6814814814814815 0.05411764705882353
0.6764705882352942 0.05411764705882353
0.6715328467153284 0.05411764705882353
0.6739130434782609 0.054705882352941174
0.6690647482014388 0.054705882352941174
0.6642857142857143 0.054705882352941174
0.6595744680851063 0.054705882352941174
0.6619718309859155 0.05529411764705883
0.6643356643356644 0.05588235294117647
0.6666666666666666 0.05647058823529412
0.6689655172413793 0.057058823529411766
0.6712328767123288 0.05764705882352941
0.673469387755102 0.05823529411764706
0.6756756756756757 0.058823529411764705
0.6778523489932886 0.05941176470588235
0.6733333333333333 0.05941176470588235
0.6754966887417219 0.06
0.6776315789473685 0.060588235294117644
0.6797385620915033 0.0611764705882353
0.6818181818181818 0.061764705882352944
0.6838709677419355 0.06235294117647059
0.6794871794871795 0.06235294117647059
0.6815286624203821 0.06294117647058824
0.6835443037974683 0.06352941176470588
0.6855345911949685 0.06411764705882353
0.6875 0.06470588235294118
0.6894409937888198 0.06529411764705882
0.691358024691358 0.06588235294117648
0.6932515337423313 0.06647058823529411
0.6951219512195121 0.06705882352941177
0.696969696969697 0.06764705882352941
0.6987951807228916 0.06823529411764706
0.7005988023952096 0.0688235294117647
0.7023809523809523 0.06941176470588235
0.7041420118343196 0.07
0.7058823529411765 0.07058823529411765
0.7076023391812866 0.0711764705882353
0.7093023255813954 0.07176470588235294
0.7109826589595376 0.07235294117647059
0.7126436781609196 0.07294117647058823
0.7085714285714285 0.07294117647058823
0.7045454545454546 0.07294117647058823
0.7005649717514124 0.07294117647058823
0.6966292134831461 0.07294117647058823
0.6927374301675978 0.07294117647058823
0.6888888888888889 0.07294117647058823
0.6850828729281768 0.07294117647058823
0.6813186813186813 0.07294117647058823
0.6775956284153005 0.07294117647058823
0.6739130434782609 0.07294117647058823
0.6702702702702703 0.07294117647058823
0.6666666666666666 0.07294117647058823
0.6631016042780749 0.07294117647058823
0.6595744680851063 0.07294117647058823
0.656084656084656 0.07294117647058823
0.6526315789473685 0.07294117647058823
0.6492146596858639 0.07294117647058823
0.6458333333333334 0.07294117647058823
0.6424870466321243 0.07294117647058823
0.6391752577319587 0.07294117647058823
0.6358974358974359 0.07294117647058823
0.6326530612244898 0.07294117647058823
0.6294416243654822 0.07294117647058823
0.6262626262626263 0.07294117647058823
0.6231155778894473 0.07294117647058823
0.62 0.07294117647058823
0.6169154228855721 0.07294117647058823
0.6138613861386139 0.07294117647058823
0.6108374384236454 0.07294117647058823
0.6078431372549019 0.07294117647058823
0.6048780487804878 0.07294117647058823
0.6019417475728155 0.07294117647058823
0.6038647342995169 0.07352941176470588
0.6009615384615384 0.07352941176470588
0.5980861244019139 0.07352941176470588
0.5952380952380952 0.07352941176470588
0.5924170616113744 0.07352941176470588
0.589622641509434 0.07352941176470588
0.5868544600938967 0.07352941176470588
0.5841121495327103 0.07352941176470588
0.5813953488372093 0.07352941176470588
0.5787037037037037 0.07352941176470588
0.576036866359447 0.07352941176470588
0.573394495412844 0.07352941176470588
0.5753424657534246 0.07411764705882352
0.5772727272727273 0.07470588235294118
0.5746606334841629 0.07470588235294118
0.5720720720720721 0.07470588235294118
0.5695067264573991 0.07470588235294118
0.5714285714285714 0.07529411764705882
0.5688888888888889 0.07529411764705882
0.5663716814159292 0.07529411764705882
0.5682819383259912 0.07588235294117647
0.5701754385964912 0.07647058823529412
0.5676855895196506 0.07647058823529412
0.5652173913043478 0.07647058823529412
0.5627705627705628 0.07647058823529412
0.5603448275862069 0.07647058823529412
0.5579399141630901 0.07647058823529412
0.5555555555555556 0.07647058823529412
0.5574468085106383 0.07705882352941176
0.5550847457627118 0.07705882352941176
0.5527426160337553 0.07705882352941176
0.5504201680672269 0.07705882352941176
0.5481171548117155 0.07705882352941176
0.5458333333333333 0.07705882352941176
0.5435684647302904 0.07705882352941176
0.5413223140495868 0.07705882352941176
0.5390946502057613 0.07705882352941176
0.5368852459016393 0.07705882352941176
0.5346938775510204 0.07705882352941176
0.532520325203252 0.07705882352941176
0.5303643724696356 0.07705882352941176
0.5282258064516129 0.07705882352941176
0.5261044176706827 0.07705882352941176
0.524 0.07705882352941176
0.5219123505976095 0.07705882352941176
0.5198412698412699 0.07705882352941176
0.5177865612648221 0.07705882352941176
0.515748031496063 0.07705882352941176
0.5137254901960784 0.07705882352941176
0.51171875 0.07705882352941176
0.5097276264591439 0.07705882352941176
0.5077519379844961 0.07705882352941176
0.5057915057915058 0.07705882352941176
0.5038461538461538 0.07705882352941176
0.5019157088122606 0.07705882352941176
0.5 0.07705882352941176
0.49809885931558934 0.07705882352941176
0.4962121212121212 0.07705882352941176
0.49433962264150944 0.07705882352941176
0.4924812030075188 0.07705882352941176
0.49063670411985016 0.07705882352941176
0.4925373134328358 0.07764705882352942
0.49070631970260226 0.07764705882352942
0.4888888888888889 0.07764705882352942
0.4870848708487085 0.07764705882352942
0.4852941176470588 0.07764705882352942
0.4835164835164835 0.07764705882352942
0.48175182481751827 0.07764705882352942
0.48363636363636364 0.07823529411764706
0.48188405797101447 0.07823529411764706
0.48375451263537905 0.07882352941176471
0.48201438848920863 0.07882352941176471
0.48028673835125446 0.07882352941176471
0.4785714285714286 0.07882352941176471
0.47686832740213525 0.07882352941176471
0.475177304964539 0.07882352941176471
0.4734982332155477 0.07882352941176471
0.47183098591549294 0.07882352941176471
0.47368421052631576 0.07941176470588235
0.47202797202797203 0.07941176470588235
0.47038327526132406 0.07941176470588235
0.46875 0.07941176470588235
0.4671280276816609 0.07941176470588235
0.46551724137931033 0.07941176470588235
0.4639175257731959 0.07941176470588235
0.4623287671232877 0.07941176470588235
0.46075085324232085 0.07941176470588235
0.45918367346938777 0.07941176470588235
0.4576271186440678 0.07941176470588235
0.4560810810810811 0.07941176470588235
0.45454545454545453 0.07941176470588235
0.45302013422818793 0.07941176470588235
0.451505016722408 0.07941176470588235
0.45 0.07941176470588235
0.4485049833887043 0.07941176470588235
0.4470198675496689 0.07941176470588235
0.44554455445544555 0.07941176470588235
0.4440789473684211 0.07941176470588235
0.4426229508196721 0.07941176470588235
0.4411764705882353 0.07941176470588235
0.43973941368078173 0.07941176470588235
0.4383116883116883 0.07941176470588235
0.4368932038834951 0.07941176470588235
0.43548387096774194 0.07941176470588235
0.4340836012861736 0.07941176470588235
0.4326923076923077 0.07941176470588235
0.43130990415335463 0.07941176470588235
0.4299363057324841 0.07941176470588235
0.42857142857142855 0.07941176470588235
0.4272151898734177 0.07941176470588235
0.42586750788643535 0.07941176470588235
0.42452830188679247 0.07941176470588235
0.4231974921630094 0.07941176470588235
0.421875 0.07941176470588235
0.4205607476635514 0.07941176470588235
0.4192546583850932 0.07941176470588235
0.4179566563467492 0.07941176470588235
0.4166666666666667 0.07941176470588235
0.4153846153846154 0.07941176470588235
0.41411042944785276 0.07941176470588235
0.41284403669724773 0.07941176470588235
0.4115853658536585 0.07941176470588235
0.41033434650455924 0.07941176470588235
0.4090909090909091 0.07941176470588235
0.4078549848942598 0.07941176470588235
0.4066265060240964 0.07941176470588235
0.40540540540540543 0.07941176470588235
0.4041916167664671 0.07941176470588235
0.40298507462686567 0.07941176470588235
0.4017857142857143 0.07941176470588235
0.40059347181008903 0.07941176470588235
0.3994082840236686 0.07941176470588235
0.39823008849557523 0.07941176470588235
0.39705882352941174 0.07941176470588235
0.39589442815249265 0.07941176470588235
0.39473684210526316 0.07941176470588235
0.3935860058309038 0.07941176470588235
0.39244186046511625 0.07941176470588235
0.391304347826087 0.07941176470588235
0.3901734104046243 0.07941176470588235
0.38904899135446686 0.07941176470588235
0.3879310344827586 0.07941176470588235
0.3868194842406877 0.07941176470588235
0.38571428571428573 0.07941176470588235
0.38461538461538464 0.07941176470588235
0.3835227272727273 0.07941176470588235
0.38243626062322944 0.07941176470588235
0.3813559322033898 0.07941176470588235
0.38028169014084506 0.07941176470588235
0.3792134831460674 0.07941176470588235
0.37815126050420167 0.07941176470588235
0.3770949720670391 0.07941176470588235
0.37604456824512533 0.07941176470588235
0.37777777777777777 0.08
0.3767313019390582 0.08
0.3784530386740331 0.08058823529411764
0.3774104683195592 0.08058823529411764
0.37637362637362637 0.08058823529411764
0.37534246575342467 0.08058823529411764
0.3743169398907104 0.08058823529411764
0.3760217983651226 0.0811764705882353
0.375 0.0811764705882353
0.37398373983739835 0.0811764705882353
0.37567567567567567 0.08176470588235295
0.3746630727762803 0.08176470588235295
0.3763440860215054 0.08235294117647059
0.3753351206434316 0.08235294117647059
0.37433155080213903 0.08235294117647059
0.37333333333333335 0.08235294117647059
0.3723404255319149 0.08235294117647059
0.3713527851458886 0.08235294117647059
0.373015873015873 0.08294117647058824
0.3720316622691293 0.08294117647058824
0.3736842105263158 0.08352941176470588
0.37270341207349084 0.08352941176470588
0.3717277486910995 0.08352941176470588
0.370757180156658 0.08352941176470588
0.3697916666666667 0.08352941176470588
0.36883116883116884 0.08352941176470588
0.36787564766839376 0.08352941176470588
0.3669250645994832 0.08352941176470588
0.36855670103092786 0.08411764705882353
0.3676092544987147 0.08411764705882353
0.36923076923076925 0.08470588235294117
0.36828644501278773 0.08470588235294117
0.3673469387755102 0.08470588235294117
0.36895674300254455 0.08529411764705883
0.37055837563451777 0.08588235294117647
0.369620253164557 0.08588235294117647
0.3712121212121212 0.08647058823529412
0.37279596977329976 0.08705882352941176
0.3743718592964824 0.08764705882352941
0.37343358395989973 0.08764705882352941
0.3725 0.08764705882352941
0.371571072319202 0.08764705882352941
0.3706467661691542 0.08764705882352941
0.369727047146402 0.08764705882352941
0.3688118811881188 0.08764705882352941
0.36790123456790125 0.08764705882352941
0.3669950738916256 0.08764705882352941
0.36609336609336607 0.08764705882352941
0.36519607843137253 0.08764705882352941
0.3643031784841076 0.08764705882352941
0.36341463414634145 0.08764705882352941
0.36253041362530414 0.08764705882352941
0.3616504854368932 0.08764705882352941
0.36077481840193704 0.08764705882352941
0.35990338164251207 0.08764705882352941
0.35903614457831323 0.08764705882352941
0.3581730769230769 0.08764705882352941
0.35731414868105515 0.08764705882352941
0.35645933014354064 0.08764705882352941
0.3556085918854415 0.08764705882352941
0.3547619047619048 0.08764705882352941
0.35391923990498814 0.08764705882352941
0.35308056872037913 0.08764705882352941
0.35224586288416077 0.08764705882352941
0.35141509433962265 0.08764705882352941
0.35058823529411764 0.08764705882352941
0.34976525821596244 0.08764705882352941
0.34894613583138173 0.08764705882352941
0.34813084112149534 0.08764705882352941
0.3473193473193473 0.08764705882352941
0.34651162790697676 0.08764705882352941
0.345707656612529 0.08764705882352941
0.3449074074074074 0.08764705882352941
0.3441108545034642 0.08764705882352941
0.3433179723502304 0.08764705882352941
0.3448275862068966 0.08823529411764706
0.3440366972477064 0.08823529411764706
0.34324942791762014 0.08823529411764706
0.3424657534246575 0.08823529411764706
0.3416856492027335 0.08823529411764706
0.3409090909090909 0.08823529411764706
0.3401360544217687 0.08823529411764706
0.3393665158371041 0.08823529411764706
0.33860045146726864 0.08823529411764706
0.33783783783783783 0.08823529411764706
0.33707865168539325 0.08823529411764706
0.336322869955157 0.08823529411764706
0.33557046979865773 0.08823529411764706
0.33705357142857145 0.0888235294117647
0.3363028953229399 0.0888235294117647
0.33555555555555555 0.0888235294117647
0.3348115299334812 0.0888235294117647
0.334070796460177 0.0888235294117647
0.3333333333333333 0.0888235294117647
0.33259911894273125 0.0888235294117647
0.33186813186813185 0.0888235294117647
0.33114035087719296 0.0888235294117647
0.3304157549234136 0.0888235294117647
0.3296943231441048 0.0888235294117647
0.3289760348583878 0.0888235294117647
0.3282608695652174 0.0888235294117647
0.3275488069414317 0.0888235294117647
0.3268398268398268 0.0888235294117647
0.326133909287257 0.0888235294117647
0.3254310344827586 0.0888235294117647
0.3247311827956989 0.0888235294117647
0.3240343347639485 0.0888235294117647
0.32548179871520344 0.08941176470588236
0.3247863247863248 0.08941176470588236
0.32409381663113007 0.08941176470588236
0.32340425531914896 0.08941176470588236
0.3227176220806794 0.08941176470588236
0.3220338983050847 0.08941176470588236
0.321353065539112 0.08941176470588236
0.3206751054852321 0.08941176470588236
0.32 0.08941176470588236
0.31932773109243695 0.08941176470588236
0.31865828092243187 0.08941176470588236
0.3179916317991632 0.08941176470588236
0.3173277661795407 0.08941176470588236
0.31666666666666665 0.08941176470588236
0.316008316008316 0.08941176470588236
0.31742738589211617 0.09
0.3167701863354037 0.09
0.31611570247933884 0.09
0.3154639175257732 0.09
0.3148148148148148 0.09
0.3141683778234086 0.09
0.3135245901639344 0.09
0.3128834355828221 0.09
0.3122448979591837 0.09
0.31160896130346233 0.09
0.31097560975609756 0.09
0.3103448275862069 0.09
0.3097165991902834 0.09
0.3090909090909091 0.09
0.3084677419354839 0.09
0.30784708249496984 0.09
0.3072289156626506 0.09
0.3066132264529058 0.09
0.306 0.09
0.30538922155688625 0.09
0.3047808764940239 0.09
0.30417495029821073 0.09
0.30357142857142855 0.09
0.30297029702970296 0.09
0.30434782608695654 0.09058823529411765
0.3037475345167653 0.09058823529411765
0.3031496062992126 0.09058823529411765
0.3025540275049116 0.09058823529411765
0.30196078431372547 0.09058823529411765
0.3013698630136986 0.09058823529411765
0.30078125 0.09058823529411765
0.3001949317738791 0.09058823529411765
0.29961089494163423 0.09058823529411765
0.29902912621359223 0.09058823529411765
0.29844961240310075 0.09058823529411765
0.2978723404255319 0.09058823529411765
0.29922779922779924 0.09117647058823529
0.30057803468208094 0.09176470588235294
0.3019230769230769 0.09235294117647058
0.30326295585412666 0.09294117647058824
0.30268199233716475 0.09294117647058824
0.30401529636711283 0.09352941176470589
0.30343511450381677 0.09352941176470589
0.3047619047619048 0.09411764705882353
0.3041825095057034 0.09411764705882353
0.3055028462998102 0.09470588235294118
0.3068181818181818 0.09529411764705882
0.30623818525519847 0.09529411764705882
0.30566037735849055 0.09529411764705882
0.3050847457627119 0.09529411764705882
0.30451127819548873 0.09529411764705882
0.30393996247654786 0.09529411764705882
0.3052434456928839 0.09588235294117647
0.30467289719626167 0.09588235294117647
0.30597014925373134 0.09647058823529411
0.30726256983240224 0.09705882352941177
0.30855018587360594 0.0976470588235294
0.3098330241187384 0.09823529411764706
0.30925925925925923 0.09823529411764706
0.30868761552680224 0.09823529411764706
0.3081180811808118 0.09823529411764706
0.30755064456721914 0.09823529411764706
0.3069852941176471 0.09823529411764706
0.30642201834862387 0.09823529411764706
0.3058608058608059 0.09823529411764706
0.3053016453382084 0.09823529411764706
0.30474452554744524 0.09823529411764706
0.30601092896174864 0.0988235294117647
0.30727272727272725 0.09941176470588235
0.30671506352087113 0.09941176470588235
0.3061594202898551 0.09941176470588235
0.30560578661844484 0.09941176470588235
0.30505415162454874 0.09941176470588235
0.3045045045045045 0.09941176470588235
0.3039568345323741 0.09941176470588235
0.30341113105924594 0.09941176470588235
0.30286738351254483 0.09941176470588235
0.3041144901610018 0.1
0.3053571428571429 0.10058823529411764
0.3065953654188948 0.1011764705882353
0.30604982206405695 0.1011764705882353
0.30550621669627 0.1011764705882353
0.3049645390070922 0.1011764705882353
0.30442477876106194 0.1011764705882353
0.303886925795053 0.1011764705882353
0.30335097001763667 0.1011764705882353
0.3028169014084507 0.1011764705882353
0.3022847100175747 0.1011764705882353
0.3017543859649123 0.1011764705882353
0.30122591943957966 0.1011764705882353
0.3006993006993007 0.1011764705882353
0.30017452006980805 0.1011764705882353
0.29965156794425085 0.1011764705882353
0.2991304347826087 0.1011764705882353
0.2986111111111111 0.1011764705882353
0.29809358752166376 0.1011764705882353
0.2975778546712803 0.1011764705882353
0.2987910189982729 0.10176470588235294
0.3 0.10235294117647059
0.30120481927710846 0.10294117647058823
0.3024054982817869 0.10352941176470588
0.30360205831903947 0.10411764705882352
0.3047945205479452 0.10470588235294118
0.30427350427350425 0.10470588235294118
0.3037542662116041 0.10470588235294118
0.303236797274276 0.10470588235294118
0.30272108843537415 0.10470588235294118
0.30220713073005095 0.10470588235294118
0.3016949152542373 0.10470588235294118
0.3011844331641286 0.10470588235294118
0.30067567567567566 0.10470588235294118
0.30016863406408095 0.10470588235294118
0.2996632996632997 0.10470588235294118
0.2991596638655462 0.10470588235294118
0.2986577181208054 0.10470588235294118
0.2981574539363484 0.10470588235294118
0.2976588628762542 0.10470588235294118
0.29716193656093487 0.10470588235294118
0.29833333333333334 0.10529411764705883
0.2978369384359401 0.10529411764705883
0.2973421926910299 0.10529411764705883
0.296849087893864 0.10529411764705883
0.29635761589403975 0.10529411764705883
0.2958677685950413 0.10529411764705883
0.2953795379537954 0.10529411764705883
0.29489291598023065 0.10529411764705883
0.29605263157894735 0.10588235294117647
0.29720853858784896 0.10647058823529412
0.2967213114754098 0.10647058823529412
0.29623567921440264 0.10647058823529412
0.2957516339869281 0.10647058823529412
0.29526916802610115 0.10647058823529412
0.2947882736156352 0.10647058823529412
0.2943089430894309 0.10647058823529412
0.29383116883116883 0.10647058823529412
0.293354943273906 0.10647058823529412
0.2928802588996764 0.10647058823529412
0.2924071082390953 0.10647058823529412
0.29193548387096774 0.10647058823529412
0.2914653784219002 0.10647058823529412
0.2909967845659164 0.10647058823529412
0.29052969502407705 0.10647058823529412
0.2900641025641026 0.10647058823529412
0.2896 0.10647058823529412
0.28913738019169327 0.10647058823529412
0.2886762360446571 0.10647058823529412
0.2898089171974522 0.10705882352941176
0.2893481717011129 0.10705882352941176
0.2904761904761905 0.10764705882352942
0.2900158478605388 0.10764705882352942
0.28955696202531644 0.10764705882352942
0.2890995260663507 0.10764705882352942
0.2886435331230284 0.10764705882352942
0.28976377952755905 0.10823529411764705
0.2893081761006289 0.10823529411764705
0.28885400313971743 0.10823529411764705
0.28996865203761757 0.10882352941176471
0.29107981220657275 0.10941176470588235
0.290625 0.10941176470588235
0.29017160686427457 0.10941176470588235
0.2897196261682243 0.10941176470588235
0.2892690513219285 0.10941176470588235
0.2888198757763975 0.10941176470588235
0.28837209302325584 0.10941176470588235
0.28792569659442724 0.10941176470588235
0.2874806800618238 0.10941176470588235
0.28858024691358025 0.11
0.288135593220339 0.11
0.2876923076923077 0.11
0.2872503840245776 0.11
0.28680981595092025 0.11
0.28637059724349156 0.11
0.28593272171253825 0.11
0.28549618320610687 0.11
0.2850609756097561 0.11
0.2846270928462709 0.11
0.28419452887537994 0.11
0.283763277693475 0.11
0.28484848484848485 0.11058823529411765
0.2859304084720121 0.1111764705882353
0.2854984894259819 0.1111764705882353
0.2850678733031674 0.1111764705882353
0.28463855421686746 0.1111764705882353
0.2857142857142857 0.11176470588235295
0.28678678678678676 0.11235294117647059
0.2863568215892054 0.11235294117647059
0.28592814371257486 0.11235294117647059
0.28699551569506726 0.11294117647058824
0.2880597014925373 0.11352941176470588
0.28763040238450077 0.11352941176470588
0.28869047619047616 0.11411764705882353
0.28826151560178304 0.11411764705882353
0.2878338278931751 0.11411764705882353
0.2874074074074074 0.11411764705882353
0.2869822485207101 0.11411764705882353
0.2865583456425406 0.11411764705882353
0.2861356932153392 0.11411764705882353
0.2857142857142857 0.11411764705882353
0.2852941176470588 0.11411764705882353
0.28487518355359764 0.11411764705882353
0.2844574780058651 0.11411764705882353
0.2840409956076135 0.11411764705882353
0.28362573099415206 0.11411764705882353
0.2832116788321168 0.11411764705882353
0.282798833819242 0.11411764705882353
0.2823871906841339 0.11411764705882353
0.2819767441860465 0.11411764705882353
0.28156748911465895 0.11411764705882353
0.2811594202898551 0.11411764705882353
0.2821997105643994 0.11470588235294117
0.2832369942196532 0.11529411764705882
0.2828282828282828 0.11529411764705882
0.2824207492795389 0.11529411764705882
0.2820143884892086 0.11529411764705882
0.28160919540229884 0.11529411764705882
0.2812051649928264 0.11529411764705882
0.2808022922636103 0.11529411764705882
0.2804005722460658 0.11529411764705882
0.28 0.11529411764705882
0.2796005706134094 0.11529411764705882
0.2792022792022792 0.11529411764705882
0.27880512091038406 0.11529411764705882
0.2784090909090909 0.11529411764705882
0.27801418439716313 0.11529411764705882
0.2776203966005666 0.11529411764705882
0.27864214992927866 0.11588235294117646
0.2782485875706215 0.11588235294117646
0.2778561354019746 0.11588235294117646
0.2774647887323944 0.11588235294117646
0.2770745428973277 0.11588235294117646
0.27668539325842695 0.11588235294117646
0.2776998597475456 0.11647058823529412
0.2773109243697479 0.11647058823529412
0.27692307692307694 0.11647058823529412
0.276536312849162 0.11647058823529412
0.27615062761506276 0.11647058823529412
0.27715877437325903 0.11705882352941177
0.2767732962447844 0.11705882352941177
0.2763888888888889 0.11705882352941177
0.27600554785020803 0.11705882352941177
0.2756232686980609 0.11705882352941177
0.2752420470262794 0.11705882352941177
0.27486187845303867 0.11705882352941177
0.27586206896551724 0.11764705882352941
0.27548209366391185 0.11764705882352941
0.2764786795048143 0.11823529411764706
0.2774725274725275 0.1188235294117647
0.27709190672153633 0.1188235294117647
0.27671232876712326 0.1188235294117647
0.2763337893296854 0.1188235294117647
0.27595628415300544 0.1188235294117647
0.2755798090040928 0.1188235294117647
0.27520435967302453 0.1188235294117647
0.2748299319727891 0.1188235294117647
0.27445652173913043 0.1188235294117647
0.27544097693351427 0.11941176470588236
0.2764227642276423 0.12
0.2774018944519621 0.12058823529411765
0.27837837837837837 0.12117647058823529
0.2793522267206478 0.12176470588235294
0.27897574123989216 0.12176470588235294
0.27860026917900405 0.12176470588235294
0.2782258064516129 0.12176470588235294
0.2778523489932886 0.12176470588235294
0.2774798927613941 0.12176470588235294
0.27710843373493976 0.12176470588235294
0.2767379679144385 0.12176470588235294
0.27770360480640854 0.1223529411764706
0.2773333333333333 0.1223529411764706
0.2782956058588549 0.12294117647058823
0.27925531914893614 0.12352941176470589
0.2788844621513944 0.12352941176470589
0.27851458885941643 0.12352941176470589
0.2781456953642384 0.12352941176470589
0.2777777777777778 0.12352941176470589
0.2774108322324967 0.12352941176470589
0.2770448548812665 0.12352941176470589
0.2766798418972332 0.12352941176470589
0.27631578947368424 0.12352941176470589
0.2759526938239159 0.12352941176470589
0.2755905511811024 0.12352941176470589
0.27522935779816515 0.12352941176470589
0.27486910994764396 0.12352941176470589
0.27450980392156865 0.12352941176470589
0.2741514360313316 0.12352941176470589
0.2737940026075619 0.12352941176470589
0.2734375 0.12352941176470589
0.27308192457737324 0.12352941176470589
0.2727272727272727 0.12352941176470589
0.2723735408560311 0.12352941176470589
0.27202072538860106 0.12352941176470589
0.2716688227684347 0.12352941176470589
0.2713178294573643 0.12352941176470589
0.2709677419354839 0.12352941176470589
0.2706185567010309 0.12352941176470589
0.2702702702702703 0.12352941176470589
0.2699228791773779 0.12352941176470589
0.26957637997432604 0.12352941176470589
0.2692307692307692 0.12352941176470589
0.26888604353393086 0.12352941176470589
0.26854219948849106 0.12352941176470589
0.2681992337164751 0.12352941176470589
0.26785714285714285 0.12352941176470589
0.267515923566879 0.12352941176470589
0.26717557251908397 0.12352941176470589
0.2681067344345616 0.12411764705882353
0.26776649746192893 0.12411764705882353
0.2674271229404309 0.12411764705882353
0.2670886075949367 0.12411764705882353
0.2667509481668774 0.12411764705882353
0.26641414141414144 0.12411764705882353
0.266078184110971 0.12411764705882353
0.26574307304785894 0.12411764705882353
0.26666666666666666 0.12470588235294118
0.2675879396984925 0.12529411764705883
0.2672521957340025 0.12529411764705883
0.2669172932330827 0.12529411764705883
0.2665832290362954 0.12529411764705883
0.26625 0.12529411764705883
0.26591760299625467 0.12529411764705883
0.2655860349127182 0.12529411764705883
0.26525529265255293 0.12529411764705883
0.26492537313432835 0.12529411764705883
0.2645962732919255 0.12529411764705883
0.2642679900744417 0.12529411764705883
0.26394052044609667 0.12529411764705883
0.2636138613861386 0.12529411764705883
0.26328800988875156 0.12529411764705883
0.26296296296296295 0.12529411764705883
0.2626387176325524 0.12529411764705883
0.2623152709359606 0.12529411764705883
0.26199261992619927 0.12529411764705883
0.2616707616707617 0.12529411764705883
0.26134969325153373 0.12529411764705883
0.2610294117647059 0.12529411764705883
0.2607099143206854 0.12529411764705883
0.2603911980440098 0.12529411764705883
0.2600732600732601 0.12529411764705883
0.2597560975609756 0.12529411764705883
0.25943970767356883 0.12529411764705883
0.2591240875912409 0.12529411764705883
0.25880923450789795 0.12529411764705883
0.25849514563106796 0.12529411764705883
0.2581818181818182 0.12529411764705883
0.25786924939467315 0.12529411764705883
0.25755743651753327 0.12529411764705883
0.2572463768115942 0.12529411764705883
0.2569360675512666 0.12529411764705883
0.25662650602409637 0.12529411764705883
0.2563176895306859 0.12529411764705883
0.25600961538461536 0.12529411764705883
0.25570228091236497 0.12529411764705883
0.2565947242206235 0.12588235294117647
0.2562874251497006 0.12588235294117647
0.25717703349282295 0.1264705882352941
0.25806451612903225 0.12705882352941175
0.2577565632458234 0.12705882352941175
0.25744934445768775 0.12705882352941175
0.2571428571428571 0.12705882352941175
0.2568370986920333 0.12705882352941175
0.25653206650831356 0.12705882352941175
0.25622775800711745 0.12705882352941175
0.2559241706161137 0.12705882352941175
0.2556213017751479 0.12705882352941175
0.2565011820330969 0.12764705882352942
0.256198347107438 0.12764705882352942
0.25707547169811323 0.12823529411764706
0.2579505300353357 0.1288235294117647
0.2576470588235294 0.1288235294117647
0.2573443008225617 0.1288235294117647
0.25704225352112675 0.1288235294117647
0.2567409144196952 0.1288235294117647
0.25644028103044497 0.1288235294117647
0.256140350877193 0.1288235294117647
0.2570093457943925 0.12941176470588237
0.25670945157526254 0.12941176470588237
0.25757575757575757 0.13
0.25844004656577413 0.13058823529411764
0.25813953488372093 0.13058823529411764
0.2590011614401858 0.13117647058823528
0.25870069605568446 0.13117647058823528
0.25840092699884126 0.13117647058823528
0.25810185185185186 0.13117647058823528
0.25780346820809247 0.13117647058823528
0.2575057736720554 0.13117647058823528
0.25720876585928487 0.13117647058823528
0.2569124423963134 0.13117647058823528
0.25776754890678943 0.13176470588235295
0.2574712643678161 0.13176470588235295
0.25832376578645233 0.1323529411764706
0.2580275229357798 0.1323529411764706
0.2588774341351661 0.13294117647058823
0.2597254004576659 0.13352941176470587
0.25942857142857145 0.13352941176470587
0.2591324200913242 0.13352941176470587
0.2588369441277081 0.13352941176470587
0.25854214123006836 0.13352941176470587
0.2582480091012514 0.13352941176470587
0.25795454545454544 0.13352941176470587
0.2576617480136209 0.13352941176470587
0.25736961451247165 0.13352941176470587
0.2570781426953567 0.13352941176470587
0.25678733031674206 0.13352941176470587
0.25649717514124293 0.13352941176470587
0.2562076749435666 0.13352941176470587
0.25591882750845546 0.13352941176470587
0.25563063063063063 0.13352941176470587
0.25534308211473566 0.13352941176470587
0.2550561797752809 0.13352941176470587
0.2547699214365881 0.13352941176470587
0.25448430493273544 0.13352941176470587
0.2541993281075028 0.13352941176470587
0.2539149888143177 0.13352941176470587
0.2536312849162011 0.13352941176470587
0.2533482142857143 0.13352941176470587
0.2530657748049052 0.13352941176470587
0.25278396436525613 0.13352941176470587
0.2525027808676307 0.13352941176470587
0.25333333333333335 0.13411764705882354
0.25305216426193117 0.13411764705882354
0.25388026607538805 0.13470588235294118
0.2547065337763012 0.13529411764705881
0.25442477876106195 0.13529411764705881
0.2541436464088398 0.13529411764705881
0.25386313465783666 0.13529411764705881
0.2535832414553473 0.13529411764705881
0.2533039647577093 0.13529411764705881
0.253025302530253 0.13529411764705881
0.25274725274725274 0.13529411764705881
0.2524698133918771 0.13529411764705881
0.25219298245614036 0.13529411764705881
0.25191675794085433 0.13529411764705881
0.25164113785557984 0.13529411764705881
0.25136612021857924 0.13529411764705881
0.25109170305676853 0.13529411764705881
0.25081788440567065 0.13529411764705881
0.25054466230936817 0.13529411764705881
0.250272034820457 0.13529411764705881
0.2510869565217391 0.13588235294117648
0.251900108577633 0.13647058823529412
0.2527114967462039 0.13705882352941176
0.2535211267605634 0.1376470588235294
0.25432900432900435 0.13823529411764707
0.25513513513513514 0.1388235294117647
0.2548596112311015 0.1388235294117647
0.2545846817691478 0.1388235294117647
0.2543103448275862 0.1388235294117647
0.25403659849300325 0.1388235294117647
0.2537634408602151 0.1388235294117647
0.2534908700322234 0.1388235294117647
0.2532188841201717 0.1388235294117647
0.2529474812433012 0.1388235294117647
0.25267665952890794 0.1388235294117647
0.25240641711229944 0.1388235294117647
0.25213675213675213 0.1388235294117647
0.2518676627534685 0.1388235294117647
0.2515991471215352 0.1388235294117647
0.25133120340788073 0.1388235294117647
0.251063829787234 0.1388235294117647
0.2507970244420829 0.1388235294117647
0.2505307855626327 0.1388235294117647
0.25026511134676566 0.1388235294117647
0.25 0.1388235294117647
0.24973544973544973 0.1388235294117647
0.24947145877378435 0.1388235294117647
0.249208025343189 0.1388235294117647
0.2489451476793249 0.1388235294117647
0.24868282402528977 0.1388235294117647
0.24842105263157896 0.1388235294117647
0.24815983175604628 0.1388235294117647
0.24789915966386555 0.1388235294117647
0.24763903462749212 0.1388235294117647
0.24737945492662475 0.1388235294117647
0.24712041884816754 0.1388235294117647
0.24686192468619247 0.1388235294117647
0.24660397074190177 0.1388235294117647
0.24634655532359082 0.1388235294117647
0.24608967674661106 0.1388235294117647
0.24583333333333332 0.1388235294117647
0.24557752341311134 0.1388235294117647
0.24532224532224534 0.1388235294117647
0.245067497403946 0.1388235294117647
0.24481327800829875 0.1388235294117647
0.24455958549222798 0.1388235294117647
0.2443064182194617 0.1388235294117647
0.24405377456049637 0.1388235294117647
0.24380165289256198 0.1388235294117647
0.2435500515995872 0.1388235294117647
0.24329896907216494 0.1388235294117647
0.243048403707518 0.1388235294117647
0.24279835390946503 0.1388235294117647
0.24254881808838644 0.1388235294117647
0.24229979466119098 0.1388235294117647
0.24205128205128204 0.1388235294117647
0.24180327868852458 0.1388235294117647
0.24155578300921188 0.1388235294117647
0.24130879345603273 0.1388235294117647
0.2410623084780388 0.1388235294117647
0.24081632653061225 0.1388235294117647
0.24057084607543322 0.1388235294117647
0.24032586558044808 0.1388235294117647
0.24008138351983724 0.1388235294117647
0.23983739837398374 0.1388235294117647
0.23959390862944163 0.1388235294117647
0.23935091277890466 0.1388235294117647
0.23910840932117527 0.1388235294117647
0.2388663967611336 0.1388235294117647
0.23862487360970677 0.1388235294117647
0.2383838383838384 0.1388235294117647
0.23814328960645811 0.1388235294117647
0.23790322580645162 0.1388235294117647
0.23766364551863042 0.1388235294117647
0.23742454728370221 0.1388235294117647
0.2371859296482412 0.1388235294117647
0.23694779116465864 0.1388235294117647
0.23671013039117353 0.1388235294117647
0.23647294589178355 0.1388235294117647
0.23623623623623624 0.1388235294117647
0.236 0.1388235294117647
0.23576423576423577 0.1388235294117647
0.23552894211576847 0.1388235294117647
0.23529411764705882 0.1388235294117647
0.2350597609561753 0.1388235294117647
0.23482587064676616 0.1388235294117647
0.2345924453280318 0.1388235294117647
0.23435948361469713 0.1388235294117647
0.23412698412698413 0.1388235294117647
0.23389494549058473 0.1388235294117647
0.23366336633663368 0.1388235294117647
0.2344213649851632 0.13941176470588235
0.2341897233201581 0.13941176470588235
0.2349457058242843 0.14
0.2357001972386588 0.14058823529411765
0.2354679802955665 0.14058823529411765
0.23523622047244094 0.14058823529411765
0.23500491642084562 0.14058823529411765
0.23477406679764243 0.14058823529411765
0.23454367026496564 0.14058823529411765
0.23431372549019608 0.14058823529411765
0.23408423114593535 0.14058823529411765
0.23385518590998042 0.14058823529411765
0.23362658846529813 0.14058823529411765
0.2333984375 0.14058823529411765
0.23317073170731709 0.14058823529411765
0.23294346978557504 0.14058823529411765
0.23271665043816941 0.14058823529411765
0.23346303501945526 0.1411764705882353
0.23323615160349853 0.1411764705882353
0.23300970873786409 0.1411764705882353
0.23278370514064015 0.1411764705882353
0.23255813953488372 0.1411764705882353
0.23233301064859632 0.1411764705882353
0.23210831721470018 0.1411764705882353
0.2318840579710145 0.1411764705882353
0.23166023166023167 0.1411764705882353
0.23143683702989393 0.1411764705882353
0.23121387283236994 0.1411764705882353
0.23099133782483156 0.1411764705882353
0.23076923076923078 0.1411764705882353
0.23054755043227665 0.1411764705882353
0.23032629558541268 0.1411764705882353
0.23010546500479387 0.1411764705882353
0.22988505747126436 0.1411764705882353
0.22966507177033493 0.1411764705882353
0.2294455066921606 0.1411764705882353
0.22922636103151864 0.1411764705882353
0.22900763358778625 0.1411764705882353
0.22878932316491898 0.1411764705882353
0.22857142857142856 0.1411764705882353
0.22835394862036157 0.1411764705882353
0.22813688212927757 0.1411764705882353
0.22792022792022792 0.1411764705882353
0.22770398481973433 0.1411764705882353
0.22748815165876776 0.1411764705882353
0.22727272727272727 0.1411764705882353
0.22705771050141912 0.1411764705882353
0.22684310018903592 0.1411764705882353
0.22662889518413598 0.1411764705882353
0.22641509433962265 0.1411764705882353
0.22620169651272384 0.1411764705882353
0.22598870056497175 0.1411764705882353
0.2257761053621825 0.1411764705882353
0.22556390977443608 0.1411764705882353
0.22535211267605634 0.1411764705882353
0.225140712945591 0.1411764705882353
0.22492970946579194 0.1411764705882353
0.2247191011235955 0.1411764705882353
0.2245088868101029 0.1411764705882353
0.22429906542056074 0.1411764705882353
0.22408963585434175 0.1411764705882353
0.22388059701492538 0.1411764705882353
0.22367194780987884 0.1411764705882353
0.22346368715083798 0.1411764705882353
0.2241860465116279 0.14176470588235293
0.22490706319702602 0.1423529411764706
0.22562674094707522 0.14294117647058824
0.22634508348794063 0.14352941176470588
0.22706209453197404 0.14411764705882352
0.22777777777777777 0.14470588235294118
0.22849213691026826 0.14529411764705882
0.22920517560073936 0.14588235294117646
0.2299168975069252 0.14647058823529413
0.22970479704797048 0.14647058823529413
0.2294930875576037 0.14647058823529413
0.2292817679558011 0.14647058823529413
0.22907083716651333 0.14647058823529413
0.22886029411764705 0.14647058823529413
0.22865013774104684 0.14647058823529413
0.22844036697247708 0.14647058823529413
0.22823098075160403 0.14647058823529413
0.22802197802197802 0.14647058823529413
0.22781335773101555 0.14647058823529413
0.22760511882998172 0.14647058823529413
0.228310502283105 0.14705882352941177
0.2281021897810219 0.14705882352941177
0.22789425706472197 0.14705882352941177
0.22768670309653916 0.14705882352941177
0.22747952684258416 0.14705882352941177
0.22818181818181818 0.1476470588235294
0.22888283378746593 0.14823529411764705
0.2295825771324864 0.14882352941176472
0.2302810516772439 0.14941176470588236
0.23097826086956522 0.15
0.2316742081447964 0.15058823529411763
0.23236889692585896 0.1511764705882353
0.23306233062330622 0.15176470588235294
0.23375451263537905 0.15235294117647058
0.23354373309287646 0.15235294117647058
0.23333333333333334 0.15235294117647058
0.23312331233123312 0.15235294117647058
0.2329136690647482 0.15235294117647058
0.23270440251572327 0.15235294117647058
0.2324955116696589 0.15235294117647058
0.23318385650224216 0.15294117647058825
0.23297491039426524 0.15294117647058825
0.23276633840644584 0.15294117647058825
0.23255813953488372 0.15294117647058825
0.23324396782841822 0.1535294117647059
0.2330357142857143 0.1535294117647059
0.2328278322925959 0.1535294117647059
0.23351158645276293 0.15411764705882353
0.23330365093499555 0.15411764705882353
0.23309608540925267 0.15411764705882353
0.2328888888888889 0.15411764705882353
0.23268206039076378 0.15411764705882353
0.23247559893522626 0.15411764705882353
0.2322695035460993 0.15411764705882353
0.2320637732506643 0.15411764705882353
0.23185840707964603 0.15411764705882353
0.23165340406719717 0.15411764705882353
0.2314487632508834 0.15411764705882353
0.23124448367166814 0.15411764705882353
0.2310405643738977 0.15411764705882353
0.23083700440528634 0.15411764705882353
0.2306338028169014 0.15411764705882353
0.23043095866314864 0.15411764705882353
0.23022847100175747 0.15411764705882353
0.23002633889376647 0.15411764705882353
0.2307017543859649 0.15470588235294117
0.23049956178790534 0.15470588235294117
0.23029772329246936 0.15470588235294117
0.23097112860892388 0.15529411764705883
0.23164335664335664 0.15588235294117647
0.2314410480349345 0.15588235294117647
0.231239092495637 0.15588235294117647
0.23103748910200522 0.15588235294117647
0.2308362369337979 0.15588235294117647
0.23063533507397738 0.15588235294117647
0.23043478260869565 0.15588235294117647
0.23023457862728064 0.15588235294117647
0.2300347222222222 0.15588235294117647
0.22983521248915872 0.15588235294117647
0.2296360485268631 0.15588235294117647
0.22943722943722944 0.15588235294117647
0.2292387543252595 0.15588235294117647
0.22904062229904926 0.15588235294117647
0.22884283246977546 0.15588235294117647
0.2286453839516825 0.15588235294117647
0.22844827586206898 0.15588235294117647
0.22825150732127478 0.15588235294117647
0.22805507745266781 0.15588235294117647
0.22785898538263114 0.15588235294117647
0.22766323024054982 0.15588235294117647
0.22746781115879827 0.15588235294117647
0.22727272727272727 0.15588235294117647
0.22707797772065125 0.15588235294117647
0.2268835616438356 0.15588235294117647
0.22668947818648416 0.15588235294117647
0.2264957264957265 0.15588235294117647
0.22630230572160548 0.15588235294117647
0.22610921501706485 0.15588235294117647
0.2259164535379369 0.15588235294117647
0.22572402044293016 0.15588235294117647
0.225531914893617 0.15588235294117647
0.22534013605442177 0.15588235294117647
0.22514868309260833 0.15588235294117647
0.22495755517826826 0.15588235294117647
0.22561492790500423 0.1564705882352941
0.22627118644067798 0.15705882352941178
0.22692633361558 0.15764705882352942
0.22758037225042302 0.15823529411764706
0.22823330515638207 0.1588235294117647
0.22888513513513514 0.15941176470588236
0.22953586497890296 0.16
0.23018549747048903 0.16058823529411764
0.23083403538331929 0.16117647058823528
0.23063973063973064 0.16117647058823528
0.23128679562657695 0.16176470588235295
0.2319327731092437 0.1623529411764706
0.2325776658270361 0.16294117647058823
0.2332214765100671 0.1635294117647059
0.2338642078792959 0.16411764705882353
0.23450586264656617 0.16470588235294117
0.23514644351464434 0.1652941176470588
0.23578595317725753 0.16588235294117648
0.23642439431913115 0.16647058823529412
0.2370617696160267 0.16705882352941176
0.237698081734779 0.1676470588235294
0.23833333333333334 0.16823529411764707
0.23896752706078267 0.1688235294117647
0.23960066555740434 0.16941176470588235
0.24023275145469658 0.17
0.24086378737541528 0.17058823529411765
0.24066390041493776 0.17058823529411765
0.24129353233830847 0.1711764705882353
0.24192212096106047 0.17176470588235293
0.24172185430463577 0.17176470588235293
0.24152191894127378 0.17176470588235293
0.2413223140495868 0.17176470588235293
0.24112303881090008 0.17176470588235293
0.24092409240924093 0.17176470588235293
0.2407254740313273 0.17176470588235293
0.24052718286655683 0.17176470588235293
0.2403292181069959 0.17176470588235293
0.24013157894736842 0.17176470588235293
0.2399342645850452 0.17176470588235293
0.23973727422003285 0.17176470588235293
0.23954060705496308 0.17176470588235293
0.23934426229508196 0.17176470588235293
0.23914823914823916 0.17176470588235293
0.23895253682487724 0.17176470588235293
0.23875715453802127 0.17176470588235293
0.238562091503268 0.17176470588235293
0.2383673469387755 0.17176470588235293
0.23817292006525284 0.17176470588235293
0.23797881010594946 0.17176470588235293
0.23859934853420195 0.1723529411764706
0.23840520748576077 0.1723529411764706
0.23821138211382115 0.1723529411764706
0.2380178716490658 0.1723529411764706
0.23782467532467533 0.1723529411764706
0.23763179237631793 0.1723529411764706
0.23743922204213938 0.1723529411764706
0.23724696356275304 0.1723529411764706
0.23705501618122976 0.1723529411764706
0.2368633791430881 0.1723529411764706
0.23667205169628433 0.1723529411764706
0.23648103309120258 0.1723529411764706
0.23629032258064517 0.1723529411764706
0.23609991941982272 0.1723529411764706
0.2359098228663446 0.1723529411764706
0.23572003218020918 0.1723529411764706
0.23553054662379422 0.1723529411764706
0.2353413654618474 0.1723529411764706
0.23515248796147672 0.1723529411764706
0.23496391339214115 0.1723529411764706
0.23477564102564102 0.1723529411764706
0.2345876701361089 0.1723529411764706
0.2344 0.1723529411764706
0.23421262989608313 0.1723529411764706
0.2340255591054313 0.1723529411764706
0.2338387869114126 0.1723529411764706
0.23365231259968103 0.1723529411764706
0.23346613545816733 0.1723529411764706
0.23328025477707007 0.1723529411764706
0.23309466984884647 0.1723529411764706
0.2329093799682035 0.1723529411764706
0.23272438443208895 0.1723529411764706
0.23253968253968255 0.1723529411764706
0.232355273592387 0.1723529411764706
0.23217115689381934 0.1723529411764706
0.23198733174980204 0.1723529411764706
0.23180379746835442 0.1723529411764706
0.2316205533596838 0.1723529411764706
0.23143759873617695 0.1723529411764706
0.23125493291239146 0.1723529411764706
0.23107255520504733 0.1723529411764706
0.23089046493301812 0.1723529411764706
0.23070866141732282 0.1723529411764706
0.23131392604248624 0.17294117647058824
0.23113207547169812 0.17294117647058824
0.23095051060487037 0.17294117647058824
0.23076923076923078 0.17294117647058824
0.23058823529411765 0.17294117647058824
0.2304075235109718 0.17294117647058824
0.23022709475332812 0.17294117647058824
0.2300469483568075 0.17294117647058824
0.22986708365910868 0.17294117647058824
0.2296875 0.17294117647058824
0.22950819672131148 0.17294117647058824
0.23010920436817472 0.17352941176470588
0.2299298519095869 0.17352941176470588
0.22975077881619937 0.17352941176470588
0.22957198443579765 0.17352941176470588
0.22939346811819597 0.17352941176470588
0.22921522921522922 0.17352941176470588
0.22903726708074534 0.17352941176470588
0.22885958107059737 0.17352941176470588
0.22868217054263565 0.17352941176470588
0.22850503485670023 0.17352941176470588
0.22910216718266255 0.17411764705882352
0.2296983758700696 0.17470588235294118
0.22952086553323028 0.17470588235294118
0.22934362934362934 0.17470588235294118
0.22916666666666666 0.17470588235294118
0.2289899768696993 0.17470588235294118
0.2288135593220339 0.17470588235294118
0.22863741339491916 0.17470588235294118
0.22846153846153847 0.17470588235294118
0.2282859338970023 0.17470588235294118
0.22811059907834103 0.17470588235294118
0.22793553338449732 0.17470588235294118
0.227760736196319 0.17470588235294118
0.22758620689655173 0.17470588235294118
0.22741194486983154 0.17470588235294118
0.2272379495026779 0.17470588235294118
0.22706422018348624 0.17470588235294118
0.226890756302521 0.17470588235294118
0.2267175572519084 0.17470588235294118
0.22654462242562928 0.17470588235294118
0.2263719512195122 0.17470588235294118
0.2261995430312262 0.17470588235294118
0.22602739726027396 0.17470588235294118
0.22585551330798478 0.17470588235294118
0.2256838905775076 0.17470588235294118
0.2255125284738041 0.17470588235294118
0.22534142640364188 0.17470588235294118
0.22517058377558757 0.17470588235294118
0.225 0.17470588235294118
0.22482967448902347 0.17470588235294118
0.22465960665658094 0.17470588235294118
0.22448979591836735 0.17470588235294118
0.2243202416918429 0.17470588235294118
0.2241509433962264 0.17470588235294118
0.2239819004524887 0.17470588235294118
0.22381311228334588 0.17470588235294118
0.22364457831325302 0.17470588235294118
0.2234762979683973 0.17470588235294118
0.22330827067669173 0.17470588235294118
0.2231404958677686 0.17470588235294118
0.22297297297297297 0.17470588235294118
0.22280570142535633 0.17470588235294118
0.22263868065967016 0.17470588235294118
0.22247191011235956 0.17470588235294118
0.22230538922155688 0.17470588235294118
0.22213911742707554 0.17470588235294118
0.2219730941704036 0.17470588235294118
0.22180731889469754 0.17470588235294118
0.22164179104477613 0.17470588235294118
0.2214765100671141 0.17470588235294118
0.22131147540983606 0.17470588235294118
0.22114668652271036 0.17470588235294118
0.22098214285714285 0.17470588235294118
0.220817843866171 0.17470588235294118
0.22065378900445765 0.17470588235294118
0.22048997772828507 0.17470588235294118
0.22032640949554896 0.17470588235294118
0.22016308376575242 0.17470588235294118
0.22 0.17470588235294118
0.21983715766099185 0.17470588235294118
0.21967455621301776 0.17470588235294118
0.21951219512195122 0.17470588235294118
0.21935007385524372 0.17470588235294118
0.21918819188191882 0.17470588235294118
0.21902654867256638 0.17470588235294118
0.21886514369933677 0.17470588235294118
0.2187039764359352 0.17470588235294118
0.2185430463576159 0.17470588235294118
0.21838235294117647 0.17470588235294118
0.21822189566495223 0.17470588235294118
0.21806167400881057 0.17470588235294118
0.21790168745414526 0.17470588235294118
0.21774193548387097 0.17470588235294118
0.2175824175824176 0.17470588235294118
0.21742313323572474 0.17470588235294118
0.21726408193123628 0.17470588235294118
0.21710526315789475 0.17470588235294118
0.21694667640613585 0.17470588235294118
0.2167883211678832 0.17470588235294118
0.21663019693654267 0.17470588235294118
0.2164723032069971 0.17470588235294118
0.21631463947560087 0.17470588235294118
0.21615720524017468 0.17470588235294118
0.216 0.17470588235294118
0.21584302325581395 0.17470588235294118
0.21568627450980393 0.17470588235294118
0.2155297532656023 0.17470588235294118
0.21537345902828137 0.17470588235294118
0.21521739130434783 0.17470588235294118
0.21506154960173787 0.17470588235294118
0.21490593342981187 0.17470588235294118
0.21475054229934923 0.17470588235294118
0.21459537572254336 0.17470588235294118
0.21444043321299638 0.17470588235294118
0.21428571428571427 0.17470588235294118
0.21413121845710165 0.17470588235294118
0.21397694524495678 0.17470588235294118
0.21382289416846653 0.17470588235294118
