0.0 0.0
0.0 0.0
0.0 0.0
0.0 0.0
0.0 0.0
0.0 0.0
0.0 0.0
0.125 0.0016313213703099511
0.2222222222222222 0.0032626427406199023
0.3 0.004893964110929853
0.36363636363636365 0.0065252854812398045
0.4166666666666667 0.008156606851549755
0.46153846153846156 0.009787928221859706
0.5 0.011419249592169658
0.5333333333333333 0.013050570962479609
0.5625 0.01468189233278956
0.5882352941176471 0.01631321370309951
0.6111111111111112 0.01794453507340946
0.631578947368421 0.01957585644371941
0.65 0.021207177814029365
0.6666666666666666 0.022838499184339316
0.6818181818181818 0.024469820554649267
0.6956521739130435 0.026101141924959218
0.7083333333333334 0.02773246329526917
0.72 0.02936378466557912
0.6923076923076923 0.02936378466557912
0.6666666666666666 0.02936378466557912
0.6428571428571429 0.02936378466557912
0.6206896551724138 0.02936378466557912
0.6 0.02936378466557912
0.5806451612903226 0.02936378466557912
0.5625 0.02936378466557912
0.5454545454545454 0.02936378466557912
0.5588235294117647 0.03099510603588907
0.5428571428571428 0.03099510603588907
0.5277777777777778 0.03099510603588907
0.5405405405405406 0.03262642740619902
0.5526315789473685 0.03425774877650897
0.5384615384615384 0.03425774877650897
0.525 0.03425774877650897
0.5121951219512195 0.03425774877650897
0.5 0.03425774877650897
0.4883720930232558 0.03425774877650897
0.5 0.03588907014681892
0.5111111111111111 0.037520391517128875
0.5217391304347826 0.03915171288743882
0.5106382978723404 0.03915171288743882
0.5 0.03915171288743882
0.4897959183673469 0.03915171288743882
0.48 0.03915171288743882
0.47058823529411764 0.03915171288743882
0.46153846153846156 0.03915171288743882
0.4528301886792453 0.03915171288743882
0.4444444444444444 0.03915171288743882
0.43636363636363634 0.03915171288743882
0.42857142857142855 0.03915171288743882
0.43859649122807015 0.040783034257748776
0.4482758620689655 0.04241435562805873
0.4576271186440678 0.04404567699836868
0.4666666666666667 0.04567699836867863
0.47540983606557374 0.04730831973898858
0.4838709677419355 0.048939641109298535
0.49206349206349204 0.05057096247960848
0.5 0.052202283849918436
0.49230769230769234 0.052202283849918436
0.48484848484848486 0.052202283849918436
0.47761194029850745 0.052202283849918436
0.47058823529411764 0.052202283849918436
0.463768115942029 0.052202283849918436
0.45714285714285713 0.052202283849918436
0.4507042253521127 0.052202283849918436
0.4583333333333333 0.053833605220228384
0.4657534246575342 0.05546492659053834
0.47297297297297297 0.057096247960848286
0.4666666666666667 0.057096247960848286
0.4605263157894737 0.057096247960848286
0.45454545454545453 0.057096247960848286
0.44871794871794873 0.057096247960848286
0.45569620253164556 0.05872756933115824
0.4625 0.06035889070146819
0.4567901234567901 0.06035889070146819
0.4634146341463415 0.06199021207177814
0.46987951807228917 0.0636215334420881
0.47619047619047616 0.06525285481239804
0.4823529411764706 0.06688417618270799
0.47674418604651164 0.06688417618270799
0.4827586206896552 0.06851549755301795
0.48863636363636365 0.0701468189233279
0.4943820224719101 0.07177814029363784
0.4888888888888889 0.07177814029363784
0.4835164835164835 0.07177814029363784
0.4782608695652174 0.07177814029363784
0.4731182795698925 0.07177814029363784
0.46808510638297873 0.07177814029363784
0.4631578947368421 0.07177814029363784
0.4583333333333333 0.07177814029363784
0.4536082474226804 0.07177814029363784
0.4489795918367347 0.07177814029363784
0.45454545454545453 0.0734094616639478
0.46 0.07504078303425775
0.45544554455445546 0.07504078303425775
0.45098039215686275 0.07504078303425775
0.44660194174757284 0.07504078303425775
0.4423076923076923 0.07504078303425775
0.4380952380952381 0.07504078303425775
0.4339622641509434 0.07504078303425775
0.42990654205607476 0.07504078303425775
0.42592592592592593 0.07504078303425775
0.42201834862385323 0.07504078303425775
0.41818181818181815 0.07504078303425775
0.4144144144144144 0.07504078303425775
0.4107142857142857 0.07504078303425775
0.40707964601769914 0.07504078303425775
0.41228070175438597 0.0766721044045677
0.40869565217391307 0.0766721044045677
0.41379310344827586 0.07830342577487764
0.4188034188034188 0.0799347471451876
0.423728813559322 0.08156606851549755
0.42016806722689076 0.08156606851549755
0.4166666666666667 0.08156606851549755
0.4214876033057851 0.08319738988580751
0.4262295081967213 0.08482871125611746
0.42276422764227645 0.08482871125611746
0.41935483870967744 0.08482871125611746
0.416 0.08482871125611746
0.4126984126984127 0.08482871125611746
0.4094488188976378 0.08482871125611746
0.40625 0.08482871125611746
0.40310077519379844 0.08482871125611746
0.4 0.08482871125611746
0.3969465648854962 0.08482871125611746
0.4015151515151515 0.0864600326264274
0.40601503759398494 0.08809135399673736
0.41044776119402987 0.08972267536704731
0.4074074074074074 0.08972267536704731
0.40441176470588236 0.08972267536704731
0.40145985401459855 0.08972267536704731
0.39855072463768115 0.08972267536704731
0.39568345323741005 0.08972267536704731
0.4 0.09135399673735727
0.3971631205673759 0.09135399673735727
0.39436619718309857 0.09135399673735727
0.3916083916083916 0.09135399673735727
0.3888888888888889 0.09135399673735727
0.38620689655172413 0.09135399673735727
0.3835616438356164 0.09135399673735727
0.38095238095238093 0.09135399673735727
0.3783783783783784 0.09135399673735727
0.37583892617449666 0.09135399673735727
0.37333333333333335 0.09135399673735727
0.3708609271523179 0.09135399673735727
0.3684210526315789 0.09135399673735727
0.3660130718954248 0.09135399673735727
0.36363636363636365 0.09135399673735727
0.36129032258064514 0.09135399673735727
0.358974358974359 0.09135399673735727
0.35668789808917195 0.09135399673735727
0.36075949367088606 0.0929853181076672
0.3584905660377358 0.0929853181076672
0.3625 0.09461663947797716
0.36024844720496896 0.09461663947797716
0.35802469135802467 0.09461663947797716
0.3558282208588957 0.09461663947797716
0.35365853658536583 0.09461663947797716
0.3515151515151515 0.09461663947797716
0.3493975903614458 0.09461663947797716
0.3473053892215569 0.09461663947797716
0.34523809523809523 0.09461663947797716
0.3431952662721893 0.09461663947797716
0.3411764705882353 0.09461663947797716
0.3391812865497076 0.09461663947797716
0.3372093023255814 0.09461663947797716
0.3352601156069364 0.09461663947797716
0.3333333333333333 0.09461663947797716
0.3314285714285714 0.09461663947797716
0.32954545454545453 0.09461663947797716
0.327683615819209 0.09461663947797716
0.3258426966292135 0.09461663947797716
0.3240223463687151 0.09461663947797716
0.32222222222222224 0.09461663947797716
0.32044198895027626 0.09461663947797716
0.31868131868131866 0.09461663947797716
0.3224043715846995 0.09624796084828711
0.32608695652173914 0.09787928221859707
0.32432432432432434 0.09787928221859707
0.3225806451612903 0.09787928221859707
0.32085561497326204 0.09787928221859707
0.3191489361702128 0.09787928221859707
0.31746031746031744 0.09787928221859707
0.3157894736842105 0.09787928221859707
0.31413612565445026 0.09787928221859707
0.3177083333333333 0.09951060358890701
0.3160621761658031 0.09951060358890701
0.31443298969072164 0.09951060358890701
0.3128205128205128 0.09951060358890701
0.3112244897959184 0.09951060358890701
0.3096446700507614 0.09951060358890701
0.30808080808080807 0.09951060358890701
0.3065326633165829 0.09951060358890701
0.305 0.09951060358890701
0.3034825870646766 0.09951060358890701
0.30198019801980197 0.09951060358890701
0.30049261083743845 0.09951060358890701
0.29901960784313725 0.09951060358890701
0.2975609756097561 0.09951060358890701
0.2961165048543689 0.09951060358890701
0.2946859903381642 0.09951060358890701
0.2932692307692308 0.09951060358890701
0.291866028708134 0.09951060358890701
0.2904761904761905 0.09951060358890701
0.2890995260663507 0.09951060358890701
0.28773584905660377 0.09951060358890701
0.2863849765258216 0.09951060358890701
0.2850467289719626 0.09951060358890701
0.2837209302325581 0.09951060358890701
0.2824074074074074 0.09951060358890701
0.28110599078341014 0.09951060358890701
0.2798165137614679 0.09951060358890701
0.2785388127853881 0.09951060358890701
0.2772727272727273 0.09951060358890701
0.27601809954751133 0.09951060358890701
0.2747747747747748 0.09951060358890701
0.273542600896861 0.09951060358890701
0.27232142857142855 0.09951060358890701
0.27111111111111114 0.09951060358890701
0.26991150442477874 0.09951060358890701
0.2687224669603524 0.09951060358890701
0.2675438596491228 0.09951060358890701
0.2663755458515284 0.09951060358890701
0.26521739130434785 0.09951060358890701
0.26406926406926406 0.09951060358890701
0.2672413793103448 0.10114192495921696
0.26609442060085836 0.10114192495921696
0.26495726495726496 0.10114192495921696
0.26382978723404255 0.10114192495921696
0.2627118644067797 0.10114192495921696
0.26582278481012656 0.10277324632952692
0.2689075630252101 0.10440456769983687
0.26778242677824265 0.10440456769983687
0.26666666666666666 0.10440456769983687
0.26556016597510373 0.10440456769983687
0.2644628099173554 0.10440456769983687
0.26337448559670784 0.10440456769983687
0.26229508196721313 0.10440456769983687
0.2612244897959184 0.10440456769983687
0.2601626016260163 0.10440456769983687
0.2591093117408907 0.10440456769983687
0.25806451612903225 0.10440456769983687
0.26104417670682734 0.10603588907014681
0.26 0.10603588907014681
0.2589641434262948 0.10603588907014681
0.25793650793650796 0.10603588907014681
0.25691699604743085 0.10603588907014681
0.25984251968503935 0.10766721044045677
0.25882352941176473 0.10766721044045677
0.2578125 0.10766721044045677
0.25680933852140075 0.10766721044045677
0.2558139534883721 0.10766721044045677
0.25868725868725867 0.10929853181076672
0.25769230769230766 0.10929853181076672
0.2567049808429119 0.10929853181076672
0.25572519083969464 0.10929853181076672
0.25475285171102663 0.10929853181076672
0.2537878787878788 0.10929853181076672
0.2528301886792453 0.10929853181076672
0.2518796992481203 0.10929853181076672
0.250936329588015 0.10929853181076672
0.25 0.10929853181076672
0.24907063197026022 0.10929853181076672
0.24814814814814815 0.10929853181076672
0.24723247232472326 0.10929853181076672
0.24632352941176472 0.10929853181076672
0.2454212454212454 0.10929853181076672
0.24817518248175183 0.11092985318107668
0.2509090909090909 0.11256117455138662
0.25 0.11256117455138662
0.2490974729241877 0.11256117455138662
0.24820143884892087 0.11256117455138662
0.24731182795698925 0.11256117455138662
0.24642857142857144 0.11256117455138662
0.24555160142348753 0.11256117455138662
0.24468085106382978 0.11256117455138662
0.24381625441696114 0.11256117455138662
0.24295774647887325 0.11256117455138662
0.24210526315789474 0.11256117455138662
0.24475524475524477 0.11419249592169657
0.24390243902439024 0.11419249592169657
0.24305555555555555 0.11419249592169657
0.24567474048442905 0.11582381729200653
0.24482758620689654 0.11582381729200653
0.24398625429553264 0.11582381729200653
0.24315068493150685 0.11582381729200653
0.24232081911262798 0.11582381729200653
0.24149659863945577 0.11582381729200653
0.24067796610169492 0.11582381729200653
0.23986486486486486 0.11582381729200653
0.23905723905723905 0.11582381729200653
0.23825503355704697 0.11582381729200653
0.23745819397993312 0.11582381729200653
0.24 0.11745513866231648
0.23920265780730898 0.11745513866231648
0.23841059602649006 0.11745513866231648
0.2376237623762376 0.11745513866231648
0.24013157894736842 0.11908646003262642
0.23934426229508196 0.11908646003262642
0.238562091503268 0.11908646003262642
0.23778501628664495 0.11908646003262642
0.237012987012987 0.11908646003262642
0.23624595469255663 0.11908646003262642
0.23548387096774193 0.11908646003262642
0.2347266881028939 0.11908646003262642
0.23397435897435898 0.11908646003262642
0.23322683706070288 0.11908646003262642
0.23248407643312102 0.11908646003262642
0.23174603174603176 0.11908646003262642
0.2310126582278481 0.11908646003262642
0.2302839116719243 0.11908646003262642
0.22955974842767296 0.11908646003262642
0.22884012539184953 0.11908646003262642
0.228125 0.11908646003262642
0.22741433021806853 0.11908646003262642
0.2267080745341615 0.11908646003262642
0.2260061919504644 0.11908646003262642
0.22530864197530864 0.11908646003262642
0.2246153846153846 0.11908646003262642
0.22392638036809817 0.11908646003262642
0.22324159021406728 0.11908646003262642
0.2225609756097561 0.11908646003262642
0.22188449848024316 0.11908646003262642
0.22424242424242424 0.12071778140293637
0.22356495468277945 0.12071778140293637
0.22289156626506024 0.12071778140293637
0.2222222222222222 0.12071778140293637
0.2215568862275449 0.12071778140293637
0.22388059701492538 0.12234910277324633
0.2261904761904762 0.12398042414355628
0.22551928783382788 0.12398042414355628
0.22485207100591717 0.12398042414355628
0.22418879056047197 0.12398042414355628
0.2235294117647059 0.12398042414355628
0.22287390029325513 0.12398042414355628
0.2222222222222222 0.12398042414355628
0.22157434402332363 0.12398042414355628
0.2238372093023256 0.12561174551386622
0.22608695652173913 0.1272430668841762
0.22832369942196531 0.12887438825448613
0.2276657060518732 0.12887438825448613
0.22701149425287356 0.12887438825448613
0.22636103151862463 0.12887438825448613
0.2257142857142857 0.12887438825448613
0.22507122507122507 0.12887438825448613
0.22443181818181818 0.12887438825448613
0.2237960339943343 0.12887438825448613
0.2231638418079096 0.12887438825448613
0.22253521126760564 0.12887438825448613
0.22191011235955055 0.12887438825448613
0.22128851540616246 0.12887438825448613
0.2206703910614525 0.12887438825448613
0.2200557103064067 0.12887438825448613
0.21944444444444444 0.12887438825448613
0.2188365650969529 0.12887438825448613
0.21823204419889503 0.12887438825448613
0.21763085399449036 0.12887438825448613
0.21703296703296704 0.12887438825448613
0.21643835616438356 0.12887438825448613
0.21584699453551912 0.12887438825448613
0.21525885558583105 0.12887438825448613
0.21467391304347827 0.12887438825448613
0.21680216802168023 0.13050570962479607
0.21621621621621623 0.13050570962479607
0.215633423180593 0.13050570962479607
0.21505376344086022 0.13050570962479607
0.21447721179624665 0.13050570962479607
0.21657754010695188 0.13213703099510604
0.216 0.13213703099510604
0.2154255319148936 0.13213703099510604
0.21485411140583555 0.13213703099510604
0.21428571428571427 0.13213703099510604
0.21635883905013192 0.13376835236541598
0.21578947368421053 0.13376835236541598
0.2152230971128609 0.13376835236541598
0.21465968586387435 0.13376835236541598
0.21409921671018275 0.13376835236541598
0.21354166666666666 0.13376835236541598
0.21298701298701297 0.13376835236541598
0.21243523316062177 0.13376835236541598
0.2144702842377261 0.13539967373572595
0.21391752577319587 0.13539967373572595
0.2133676092544987 0.13539967373572595
0.2153846153846154 0.1370309951060359
0.21483375959079284 0.1370309951060359
0.21428571428571427 0.1370309951060359
0.21374045801526717 0.1370309951060359
0.2131979695431472 0.1370309951060359
0.21265822784810126 0.1370309951060359
0.21464646464646464 0.13866231647634583
0.2141057934508816 0.13866231647634583
0.2135678391959799 0.13866231647634583
0.21303258145363407 0.13866231647634583
0.2125 0.13866231647634583
0.2119700748129676 0.13866231647634583
0.21144278606965175 0.13866231647634583
0.2109181141439206 0.13866231647634583
0.2103960396039604 0.13866231647634583
0.20987654320987653 0.13866231647634583
0.20935960591133004 0.13866231647634583
0.20884520884520885 0.13866231647634583
0.20833333333333334 0.13866231647634583
0.2078239608801956 0.13866231647634583
0.2073170731707317 0.13866231647634583
0.20681265206812652 0.13866231647634583
0.20631067961165048 0.13866231647634583
0.20581113801452786 0.13866231647634583
0.20531400966183574 0.13866231647634583
0.20481927710843373 0.13866231647634583
0.20432692307692307 0.13866231647634583
0.2038369304556355 0.13866231647634583
0.20334928229665072 0.13866231647634583
0.20286396181384247 0.13866231647634583
0.20238095238095238 0.13866231647634583
0.20190023752969122 0.13866231647634583
0.2014218009478673 0.13866231647634583
0.20094562647754138 0.13866231647634583
0.20047169811320756 0.13866231647634583
0.2023529411764706 0.1402936378466558
0.20187793427230047 0.1402936378466558
0.20140515222482436 0.1402936378466558
0.20093457943925233 0.1402936378466558
0.20046620046620048 0.1402936378466558
0.20232558139534884 0.14192495921696574
0.20185614849187936 0.14192495921696574
0.2013888888888889 0.14192495921696574
0.20092378752886836 0.14192495921696574
0.20046082949308755 0.14192495921696574
0.20229885057471264 0.14355628058727568
0.2018348623853211 0.14355628058727568
0.20137299771167047 0.14355628058727568
0.2009132420091324 0.14355628058727568
0.20045558086560364 0.14355628058727568
0.2 0.14355628058727568
0.19954648526077098 0.14355628058727568
0.19909502262443438 0.14355628058727568
0.1986455981941309 0.14355628058727568
0.1981981981981982 0.14355628058727568
0.19775280898876405 0.14355628058727568
0.19730941704035873 0.14355628058727568
0.19686800894854586 0.14355628058727568
0.19642857142857142 0.14355628058727568
0.19599109131403117 0.14355628058727568
0.19555555555555557 0.14355628058727568
0.1951219512195122 0.14355628058727568
0.19469026548672566 0.14355628058727568
0.19426048565121412 0.14355628058727568
0.1960352422907489 0.14518760195758565
0.1978021978021978 0.1468189233278956
0.19736842105263158 0.1468189233278956
0.19912472647702406 0.14845024469820556
0.20087336244541484 0.1500815660685155
0.20043572984749455 0.1500815660685155
0.2 0.1500815660685155
0.19956616052060738 0.1500815660685155
0.19913419913419914 0.1500815660685155
0.19870410367170627 0.1500815660685155
0.19827586206896552 0.1500815660685155
0.1978494623655914 0.1500815660685155
0.19742489270386265 0.1500815660685155
0.19700214132762311 0.1500815660685155
0.19658119658119658 0.1500815660685155
0.19616204690831557 0.1500815660685155
0.19574468085106383 0.1500815660685155
0.19532908704883228 0.1500815660685155
0.19491525423728814 0.1500815660685155
0.1945031712473573 0.1500815660685155
0.1940928270042194 0.1500815660685155
0.1957894736842105 0.15171288743882544
0.1953781512605042 0.15171288743882544
0.1970649895178197 0.1533442088091354
0.19874476987447698 0.15497553017944535
0.19832985386221294 0.15497553017944535
0.19791666666666666 0.15497553017944535
0.19750519750519752 0.15497553017944535
0.1970954356846473 0.15497553017944535
0.19668737060041408 0.15497553017944535
0.1962809917355372 0.15497553017944535
0.1958762886597938 0.15497553017944535
0.19547325102880658 0.15497553017944535
0.19507186858316222 0.15497553017944535
0.19467213114754098 0.15497553017944535
0.19427402862985685 0.15497553017944535
0.19387755102040816 0.15497553017944535
0.1934826883910387 0.15497553017944535
0.19308943089430894 0.15497553017944535
0.1926977687626775 0.15497553017944535
0.19230769230769232 0.15497553017944535
0.19393939393939394 0.1566068515497553
0.1935483870967742 0.1566068515497553
0.193158953722334 0.1566068515497553
0.1927710843373494 0.1566068515497553
0.19238476953907815 0.1566068515497553
0.192 0.1566068515497553
0.19161676646706588 0.1566068515497553
0.19123505976095617 0.1566068515497553
0.1908548707753479 0.1566068515497553
0.19047619047619047 0.1566068515497553
0.1900990099009901 0.1566068515497553
0.191699604743083 0.15823817292006526
0.1913214990138067 0.15823817292006526
0.19094488188976377 0.15823817292006526
0.1905697445972495 0.15823817292006526
0.19019607843137254 0.15823817292006526
0.1898238747553816 0.15823817292006526
0.19140625 0.1598694942903752
0.19103313840155944 0.1598694942903752
0.19066147859922178 0.1598694942903752
0.19029126213592232 0.1598694942903752
0.18992248062015504 0.1598694942903752
0.1895551257253385 0.1598694942903752
0.1891891891891892 0.1598694942903752
0.18882466281310212 0.1598694942903752
0.18846153846153846 0.1598694942903752
0.18809980806142035 0.1598694942903752
0.18773946360153257 0.1598694942903752
0.18738049713193117 0.1598694942903752
0.18702290076335878 0.1598694942903752
0.18666666666666668 0.1598694942903752
0.18631178707224336 0.1598694942903752
0.1859582542694497 0.1598694942903752
0.1856060606060606 0.1598694942903752
0.18525519848771266 0.1598694942903752
0.18490566037735848 0.1598694942903752
0.18455743879472694 0.1598694942903752
0.18421052631578946 0.1598694942903752
0.18386491557223264 0.1598694942903752
0.18352059925093633 0.1598694942903752
0.18504672897196262 0.16150081566068517
0.18470149253731344 0.16150081566068517
0.18435754189944134 0.16150081566068517
0.18401486988847585 0.16150081566068517
0.18552875695732837 0.1631321370309951
0.18518518518518517 0.1631321370309951
0.18484288354898337 0.1631321370309951
0.18450184501845018 0.1631321370309951
0.1841620626151013 0.1631321370309951
0.18566176470588236 0.16476345840130505
0.1853211009174312 0.16476345840130505
0.184981684981685 0.16476345840130505
0.1846435100548446 0.16476345840130505
0.1843065693430657 0.16476345840130505
0.18397085610200364 0.16476345840130505
0.18363636363636363 0.16476345840130505
0.18330308529945555 0.16476345840130505
0.18297101449275363 0.16476345840130505
0.18264014466546113 0.16476345840130505
0.18231046931407943 0.16476345840130505
0.1837837837837838 0.16639477977161501
0.18525179856115107 0.16802610114192496
0.18491921005385997 0.16802610114192496
0.18458781362007168 0.16802610114192496
0.18425760286225404 0.16802610114192496
0.18392857142857144 0.16802610114192496
0.1836007130124777 0.16802610114192496
0.18327402135231316 0.16802610114192496
0.18294849023090587 0.16802610114192496
0.18262411347517732 0.16802610114192496
0.18230088495575222 0.16802610114192496
0.18197879858657243 0.16802610114192496
0.18165784832451498 0.16802610114192496
0.1813380281690141 0.16802610114192496
0.18101933216168717 0.16802610114192496
0.18070175438596492 0.16802610114192496
0.18038528896672504 0.16802610114192496
0.18006993006993008 0.16802610114192496
0.17975567190226877 0.16802610114192496
0.1794425087108014 0.16802610114192496
0.1791304347826087 0.16802610114192496
0.17881944444444445 0.16802610114192496
0.17850953206239167 0.16802610114192496
0.1782006920415225 0.16802610114192496
0.17789291882556132 0.16802610114192496
0.17758620689655172 0.16802610114192496
0.17900172117039587 0.16965742251223492
0.17869415807560138 0.16965742251223492
0.1783876500857633 0.16965742251223492
0.1780821917808219 0.16965742251223492
0.17777777777777778 0.16965742251223492
0.17747440273037543 0.16965742251223492
0.17717206132879046 0.16965742251223492
0.17687074829931973 0.16965742251223492
0.1765704584040747 0.16965742251223492
0.17627118644067796 0.16965742251223492
0.17597292724196278 0.16965742251223492
0.17567567567567569 0.16965742251223492
0.17537942664418213 0.16965742251223492
0.1750841750841751 0.16965742251223492
0.17478991596638654 0.16965742251223492
0.174496644295302 0.16965742251223492
0.17420435510887772 0.16965742251223492
0.17391304347826086 0.16965742251223492
0.17362270450751252 0.16965742251223492
0.17333333333333334 0.16965742251223492
0.17304492512479203 0.16965742251223492
0.17275747508305647 0.16965742251223492
0.1724709784411277 0.16965742251223492
0.17218543046357615 0.16965742251223492
0.171900826446281 0.16965742251223492
0.1716171617161716 0.16965742251223492
0.171334431630972 0.16965742251223492
0.17105263157894737 0.16965742251223492
0.17077175697865354 0.16965742251223492
0.17049180327868851 0.16965742251223492
0.1702127659574468 0.16965742251223492
0.16993464052287582 0.16965742251223492
0.16965742251223492 0.16965742251223492
0.16938110749185667 0.16965742251223492
0.16910569105691056 0.16965742251223492
0.16883116883116883 0.16965742251223492
0.1685575364667747 0.16965742251223492
0.16828478964401294 0.16965742251223492
0.1680129240710824 0.16965742251223492
0.16774193548387098 0.16965742251223492
0.16747181964573268 0.16965742251223492
0.16720257234726688 0.16965742251223492
0.16693418940609953 0.16965742251223492
0.16666666666666666 0.16965742251223492
0.1664 0.16965742251223492
0.16613418530351437 0.16965742251223492
0.16586921850079744 0.16965742251223492
0.16560509554140126 0.16965742251223492
0.16534181240063592 0.16965742251223492
0.16507936507936508 0.16965742251223492
0.1648177496038035 0.16965742251223492
0.16455696202531644 0.16965742251223492
0.16429699842022116 0.16965742251223492
0.1640378548895899 0.16965742251223492
0.16377952755905512 0.16965742251223492
0.16352201257861634 0.16965742251223492
0.16326530612244897 0.16965742251223492
0.16300940438871472 0.16965742251223492
0.162754303599374 0.16965742251223492
0.1625 0.16965742251223492
0.1622464898595944 0.16965742251223492
0.16199376947040497 0.16965742251223492
0.16174183514774496 0.16965742251223492
0.16149068322981366 0.16965742251223492
0.16124031007751938 0.16965742251223492
0.1609907120743034 0.16965742251223492
0.160741885625966 0.16965742251223492
0.16049382716049382 0.16965742251223492
0.16024653312788906 0.16965742251223492
0.16 0.16965742251223492
0.1597542242703533 0.16965742251223492
0.15950920245398773 0.16965742251223492
0.15926493108728942 0.16965742251223492
0.15902140672782875 0.16965742251223492
0.15877862595419848 0.16965742251223492
0.15853658536585366 0.16965742251223492
0.1582952815829528 0.16965742251223492
0.1580547112462006 0.16965742251223492
0.15781487101669195 0.16965742251223492
0.15757575757575756 0.16965742251223492
0.1573373676248109 0.16965742251223492
0.15709969788519637 0.16965742251223492
0.1568627450980392 0.16965742251223492
0.1566265060240964 0.16965742251223492
0.15639097744360902 0.16965742251223492
0.15615615615615616 0.16965742251223492
0.15592203898050974 0.16965742251223492
0.15568862275449102 0.16965742251223492
0.15695067264573992 0.17128874388254486
0.15671641791044777 0.17128874388254486
0.15648286140089418 0.17128874388254486
0.15773809523809523 0.1729200652528548
0.1575037147102526 0.1729200652528548
0.1572700296735905 0.1729200652528548
0.15703703703703703 0.1729200652528548
0.15680473372781065 0.1729200652528548
0.15657311669128507 0.1729200652528548
0.15634218289085547 0.1729200652528548
0.1561119293078056 0.1729200652528548
0.15588235294117647 0.1729200652528548
0.15565345080763582 0.1729200652528548
0.15542521994134897 0.1729200652528548
0.15519765739385066 0.1729200652528548
0.15497076023391812 0.1729200652528548
0.15474452554744525 0.1729200652528548
0.15451895043731778 0.1729200652528548
0.15429403202328967 0.1729200652528548
0.15406976744186046 0.1729200652528548
0.15384615384615385 0.1729200652528548
0.1536231884057971 0.1729200652528548
0.15340086830680175 0.1729200652528548
0.1531791907514451 0.1729200652528548
0.15295815295815296 0.1729200652528548
0.15273775216138327 0.1729200652528548
0.15251798561151078 0.1729200652528548
0.15229885057471265 0.1729200652528548
0.15208034433285508 0.1729200652528548
0.1518624641833811 0.1729200652528548
0.15164520743919885 0.1729200652528548
0.15142857142857144 0.1729200652528548
0.15121255349500715 0.1729200652528548
0.150997150997151 0.1729200652528548
0.1507823613086771 0.1729200652528548
0.15056818181818182 0.1729200652528548
0.150354609929078 0.1729200652528548
0.1501416430594901 0.1729200652528548
0.14992927864214992 0.1729200652528548
0.1497175141242938 0.1729200652528548
0.14950634696755993 0.1729200652528548
0.14929577464788732 0.1729200652528548
0.1490857946554149 0.1729200652528548
0.14887640449438203 0.1729200652528548
0.14866760168302945 0.1729200652528548
0.1484593837535014 0.1729200652528548
0.14825174825174825 0.1729200652528548
0.14804469273743018 0.1729200652528548
0.14783821478382148 0.1729200652528548
0.14763231197771587 0.1729200652528548
0.1474269819193324 0.1729200652528548
0.14722222222222223 0.1729200652528548
0.14701803051317613 0.1729200652528548
0.14681440443213298 0.1729200652528548
0.14661134163208853 0.1729200652528548
0.1464088397790055 0.1729200652528548
0.14620689655172414 0.1729200652528548
0.14600550964187328 0.1729200652528548
0.14580467675378267 0.1729200652528548
0.14560439560439561 0.1729200652528548
0.14540466392318244 0.1729200652528548
0.14520547945205478 0.1729200652528548
0.14500683994528044 0.1729200652528548
0.1448087431693989 0.1729200652528548
0.1446111869031378 0.1729200652528548
0.1444141689373297 0.1729200652528548
0.14421768707482993 0.1729200652528548
0.14402173913043478 0.1729200652528548
0.14382632293080055 0.1729200652528548
0.14363143631436315 0.1729200652528548
0.14343707713125844 0.1729200652528548
0.14324324324324325 0.1729200652528548
0.14304993252361672 0.1729200652528548
0.14285714285714285 0.1729200652528548
0.1426648721399731 0.1729200652528548
0.1424731182795699 0.1729200652528548
0.14228187919463087 0.1729200652528548
0.14209115281501342 0.1729200652528548
0.14190093708165996 0.1729200652528548
0.14171122994652408 0.1729200652528548
0.14152202937249667 0.1729200652528548
0.14133333333333334 0.1729200652528548
0.1411451398135819 0.1729200652528548
0.14095744680851063 0.1729200652528548
0.1407702523240372 0.1729200652528548
0.14058355437665782 0.1729200652528548
0.1403973509933775 0.1729200652528548
0.1402116402116402 0.1729200652528548
0.14002642007926025 0.1729200652528548
0.13984168865435356 0.1729200652528548
0.13965744400527008 0.1729200652528548
0.1394736842105263 0.1729200652528548
0.1392904073587385 0.1729200652528548
0.13910761154855644 0.1729200652528548
0.13892529488859764 0.1729200652528548
0.1387434554973822 0.1729200652528548
0.13856209150326798 0.1729200652528548
0.13838120104438642 0.1729200652528548
0.13820078226857888 0.1729200652528548
0.13802083333333334 0.1729200652528548
0.1378413524057217 0.1729200652528548
0.13766233766233765 0.1729200652528548
0.13748378728923477 0.1729200652528548
0.13730569948186527 0.1729200652528548
0.1371280724450194 0.1729200652528548
0.13695090439276486 0.1729200652528548
0.1367741935483871 0.1729200652528548
0.13659793814432988 0.1729200652528548
0.1364221364221364 0.1729200652528548
0.13624678663239073 0.1729200652528548
0.13607188703465983 0.1729200652528548
0.1358974358974359 0.1729200652528548
0.1357234314980794 0.1729200652528548
0.13554987212276215 0.1729200652528548
0.13537675606641125 0.1729200652528548
0.13520408163265307 0.1729200652528548
0.13503184713375796 0.1729200652528548
0.13486005089058525 0.1729200652528548
0.13468869123252858 0.1729200652528548
0.13451776649746192 0.1729200652528548
0.13434727503168567 0.1729200652528548
0.1341772151898734 0.1729200652528548
0.13400758533501897 0.1729200652528548
0.13383838383838384 0.1729200652528548
0.13366960907944514 0.1729200652528548
0.13350125944584382 0.1729200652528548
0.13333333333333333 0.1729200652528548
0.13316582914572864 0.1729200652528548
0.1329987452948557 0.1729200652528548
0.13283208020050125 0.1729200652528548
0.13266583229036297 0.1729200652528548
0.1325 0.1729200652528548
0.132334581772784 0.1729200652528548
0.13216957605985039 0.1729200652528548
0.1320049813200498 0.1729200652528548
0.1318407960199005 0.1729200652528548
0.13167701863354037 0.1729200652528548
0.1315136476426799 0.1729200652528548
0.13135068153655513 0.1729200652528548
0.1311881188118812 0.1729200652528548
0.13102595797280595 0.1729200652528548
0.1308641975308642 0.1729200652528548
0.13070283600493218 0.1729200652528548
0.13054187192118227 0.1729200652528548
0.13038130381303814 0.1729200652528548
0.13022113022113022 0.1729200652528548
0.13006134969325153 0.1729200652528548
0.12990196078431374 0.1729200652528548
0.12974296205630356 0.1729200652528548
0.1295843520782396 0.1729200652528548
0.12942612942612944 0.1729200652528548
0.12926829268292683 0.1729200652528548
0.12911084043848964 0.1729200652528548
0.12895377128953772 0.1729200652528548
0.12879708383961117 0.1729200652528548
0.12864077669902912 0.1729200652528548
0.12848484848484848 0.1729200652528548
0.12832929782082325 0.1729200652528548
0.12817412333736397 0.1729200652528548
0.1280193236714976 0.1729200652528548
0.1278648974668275 0.1729200652528548
0.12771084337349398 0.1729200652528548
0.12755716004813478 0.1729200652528548
0.12740384615384615 0.1729200652528548
0.12725090036014405 0.1729200652528548
0.12709832134292565 0.1729200652528548
0.12694610778443113 0.1729200652528548
0.12679425837320574 0.1729200652528548
0.12664277180406214 0.1729200652528548
0.12649164677804295 0.1729200652528548
0.1263408820023838 0.1729200652528548
0.1261904761904762 0.1729200652528548
0.12604042806183116 0.1729200652528548
0.12589073634204276 0.1729200652528548
0.1257413997627521 0.1729200652528548
0.12559241706161137 0.1729200652528548
0.12544378698224853 0.1729200652528548
0.12529550827423167 0.1729200652528548
0.12514757969303425 0.1729200652528548
0.125 0.1729200652528548
0.1248527679623086 0.1729200652528548
0.12470588235294118 0.1729200652528548
0.1245593419506463 0.1729200652528548
0.12441314553990611 0.1729200652528548
0.1242672919109027 0.1729200652528548
0.12412177985948478 0.1729200652528548
0.1239766081871345 0.1729200652528548
0.12383177570093458 0.1729200652528548
0.12368728121353559 0.1729200652528548
0.12354312354312354 0.1729200652528548
0.12339930151338765 0.1729200652528548
0.12325581395348838 0.1729200652528548
0.12311265969802555 0.1729200652528548
0.12296983758700696 0.1729200652528548
0.12282734646581692 0.1729200652528548
0.12268518518518519 0.1729200652528548
0.12254335260115606 0.1729200652528548
0.12240184757505773 0.1729200652528548
0.12226066897347174 0.1729200652528548
0.12211981566820276 0.1729200652528548
0.12197928653624857 0.1729200652528548
0.12183908045977011 0.1729200652528548
0.12169919632606199 0.1729200652528548
0.12155963302752294 0.1729200652528548
0.12142038946162657 0.1729200652528548
0.12128146453089245 0.1729200652528548
0.12114285714285715 0.1729200652528548
0.12100456621004566 0.1729200652528548
0.12086659064994298 0.1729200652528548
0.12072892938496584 0.1729200652528548
0.12059158134243458 0.1729200652528548
0.12045454545454545 0.1729200652528548
0.12031782065834279 0.1729200652528548
0.12018140589569161 0.1729200652528548
0.12004530011325028 0.1729200652528548
0.11990950226244344 0.1729200652528548
0.11977401129943503 0.1729200652528548
0.11963882618510158 0.1729200652528548
0.11950394588500564 0.1729200652528548
0.11936936936936937 0.1729200652528548
0.11923509561304838 0.1729200652528548
0.11910112359550562 0.1729200652528548
0.11896745230078563 0.1729200652528548
0.11883408071748879 0.1729200652528548
0.1187010078387458 0.1729200652528548
0.1185682326621924 0.1729200652528548
0.11843575418994413 0.1729200652528548
0.11830357142857142 0.1729200652528548
0.11817168338907469 0.1729200652528548
0.11804008908685969 0.1729200652528548
0.11790878754171301 0.1729200652528548
0.11777777777777777 0.1729200652528548
0.11764705882352941 0.1729200652528548
0.11751662971175167 0.1729200652528548
0.11738648947951273 0.1729200652528548
0.1172566371681416 0.1729200652528548
0.11712707182320442 0.1729200652528548
0.11699779249448124 0.1729200652528548
0.11686879823594266 0.1729200652528548
0.11674008810572688 0.1729200652528548
0.11661166116611661 0.1729200652528548
0.11648351648351649 0.1729200652528548
0.1163556531284303 0.1729200652528548
0.1162280701754386 0.1729200652528548
0.11610076670317634 0.1729200652528548
0.11597374179431072 0.1729200652528548
0.11584699453551912 0.1729200652528548
0.11572052401746726 0.1729200652528548
0.11559432933478735 0.1729200652528548
0.11546840958605664 0.1729200652528548
0.11534276387377584 0.1729200652528548
0.11521739130434783 0.1729200652528548
0.11509229098805646 0.1729200652528548
0.11496746203904555 0.1729200652528548
0.11484290357529794 0.1729200652528548
0.11471861471861472 0.1729200652528548
0.11459459459459459 0.1729200652528548
0.11447084233261338 0.1729200652528548
0.11434735706580366 0.1729200652528548
0.11422413793103449 0.1729200652528548
0.11410118406889128 0.1729200652528548
0.11397849462365592 0.1729200652528548
0.11385606874328678 0.1729200652528548
0.1148068669527897 0.17455138662316477
0.1157556270096463 0.1761827079934747
0.11670235546038545 0.17781402936378465
0.11764705882352941 0.17944535073409462
0.11858974358974358 0.18107667210440456
0.11953041622198506 0.18270799347471453
0.12046908315565032 0.18433931484502447
0.12034078807241747 0.18433931484502447
0.1202127659574468 0.18433931484502447
0.12008501594048884 0.18433931484502447
0.11995753715498939 0.18433931484502447
0.11983032873807 0.18433931484502447
0.11970338983050847 0.18433931484502447
0.12063492063492064 0.1859706362153344
0.12050739957716702 0.1859706362153344
0.12038014783526928 0.1859706362153344
0.12130801687763713 0.18760195758564438
0.12118018967334036 0.18760195758564438
0.12105263157894737 0.18760195758564438
0.12092534174553102 0.18760195758564438
0.12184873949579832 0.18923327895595432
0.12277019937040923 0.19086460032626426
0.12368972746331237 0.19249592169657423
0.12460732984293194 0.19412724306688417
0.12552301255230125 0.19575856443719414
0.12643678160919541 0.19738988580750408
0.12734864300626306 0.19902120717781402
0.12721584984358708 0.19902120717781402
0.12708333333333333 0.19902120717781402
0.12695109261186263 0.19902120717781402
0.12681912681912683 0.19902120717781402
0.12668743509865005 0.19902120717781402
0.12655601659751037 0.19902120717781402
0.12642487046632125 0.19902120717781402
0.12629399585921325 0.19902120717781402
0.12616339193381593 0.19902120717781402
0.12603305785123967 0.19902120717781402
0.1259029927760578 0.19902120717781402
0.12577319587628866 0.19902120717781402
0.12564366632337795 0.19902120717781402
0.12551440329218108 0.19902120717781402
0.12538540596094552 0.19902120717781402
0.12525667351129363 0.19902120717781402
0.12512820512820513 0.19902120717781402
0.125 0.19902120717781402
0.12487205731832139 0.19902120717781402
0.12474437627811862 0.19902120717781402
0.12461695607763024 0.19902120717781402
0.12448979591836734 0.19902120717781402
0.12436289500509684 0.19902120717781402
0.12423625254582485 0.19902120717781402
0.12410986775178026 0.19902120717781402
0.12398373983739837 0.19902120717781402
0.12385786802030457 0.19902120717781402
0.12373225152129817 0.19902120717781402
0.12360688956433637 0.19902120717781402
0.12348178137651822 0.19902120717781402
0.12335692618806876 0.19902120717781402
0.12323232323232323 0.19902120717781402
0.124117053481332 0.200652528548124
0.12399193548387097 0.200652528548124
0.12386706948640483 0.200652528548124
0.12374245472837023 0.200652528548124
0.12361809045226131 0.200652528548124
0.12349397590361445 0.200652528548124
0.12337011033099297 0.200652528548124
0.12324649298597194 0.200652528548124
0.12312312312312312 0.200652528548124
0.123 0.200652528548124
0.12287712287712288 0.200652528548124
0.12275449101796407 0.200652528548124
0.1226321036889332 0.200652528548124
0.12350597609561753 0.20228384991843393
0.12338308457711443 0.20228384991843393
0.12326043737574553 0.20228384991843393
0.12313803376365443 0.20228384991843393
0.12301587301587301 0.20228384991843393
0.12388503468780972 0.2039151712887439
0.12376237623762376 0.2039151712887439
0.12363996043521266 0.2039151712887439
0.12351778656126482 0.2039151712887439
0.12339585389930899 0.2039151712887439
0.1232741617357002 0.2039151712887439
0.12315270935960591 0.2039151712887439
0.12303149606299213 0.2039151712887439
0.12291052114060963 0.2039151712887439
0.12278978388998035 0.2039151712887439
0.12266928361138371 0.2039151712887439
0.12254901960784313 0.2039151712887439
0.12242899118511263 0.2039151712887439
0.1223091976516634 0.2039151712887439
0.12218963831867058 0.2039151712887439
0.1220703125 0.2039151712887439
0.12195121951219512 0.2039151712887439
0.12183235867446393 0.2039151712887439
0.12171372930866602 0.2039151712887439
0.12159533073929961 0.2039151712887439
0.12147716229348883 0.2039151712887439
0.12135922330097088 0.2039151712887439
0.12124151309408342 0.2039151712887439
0.12112403100775193 0.2039151712887439
0.12100677637947725 0.2039151712887439
0.12088974854932302 0.2039151712887439
0.12077294685990338 0.2039151712887439
0.12065637065637065 0.2039151712887439
0.12054001928640308 0.2039151712887439
0.12042389210019268 0.2039151712887439
0.12030798845043311 0.2039151712887439
0.1201923076923077 0.2039151712887439
0.12007684918347743 0.2039151712887439
0.1199616122840691 0.2039151712887439
0.11984659635666348 0.2039151712887439
0.11973180076628352 0.2039151712887439
0.11961722488038277 0.2039151712887439
0.11950286806883365 0.2039151712887439
0.11938872970391595 0.2039151712887439
0.11927480916030535 0.2039151712887439
0.11916110581506197 0.2039151712887439
0.11904761904761904 0.2039151712887439
0.11893434823977164 0.2039151712887439
0.1188212927756654 0.2039151712887439
0.11870845204178537 0.2039151712887439
0.11859582542694497 0.2039151712887439
0.11848341232227488 0.2039151712887439
0.11837121212121213 0.2039151712887439
0.11825922421948912 0.2039151712887439
0.11814744801512288 0.2039151712887439
0.11803588290840415 0.2039151712887439
0.1179245283018868 0.2039151712887439
0.117813383600377 0.2039151712887439
0.11770244821092278 0.2039151712887439
0.11759172154280338 0.2039151712887439
0.1174812030075188 0.2039151712887439
0.11737089201877934 0.2039151712887439
0.11726078799249531 0.2039151712887439
0.11715089034676664 0.2039151712887439
0.11704119850187265 0.2039151712887439
0.11693171188026193 0.2039151712887439
0.11682242990654206 0.2039151712887439
0.11671335200746966 0.2039151712887439
0.1166044776119403 0.2039151712887439
0.11649580615097857 0.2039151712887439
0.11638733705772812 0.2039151712887439
0.11627906976744186 0.2039151712887439
0.11617100371747212 0.2039151712887439
0.11606313834726091 0.2039151712887439
0.11595547309833024 0.2039151712887439
0.11584800741427248 0.2039151712887439
0.11574074074074074 0.2039151712887439
0.11563367252543941 0.2039151712887439
0.11552680221811461 0.2039151712887439
0.11542012927054478 0.2039151712887439
0.11531365313653137 0.2039151712887439
0.1152073732718894 0.2039151712887439
0.1151012891344383 0.2039151712887439
0.11499540018399264 0.2039151712887439
0.11488970588235294 0.2039151712887439
0.1147842056932966 0.2039151712887439
0.11467889908256881 0.2039151712887439
0.1145737855178735 0.2039151712887439
0.11446886446886446 0.2039151712887439
0.11436413540713632 0.2039151712887439
0.11425959780621572 0.2039151712887439
0.1141552511415525 0.2039151712887439
0.11405109489051095 0.2039151712887439
0.11394712853236098 0.2039151712887439
0.11384335154826958 0.2039151712887439
0.11373976342129208 0.2039151712887439
0.11363636363636363 0.2039151712887439
0.11353315168029064 0.2039151712887439
0.11343012704174228 0.2039151712887439
0.11332728921124206 0.2039151712887439
0.11322463768115942 0.2039151712887439
0.11312217194570136 0.2039151712887439
0.11301989150090416 0.2039151712887439
0.11291779584462511 0.2039151712887439
0.11281588447653429 0.2039151712887439
0.1127141568981064 0.2039151712887439
0.11261261261261261 0.2039151712887439
0.11251125112511251 0.2039151712887439
0.11241007194244604 0.2039151712887439
0.11230907457322552 0.2039151712887439
0.11220825852782765 0.2039151712887439
0.11210762331838565 0.2039151712887439
0.11200716845878136 0.2039151712887439
0.11190689346463742 0.2039151712887439
0.11180679785330948 0.2039151712887439
0.11170688114387846 0.2039151712887439
0.11160714285714286 0.2039151712887439
0.11150758251561106 0.2039151712887439
0.11140819964349376 0.2039151712887439
0.11130899376669635 0.2039151712887439
0.11120996441281139 0.2039151712887439
0.1111111111111111 0.2039151712887439
0.11101243339253997 0.2039151712887439
