1.0 0.011494252873563218
0.5 0.011494252873563218
0.3333333333333333 0.011494252873563218
0.25 0.011494252873563218
0.2 0.011494252873563218
0.16666666666666666 0.011494252873563218
0.14285714285714285 0.011494252873563218
0.125 0.011494252873563218
0.1111111111111111 0.011494252873563218
0.1 0.011494252873563218
0.09090909090909091 0.011494252873563218
0.08333333333333333 0.011494252873563218
0.07692307692307693 0.011494252873563218
0.14285714285714285 0.022988505747126436
0.13333333333333333 0.022988505747126436
0.125 0.022988505747126436
0.11764705882352941 0.022988505747126436
0.1111111111111111 0.022988505747126436
0.10526315789473684 0.022988505747126436
0.1 0.022988505747126436
0.09523809523809523 0.022988505747126436
0.09090909090909091 0.022988505747126436
0.08695652173913043 0.022988505747126436
0.08333333333333333 0.022988505747126436
0.08 0.022988505747126436
0.07692307692307693 0.022988505747126436
0.07407407407407407 0.022988505747126436
0.07142857142857142 0.022988505747126436
0.06896551724137931 0.022988505747126436
0.06666666666666667 0.022988505747126436
0.06451612903225806 0.022988505747126436
0.0625 0.022988505747126436
0.06060606060606061 0.022988505747126436
0.058823529411764705 0.022988505747126436
0.05714285714285714 0.022988505747126436
0.05555555555555555 0.022988505747126436
0.05405405405405406 0.022988505747126436
0.05263157894736842 0.022988505747126436
0.05128205128205128 0.022988505747126436
0.05 0.022988505747126436
0.04878048780487805 0.022988505747126436
0.047619047619047616 0.022988505747126436
0.046511627906976744 0.022988505747126436
0.045454545454545456 0.022988505747126436
0.044444444444444446 0.022988505747126436
0.043478260869565216 0.022988505747126436
0.0425531914893617 0.022988505747126436
0.041666666666666664 0.022988505747126436
0.04081632653061224 0.022988505747126436
0.04 0.022988505747126436
0.0392156862745098 0.022988505747126436
0.038461538461538464 0.022988505747126436
0.03773584905660377 0.022988505747126436
0.037037037037037035 0.022988505747126436
0.03636363636363636 0.022988505747126436
0.03571428571428571 0.022988505747126436
0.03508771929824561 0.022988505747126436
0.034482758620689655 0.022988505747126436
0.03389830508474576 0.022988505747126436
0.03333333333333333 0.022988505747126436
0.04918032786885246 0.034482758620689655
0.04838709677419355 0.034482758620689655
0.047619047619047616 0.034482758620689655
0.046875 0.034482758620689655
0.046153846153846156 0.034482758620689655
0.045454545454545456 0.034482758620689655
0.04477611940298507 0.034482758620689655
0.04411764705882353 0.034482758620689655
0.043478260869565216 0.034482758620689655
0.04285714285714286 0.034482758620689655
0.04225352112676056 0.034482758620689655
0.041666666666666664 0.034482758620689655
0.0410958904109589 0.034482758620689655
0.04054054054054054 0.034482758620689655
0.04 0.034482758620689655
0.039473684210526314 0.034482758620689655
0.03896103896103896 0.034482758620689655
0.038461538461538464 0.034482758620689655
0.0379746835443038 0.034482758620689655
0.0375 0.034482758620689655
0.037037037037037035 0.034482758620689655
0.036585365853658534 0.034482758620689655
0.03614457831325301 0.034482758620689655
0.03571428571428571 0.034482758620689655
0.03529411764705882 0.034482758620689655
0.03488372093023256 0.034482758620689655
0.034482758620689655 0.034482758620689655
0.03409090909090909 0.034482758620689655
0.033707865168539325 0.034482758620689655
0.03333333333333333 0.034482758620689655
0.03296703296703297 0.034482758620689655
0.03260869565217391 0.034482758620689655
0.03225806451612903 0.034482758620689655
0.031914893617021274 0.034482758620689655
0.031578947368421054 0.034482758620689655
0.03125 0.034482758620689655
0.030927835051546393 0.034482758620689655
0.030612244897959183 0.034482758620689655
0.030303030303030304 0.034482758620689655
0.03 0.034482758620689655
0.0297029702970297 0.034482758620689655
0.029411764705882353 0.034482758620689655
0.02912621359223301 0.034482758620689655
0.038461538461538464 0.04597701149425287
0.0380952380952381 0.04597701149425287
0.03773584905660377 0.04597701149425287
0.037383177570093455 0.04597701149425287
0.037037037037037035 0.04597701149425287
0.03669724770642202 0.04597701149425287
0.03636363636363636 0.04597701149425287
0.036036036036036036 0.04597701149425287
0.03571428571428571 0.04597701149425287
0.035398230088495575 0.04597701149425287
0.03508771929824561 0.04597701149425287
0.034782608695652174 0.04597701149425287
0.034482758620689655 0.04597701149425287
0.03418803418803419 0.04597701149425287
0.03389830508474576 0.04597701149425287
0.03361344537815126 0.04597701149425287
0.03333333333333333 0.04597701149425287
0.03305785123966942 0.04597701149425287
0.03278688524590164 0.04597701149425287
0.032520325203252036 0.04597701149425287
0.03225806451612903 0.04597701149425287
0.032 0.04597701149425287
0.031746031746031744 0.04597701149425287
0.031496062992125984 0.04597701149425287
0.03125 0.04597701149425287
0.031007751937984496 0.04597701149425287
0.03076923076923077 0.04597701149425287
0.030534351145038167 0.04597701149425287
0.030303030303030304 0.04597701149425287
0.03007518796992481 0.04597701149425287
0.029850746268656716 0.04597701149425287
0.02962962962962963 0.04597701149425287
0.029411764705882353 0.04597701149425287
0.029197080291970802 0.04597701149425287
0.028985507246376812 0.04597701149425287
0.02877697841726619 0.04597701149425287
0.02857142857142857 0.04597701149425287
0.028368794326241134 0.04597701149425287
0.028169014084507043 0.04597701149425287
0.027972027972027972 0.04597701149425287
0.027777777777777776 0.04597701149425287
0.027586206896551724 0.04597701149425287
0.0273972602739726 0.04597701149425287
0.027210884353741496 0.04597701149425287
0.02702702702702703 0.04597701149425287
0.026845637583892617 0.04597701149425287
0.02666666666666667 0.04597701149425287
0.026490066225165563 0.04597701149425287
0.02631578947368421 0.04597701149425287
0.026143790849673203 0.04597701149425287
0.025974025974025976 0.04597701149425287
0.025806451612903226 0.04597701149425287
0.02564102564102564 0.04597701149425287
0.025477707006369428 0.04597701149425287
0.02531645569620253 0.04597701149425287
0.025157232704402517 0.04597701149425287
0.025 0.04597701149425287
0.024844720496894408 0.04597701149425287
0.024691358024691357 0.04597701149425287
0.024539877300613498 0.04597701149425287
0.024390243902439025 0.04597701149425287
0.024242424242424242 0.04597701149425287
0.024096385542168676 0.04597701149425287
0.023952095808383235 0.04597701149425287
0.023809523809523808 0.04597701149425287
0.023668639053254437 0.04597701149425287
0.023529411764705882 0.04597701149425287
0.023391812865497075 0.04597701149425287
0.023255813953488372 0.04597701149425287
0.023121387283236993 0.04597701149425287
0.022988505747126436 0.04597701149425287
0.022857142857142857 0.04597701149425287
0.022727272727272728 0.04597701149425287
0.022598870056497175 0.04597701149425287
0.02247191011235955 0.04597701149425287
0.0223463687150838 0.04597701149425287
0.022222222222222223 0.04597701149425287
0.022099447513812154 0.04597701149425287
0.02197802197802198 0.04597701149425287
0.02185792349726776 0.04597701149425287
0.021739130434782608 0.04597701149425287
0.021621621621621623 0.04597701149425287
0.021505376344086023 0.04597701149425287
0.0213903743315508 0.04597701149425287
0.02127659574468085 0.04597701149425287
0.021164021164021163 0.04597701149425287
0.021052631578947368 0.04597701149425287
0.020942408376963352 0.04597701149425287
0.020833333333333332 0.04597701149425287
0.02072538860103627 0.04597701149425287
0.020618556701030927 0.04597701149425287
0.020512820512820513 0.04597701149425287
0.02040816326530612 0.04597701149425287
0.02030456852791878 0.04597701149425287
0.020202020202020204 0.04597701149425287
0.020100502512562814 0.04597701149425287
0.02 0.04597701149425287
0.01990049751243781 0.04597701149425287
0.019801980198019802 0.04597701149425287
0.019704433497536946 0.04597701149425287
0.0196078431372549 0.04597701149425287
0.01951219512195122 0.04597701149425287
0.019417475728155338 0.04597701149425287
0.01932367149758454 0.04597701149425287
0.019230769230769232 0.04597701149425287
0.019138755980861243 0.04597701149425287
0.01904761904761905 0.04597701149425287
0.018957345971563982 0.04597701149425287
0.018867924528301886 0.04597701149425287
0.018779342723004695 0.04597701149425287
0.018691588785046728 0.04597701149425287
0.018604651162790697 0.04597701149425287
0.018518518518518517 0.04597701149425287
0.02304147465437788 0.05747126436781609
0.022935779816513763 0.05747126436781609
0.0228310502283105 0.05747126436781609
0.022727272727272728 0.05747126436781609
0.02262443438914027 0.05747126436781609
0.02252252252252252 0.05747126436781609
0.02242152466367713 0.05747126436781609
0.022321428571428572 0.05747126436781609
0.022222222222222223 0.05747126436781609
0.022123893805309734 0.05747126436781609
0.022026431718061675 0.05747126436781609
0.021929824561403508 0.05747126436781609
0.021834061135371178 0.05747126436781609
0.021739130434782608 0.05747126436781609
0.021645021645021644 0.05747126436781609
0.021551724137931036 0.05747126436781609
0.02145922746781116 0.05747126436781609
0.021367521367521368 0.05747126436781609
0.02127659574468085 0.05747126436781609
0.0211864406779661 0.05747126436781609
0.02109704641350211 0.05747126436781609
0.02100840336134454 0.05747126436781609
0.02092050209205021 0.05747126436781609
0.020833333333333332 0.05747126436781609
0.02074688796680498 0.05747126436781609
0.02066115702479339 0.05747126436781609
0.0205761316872428 0.05747126436781609
0.020491803278688523 0.05747126436781609
0.02040816326530612 0.05747126436781609
0.02032520325203252 0.05747126436781609
0.020242914979757085 0.05747126436781609
0.020161290322580645 0.05747126436781609
0.020080321285140562 0.05747126436781609
0.02 0.05747126436781609
0.0199203187250996 0.05747126436781609
0.01984126984126984 0.05747126436781609
0.019762845849802372 0.05747126436781609
0.01968503937007874 0.05747126436781609
0.0196078431372549 0.05747126436781609
0.01953125 0.05747126436781609
0.019455252918287938 0.05747126436781609
0.01937984496124031 0.05747126436781609
0.019305019305019305 0.05747126436781609
0.019230769230769232 0.05747126436781609
0.019157088122605363 0.05747126436781609
0.019083969465648856 0.05747126436781609
0.019011406844106463 0.05747126436781609
0.01893939393939394 0.05747126436781609
0.018867924528301886 0.05747126436781609
0.018796992481203006 0.05747126436781609
0.018726591760299626 0.05747126436781609
0.018656716417910446 0.05747126436781609
0.01858736059479554 0.05747126436781609
0.018518518518518517 0.05747126436781609
0.01845018450184502 0.05747126436781609
0.01838235294117647 0.05747126436781609
0.018315018315018316 0.05747126436781609
0.01824817518248175 0.05747126436781609
0.01818181818181818 0.05747126436781609
0.018115942028985508 0.05747126436781609
0.018050541516245487 0.05747126436781609
0.017985611510791366 0.05747126436781609
0.017921146953405017 0.05747126436781609
0.017857142857142856 0.05747126436781609
0.017793594306049824 0.05747126436781609
0.01773049645390071 0.05747126436781609
0.0176678445229682 0.05747126436781609
0.017605633802816902 0.05747126436781609
0.017543859649122806 0.05747126436781609
0.017482517482517484 0.05747126436781609
0.017421602787456445 0.05747126436781609
0.017361111111111112 0.05747126436781609
0.01730103806228374 0.05747126436781609
0.017241379310344827 0.05747126436781609
0.01718213058419244 0.05747126436781609
0.017123287671232876 0.05747126436781609
0.017064846416382253 0.05747126436781609
0.017006802721088437 0.05747126436781609
0.01694915254237288 0.05747126436781609
0.016891891891891893 0.05747126436781609
0.016835016835016835 0.05747126436781609
0.016778523489932886 0.05747126436781609
0.016722408026755852 0.05747126436781609
0.016666666666666666 0.05747126436781609
0.016611295681063124 0.05747126436781609
0.016556291390728478 0.05747126436781609
0.0165016501650165 0.05747126436781609
0.01644736842105263 0.05747126436781609
0.01639344262295082 0.05747126436781609
0.016339869281045753 0.05747126436781609
0.016286644951140065 0.05747126436781609
0.016233766233766232 0.05747126436781609
0.016181229773462782 0.05747126436781609
0.016129032258064516 0.05747126436781609
0.01607717041800643 0.05747126436781609
0.016025641025641024 0.05747126436781609
0.01597444089456869 0.05747126436781609
0.01592356687898089 0.05747126436781609
0.015873015873015872 0.05747126436781609
0.015822784810126583 0.05747126436781609
0.015772870662460567 0.05747126436781609
0.015723270440251572 0.05747126436781609
0.01567398119122257 0.05747126436781609
0.015625 0.05747126436781609
0.01557632398753894 0.05747126436781609
0.015527950310559006 0.05747126436781609
0.015479876160990712 0.05747126436781609
0.015432098765432098 0.05747126436781609
0.015384615384615385 0.05747126436781609
0.015337423312883436 0.05747126436781609
0.01529051987767584 0.05747126436781609
0.01524390243902439 0.05747126436781609
0.015197568389057751 0.05747126436781609
0.015151515151515152 0.05747126436781609
0.015105740181268883 0.05747126436781609
0.015060240963855422 0.05747126436781609
0.015015015015015015 0.05747126436781609
0.014970059880239521 0.05747126436781609
0.014925373134328358 0.05747126436781609
0.01488095238095238 0.05747126436781609
0.01483679525222552 0.05747126436781609
0.014792899408284023 0.05747126436781609
0.014749262536873156 0.05747126436781609
0.014705882352941176 0.05747126436781609
0.01466275659824047 0.05747126436781609
0.014619883040935672 0.05747126436781609
0.014577259475218658 0.05747126436781609
0.014534883720930232 0.05747126436781609
0.014492753623188406 0.05747126436781609
0.014450867052023121 0.05747126436781609
0.01440922190201729 0.05747126436781609
0.014367816091954023 0.05747126436781609
0.014326647564469915 0.05747126436781609
0.014285714285714285 0.05747126436781609
0.014245014245014245 0.05747126436781609
0.014204545454545454 0.05747126436781609
0.014164305949008499 0.05747126436781609
0.014124293785310734 0.05747126436781609
0.014084507042253521 0.05747126436781609
0.014044943820224719 0.05747126436781609
0.014005602240896359 0.05747126436781609
0.013966480446927373 0.05747126436781609
0.013927576601671309 0.05747126436781609
0.013888888888888888 0.05747126436781609
0.013850415512465374 0.05747126436781609
0.013812154696132596 0.05747126436781609
0.013774104683195593 0.05747126436781609
0.013736263736263736 0.05747126436781609
0.0136986301369863 0.05747126436781609
0.01366120218579235 0.05747126436781609
0.013623978201634877 0.05747126436781609
0.01358695652173913 0.05747126436781609
0.016260162601626018 0.06896551724137931
0.016216216216216217 0.06896551724137931
0.016172506738544475 0.06896551724137931
0.016129032258064516 0.06896551724137931
0.0160857908847185 0.06896551724137931
0.016042780748663103 0.06896551724137931
0.016 0.06896551724137931
0.015957446808510637 0.06896551724137931
0.015915119363395226 0.06896551724137931
0.015873015873015872 0.06896551724137931
0.0158311345646438 0.06896551724137931
0.015789473684210527 0.06896551724137931
0.015748031496062992 0.06896551724137931
0.015706806282722512 0.06896551724137931
0.015665796344647518 0.06896551724137931
0.015625 0.06896551724137931
0.015584415584415584 0.06896551724137931
0.015544041450777202 0.06896551724137931
0.015503875968992248 0.06896551724137931
0.015463917525773196 0.06896551724137931
0.015424164524421594 0.06896551724137931
0.015384615384615385 0.06896551724137931
0.015345268542199489 0.06896551724137931
0.017857142857142856 0.08045977011494253
0.017811704834605598 0.08045977011494253
0.017766497461928935 0.08045977011494253
0.017721518987341773 0.08045977011494253
0.017676767676767676 0.08045977011494253
0.017632241813602016 0.08045977011494253
0.017587939698492462 0.08045977011494253
0.017543859649122806 0.08045977011494253
0.0175 0.08045977011494253
0.017456359102244388 0.08045977011494253
0.017412935323383085 0.08045977011494253
0.017369727047146403 0.08045977011494253
0.017326732673267328 0.08045977011494253
0.01728395061728395 0.08045977011494253
0.017241379310344827 0.08045977011494253
0.0171990171990172 0.08045977011494253
0.01715686274509804 0.08045977011494253
0.017114914425427872 0.08045977011494253
0.01707317073170732 0.08045977011494253
0.0170316301703163 0.08045977011494253
0.01699029126213592 0.08045977011494253
0.01694915254237288 0.08045977011494253
0.016908212560386472 0.08045977011494253
0.016867469879518072 0.08045977011494253
0.016826923076923076 0.08045977011494253
0.016786570743405275 0.08045977011494253
0.01674641148325359 0.08045977011494253
0.016706443914081145 0.08045977011494253
0.016666666666666666 0.08045977011494253
0.0166270783847981 0.08045977011494253
0.016587677725118485 0.08045977011494253
0.016548463356973995 0.08045977011494253
0.01650943396226415 0.08045977011494253
0.018823529411764704 0.09195402298850575
0.018779342723004695 0.09195402298850575
0.01873536299765808 0.09195402298850575
0.018691588785046728 0.09195402298850575
0.018648018648018648 0.09195402298850575
0.018604651162790697 0.09195402298850575
0.018561484918793503 0.09195402298850575
0.018518518518518517 0.09195402298850575
0.018475750577367205 0.09195402298850575
0.018433179723502304 0.09195402298850575
0.01839080459770115 0.09195402298850575
0.01834862385321101 0.09195402298850575
0.018306636155606407 0.09195402298850575
0.0182648401826484 0.09195402298850575
0.018223234624145785 0.09195402298850575
0.01818181818181818 0.09195402298850575
0.018140589569160998 0.09195402298850575
0.01809954751131222 0.09195402298850575
0.01805869074492099 0.09195402298850575
0.018018018018018018 0.09195402298850575
0.017977528089887642 0.09195402298850575
0.017937219730941704 0.09195402298850575
0.017897091722595078 0.09195402298850575
0.017857142857142856 0.09195402298850575
0.017817371937639197 0.09195402298850575
0.017777777777777778 0.09195402298850575
0.017738359201773836 0.09195402298850575
0.017699115044247787 0.09195402298850575
0.017660044150110375 0.09195402298850575
0.01762114537444934 0.09195402298850575
0.017582417582417582 0.09195402298850575
0.017543859649122806 0.09195402298850575
0.0175054704595186 0.09195402298850575
0.017467248908296942 0.09195402298850575
0.017429193899782137 0.09195402298850575
0.017391304347826087 0.09195402298850575
0.01735357917570499 0.09195402298850575
0.017316017316017316 0.09195402298850575
0.017278617710583154 0.09195402298850575
0.017241379310344827 0.09195402298850575
0.017204301075268817 0.09195402298850575
0.017167381974248927 0.09195402298850575
0.017130620985010708 0.09195402298850575
0.017094017094017096 0.09195402298850575
0.017057569296375266 0.09195402298850575
0.01702127659574468 0.09195402298850575
0.016985138004246284 0.09195402298850575
0.01694915254237288 0.09195402298850575
0.016913319238900635 0.09195402298850575
0.016877637130801686 0.09195402298850575
0.016842105263157894 0.09195402298850575
0.01680672268907563 0.09195402298850575
0.016771488469601678 0.09195402298850575
0.016736401673640166 0.09195402298850575
0.016701461377870562 0.09195402298850575
0.016666666666666666 0.09195402298850575
0.016632016632016633 0.09195402298850575
0.016597510373443983 0.09195402298850575
0.016563146997929608 0.09195402298850575
0.01652892561983471 0.09195402298850575
0.016494845360824743 0.09195402298850575
0.01646090534979424 0.09195402298850575
0.01642710472279261 0.09195402298850575
0.01639344262295082 0.09195402298850575
0.016359918200409 0.09195402298850575
0.0163265306122449 0.09195402298850575
0.016293279022403257 0.09195402298850575
0.016260162601626018 0.09195402298850575
0.016227180527383367 0.09195402298850575
0.016194331983805668 0.09195402298850575
0.01616161616161616 0.09195402298850575
0.016129032258064516 0.09195402298850575
0.01609657947686117 0.09195402298850575
0.01606425702811245 0.09195402298850575
0.01603206412825651 0.09195402298850575
0.016 0.09195402298850575
0.015968063872255488 0.09195402298850575
0.01593625498007968 0.09195402298850575
0.015904572564612324 0.09195402298850575
0.015873015873015872 0.09195402298850575
0.015841584158415842 0.09195402298850575
0.015810276679841896 0.09195402298850575
0.015779092702169626 0.09195402298850575
0.015748031496062992 0.09195402298850575
0.015717092337917484 0.09195402298850575
0.01568627450980392 0.09195402298850575
0.015655577299412915 0.09195402298850575
0.015625 0.09195402298850575
0.015594541910331383 0.09195402298850575
0.01556420233463035 0.09195402298850575
0.015533980582524271 0.09195402298850575
0.015503875968992248 0.09195402298850575
0.015473887814313346 0.09195402298850575
0.015444015444015444 0.09195402298850575
0.015414258188824663 0.09195402298850575
0.015384615384615385 0.09195402298850575
0.015355086372360844 0.09195402298850575
0.01532567049808429 0.09195402298850575
0.015296367112810707 0.09195402298850575
0.015267175572519083 0.09195402298850575
0.015238095238095238 0.09195402298850575
0.015209125475285171 0.09195402298850575
0.015180265654648957 0.09195402298850575
0.015151515151515152 0.09195402298850575
0.015122873345935728 0.09195402298850575
0.01509433962264151 0.09195402298850575
0.015065913370998116 0.09195402298850575
0.015037593984962405 0.09195402298850575
0.0150093808630394 0.09195402298850575
0.0149812734082397 0.09195402298850575
0.014953271028037384 0.09195402298850575
0.014925373134328358 0.09195402298850575
0.0148975791433892 0.09195402298850575
0.01486988847583643 0.09195402298850575
0.014842300556586271 0.09195402298850575
0.014814814814814815 0.09195402298850575
0.014787430683918669 0.09195402298850575
0.014760147601476014 0.09195402298850575
0.014732965009208104 0.09195402298850575
0.014705882352941176 0.09195402298850575
0.014678899082568808 0.09195402298850575
0.014652014652014652 0.09195402298850575
0.014625228519195612 0.09195402298850575
0.014598540145985401 0.09195402298850575
0.014571948998178506 0.09195402298850575
0.014545454545454545 0.09195402298850575
0.014519056261343012 0.09195402298850575
0.014492753623188406 0.09195402298850575
0.014466546112115732 0.09195402298850575
0.01444043321299639 0.09195402298850575
0.014414414414414415 0.09195402298850575
0.014388489208633094 0.09195402298850575
0.01436265709156194 0.09195402298850575
0.014336917562724014 0.09195402298850575
0.014311270125223614 0.09195402298850575
0.014285714285714285 0.09195402298850575
0.0142602495543672 0.09195402298850575
0.014234875444839857 0.09195402298850575
0.014209591474245116 0.09195402298850575
0.014184397163120567 0.09195402298850575
0.01415929203539823 0.09195402298850575
0.014134275618374558 0.09195402298850575
0.014109347442680775 0.09195402298850575
0.014084507042253521 0.09195402298850575
0.014059753954305799 0.09195402298850575
0.014035087719298246 0.09195402298850575
0.014010507880910683 0.09195402298850575
0.013986013986013986 0.09195402298850575
0.013961605584642234 0.09195402298850575
0.013937282229965157 0.09195402298850575
0.01391304347826087 0.09195402298850575
0.013888888888888888 0.09195402298850575
0.01386481802426343 0.09195402298850575
0.01384083044982699 0.09195402298850575
0.013816925734024179 0.09195402298850575
0.013793103448275862 0.09195402298850575
0.013769363166953529 0.09195402298850575
0.013745704467353952 0.09195402298850575
0.0137221269296741 0.09195402298850575
0.0136986301369863 0.09195402298850575
0.013675213675213675 0.09195402298850575
0.013651877133105802 0.09195402298850575
0.013628620102214651 0.09195402298850575
0.013605442176870748 0.09195402298850575
0.013582342954159592 0.09195402298850575
0.013559322033898305 0.09195402298850575
0.01353637901861252 0.09195402298850575
0.013513513513513514 0.09195402298850575
0.013490725126475547 0.09195402298850575
0.013468013468013467 0.09195402298850575
0.013445378151260505 0.09195402298850575
0.013422818791946308 0.09195402298850575
0.01340033500837521 0.09195402298850575
0.013377926421404682 0.09195402298850575
0.01335559265442404 0.09195402298850575
0.013333333333333334 0.09195402298850575
0.013311148086522463 0.09195402298850575
0.013289036544850499 0.09195402298850575
0.013266998341625208 0.09195402298850575
0.013245033112582781 0.09195402298850575
0.013223140495867768 0.09195402298850575
0.013201320132013201 0.09195402298850575
0.013179571663920923 0.09195402298850575
0.013157894736842105 0.09195402298850575
0.013136288998357963 0.09195402298850575
0.013114754098360656 0.09195402298850575
0.01309328968903437 0.09195402298850575
0.013071895424836602 0.09195402298850575
0.013050570962479609 0.09195402298850575
0.013029315960912053 0.09195402298850575
0.013008130081300813 0.09195402298850575
0.012987012987012988 0.09195402298850575
0.012965964343598054 0.09195402298850575
0.012944983818770227 0.09195402298850575
0.012924071082390954 0.09195402298850575
0.012903225806451613 0.09195402298850575
0.01288244766505636 0.09195402298850575
0.012861736334405145 0.09195402298850575
0.012841091492776886 0.09195402298850575
0.01282051282051282 0.09195402298850575
0.0128 0.09195402298850575
0.012779552715654952 0.09195402298850575
0.012759170653907496 0.09195402298850575
0.012738853503184714 0.09195402298850575
0.012718600953895072 0.09195402298850575
0.012698412698412698 0.09195402298850575
0.012678288431061807 0.09195402298850575
0.012658227848101266 0.09195402298850575
0.01263823064770932 0.09195402298850575
0.012618296529968454 0.09195402298850575
0.012598425196850394 0.09195402298850575
0.012578616352201259 0.09195402298850575
0.012558869701726845 0.09195402298850575
0.012539184952978056 0.09195402298850575
0.012519561815336464 0.09195402298850575
0.0125 0.09195402298850575
0.0124804992199688 0.09195402298850575
0.012461059190031152 0.09195402298850575
0.013996889580093312 0.10344827586206896
0.013975155279503106 0.10344827586206896
0.013953488372093023 0.10344827586206896
0.01393188854489164 0.10344827586206896
0.013910355486862442 0.10344827586206896
0.013888888888888888 0.10344827586206896
0.01386748844375963 0.10344827586206896
0.013846153846153847 0.10344827586206896
0.013824884792626729 0.10344827586206896
0.013803680981595092 0.10344827586206896
0.013782542113323124 0.10344827586206896
0.013761467889908258 0.10344827586206896
0.013740458015267175 0.10344827586206896
0.013719512195121951 0.10344827586206896
0.0136986301369863 0.10344827586206896
0.013677811550151976 0.10344827586206896
0.013657056145675266 0.10344827586206896
0.013636363636363636 0.10344827586206896
0.01361573373676248 0.10344827586206896
0.013595166163141994 0.10344827586206896
0.013574660633484163 0.10344827586206896
0.01355421686746988 0.10344827586206896
0.013533834586466165 0.10344827586206896
0.013513513513513514 0.10344827586206896
0.013493253373313344 0.10344827586206896
0.01347305389221557 0.10344827586206896
0.013452914798206279 0.10344827586206896
0.013432835820895522 0.10344827586206896
0.013412816691505217 0.10344827586206896
0.013392857142857142 0.10344827586206896
0.01337295690936107 0.10344827586206896
0.013353115727002967 0.10344827586206896
0.013333333333333334 0.10344827586206896
0.013313609467455622 0.10344827586206896
0.013293943870014771 0.10344827586206896
0.01327433628318584 0.10344827586206896
0.013254786450662739 0.10344827586206896
0.013235294117647059 0.10344827586206896
0.013215859030837005 0.10344827586206896
0.013196480938416423 0.10344827586206896
0.013177159590043924 0.10344827586206896
0.013157894736842105 0.10344827586206896
0.013138686131386862 0.10344827586206896
0.013119533527696793 0.10344827586206896
0.013100436681222707 0.10344827586206896
0.01308139534883721 0.10344827586206896
0.013062409288824383 0.10344827586206896
0.013043478260869565 0.10344827586206896
0.013024602026049204 0.10344827586206896
0.01300578034682081 0.10344827586206896
0.012987012987012988 0.10344827586206896
0.012968299711815562 0.10344827586206896
0.012949640287769784 0.10344827586206896
0.01293103448275862 0.10344827586206896
0.014347202295552367 0.11494252873563218
0.014326647564469915 0.11494252873563218
0.01430615164520744 0.11494252873563218
0.014285714285714285 0.11494252873563218
0.014265335235378032 0.11494252873563218
0.014245014245014245 0.11494252873563218
0.01422475106685633 0.11494252873563218
0.014204545454545454 0.11494252873563218
0.014184397163120567 0.11494252873563218
0.014164305949008499 0.11494252873563218
0.014144271570014143 0.11494252873563218
0.014124293785310734 0.11494252873563218
0.014104372355430184 0.11494252873563218
0.014084507042253521 0.11494252873563218
0.014064697609001406 0.11494252873563218
0.014044943820224719 0.11494252873563218
0.014025245441795231 0.11494252873563218
0.014005602240896359 0.11494252873563218
0.013986013986013986 0.11494252873563218
0.013966480446927373 0.11494252873563218
0.01394700139470014 0.11494252873563218
0.013927576601671309 0.11494252873563218
0.013908205841446454 0.11494252873563218
0.013888888888888888 0.11494252873563218
0.013869625520110958 0.11494252873563218
0.013850415512465374 0.11494252873563218
0.013831258644536652 0.11494252873563218
0.013812154696132596 0.11494252873563218
0.013793103448275862 0.11494252873563218
0.013774104683195593 0.11494252873563218
0.013755158184319119 0.11494252873563218
0.013736263736263736 0.11494252873563218
0.013717421124828532 0.11494252873563218
0.0136986301369863 0.11494252873563218
0.013679890560875513 0.11494252873563218
0.01366120218579235 0.11494252873563218
0.013642564802182811 0.11494252873563218
0.013623978201634877 0.11494252873563218
0.013605442176870748 0.11494252873563218
0.01358695652173913 0.11494252873563218
0.013568521031207599 0.11494252873563218
0.013550135501355014 0.11494252873563218
0.013531799729364006 0.11494252873563218
0.013513513513513514 0.11494252873563218
0.01349527665317139 0.11494252873563218
0.013477088948787063 0.11494252873563218
0.013458950201884253 0.11494252873563218
0.013440860215053764 0.11494252873563218
0.013422818791946308 0.11494252873563218
0.013404825737265416 0.11494252873563218
0.013386880856760375 0.11494252873563218
0.013368983957219251 0.11494252873563218
0.01335113484646195 0.11494252873563218
0.013333333333333334 0.11494252873563218
0.013315579227696404 0.11494252873563218
0.013297872340425532 0.11494252873563218
0.013280212483399735 0.11494252873563218
0.013262599469496022 0.11494252873563218
0.013245033112582781 0.11494252873563218
0.013227513227513227 0.11494252873563218
0.013210039630118891 0.11494252873563218
0.013192612137203167 0.11494252873563218
0.013175230566534914 0.11494252873563218
0.013157894736842105 0.11494252873563218
0.013140604467805518 0.11494252873563218
0.013123359580052493 0.11494252873563218
0.01310615989515072 0.11494252873563218
0.013089005235602094 0.11494252873563218
0.013071895424836602 0.11494252873563218
0.013054830287206266 0.11494252873563218
0.01303780964797914 0.11494252873563218
0.013020833333333334 0.11494252873563218
0.013003901170351105 0.11494252873563218
0.012987012987012988 0.11494252873563218
0.01297016861219196 0.11494252873563218
0.012953367875647668 0.11494252873563218
0.0129366106080207 0.11494252873563218
0.012919896640826873 0.11494252873563218
0.012903225806451613 0.11494252873563218
0.01288659793814433 0.11494252873563218
0.01287001287001287 0.11494252873563218
0.012853470437017995 0.11494252873563218
0.012836970474967908 0.11494252873563218
0.01282051282051282 0.11494252873563218
0.012804097311139564 0.11494252873563218
0.01278772378516624 0.11494252873563218
0.01277139208173691 0.11494252873563218
0.012755102040816327 0.11494252873563218
0.012738853503184714 0.11494252873563218
0.01272264631043257 0.11494252873563218
0.012706480304955527 0.11494252873563218
0.012690355329949238 0.11494252873563218
0.012674271229404309 0.11494252873563218
0.012658227848101266 0.11494252873563218
0.012642225031605562 0.11494252873563218
0.012626262626262626 0.11494252873563218
0.012610340479192938 0.11494252873563218
0.012594458438287154 0.11494252873563218
0.012578616352201259 0.11494252873563218
0.01256281407035176 0.11494252873563218
0.012547051442910916 0.11494252873563218
0.012531328320802004 0.11494252873563218
0.012515644555694618 0.11494252873563218
0.0125 0.11494252873563218
0.01373283395755306 0.12643678160919541
0.01371571072319202 0.12643678160919541
0.0136986301369863 0.12643678160919541
0.013681592039800995 0.12643678160919541
0.013664596273291925 0.12643678160919541
0.013647642679900745 0.12643678160919541
0.013630731102850062 0.12643678160919541
0.013613861386138614 0.12643678160919541
0.013597033374536464 0.12643678160919541
0.013580246913580247 0.12643678160919541
0.013563501849568433 0.12643678160919541
0.013546798029556651 0.12643678160919541
0.013530135301353014 0.12643678160919541
0.013513513513513514 0.12643678160919541
0.013496932515337423 0.12643678160919541
0.013480392156862746 0.12643678160919541
0.01346389228886169 0.12643678160919541
0.013447432762836185 0.12643678160919541
0.013431013431013432 0.12643678160919541
0.013414634146341463 0.12643678160919541
0.013398294762484775 0.12643678160919541
0.01338199513381995 0.12643678160919541
0.013365735115431349 0.12643678160919541
0.013349514563106795 0.12643678160919541
0.013333333333333334 0.12643678160919541
0.013317191283292978 0.12643678160919541
0.014510278113663845 0.13793103448275862
0.014492753623188406 0.13793103448275862
0.014475271411338963 0.13793103448275862
0.014457831325301205 0.13793103448275862
0.01444043321299639 0.13793103448275862
0.014423076923076924 0.13793103448275862
0.014405762304921969 0.13793103448275862
0.014388489208633094 0.13793103448275862
0.01437125748502994 0.13793103448275862
0.01555023923444976 0.14942528735632185
0.015531660692951015 0.14942528735632185
0.015513126491646777 0.14942528735632185
0.015494636471990465 0.14942528735632185
0.015476190476190477 0.14942528735632185
0.015457788347205707 0.14942528735632185
0.015439429928741092 0.14942528735632185
0.01542111506524318 0.14942528735632185
0.015402843601895734 0.14942528735632185
0.015384615384615385 0.14942528735632185
0.015366430260047281 0.14942528735632185
0.015348288075560802 0.14942528735632185
0.015330188679245283 0.14942528735632185
0.015312131919905771 0.14942528735632185
0.015294117647058824 0.14942528735632185
0.01527614571092832 0.14942528735632185
0.015258215962441314 0.14942528735632185
0.015240328253223915 0.14942528735632185
0.01522248243559719 0.14942528735632185
0.0152046783625731 0.14942528735632185
0.015186915887850467 0.14942528735632185
0.015169194865810968 0.14942528735632185
0.015151515151515152 0.14942528735632185
0.015133876600698487 0.14942528735632185
0.015116279069767442 0.14942528735632185
0.015098722415795587 0.14942528735632185
0.015081206496519721 0.14942528735632185
0.015063731170336037 0.14942528735632185
0.015046296296296295 0.14942528735632185
0.015028901734104046 0.14942528735632185
0.015011547344110854 0.14942528735632185
0.014994232987312572 0.14942528735632185
0.014976958525345621 0.14942528735632185
0.014959723820483314 0.14942528735632185
0.014942528735632184 0.14942528735632185
0.014925373134328358 0.14942528735632185
0.014908256880733946 0.14942528735632185
0.014891179839633447 0.14942528735632185
0.014874141876430207 0.14942528735632185
0.014857142857142857 0.14942528735632185
0.014840182648401826 0.14942528735632185
0.014823261117445839 0.14942528735632185
0.014806378132118452 0.14942528735632185
0.01478953356086462 0.14942528735632185
0.014772727272727272 0.14942528735632185
0.014755959137343927 0.14942528735632185
0.01473922902494331 0.14942528735632185
0.014722536806342015 0.14942528735632185
0.014705882352941176 0.14942528735632185
0.014689265536723164 0.14942528735632185
0.014672686230248307 0.14942528735632185
0.014656144306651634 0.14942528735632185
0.01463963963963964 0.14942528735632185
0.014623172103487065 0.14942528735632185
0.014606741573033709 0.14942528735632185
0.015712682379349047 0.16091954022988506
0.01569506726457399 0.16091954022988506
0.015677491601343786 0.16091954022988506
0.015659955257270694 0.16091954022988506
0.01564245810055866 0.16091954022988506
0.015625 0.16091954022988506
0.01560758082497213 0.16091954022988506
0.015590200445434299 0.16091954022988506
0.01557285873192436 0.16091954022988506
0.016666666666666666 0.1724137931034483
0.016648168701442843 0.1724137931034483
0.01662971175166297 0.1724137931034483
0.017718715393133997 0.1839080459770115
0.017699115044247787 0.1839080459770115
0.017679558011049725 0.1839080459770115
0.017660044150110375 0.1839080459770115
0.017640573318632856 0.1839080459770115
0.01762114537444934 0.1839080459770115
0.0176017601760176 0.1839080459770115
0.017582417582417582 0.1839080459770115
0.01756311745334797 0.1839080459770115
0.017543859649122806 0.1839080459770115
0.017524644030668127 0.1839080459770115
0.0175054704595186 0.1839080459770115
0.017486338797814208 0.1839080459770115
0.017467248908296942 0.1839080459770115
0.017448200654307525 0.1839080459770115
0.017429193899782137 0.1839080459770115
0.017410228509249184 0.1839080459770115
0.017391304347826087 0.1839080459770115
0.018458197611292075 0.19540229885057472
0.019522776572668113 0.20689655172413793
0.01950162513542795 0.20689655172413793
0.01948051948051948 0.20689655172413793
0.01945945945945946 0.20689655172413793
0.019438444924406047 0.20689655172413793
0.019417475728155338 0.20689655172413793
0.01939655172413793 0.20689655172413793
0.0193756727664155 0.20689655172413793
0.01935483870967742 0.20689655172413793
0.01933404940923738 0.20689655172413793
0.019313304721030045 0.20689655172413793
0.01929260450160772 0.20689655172413793
0.019271948608137045 0.20689655172413793
0.019251336898395723 0.20689655172413793
0.019230769230769232 0.20689655172413793
0.0192102454642476 0.20689655172413793
0.019189765458422176 0.20689655172413793
0.019169329073482427 0.20689655172413793
0.019148936170212766 0.20689655172413793
0.019128586609989374 0.20689655172413793
0.01910828025477707 0.20689655172413793
0.019088016967126194 0.20689655172413793
0.019067796610169493 0.20689655172413793
0.01904761904761905 0.20689655172413793
0.019027484143763214 0.20689655172413793
0.01900739176346357 0.20689655172413793
0.0189873417721519 0.20689655172413793
0.018967334035827187 0.20689655172413793
0.018947368421052633 0.20689655172413793
0.01892744479495268 0.20689655172413793
0.018907563025210083 0.20689655172413793
0.01888772298006296 0.20689655172413793
0.018867924528301886 0.20689655172413793
0.018848167539267015 0.20689655172413793
0.01882845188284519 0.20689655172413793
0.018808777429467086 0.20689655172413793
0.018789144050104383 0.20689655172413793
0.018769551616266946 0.20689655172413793
0.01875 0.20689655172413793
0.018730489073881373 0.20689655172413793
0.018711018711018712 0.20689655172413793
0.01973001038421599 0.21839080459770116
0.01970954356846473 0.21839080459770116
0.019689119170984457 0.21839080459770116
0.019668737060041408 0.21839080459770116
0.01964839710444674 0.21839080459770116
0.01962809917355372 0.21839080459770116
0.0196078431372549 0.21839080459770116
0.01958762886597938 0.21839080459770116
0.01956745623069001 0.21839080459770116
0.01954732510288066 0.21839080459770116
0.019527235354573486 0.21839080459770116
0.019507186858316223 0.21839080459770116
0.019487179487179488 0.21839080459770116
0.0194672131147541 0.21839080459770116
0.019447287615148412 0.21839080459770116
0.019427402862985686 0.21839080459770116
0.01940755873340143 0.21839080459770116
0.019387755102040816 0.21839080459770116
0.019367991845056064 0.21839080459770116
0.019348268839103868 0.21839080459770116
0.019328585961342827 0.21839080459770116
0.019308943089430895 0.21839080459770116
0.019289340101522844 0.21839080459770116
0.019269776876267748 0.21839080459770116
0.019250253292806486 0.21839080459770116
0.019230769230769232 0.21839080459770116
0.019211324570273004 0.21839080459770116
0.01919191919191919 0.21839080459770116
0.01917255297679112 0.21839080459770116
0.019153225806451613 0.21839080459770116
0.019133937562940583 0.21839080459770116
0.019114688128772636 0.21839080459770116
0.019095477386934675 0.21839080459770116
0.019076305220883535 0.21839080459770116
0.01905717151454363 0.21839080459770116
0.01903807615230461 0.21839080459770116
0.01901901901901902 0.21839080459770116
0.019 0.21839080459770116
0.01898101898101898 0.21839080459770116
0.018962075848303395 0.21839080459770116
0.018943170488534396 0.21839080459770116
0.018924302788844622 0.21839080459770116
0.01890547263681592 0.21839080459770116
0.018886679920477135 0.21839080459770116
0.018867924528301886 0.21839080459770116
0.018849206349206348 0.21839080459770116
0.018830525272547076 0.21839080459770116
0.01881188118811881 0.21839080459770116
0.018793273986152326 0.21839080459770116
0.018774703557312252 0.21839080459770116
0.018756169792694965 0.21839080459770116
0.01873767258382643 0.21839080459770116
0.0187192118226601 0.21839080459770116
0.018700787401574805 0.21839080459770116
0.018682399213372666 0.21839080459770116
0.018664047151277015 0.21839080459770116
0.019627085377821395 0.22988505747126436
0.0196078431372549 0.22988505747126436
0.019588638589618023 0.22988505747126436
0.019569471624266144 0.22988505747126436
0.019550342130987292 0.22988505747126436
0.01953125 0.22988505747126436
0.01951219512195122 0.22988505747126436
0.01949317738791423 0.22988505747126436
0.019474196689386564 0.22988505747126436
0.019455252918287938 0.22988505747126436
0.019436345966958212 0.22988505747126436
0.019417475728155338 0.22988505747126436
0.019398642095053348 0.22988505747126436
0.01937984496124031 0.22988505747126436
0.01936108422071636 0.22988505747126436
0.019342359767891684 0.22988505747126436
0.01932367149758454 0.22988505747126436
0.019305019305019305 0.22988505747126436
0.019286403085824494 0.22988505747126436
0.019267822736030827 0.22988505747126436
0.019249278152069296 0.22988505747126436
0.020192307692307693 0.2413793103448276
0.020172910662824207 0.2413793103448276
0.02015355086372361 0.2413793103448276
0.020134228187919462 0.2413793103448276
0.020114942528735632 0.2413793103448276
0.020095693779904306 0.2413793103448276
0.020076481835564052 0.2413793103448276
0.02005730659025788 0.2413793103448276
0.020038167938931296 0.2413793103448276
0.02001906577693041 0.2413793103448276
0.02 0.2413793103448276
0.019980970504281638 0.2413793103448276
0.019961977186311788 0.2413793103448276
0.019943019943019943 0.2413793103448276
0.019924098671726755 0.2413793103448276
0.01990521327014218 0.2413793103448276
0.019886363636363636 0.2413793103448276
0.019867549668874173 0.2413793103448276
0.01984877126654064 0.2413793103448276
0.019830028328611898 0.2413793103448276
0.01981132075471698 0.2413793103448276
0.019792648444863337 0.2413793103448276
0.01977401129943503 0.2413793103448276
0.01975540921919097 0.2413793103448276
0.019736842105263157 0.2413793103448276
0.01971830985915493 0.2413793103448276
0.019699812382739212 0.2413793103448276
0.019681349578256794 0.2413793103448276
0.019662921348314606 0.2413793103448276
0.019644527595884004 0.2413793103448276
0.019626168224299065 0.2413793103448276
0.0196078431372549 0.2413793103448276
0.01958955223880597 0.2413793103448276
0.0195712954333644 0.2413793103448276
0.019553072625698324 0.2413793103448276
0.01953488372093023 0.2413793103448276
0.019516728624535316 0.2413793103448276
0.019498607242339833 0.2413793103448276
0.01948051948051948 0.2413793103448276
0.019462465245597776 0.2413793103448276
0.019444444444444445 0.2413793103448276
0.01942645698427382 0.2413793103448276
0.019408502772643253 0.2413793103448276
0.019390581717451522 0.2413793103448276
0.01937269372693727 0.2413793103448276
0.01935483870967742 0.2413793103448276
0.019337016574585635 0.2413793103448276
0.019319227230910764 0.2413793103448276
0.019301470588235295 0.2413793103448276
0.01928374655647383 0.2413793103448276
0.01926605504587156 0.2413793103448276
0.01924839596700275 0.2413793103448276
0.019230769230769232 0.2413793103448276
0.0192131747483989 0.2413793103448276
0.019195612431444242 0.2413793103448276
0.019178082191780823 0.2413793103448276
0.01916058394160584 0.2413793103448276
0.019143117593436645 0.2413793103448276
0.01912568306010929 0.2413793103448276
0.01910828025477707 0.2413793103448276
0.019090909090909092 0.2413793103448276
0.01907356948228883 0.2413793103448276
0.019056261343012703 0.2413793103448276
0.019038984587488667 0.2413793103448276
0.019021739130434784 0.2413793103448276
0.019004524886877826 0.2413793103448276
0.0189873417721519 0.2413793103448276
0.018970189701897018 0.2413793103448276
0.01895306859205776 0.2413793103448276
0.018935978358881875 0.2413793103448276
0.01891891891891892 0.2413793103448276
0.018901890189018902 0.2413793103448276
0.018884892086330936 0.2413793103448276
0.018867924528301886 0.2413793103448276
0.018850987432675045 0.2413793103448276
0.01883408071748879 0.2413793103448276
0.01881720430107527 0.2413793103448276
0.018800358102059087 0.2413793103448276
0.018783542039355994 0.2413793103448276
0.01876675603217158 0.2413793103448276
0.01875 0.2413793103448276
0.01873327386262266 0.2413793103448276
0.01871657754010695 0.2413793103448276
0.018699910952804988 0.2413793103448276
0.018683274021352312 0.2413793103448276
0.018666666666666668 0.2413793103448276
0.018650088809946713 0.2413793103448276
0.018633540372670808 0.2413793103448276
0.018617021276595744 0.2413793103448276
0.018600531443755536 0.2413793103448276
0.018584070796460177 0.2413793103448276
0.01856763925729443 0.2413793103448276
0.018551236749116608 0.2413793103448276
0.018534863195057368 0.2413793103448276
0.018518518518518517 0.2413793103448276
0.018502202643171806 0.2413793103448276
0.018485915492957746 0.2413793103448276
0.018469656992084433 0.2413793103448276
0.01845342706502636 0.2413793103448276
0.018437225636523266 0.2413793103448276
0.018421052631578946 0.2413793103448276
0.018404907975460124 0.2413793103448276
0.01838879159369527 0.2413793103448276
0.01837270341207349 0.2413793103448276
0.018356643356643356 0.2413793103448276
0.01834061135371179 0.2413793103448276
0.01832460732984293 0.2413793103448276
0.018308631211857017 0.2413793103448276
0.018292682926829267 0.2413793103448276
0.018276762402088774 0.2413793103448276
0.018260869565217393 0.2413793103448276
0.018245004344048653 0.2413793103448276
0.018229166666666668 0.2413793103448276
0.01821335646140503 0.2413793103448276
0.018197573656845753 0.2413793103448276
0.01818181818181818 0.2413793103448276
0.018166089965397925 0.2413793103448276
0.018150388936905792 0.2413793103448276
0.018134715025906734 0.2413793103448276
0.0181190681622088 0.2413793103448276
0.01810344827586207 0.2413793103448276
0.01808785529715762 0.2413793103448276
0.018072289156626505 0.2413793103448276
0.018056749785038694 0.2413793103448276
0.01804123711340206 0.2413793103448276
0.018025751072961373 0.2413793103448276
0.018010291595197257 0.2413793103448276
0.017994858611825194 0.2413793103448276
0.01797945205479452 0.2413793103448276
0.017964071856287425 0.2413793103448276
0.017948717948717947 0.2413793103448276
0.017933390264730998 0.2413793103448276
0.017918088737201365 0.2413793103448276
0.017902813299232736 0.2413793103448276
0.01788756388415673 0.2413793103448276
0.017872340425531916 0.2413793103448276
0.017857142857142856 0.2413793103448276
0.01784197111299915 0.2413793103448276
0.017826825127334467 0.2413793103448276
0.017811704834605598 0.2413793103448276
0.017796610169491526 0.2413793103448276
0.017781541066892465 0.2413793103448276
0.017766497461928935 0.2413793103448276
0.01775147928994083 0.2413793103448276
0.017736486486486486 0.2413793103448276
0.017721518987341773 0.2413793103448276
0.01770657672849916 0.2413793103448276
0.017691659646166806 0.2413793103448276
0.017676767676767676 0.2413793103448276
0.017661900756938603 0.2413793103448276
0.01764705882352941 0.2413793103448276
0.017632241813602016 0.2413793103448276
0.01761744966442953 0.2413793103448276
0.01760268231349539 0.2413793103448276
0.017587939698492462 0.2413793103448276
0.017573221757322177 0.2413793103448276
0.017558528428093644 0.2413793103448276
0.017543859649122806 0.2413793103448276
0.017529215358931552 0.2413793103448276
0.01751459549624687 0.2413793103448276
0.0175 0.2413793103448276
0.017485428809325562 0.2413793103448276
0.01747088186356073 0.2413793103448276
0.017456359102244388 0.2413793103448276
0.01744186046511628 0.2413793103448276
0.017427385892116183 0.2413793103448276
0.017412935323383085 0.2413793103448276
0.01739850869925435 0.2413793103448276
0.0173841059602649 0.2413793103448276
0.017369727047146403 0.2413793103448276
0.017355371900826446 0.2413793103448276
0.017341040462427744 0.2413793103448276
0.017326732673267328 0.2413793103448276
0.01731244847485573 0.2413793103448276
0.01729818780889621 0.2413793103448276
0.01728395061728395 0.2413793103448276
0.017269736842105265 0.2413793103448276
0.01725554642563681 0.2413793103448276
0.017241379310344827 0.2413793103448276
0.017227235438884332 0.2413793103448276
0.01721311475409836 0.2413793103448276
0.0171990171990172 0.2413793103448276
0.01718494271685761 0.2413793103448276
0.017170891251022075 0.2413793103448276
0.01715686274509804 0.2413793103448276
0.017142857142857144 0.2413793103448276
0.017128874388254486 0.2413793103448276
0.017114914425427872 0.2413793103448276
0.01710097719869707 0.2413793103448276
0.01708706265256306 0.2413793103448276
0.01707317073170732 0.2413793103448276
0.017871649065800164 0.25287356321839083
0.017857142857142856 0.25287356321839083
0.017842660178426603 0.25287356321839083
0.017828200972447326 0.25287356321839083
0.01862348178137652 0.26436781609195403
0.0186084142394822 0.26436781609195403
0.018593371059013743 0.26436781609195403
0.018578352180936994 0.26436781609195403
0.018563357546408393 0.26436781609195403
0.018548387096774192 0.26436781609195403
0.018533440773569703 0.26436781609195403
0.018518518518518517 0.26436781609195403
0.01850362027353178 0.26436781609195403
0.018488745980707395 0.26436781609195403
0.01927710843373494 0.27586206896551724
0.019261637239165328 0.27586206896551724
0.019246190858059342 0.27586206896551724
0.019230769230769232 0.27586206896551724
0.01921537229783827 0.27586206896551724
0.0192 0.27586206896551724
0.019184652278177457 0.27586206896551724
0.019169329073482427 0.27586206896551724
0.019154030327214685 0.27586206896551724
0.019138755980861243 0.27586206896551724
0.019123505976095617 0.27586206896551724
0.01910828025477707 0.27586206896551724
0.01909307875894988 0.27586206896551724
0.019077901430842606 0.27586206896551724
0.019062748212867357 0.27586206896551724
0.01904761904761905 0.27586206896551724
0.0190325138778747 0.27586206896551724
0.019809825673534072 0.28735632183908044
0.01979414093428345 0.28735632183908044
0.01977848101265823 0.28735632183908044
0.019762845849802372 0.28735632183908044
0.019747235387045814 0.28735632183908044
0.01973164956590371 0.28735632183908044
0.01971608832807571 0.28735632183908044
0.019700551615445233 0.28735632183908044
0.01968503937007874 0.28735632183908044
0.01966955153422502 0.28735632183908044
0.019654088050314465 0.28735632183908044
0.019638648860958365 0.28735632183908044
0.019623233908948195 0.28735632183908044
0.0196078431372549 0.28735632183908044
0.019592476489028215 0.28735632183908044
0.01957713390759593 0.28735632183908044
0.019561815336463225 0.28735632183908044
0.019546520719311962 0.28735632183908044
0.01953125 0.28735632183908044
0.02029664324746292 0.2988505747126437
0.0202808112324493 0.2988505747126437
0.020265003897116135 0.2988505747126437
0.020249221183800622 0.2988505747126437
0.020233463035019456 0.2988505747126437
0.02021772939346812 0.2988505747126437
0.020202020202020204 0.2988505747126437
0.020186335403726708 0.2988505747126437
0.02017067494181536 0.2988505747126437
0.020155038759689922 0.2988505747126437
0.020139426800929512 0.2988505747126437
0.020123839009287926 0.2988505747126437
0.020108275328692964 0.2988505747126437
0.02009273570324575 0.2988505747126437
0.020077220077220077 0.2988505747126437
0.020061728395061727 0.2988505747126437
0.020046260601387818 0.2988505747126437
0.020030816640986132 0.2988505747126437
0.020015396458814474 0.2988505747126437
0.02 0.2988505747126437
0.0207532667179093 0.3103448275862069
0.020737327188940093 0.3103448275862069
0.02072141212586339 0.3103448275862069
0.020705521472392636 0.3103448275862069
0.020689655172413793 0.3103448275862069
0.020673813169984685 0.3103448275862069
0.020657995409334353 0.3103448275862069
0.020642201834862386 0.3103448275862069
0.020626432391138275 0.3103448275862069
0.020610687022900764 0.3103448275862069
0.020594965675057208 0.3103448275862069
0.020579268292682928 0.3103448275862069
0.020563594821020565 0.3103448275862069
0.02054794520547945 0.3103448275862069
0.02053231939163498 0.3103448275862069
0.020516717325227963 0.3103448275862069
0.02050113895216401 0.3103448275862069
0.0204855842185129 0.3103448275862069
0.02047005307050796 0.3103448275862069
0.020454545454545454 0.3103448275862069
0.02043906131718395 0.3103448275862069
0.02042360060514372 0.3103448275862069
0.02040816326530612 0.3103448275862069
0.02039274924471299 0.3103448275862069
0.020377358490566037 0.3103448275862069
0.020361990950226245 0.3103448275862069
0.020346646571213264 0.3103448275862069
0.02033132530120482 0.3103448275862069
0.020316027088036117 0.3103448275862069
0.02030075187969925 0.3103448275862069
0.0202854996243426 0.3103448275862069
0.02027027027027027 0.3103448275862069
0.020255063765941484 0.3103448275862069
0.020239880059970013 0.3103448275862069
0.020224719101123594 0.3103448275862069
0.020209580838323353 0.3103448275862069
0.02019446522064323 0.3103448275862069
0.020179372197309416 0.3103448275862069
0.020164301717699777 0.3103448275862069
0.020149253731343283 0.3103448275862069
0.020134228187919462 0.3103448275862069
0.020119225037257823 0.3103448275862069
0.020104244229337303 0.3103448275862069
0.020089285714285716 0.3103448275862069
0.020074349442379184 0.3103448275862069
0.020059435364041606 0.3103448275862069
0.0200445434298441 0.3103448275862069
0.020029673590504452 0.3103448275862069
0.02001482579688658 0.3103448275862069
0.02 0.3103448275862069
0.01998519615099926 0.3103448275862069
0.019970414201183433 0.3103448275862069
0.019955654101995565 0.3103448275862069
0.019940915805022157 0.3103448275862069
0.01992619926199262 0.3103448275862069
0.01991150442477876 0.3103448275862069
0.01989683124539425 0.3103448275862069
0.019882179675994108 0.3103448275862069
0.019867549668874173 0.3103448275862069
0.019852941176470587 0.3103448275862069
0.019838354151359296 0.3103448275862069
0.019823788546255508 0.3103448275862069
0.019809244314013204 0.3103448275862069
0.019794721407624633 0.3103448275862069
0.01978021978021978 0.3103448275862069
0.019765739385065886 0.3103448275862069
0.019751280175566936 0.3103448275862069
0.019736842105263157 0.3103448275862069
0.019722425127830533 0.3103448275862069
0.01970802919708029 0.3103448275862069
0.019693654266958426 0.3103448275862069
0.01967930029154519 0.3103448275862069
0.019664967225054626 0.3103448275862069
0.019650655021834062 0.3103448275862069
0.019636363636363636 0.3103448275862069
0.019622093023255814 0.3103448275862069
0.0196078431372549 0.3103448275862069
0.019593613933236574 0.3103448275862069
0.019579405366207395 0.3103448275862069
0.01956521739130435 0.3103448275862069
0.01955104996379435 0.3103448275862069
0.019536903039073805 0.3103448275862069
0.019522776572668113 0.3103448275862069
0.019508670520231215 0.3103448275862069
0.019494584837545126 0.3103448275862069
0.01948051948051948 0.3103448275862069
0.01946647440519106 0.3103448275862069
0.019452449567723344 0.3103448275862069
0.019438444924406047 0.3103448275862069
0.019424460431654675 0.3103448275862069
0.019410496046010063 0.3103448275862069
0.01939655172413793 0.3103448275862069
0.019382627422828428 0.3103448275862069
0.019368723098995694 0.3103448275862069
0.01935483870967742 0.3103448275862069
0.019340974212034383 0.3103448275862069
0.019327129563350035 0.3103448275862069
0.019313304721030045 0.3103448275862069
0.01929949964260186 0.3103448275862069
0.019285714285714285 0.3103448275862069
0.019271948608137045 0.3103448275862069
0.01925820256776034 0.3103448275862069
0.01924447612259444 0.3103448275862069
0.019230769230769232 0.3103448275862069
0.019217081850533807 0.3103448275862069
0.019203413940256046 0.3103448275862069
0.019189765458422176 0.3103448275862069
0.019176136363636364 0.3103448275862069
0.0191625266146203 0.3103448275862069
0.019148936170212766 0.3103448275862069
0.01913536498936924 0.3103448275862069
0.019121813031161474 0.3103448275862069
0.01910828025477707 0.3103448275862069
0.019094766619519095 0.3103448275862069
0.019081272084805655 0.3103448275862069
0.019067796610169493 0.3103448275862069
0.019054340155257588 0.3103448275862069
0.01904090267983075 0.3103448275862069
0.019027484143763214 0.3103448275862069
0.019014084507042252 0.3103448275862069
0.019000703729767768 0.3103448275862069
0.0189873417721519 0.3103448275862069
0.018973998594518624 0.3103448275862069
0.018960674157303372 0.3103448275862069
0.018947368421052633 0.3103448275862069
0.018934081346423562 0.3103448275862069
0.0189208128941836 0.3103448275862069
0.018907563025210083 0.3103448275862069
0.018894331700489854 0.3103448275862069
0.01888111888111888 0.3103448275862069
0.018867924528301886 0.3103448275862069
0.018854748603351956 0.3103448275862069
0.01884159106769016 0.3103448275862069
0.01882845188284519 0.3103448275862069
0.018815331010452963 0.3103448275862069
0.018802228412256268 0.3103448275862069
0.018789144050104383 0.3103448275862069
0.018776077885952713 0.3103448275862069
0.018763029881862403 0.3103448275862069
0.01875 0.3103448275862069
0.018736988202637056 0.3103448275862069
0.01872399445214979 0.3103448275862069
0.018711018711018712 0.3103448275862069
0.018698060941828253 0.3103448275862069
0.018685121107266434 0.3103448275862069
0.01867219917012448 0.3103448275862069
0.018659295093296474 0.3103448275862069
0.018646408839779006 0.3103448275862069
0.018633540372670808 0.3103448275862069
0.018620689655172412 0.3103448275862069
0.018607856650585803 0.3103448275862069
0.01859504132231405 0.3103448275862069
0.018582243633860976 0.3103448275862069
0.01925722145804677 0.3218390804597701
0.019243986254295534 0.3218390804597701
0.019230769230769232 0.3218390804597701
0.019217570350034317 0.3218390804597701
0.019204389574759947 0.3218390804597701
0.019191226867717615 0.3218390804597701
0.019178082191780823 0.3218390804597701
0.019164955509924708 0.3218390804597701
0.019151846785225718 0.3218390804597701
0.019138755980861243 0.3218390804597701
0.01912568306010929 0.3218390804597701
0.01911262798634812 0.3218390804597701
0.019099590723055934 0.3218390804597701
0.0190865712338105 0.3218390804597701
0.01907356948228883 0.3218390804597701
0.01906058543226685 0.3218390804597701
0.01904761904761905 0.3218390804597701
0.019034670292318152 0.3218390804597701
0.019021739130434784 0.3218390804597701
0.019008825526137134 0.3218390804597701
0.018995929443690638 0.3218390804597701
0.018983050847457626 0.3218390804597701
0.018970189701897018 0.3218390804597701
0.018957345971563982 0.3218390804597701
0.018944519621109608 0.3218390804597701
0.018931710615280595 0.3218390804597701
0.01891891891891892 0.3218390804597701
0.018906144496961513 0.3218390804597701
0.018893387314439947 0.3218390804597701
0.018880647336480108 0.3218390804597701
0.018867924528301886 0.3218390804597701
0.018855218855218854 0.3218390804597701
0.018842530282637954 0.3218390804597701
0.01882985877605918 0.3218390804597701
0.019489247311827957 0.3333333333333333
0.019476158495634655 0.3333333333333333
0.019463087248322148 0.3333333333333333
0.019450033534540577 0.3333333333333333
0.01943699731903485 0.3333333333333333
0.01942397856664434 0.3333333333333333
0.019410977242302542 0.3333333333333333
0.01939799331103679 0.3333333333333333
0.019385026737967916 0.3333333333333333
0.019372077488309953 0.3333333333333333
0.019359145527369826 0.3333333333333333
0.019346230820547032 0.3333333333333333
