1.0 0.005291005291005291
1.0 0.010582010582010581
1.0 0.015873015873015872
1.0 0.021164021164021163
0.8 0.021164021164021163
0.6666666666666666 0.021164021164021163
0.5714285714285714 0.021164021164021163
0.5 0.021164021164021163
0.5555555555555556 0.026455026455026454
0.5 0.026455026455026454
0.45454545454545453 0.026455026455026454
0.4166666666666667 0.026455026455026454
0.46153846153846156 0.031746031746031744
0.42857142857142855 0.031746031746031744
0.4 0.031746031746031744
0.375 0.031746031746031744
0.35294117647058826 0.031746031746031744
0.3333333333333333 0.031746031746031744
0.3157894736842105 0.031746031746031744
0.3 0.031746031746031744
0.2857142857142857 0.031746031746031744
0.2727272727272727 0.031746031746031744
0.2608695652173913 0.031746031746031744
0.25 0.031746031746031744
0.28 0.037037037037037035
0.3076923076923077 0.042328042328042326
0.3333333333333333 0.047619047619047616
0.35714285714285715 0.05291005291005291
0.3448275862068966 0.05291005291005291
0.3333333333333333 0.05291005291005291
0.3225806451612903 0.05291005291005291
0.34375 0.0582010582010582
0.36363636363636365 0.06349206349206349
0.38235294117647056 0.06878306878306878
0.4 0.07407407407407407
0.4166666666666667 0.07936507936507936
0.40540540540540543 0.07936507936507936
0.39473684210526316 0.07936507936507936
0.38461538461538464 0.07936507936507936
0.375 0.07936507936507936
0.36585365853658536 0.07936507936507936
0.35714285714285715 0.07936507936507936
0.37209302325581395 0.08465608465608465
0.36363636363636365 0.08465608465608465
0.35555555555555557 0.08465608465608465
0.3695652173913043 0.08994708994708994
0.3829787234042553 0.09523809523809523
0.375 0.09523809523809523
0.3673469387755102 0.09523809523809523
0.36 0.09523809523809523
0.35294117647058826 0.09523809523809523
0.34615384615384615 0.09523809523809523
0.33962264150943394 0.09523809523809523
0.3333333333333333 0.09523809523809523
0.32727272727272727 0.09523809523809523
0.3392857142857143 0.10052910052910052
0.3508771929824561 0.10582010582010581
0.3620689655172414 0.1111111111111111
0.3559322033898305 0.1111111111111111
0.36666666666666664 0.1164021164021164
0.36065573770491804 0.1164021164021164
0.3709677419354839 0.12169312169312169
0.36507936507936506 0.12169312169312169
0.375 0.12698412698412698
0.38461538461538464 0.13227513227513227
0.3787878787878788 0.13227513227513227
0.373134328358209 0.13227513227513227
0.36764705882352944 0.13227513227513227
0.36231884057971014 0.13227513227513227
0.35714285714285715 0.13227513227513227
0.352112676056338 0.13227513227513227
0.3472222222222222 0.13227513227513227
0.3561643835616438 0.13756613756613756
0.36486486486486486 0.14285714285714285
0.36 0.14285714285714285
0.35526315789473684 0.14285714285714285
0.35064935064935066 0.14285714285714285
0.34615384615384615 0.14285714285714285
0.34177215189873417 0.14285714285714285
0.3375 0.14285714285714285
0.345679012345679 0.14814814814814814
0.34146341463414637 0.14814814814814814
0.3373493975903614 0.14814814814814814
0.34523809523809523 0.15343915343915343
0.35294117647058826 0.15873015873015872
0.36046511627906974 0.164021164021164
0.367816091954023 0.1693121693121693
0.36363636363636365 0.1693121693121693
0.3595505617977528 0.1693121693121693
0.35555555555555557 0.1693121693121693
0.3516483516483517 0.1693121693121693
0.358695652173913 0.1746031746031746
0.3548387096774194 0.1746031746031746
0.35106382978723405 0.1746031746031746
0.3473684210526316 0.1746031746031746
0.34375 0.1746031746031746
0.3402061855670103 0.1746031746031746
0.336734693877551 0.1746031746031746
0.3434343434343434 0.17989417989417988
