1.0 0.00040617384240454913
0.5 0.00040617384240454913
0.3333333333333333 0.00040617384240454913
0.5 0.0008123476848090983
0.6 0.0012185215272136475
0.6666666666666666 0.0016246953696181965
0.7142857142857143 0.0020308692120227455
0.75 0.002437043054427295
0.7777777777777778 0.002843216896831844
0.8 0.003249390739236393
0.8181818181818182 0.0036555645816409425
0.8333333333333334 0.004061738424045491
0.8461538461538461 0.004467912266450041
0.8571428571428571 0.00487408610885459
0.8666666666666667 0.005280259951259139
0.875 0.005686433793663688
0.8823529411764706 0.006092607636068237
0.8888888888888888 0.006498781478472786
0.8947368421052632 0.006904955320877335
0.85 0.006904955320877335
0.8095238095238095 0.006904955320877335
0.8181818181818182 0.007311129163281885
0.8260869565217391 0.007717303005686434
0.8333333333333334 0.008123476848090982
0.84 0.008529650690495532
0.8076923076923077 0.008529650690495532
0.8148148148148148 0.008935824532900082
0.8214285714285714 0.00934199837530463
0.8275862068965517 0.00974817221770918
0.8 0.00974817221770918
0.8064516129032258 0.010154346060113728
0.8125 0.010560519902518278
0.8181818181818182 0.010966693744922826
0.8235294117647058 0.011372867587327376
0.8285714285714286 0.011779041429731926
0.8055555555555556 0.011779041429731926
0.7837837837837838 0.011779041429731926
0.7631578947368421 0.011779041429731926
0.7692307692307693 0.012185215272136474
0.775 0.012591389114541024
0.7804878048780488 0.012997562956945572
0.7857142857142857 0.013403736799350122
0.7906976744186046 0.01380991064175467
0.7954545454545454 0.01421608448415922
0.8 0.01462225832656377
0.8043478260869565 0.015028432168968318
0.8085106382978723 0.015434606011372868
0.8125 0.015840779853777416
0.8163265306122449 0.016246953696181964
0.82 0.016653127538586516
0.803921568627451 0.016653127538586516
0.8076923076923077 0.017059301380991064
0.8113207547169812 0.017465475223395612
0.8148148148148148 0.017871649065800164
0.8181818181818182 0.018277822908204712
0.8214285714285714 0.01868399675060926
0.8245614035087719 0.019090170593013808
0.8103448275862069 0.019090170593013808
0.7966101694915254 0.019090170593013808
0.7833333333333333 0.019090170593013808
0.7868852459016393 0.01949634443541836
0.7903225806451613 0.019902518277822908
0.7936507936507936 0.020308692120227456
0.796875 0.020714865962632008
0.8 0.021121039805036556
0.803030303030303 0.021527213647441104
0.8059701492537313 0.021933387489845652
0.8088235294117647 0.022339561332250204
0.7971014492753623 0.022339561332250204
0.7857142857142857 0.022339561332250204
0.7887323943661971 0.022745735174654752
0.7916666666666666 0.0231519090170593
0.7945205479452054 0.023558082859463852
0.7972972972972973 0.0239642567018684
0.8 0.024370430544272948
0.8026315789473685 0.024776604386677496
0.8051948051948052 0.025182778229082048
0.8076923076923077 0.025588952071486596
0.7974683544303798 0.025588952071486596
0.8 0.025995125913891144
0.8024691358024691 0.026401299756295696
0.7926829268292683 0.026401299756295696
0.7951807228915663 0.026807473598700244
0.7976190476190477 0.027213647441104792
0.8 0.02761982128350934
0.8023255813953488 0.028025995125913892
0.8045977011494253 0.02843216896831844
0.8068181818181818 0.028838342810722988
0.8089887640449438 0.02924451665312754
0.8111111111111111 0.029650690495532088
0.8131868131868132 0.030056864337936636
0.8152173913043478 0.030463038180341188
0.8172043010752689 0.030869212022745736
0.8191489361702128 0.03127538586515029
0.8105263157894737 0.03127538586515029
0.8125 0.03168155970755483
0.8144329896907216 0.032087733549959384
0.8163265306122449 0.03249390739236393
0.8181818181818182 0.03290008123476848
0.82 0.03330625507717303
0.8217821782178217 0.033712428919577576
0.8235294117647058 0.03411860276198213
0.8252427184466019 0.03452477660438668
0.8269230769230769 0.034930950446791224
0.819047619047619 0.034930950446791224
0.8207547169811321 0.035337124289195776
0.822429906542056 0.03574329813160033
0.8240740740740741 0.03614947197400487
0.8256880733944955 0.036555645816409424
0.8272727272727273 0.036961819658813976
0.8288288288288288 0.03736799350121852
0.8303571428571429 0.03777416734362307
0.831858407079646 0.038180341186027617
0.8333333333333334 0.03858651502843217
0.8347826086956521 0.03899268887083672
0.8362068965517241 0.039398862713241264
0.8376068376068376 0.039805036555645816
0.8389830508474576 0.04021121039805037
0.8319327731092437 0.04021121039805037
0.8333333333333334 0.04061738424045491
0.8347107438016529 0.041023558082859464
0.8360655737704918 0.041429731925264016
0.8373983739837398 0.04183590576766856
0.8387096774193549 0.04224207961007311
0.84 0.042648253452477664
0.8412698412698413 0.04305442729488221
0.84251968503937 0.04346060113728676
0.84375 0.043866774979691305
0.8449612403100775 0.044272948822095856
0.8384615384615385 0.044272948822095856
0.8396946564885496 0.04467912266450041
0.8409090909090909 0.04508529650690495
0.8421052631578947 0.045491470349309504
0.8432835820895522 0.045897644191714056
0.8444444444444444 0.0463038180341186
0.8382352941176471 0.0463038180341186
0.8321167883211679 0.0463038180341186
0.8260869565217391 0.0463038180341186
0.8201438848920863 0.0463038180341186
0.8214285714285714 0.04670999187652315
0.8226950354609929 0.047116165718927704
0.823943661971831 0.04752233956133225
0.8251748251748252 0.0479285134037368
0.8263888888888888 0.04833468724614135
0.8206896551724138 0.04833468724614135
0.821917808219178 0.048740861088545896
0.8231292517006803 0.04914703493095045
0.8175675675675675 0.04914703493095045
0.8187919463087249 0.04955320877335499
0.8133333333333334 0.04955320877335499
0.8079470198675497 0.04955320877335499
0.8026315789473685 0.04955320877335499
0.803921568627451 0.049959382615759544
0.8051948051948052 0.050365556458164096
0.8064516129032258 0.05077173030056864
0.8012820512820513 0.05077173030056864
0.802547770700637 0.05117790414297319
0.8037974683544303 0.051584077985377744
0.8050314465408805 0.05199025182778229
0.80625 0.05239642567018684
0.8074534161490683 0.05280259951259139
0.808641975308642 0.053208773354995936
0.8098159509202454 0.05361494719740049
0.8048780487804879 0.05361494719740049
0.806060606060606 0.05402112103980504
0.8012048192771084 0.05402112103980504
0.7964071856287425 0.05402112103980504
0.7976190476190477 0.054427294882209584
0.7988165680473372 0.054833468724614136
0.7941176470588235 0.054833468724614136
0.7894736842105263 0.054833468724614136
0.7906976744186046 0.05523964256701868
0.791907514450867 0.05564581640942323
0.7873563218390804 0.05564581640942323
0.7885714285714286 0.056051990251827784
0.7897727272727273 0.05645816409423233
0.7853107344632768 0.05645816409423233
0.7808988764044944 0.05645816409423233
0.776536312849162 0.05645816409423233
0.7722222222222223 0.05645816409423233
0.7679558011049724 0.05645816409423233
0.7637362637362637 0.05645816409423233
0.7595628415300546 0.05645816409423233
0.7608695652173914 0.05686433793663688
0.7621621621621621 0.05727051177904143
0.7580645161290323 0.05727051177904143
0.7540106951871658 0.05727051177904143
0.75 0.05727051177904143
0.746031746031746 0.05727051177904143
0.7473684210526316 0.057676685621445976
0.7486910994764397 0.05808285946385053
0.7447916666666666 0.05808285946385053
0.7409326424870466 0.05808285946385053
0.7371134020618557 0.05808285946385053
0.7333333333333333 0.05808285946385053
0.7295918367346939 0.05808285946385053
0.7309644670050761 0.05848903330625508
0.7323232323232324 0.058895207148659624
0.7286432160804021 0.058895207148659624
0.725 0.058895207148659624
0.7263681592039801 0.059301380991064176
0.7277227722772277 0.05970755483346873
0.7241379310344828 0.05970755483346873
0.7254901960784313 0.06011372867587327
0.7219512195121951 0.06011372867587327
0.7233009708737864 0.060519902518277824
0.7198067632850241 0.060519902518277824
0.7211538461538461 0.060926076360682375
0.7177033492822966 0.060926076360682375
0.7142857142857143 0.060926076360682375
0.7156398104265402 0.06133225020308692
0.7122641509433962 0.06133225020308692
0.7089201877934272 0.06133225020308692
0.7102803738317757 0.06173842404549147
0.7116279069767442 0.062144597887896016
0.7129629629629629 0.06255077173030058
0.7142857142857143 0.06295694557270512
0.7155963302752294 0.06336311941510966
0.7168949771689498 0.06376929325751422
0.7136363636363636 0.06376929325751422
0.7104072398190046 0.06376929325751422
0.7117117117117117 0.06417546709991877
0.7085201793721974 0.06417546709991877
0.7098214285714286 0.06458164094232331
0.7066666666666667 0.06458164094232331
0.7079646017699115 0.06498781478472786
0.7048458149779736 0.06498781478472786
0.7017543859649122 0.06498781478472786
0.6986899563318777 0.06498781478472786
0.7 0.06539398862713242
0.7012987012987013 0.06580016246953696
0.6982758620689655 0.06580016246953696
0.6995708154506438 0.0662063363119415
0.7008547008547008 0.06661251015434606
0.7021276595744681 0.06701868399675061
0.7033898305084746 0.06742485783915515
0.70042194092827 0.06742485783915515
0.6974789915966386 0.06742485783915515
0.694560669456067 0.06742485783915515
0.6916666666666667 0.06742485783915515
0.6887966804979253 0.06742485783915515
0.6859504132231405 0.06742485783915515
0.6831275720164609 0.06742485783915515
0.680327868852459 0.06742485783915515
0.6775510204081633 0.06742485783915515
0.6747967479674797 0.06742485783915515
0.6720647773279352 0.06742485783915515
0.6693548387096774 0.06742485783915515
0.6666666666666666 0.06742485783915515
0.664 0.06742485783915515
0.6613545816733067 0.06742485783915515
0.6626984126984127 0.06783103168155971
0.6640316205533597 0.06823720552396426
0.6614173228346457 0.06823720552396426
0.6588235294117647 0.06823720552396426
0.65625 0.06823720552396426
0.6575875486381323 0.0686433793663688
0.6589147286821705 0.06904955320877336
0.6563706563706564 0.06904955320877336
0.6538461538461539 0.06904955320877336
0.6513409961685823 0.06904955320877336
0.648854961832061 0.06904955320877336
0.6463878326996197 0.06904955320877336
0.6439393939393939 0.06904955320877336
0.6415094339622641 0.06904955320877336
0.6390977443609023 0.06904955320877336
0.6367041198501873 0.06904955320877336
0.6343283582089553 0.06904955320877336
0.6319702602230484 0.06904955320877336
0.6296296296296297 0.06904955320877336
0.6273062730627307 0.06904955320877336
0.625 0.06904955320877336
0.6227106227106227 0.06904955320877336
0.6204379562043796 0.06904955320877336
0.6181818181818182 0.06904955320877336
0.6159420289855072 0.06904955320877336
0.6137184115523465 0.06904955320877336
0.6115107913669064 0.06904955320877336
0.6093189964157706 0.06904955320877336
0.6071428571428571 0.06904955320877336
0.604982206405694 0.06904955320877336
0.6063829787234043 0.0694557270511779
0.6042402826855123 0.0694557270511779
0.602112676056338 0.0694557270511779
0.6 0.0694557270511779
0.5979020979020979 0.0694557270511779
0.5958188153310104 0.0694557270511779
0.59375 0.0694557270511779
0.5916955017301038 0.0694557270511779
0.5896551724137931 0.0694557270511779
0.5876288659793815 0.0694557270511779
0.5856164383561644 0.0694557270511779
0.5836177474402731 0.0694557270511779
0.5816326530612245 0.0694557270511779
0.5796610169491525 0.0694557270511779
0.5777027027027027 0.0694557270511779
0.5757575757575758 0.0694557270511779
0.5738255033557047 0.0694557270511779
0.5719063545150501 0.0694557270511779
0.57 0.0694557270511779
0.5681063122923588 0.0694557270511779
0.5662251655629139 0.0694557270511779
0.5643564356435643 0.0694557270511779
0.5625 0.0694557270511779
0.5606557377049181 0.0694557270511779
0.5588235294117647 0.0694557270511779
0.5570032573289903 0.0694557270511779
0.5584415584415584 0.06986190089358245
0.5566343042071198 0.06986190089358245
0.5580645161290323 0.07026807473598701
0.5594855305466238 0.07067424857839155
0.5576923076923077 0.07067424857839155
0.5559105431309904 0.07067424857839155
0.554140127388535 0.07067424857839155
0.5523809523809524 0.07067424857839155
0.5506329113924051 0.07067424857839155
0.5520504731861199 0.0710804224207961
0.5534591194968553 0.07148659626320066
0.554858934169279 0.0718927701056052
0.55625 0.07229894394800974
0.557632398753894 0.0727051177904143
0.5590062111801242 0.07311129163281885
0.5603715170278638 0.07351746547522339
0.558641975308642 0.07351746547522339
0.56 0.07392363931762795
0.558282208588957 0.07392363931762795
0.5565749235474006 0.07392363931762795
0.5579268292682927 0.0743298131600325
0.5562310030395137 0.0743298131600325
0.5575757575757576 0.07473598700243704
0.5589123867069486 0.0751421608448416
0.5602409638554217 0.07554833468724614
0.5615615615615616 0.07595450852965069
0.562874251497006 0.07636068237205523
0.564179104477612 0.07676685621445979
0.5654761904761905 0.07717303005686434
0.5667655786350149 0.07757920389926888
0.5680473372781065 0.07798537774167344
0.5693215339233039 0.07839155158407798
0.5676470588235294 0.07839155158407798
0.5659824046920822 0.07839155158407798
0.564327485380117 0.07839155158407798
0.5626822157434402 0.07839155158407798
0.563953488372093 0.07879772542648253
0.5652173913043478 0.07920389926888709
0.5635838150289018 0.07920389926888709
0.5619596541786743 0.07920389926888709
0.5632183908045977 0.07961007311129163
0.5644699140401146 0.08001624695369618
0.5657142857142857 0.08042242079610074
0.5669515669515669 0.08082859463850528
0.5681818181818182 0.08123476848090982
0.5694050991501416 0.08164094232331438
0.5706214689265536 0.08204711616571893
0.5690140845070423 0.08204711616571893
0.5702247191011236 0.08245329000812347
0.5714285714285714 0.08285946385052803
0.5726256983240223 0.08326563769293258
0.5738161559888579 0.08367181153533712
0.575 0.08407798537774168
0.5734072022160664 0.08407798537774168
0.5718232044198895 0.08407798537774168
0.5702479338842975 0.08407798537774168
0.5686813186813187 0.08407798537774168
0.5698630136986301 0.08448415922014622
0.5710382513661202 0.08489033306255077
0.5722070844686649 0.08529650690495533
0.5706521739130435 0.08529650690495533
0.5718157181571816 0.08570268074735987
0.5702702702702702 0.08570268074735987
0.568733153638814 0.08570268074735987
0.5698924731182796 0.08610885458976442
0.5683646112600537 0.08610885458976442
0.56951871657754 0.08651502843216897
0.5706666666666667 0.08692120227457352
0.5718085106382979 0.08732737611697806
0.5729442970822282 0.08773354995938261
0.5740740740740741 0.08813972380178717
0.575197889182058 0.08854589764419171
0.5763157894736842 0.08895207148659626
0.5774278215223098 0.08935824532900082
0.5759162303664922 0.08935824532900082
0.5744125326370757 0.08935824532900082
0.5755208333333334 0.08976441917140536
0.5766233766233766 0.0901705930138099
0.5751295336787565 0.0901705930138099
0.5736434108527132 0.0901705930138099
0.5721649484536082 0.0901705930138099
0.570694087403599 0.0901705930138099
0.5692307692307692 0.0901705930138099
0.5677749360613811 0.0901705930138099
0.5663265306122449 0.0901705930138099
0.5648854961832062 0.0901705930138099
0.5634517766497462 0.0901705930138099
0.5620253164556962 0.0901705930138099
0.5606060606060606 0.0901705930138099
0.5591939546599496 0.0901705930138099
0.5577889447236181 0.0901705930138099
0.556390977443609 0.0901705930138099
0.555 0.0901705930138099
0.5536159600997507 0.0901705930138099
0.5522388059701493 0.0901705930138099
0.5508684863523573 0.0901705930138099
0.5495049504950495 0.0901705930138099
0.5481481481481482 0.0901705930138099
0.5467980295566502 0.0901705930138099
0.5454545454545454 0.0901705930138099
0.5441176470588235 0.0901705930138099
0.5427872860635696 0.0901705930138099
0.5414634146341464 0.0901705930138099
0.5401459854014599 0.0901705930138099
0.5388349514563107 0.0901705930138099
0.5375302663438256 0.0901705930138099
0.5362318840579711 0.0901705930138099
0.5349397590361445 0.0901705930138099
0.5336538461538461 0.0901705930138099
0.5323741007194245 0.0901705930138099
0.5311004784688995 0.0901705930138099
0.5298329355608592 0.0901705930138099
0.5285714285714286 0.0901705930138099
0.5273159144893111 0.0901705930138099
0.5260663507109005 0.0901705930138099
0.524822695035461 0.0901705930138099
0.5235849056603774 0.0901705930138099
0.5223529411764706 0.0901705930138099
0.5211267605633803 0.0901705930138099
0.5199063231850117 0.0901705930138099
0.5186915887850467 0.0901705930138099
0.5174825174825175 0.0901705930138099
0.5162790697674419 0.0901705930138099
0.5150812064965197 0.0901705930138099
