0.0 0.0
0.0 0.0
0.3333333333333333 0.00040617384240454913
0.25 0.00040617384240454913
0.2 0.00040617384240454913
0.16666666666666666 0.00040617384240454913
0.14285714285714285 0.00040617384240454913
0.125 0.00040617384240454913
0.1111111111111111 0.00040617384240454913
0.1 0.00040617384240454913
0.09090909090909091 0.00040617384240454913
0.16666666666666666 0.0008123476848090983
0.23076923076923078 0.0012185215272136475
0.2857142857142857 0.0016246953696181965
0.3333333333333333 0.0020308692120227455
0.3125 0.0020308692120227455
0.35294117647058826 0.002437043054427295
0.3888888888888889 0.002843216896831844
0.42105263157894735 0.003249390739236393
0.45 0.0036555645816409425
0.47619047619047616 0.004061738424045491
0.5 0.004467912266450041
0.5217391304347826 0.00487408610885459
0.5416666666666666 0.005280259951259139
0.56 0.005686433793663688
0.5769230769230769 0.006092607636068237
0.5925925925925926 0.006498781478472786
0.6071428571428571 0.006904955320877335
0.5862068965517241 0.006904955320877335
0.5666666666666667 0.006904955320877335
0.5483870967741935 0.006904955320877335
0.5625 0.007311129163281885
0.5757575757575758 0.007717303005686434
0.5882352941176471 0.008123476848090982
0.6 0.008529650690495532
0.5833333333333334 0.008529650690495532
0.5675675675675675 0.008529650690495532
0.5526315789473685 0.008529650690495532
0.5384615384615384 0.008529650690495532
0.55 0.008935824532900082
0.5609756097560976 0.00934199837530463
0.5714285714285714 0.00974817221770918
0.5581395348837209 0.00974817221770918
0.5681818181818182 0.010154346060113728
0.5777777777777777 0.010560519902518278
0.5869565217391305 0.010966693744922826
0.5957446808510638 0.011372867587327376
0.6041666666666666 0.011779041429731926
0.5918367346938775 0.011779041429731926
0.58 0.011779041429731926
0.5686274509803921 0.011779041429731926
0.5576923076923077 0.011779041429731926
0.5471698113207547 0.011779041429731926
0.5370370370370371 0.011779041429731926
0.5272727272727272 0.011779041429731926
0.5178571428571429 0.011779041429731926
0.5087719298245614 0.011779041429731926
0.5 0.011779041429731926
0.4915254237288136 0.011779041429731926
0.5 0.012185215272136474
0.5081967213114754 0.012591389114541024
0.5161290322580645 0.012997562956945572
0.5238095238095238 0.013403736799350122
0.53125 0.01380991064175467
0.5384615384615384 0.01421608448415922
0.5454545454545454 0.01462225832656377
0.5522388059701493 0.015028432168968318
0.5441176470588235 0.015028432168968318
0.5362318840579711 0.015028432168968318
0.5428571428571428 0.015434606011372868
0.5492957746478874 0.015840779853777416
0.5555555555555556 0.016246953696181964
0.5616438356164384 0.016653127538586516
0.5540540540540541 0.016653127538586516
0.5466666666666666 0.016653127538586516
0.5526315789473685 0.017059301380991064
0.5584415584415584 0.017465475223395612
0.5641025641025641 0.017871649065800164
0.569620253164557 0.018277822908204712
0.575 0.01868399675060926
0.5802469135802469 0.019090170593013808
0.573170731707317 0.019090170593013808
0.5662650602409639 0.019090170593013808
0.5595238095238095 0.019090170593013808
0.5529411764705883 0.019090170593013808
0.5465116279069767 0.019090170593013808
0.5402298850574713 0.019090170593013808
0.5340909090909091 0.019090170593013808
0.5393258426966292 0.01949634443541836
0.5444444444444444 0.019902518277822908
0.5494505494505495 0.020308692120227456
0.5543478260869565 0.020714865962632008
0.5483870967741935 0.020714865962632008
0.5531914893617021 0.021121039805036556
0.5578947368421052 0.021527213647441104
0.5625 0.021933387489845652
0.5567010309278351 0.021933387489845652
0.5612244897959183 0.022339561332250204
0.5555555555555556 0.022339561332250204
0.55 0.022339561332250204
0.5445544554455446 0.022339561332250204
0.5392156862745098 0.022339561332250204
0.5339805825242718 0.022339561332250204
0.5288461538461539 0.022339561332250204
0.5238095238095238 0.022339561332250204
0.5188679245283019 0.022339561332250204
0.5233644859813084 0.022745735174654752
0.5277777777777778 0.0231519090170593
0.5321100917431193 0.023558082859463852
0.5363636363636364 0.0239642567018684
0.5315315315315315 0.0239642567018684
0.5267857142857143 0.0239642567018684
0.5221238938053098 0.0239642567018684
0.5263157894736842 0.024370430544272948
0.5304347826086957 0.024776604386677496
0.5344827586206896 0.025182778229082048
0.5384615384615384 0.025588952071486596
0.5338983050847458 0.025588952071486596
0.5294117647058824 0.025588952071486596
0.525 0.025588952071486596
0.5289256198347108 0.025995125913891144
0.5327868852459017 0.026401299756295696
0.5284552845528455 0.026401299756295696
0.532258064516129 0.026807473598700244
0.528 0.026807473598700244
0.5317460317460317 0.027213647441104792
0.5354330708661418 0.02761982128350934
0.5390625 0.028025995125913892
0.5426356589147286 0.02843216896831844
0.5461538461538461 0.028838342810722988
0.549618320610687 0.02924451665312754
0.553030303030303 0.029650690495532088
0.5488721804511278 0.029650690495532088
0.5522388059701493 0.030056864337936636
0.5555555555555556 0.030463038180341188
0.5588235294117647 0.030869212022745736
0.5620437956204379 0.03127538586515029
0.5579710144927537 0.03127538586515029
0.5539568345323741 0.03127538586515029
0.55 0.03127538586515029
0.5531914893617021 0.03168155970755483
0.5563380281690141 0.032087733549959384
0.5594405594405595 0.03249390739236393
0.5625 0.03290008123476848
0.5655172413793104 0.03330625507717303
0.5684931506849316 0.033712428919577576
0.5714285714285714 0.03411860276198213
0.5743243243243243 0.03452477660438668
0.5771812080536913 0.034930950446791224
0.5733333333333334 0.034930950446791224
0.5761589403973509 0.035337124289195776
0.5789473684210527 0.03574329813160033
0.5751633986928104 0.03574329813160033
0.577922077922078 0.03614947197400487
0.5806451612903226 0.036555645816409424
0.5833333333333334 0.036961819658813976
0.5859872611464968 0.03736799350121852
0.5886075949367089 0.03777416734362307
0.5911949685534591 0.038180341186027617
0.59375 0.03858651502843217
0.5962732919254659 0.03899268887083672
0.5987654320987654 0.039398862713241264
0.6012269938650306 0.039805036555645816
0.6036585365853658 0.04021121039805037
0.6 0.04021121039805037
0.5963855421686747 0.04021121039805037
0.592814371257485 0.04021121039805037
0.5952380952380952 0.04061738424045491
0.5976331360946746 0.041023558082859464
0.6 0.041429731925264016
0.6023391812865497 0.04183590576766856
0.6046511627906976 0.04224207961007311
0.6069364161849711 0.042648253452477664
0.6091954022988506 0.04305442729488221
0.6057142857142858 0.04305442729488221
0.6079545454545454 0.04346060113728676
0.6045197740112994 0.04346060113728676
0.6067415730337079 0.043866774979691305
0.6089385474860335 0.044272948822095856
0.6055555555555555 0.044272948822095856
0.6022099447513812 0.044272948822095856
0.5989010989010989 0.044272948822095856
0.6010928961748634 0.04467912266450041
0.6032608695652174 0.04508529650690495
0.6054054054054054 0.045491470349309504
0.6075268817204301 0.045897644191714056
0.6096256684491979 0.0463038180341186
0.6063829787234043 0.0463038180341186
0.6031746031746031 0.0463038180341186
0.6 0.0463038180341186
0.5968586387434555 0.0463038180341186
0.59375 0.0463038180341186
0.5906735751295337 0.0463038180341186
0.5876288659793815 0.0463038180341186
0.5846153846153846 0.0463038180341186
0.5816326530612245 0.0463038180341186
0.5786802030456852 0.0463038180341186
0.5808080808080808 0.04670999187652315
0.5829145728643216 0.047116165718927704
0.585 0.04752233956133225
0.582089552238806 0.04752233956133225
0.5792079207920792 0.04752233956133225
0.5812807881773399 0.0479285134037368
0.5833333333333334 0.04833468724614135
0.5804878048780487 0.04833468724614135
0.5776699029126213 0.04833468724614135
0.5748792270531401 0.04833468724614135
0.5769230769230769 0.048740861088545896
0.5789473684210527 0.04914703493095045
0.5761904761904761 0.04914703493095045
0.5734597156398105 0.04914703493095045
0.5707547169811321 0.04914703493095045
0.5727699530516432 0.04955320877335499
0.5700934579439252 0.04955320877335499
0.5674418604651162 0.04955320877335499
0.5648148148148148 0.04955320877335499
0.5622119815668203 0.04955320877335499
0.5596330275229358 0.04955320877335499
0.5616438356164384 0.049959382615759544
0.5590909090909091 0.049959382615759544
0.5610859728506787 0.050365556458164096
0.5630630630630631 0.05077173030056864
0.5605381165919282 0.05077173030056864
0.5580357142857143 0.05077173030056864
0.56 0.05117790414297319
0.5575221238938053 0.05117790414297319
0.5594713656387665 0.051584077985377744
0.5614035087719298 0.05199025182778229
0.5589519650655022 0.05199025182778229
0.5608695652173913 0.05239642567018684
0.5627705627705628 0.05280259951259139
0.5646551724137931 0.053208773354995936
0.5665236051502146 0.05361494719740049
0.5641025641025641 0.05361494719740049
0.5617021276595745 0.05361494719740049
0.559322033898305 0.05361494719740049
0.5569620253164557 0.05361494719740049
0.5546218487394958 0.05361494719740049
0.5523012552301255 0.05361494719740049
0.55 0.05361494719740049
0.5477178423236515 0.05361494719740049
0.5495867768595041 0.05402112103980504
0.5473251028806584 0.05402112103980504
0.5450819672131147 0.05402112103980504
0.5428571428571428 0.05402112103980504
0.540650406504065 0.05402112103980504
0.5384615384615384 0.05402112103980504
0.5403225806451613 0.054427294882209584
0.5421686746987951 0.054833468724614136
0.54 0.054833468724614136
0.5378486055776892 0.054833468724614136
0.5357142857142857 0.054833468724614136
0.5335968379446641 0.054833468724614136
0.531496062992126 0.054833468724614136
0.5333333333333333 0.05523964256701868
0.53515625 0.05564581640942323
0.5330739299610895 0.05564581640942323
0.5348837209302325 0.056051990251827784
0.5366795366795367 0.05645816409423233
0.5346153846153846 0.05645816409423233
0.5325670498084292 0.05645816409423233
0.5305343511450382 0.05645816409423233
0.5285171102661597 0.05645816409423233
0.5265151515151515 0.05645816409423233
0.5245283018867924 0.05645816409423233
0.5225563909774437 0.05645816409423233
0.5205992509363296 0.05645816409423233
0.5223880597014925 0.05686433793663688
0.5241635687732342 0.05727051177904143
0.5222222222222223 0.05727051177904143
0.5202952029520295 0.05727051177904143
0.5183823529411765 0.05727051177904143
0.5164835164835165 0.05727051177904143
0.5145985401459854 0.05727051177904143
0.5127272727272727 0.05727051177904143
0.5108695652173914 0.05727051177904143
0.5090252707581228 0.05727051177904143
0.5071942446043165 0.05727051177904143
0.5053763440860215 0.05727051177904143
0.5071428571428571 0.057676685621445976
0.5088967971530249 0.05808285946385053
0.5070921985815603 0.05808285946385053
0.5053003533568905 0.05808285946385053
0.5035211267605634 0.05808285946385053
0.5017543859649123 0.05808285946385053
0.5 0.05808285946385053
0.49825783972125437 0.05808285946385053
0.4965277777777778 0.05808285946385053
0.49480968858131485 0.05808285946385053
0.49310344827586206 0.05808285946385053
0.4948453608247423 0.05848903330625508
0.4931506849315068 0.05848903330625508
0.49146757679180886 0.05848903330625508
0.4931972789115646 0.058895207148659624
0.4915254237288136 0.058895207148659624
0.48986486486486486 0.058895207148659624
0.4882154882154882 0.058895207148659624
0.4865771812080537 0.058895207148659624
0.48494983277591974 0.058895207148659624
0.48333333333333334 0.058895207148659624
0.48172757475083056 0.058895207148659624
0.48013245033112584 0.058895207148659624
0.48184818481848185 0.059301380991064176
0.48355263157894735 0.05970755483346873
0.4819672131147541 0.05970755483346873
0.4803921568627451 0.05970755483346873
0.4788273615635179 0.05970755483346873
0.4805194805194805 0.06011372867587327
0.47896440129449835 0.06011372867587327
0.4806451612903226 0.060519902518277824
0.4790996784565916 0.060519902518277824
0.4775641025641026 0.060519902518277824
0.476038338658147 0.060519902518277824
0.4745222929936306 0.060519902518277824
0.473015873015873 0.060519902518277824
0.47151898734177217 0.060519902518277824
0.47003154574132494 0.060519902518277824
0.46855345911949686 0.060519902518277824
0.4702194357366771 0.060926076360682375
0.46875 0.060926076360682375
0.4672897196261682 0.060926076360682375
0.4658385093167702 0.060926076360682375
0.46439628482972134 0.060926076360682375
0.46296296296296297 0.060926076360682375
0.46153846153846156 0.060926076360682375
0.4601226993865031 0.060926076360682375
0.45871559633027525 0.060926076360682375
0.4573170731707317 0.060926076360682375
0.45592705167173253 0.060926076360682375
0.45454545454545453 0.060926076360682375
0.45317220543806647 0.060926076360682375
0.45180722891566266 0.060926076360682375
0.45345345345345345 0.06133225020308692
0.45209580838323354 0.06133225020308692
0.4507462686567164 0.06133225020308692
0.4494047619047619 0.06133225020308692
0.44807121661721067 0.06133225020308692
0.4467455621301775 0.06133225020308692
0.44542772861356933 0.06133225020308692
0.4470588235294118 0.06173842404549147
0.44574780058651026 0.06173842404549147
0.4473684210526316 0.062144597887896016
0.4489795918367347 0.06255077173030058
0.45058139534883723 0.06295694557270512
0.4492753623188406 0.06295694557270512
0.4479768786127168 0.06295694557270512
0.4495677233429395 0.06336311941510966
0.4482758620689655 0.06336311941510966
0.4469914040114613 0.06336311941510966
0.44857142857142857 0.06376929325751422
0.4472934472934473 0.06376929325751422
0.4460227272727273 0.06376929325751422
0.4447592067988669 0.06376929325751422
0.4435028248587571 0.06376929325751422
0.4422535211267606 0.06376929325751422
0.4410112359550562 0.06376929325751422
0.43977591036414565 0.06376929325751422
0.43854748603351956 0.06376929325751422
0.4373259052924791 0.06376929325751422
0.4388888888888889 0.06417546709991877
0.4376731301939058 0.06417546709991877
0.43646408839779005 0.06417546709991877
0.43526170798898073 0.06417546709991877
0.4340659340659341 0.06417546709991877
0.43561643835616437 0.06458164094232331
0.4344262295081967 0.06458164094232331
0.4359673024523161 0.06498781478472786
0.43478260869565216 0.06498781478472786
0.43360433604336046 0.06498781478472786
0.43243243243243246 0.06498781478472786
0.431266846361186 0.06498781478472786
0.43010752688172044 0.06498781478472786
0.4289544235924933 0.06498781478472786
0.42780748663101603 0.06498781478472786
0.4266666666666667 0.06498781478472786
0.425531914893617 0.06498781478472786
0.4270557029177719 0.06539398862713242
0.42592592592592593 0.06539398862713242
0.42744063324538256 0.06580016246953696
0.4263157894736842 0.06580016246953696
0.4251968503937008 0.06580016246953696
0.42408376963350786 0.06580016246953696
0.42297650130548303 0.06580016246953696
0.4244791666666667 0.0662063363119415
0.42337662337662335 0.0662063363119415
0.422279792746114 0.0662063363119415
0.42377260981912146 0.06661251015434606
0.4252577319587629 0.06701868399675061
0.4267352185089974 0.06742485783915515
0.4256410256410256 0.06742485783915515
0.42455242966751916 0.06742485783915515
0.42346938775510207 0.06742485783915515
0.4223918575063613 0.06742485783915515
0.4213197969543147 0.06742485783915515
0.42025316455696204 0.06742485783915515
0.41919191919191917 0.06742485783915515
0.4181360201511335 0.06742485783915515
0.41708542713567837 0.06742485783915515
0.41604010025062654 0.06742485783915515
0.415 0.06742485783915515
0.4139650872817955 0.06742485783915515
0.4129353233830846 0.06742485783915515
0.4119106699751861 0.06742485783915515
0.41089108910891087 0.06742485783915515
0.40987654320987654 0.06742485783915515
0.4088669950738916 0.06742485783915515
0.40786240786240785 0.06742485783915515
0.4068627450980392 0.06742485783915515
0.4058679706601467 0.06742485783915515
0.40487804878048783 0.06742485783915515
0.40389294403892945 0.06742485783915515
0.4029126213592233 0.06742485783915515
0.4019370460048426 0.06742485783915515
0.40096618357487923 0.06742485783915515
0.4 0.06742485783915515
0.39903846153846156 0.06742485783915515
0.3980815347721823 0.06742485783915515
0.39712918660287083 0.06742485783915515
0.39618138424821003 0.06742485783915515
0.3952380952380952 0.06742485783915515
0.39429928741092635 0.06742485783915515
0.3933649289099526 0.06742485783915515
0.39243498817966904 0.06742485783915515
0.3915094339622642 0.06742485783915515
0.3905882352941176 0.06742485783915515
0.38967136150234744 0.06742485783915515
0.38875878220140514 0.06742485783915515
0.3901869158878505 0.06783103168155971
0.3916083916083916 0.06823720552396426
0.39069767441860465 0.06823720552396426
0.38979118329466356 0.06823720552396426
0.3888888888888889 0.06823720552396426
0.38799076212471134 0.06823720552396426
0.3870967741935484 0.06823720552396426
0.38620689655172413 0.06823720552396426
0.3853211009174312 0.06823720552396426
0.38443935926773454 0.06823720552396426
0.3835616438356164 0.06823720552396426
0.3826879271070615 0.06823720552396426
0.38181818181818183 0.06823720552396426
0.3832199546485261 0.0686433793663688
0.38235294117647056 0.0686433793663688
0.3837471783295711 0.06904955320877336
0.38288288288288286 0.06904955320877336
0.38202247191011235 0.06904955320877336
0.3811659192825112 0.06904955320877336
0.38031319910514544 0.06904955320877336
0.3794642857142857 0.06904955320877336
0.37861915367483295 0.06904955320877336
0.37777777777777777 0.06904955320877336
0.376940133037694 0.06904955320877336
0.37610619469026546 0.06904955320877336
0.37527593818984545 0.06904955320877336
0.3744493392070485 0.06904955320877336
0.37362637362637363 0.06904955320877336
0.37280701754385964 0.06904955320877336
0.37199124726477023 0.06904955320877336
0.37117903930131 0.06904955320877336
0.37037037037037035 0.06904955320877336
0.3695652173913043 0.06904955320877336
0.368763557483731 0.06904955320877336
0.36796536796536794 0.06904955320877336
0.367170626349892 0.06904955320877336
0.36637931034482757 0.06904955320877336
0.3655913978494624 0.06904955320877336
0.3648068669527897 0.06904955320877336
0.3640256959314775 0.06904955320877336
0.36324786324786323 0.06904955320877336
0.3624733475479744 0.06904955320877336
0.3617021276595745 0.06904955320877336
0.3609341825902335 0.06904955320877336
0.3601694915254237 0.06904955320877336
0.3594080338266385 0.06904955320877336
0.35864978902953587 0.06904955320877336
0.35789473684210527 0.06904955320877336
0.35714285714285715 0.06904955320877336
0.35639412997903563 0.06904955320877336
0.35564853556485354 0.06904955320877336
0.35490605427974947 0.06904955320877336
0.3541666666666667 0.06904955320877336
0.35343035343035345 0.06904955320877336
0.35269709543568467 0.06904955320877336
0.35196687370600416 0.06904955320877336
0.3512396694214876 0.06904955320877336
0.35051546391752575 0.06904955320877336
0.3497942386831276 0.06904955320877336
0.3490759753593429 0.06904955320877336
0.3483606557377049 0.06904955320877336
0.3476482617586912 0.06904955320877336
0.3469387755102041 0.06904955320877336
0.34623217922606925 0.06904955320877336
0.34552845528455284 0.06904955320877336
0.3448275862068966 0.06904955320877336
0.3441295546558704 0.06904955320877336
0.3434343434343434 0.06904955320877336
0.34274193548387094 0.06904955320877336
0.3420523138832998 0.06904955320877336
0.3413654618473896 0.06904955320877336
0.3406813627254509 0.06904955320877336
0.34 0.06904955320877336
0.3393213572854291 0.06904955320877336
0.3386454183266932 0.06904955320877336
0.3379721669980119 0.06904955320877336
0.3373015873015873 0.06904955320877336
0.33663366336633666 0.06904955320877336
0.3359683794466403 0.06904955320877336
0.33530571992110453 0.06904955320877336
0.3346456692913386 0.06904955320877336
0.33398821218074654 0.06904955320877336
0.3333333333333333 0.06904955320877336
0.33268101761252444 0.06904955320877336
0.333984375 0.0694557270511779
0.3333333333333333 0.0694557270511779
0.3326848249027237 0.0694557270511779
0.3320388349514563 0.0694557270511779
0.3313953488372093 0.0694557270511779
0.3307543520309478 0.0694557270511779
0.3301158301158301 0.0694557270511779
0.32947976878612717 0.0694557270511779
0.32884615384615384 0.0694557270511779
0.32821497120921306 0.0694557270511779
0.3275862068965517 0.0694557270511779
0.32695984703632885 0.0694557270511779
0.32633587786259544 0.0694557270511779
0.32571428571428573 0.0694557270511779
0.32509505703422054 0.0694557270511779
0.32447817836812143 0.0694557270511779
0.32386363636363635 0.0694557270511779
0.32325141776937616 0.0694557270511779
0.32264150943396225 0.0694557270511779
0.3220338983050847 0.0694557270511779
0.32142857142857145 0.0694557270511779
0.32082551594746717 0.0694557270511779
0.3202247191011236 0.0694557270511779
0.31962616822429907 0.0694557270511779
0.31902985074626866 0.0694557270511779
0.31843575418994413 0.0694557270511779
0.31784386617100374 0.0694557270511779
0.3172541743970315 0.0694557270511779
0.31666666666666665 0.0694557270511779
0.31608133086876156 0.0694557270511779
0.3154981549815498 0.0694557270511779
0.3149171270718232 0.0694557270511779
0.31433823529411764 0.0694557270511779
0.3137614678899083 0.0694557270511779
0.3131868131868132 0.0694557270511779
0.3126142595978062 0.0694557270511779
0.31204379562043794 0.0694557270511779
0.3114754098360656 0.0694557270511779
0.3109090909090909 0.0694557270511779
0.3103448275862069 0.0694557270511779
0.30978260869565216 0.0694557270511779
0.3092224231464738 0.0694557270511779
0.30866425992779783 0.0694557270511779
0.3081081081081081 0.0694557270511779
0.30755395683453235 0.0694557270511779
0.30700179533213645 0.0694557270511779
0.3064516129032258 0.0694557270511779
0.30590339892665475 0.0694557270511779
0.3053571428571429 0.0694557270511779
0.3048128342245989 0.0694557270511779
0.304270462633452 0.0694557270511779
0.3037300177619893 0.0694557270511779
0.30319148936170215 0.0694557270511779
0.30265486725663715 0.0694557270511779
0.30212014134275617 0.0694557270511779
0.30158730158730157 0.0694557270511779
0.301056338028169 0.0694557270511779
0.30052724077328646 0.0694557270511779
0.3 0.0694557270511779
0.29947460595446584 0.0694557270511779
0.29895104895104896 0.0694557270511779
0.29842931937172773 0.0694557270511779
0.2979094076655052 0.0694557270511779
0.29739130434782607 0.0694557270511779
0.296875 0.0694557270511779
0.29636048526863085 0.0694557270511779
0.2958477508650519 0.0694557270511779
0.29533678756476683 0.0694557270511779
0.29482758620689653 0.0694557270511779
0.29604130808950085 0.06986190089358245
0.29553264604810997 0.06986190089358245
0.2950257289879931 0.06986190089358245
0.2962328767123288 0.07026807473598701
0.29572649572649573 0.07026807473598701
0.29692832764505117 0.07067424857839155
0.29642248722316866 0.07067424857839155
0.29591836734693877 0.07067424857839155
0.29541595925297115 0.07067424857839155
0.29491525423728815 0.07067424857839155
0.29441624365482233 0.07067424857839155
0.2939189189189189 0.07067424857839155
0.2934232715008432 0.07067424857839155
0.29292929292929293 0.07067424857839155
0.292436974789916 0.07067424857839155
0.29194630872483224 0.07067424857839155
0.2914572864321608 0.07067424857839155
0.2909698996655518 0.07067424857839155
0.2904841402337229 0.07067424857839155
0.29 0.07067424857839155
0.2895174708818636 0.07067424857839155
0.28903654485049834 0.07067424857839155
0.2902155887230514 0.0710804224207961
0.2913907284768212 0.07148659626320066
0.29256198347107437 0.0718927701056052
0.29372937293729373 0.07229894394800974
0.29489291598023065 0.0727051177904143
0.29605263157894735 0.07311129163281885
0.29720853858784896 0.07351746547522339
0.2967213114754098 0.07351746547522339
0.2978723404255319 0.07392363931762795
0.2973856209150327 0.07392363931762795
0.2969004893964111 0.07392363931762795
0.2964169381107492 0.07392363931762795
0.2975609756097561 0.0743298131600325
0.29707792207792205 0.0743298131600325
0.2965964343598055 0.0743298131600325
0.2977346278317152 0.07473598700243704
0.2988691437802908 0.0751421608448416
0.29838709677419356 0.0751421608448416
0.29790660225442833 0.0751421608448416
0.2990353697749196 0.07554833468724614
0.3001605136436597 0.07595450852965069
0.30128205128205127 0.07636068237205523
0.3024 0.07676685621445979
0.3035143769968051 0.07717303005686434
0.30303030303030304 0.07717303005686434
0.30254777070063693 0.07717303005686434
0.3036565977742448 0.07757920389926888
0.3047619047619048 0.07798537774167344
0.3058637083993661 0.07839155158407798
0.30537974683544306 0.07839155158407798
0.3048973143759874 0.07839155158407798
0.30441640378548895 0.07839155158407798
0.30393700787401573 0.07839155158407798
0.30345911949685533 0.07839155158407798
0.3029827315541601 0.07839155158407798
0.30250783699059564 0.07839155158407798
0.30203442879499215 0.07839155158407798
0.3015625 0.07839155158407798
0.30109204368174725 0.07839155158407798
0.30062305295950154 0.07839155158407798
0.3001555209953344 0.07839155158407798
0.2996894409937888 0.07839155158407798
0.30077519379844964 0.07879772542648253
0.30030959752321984 0.07879772542648253
0.30139103554868624 0.07920389926888709
0.30092592592592593 0.07920389926888709
0.300462249614792 0.07920389926888709
0.3 0.07920389926888709
0.2995391705069124 0.07920389926888709
0.299079754601227 0.07920389926888709
0.3001531393568147 0.07961007311129163
0.3012232415902141 0.08001624695369618
0.30229007633587784 0.08042242079610074
0.30335365853658536 0.08082859463850528
0.30441400304414 0.08123476848090982
0.30547112462006076 0.08164094232331438
0.30652503793626706 0.08204711616571893
0.30606060606060603 0.08204711616571893
0.30559757942511345 0.08204711616571893
0.3066465256797583 0.08245329000812347
0.30618401206636503 0.08245329000812347
0.3072289156626506 0.08285946385052803
0.3082706766917293 0.08326563769293258
0.30930930930930933 0.08367181153533712
0.3103448275862069 0.08407798537774168
0.30988023952095806 0.08407798537774168
0.3094170403587444 0.08407798537774168
0.30895522388059704 0.08407798537774168
0.30849478390462 0.08407798537774168
0.3080357142857143 0.08407798537774168
0.3075780089153046 0.08407798537774168
0.30712166172106825 0.08407798537774168
0.30666666666666664 0.08407798537774168
0.3062130177514793 0.08407798537774168
0.30576070901033975 0.08407798537774168
0.3053097345132743 0.08407798537774168
0.30486008836524303 0.08407798537774168
0.3044117647058823 0.08407798537774168
0.3039647577092511 0.08407798537774168
0.3035190615835777 0.08407798537774168
0.30307467057101023 0.08407798537774168
0.3026315789473684 0.08407798537774168
0.3021897810218978 0.08407798537774168
0.3032069970845481 0.08448415922014622
0.3027656477438137 0.08448415922014622
0.3023255813953488 0.08448415922014622
0.3018867924528302 0.08448415922014622
0.30289855072463767 0.08489033306255077
0.30390738060781475 0.08529650690495533
0.30346820809248554 0.08529650690495533
0.30303030303030304 0.08529650690495533
0.30403458213256485 0.08570268074735987
0.3035971223021583 0.08570268074735987
0.3031609195402299 0.08570268074735987
0.30272596843615496 0.08570268074735987
0.3037249283667622 0.08610885458976442
0.3032904148783977 0.08610885458976442
0.30428571428571427 0.08651502843216897
0.30385164051355207 0.08651502843216897
0.3034188034188034 0.08651502843216897
0.30440967283072545 0.08692120227457352
0.3053977272727273 0.08732737611697806
0.30638297872340425 0.08773354995938261
0.3059490084985836 0.08773354995938261
0.3069306930693069 0.08813972380178717
0.307909604519774 0.08854589764419171
0.30888575458392104 0.08895207148659626
0.30985915492957744 0.08935824532900082
0.30942334739803096 0.08935824532900082
0.3089887640449438 0.08935824532900082
0.3085553997194951 0.08935824532900082
0.30952380952380953 0.08976441917140536
0.3104895104895105 0.0901705930138099
0.3100558659217877 0.0901705930138099
0.30962343096234307 0.0901705930138099
0.30919220055710306 0.0901705930138099
0.3087621696801113 0.0901705930138099
0.30833333333333335 0.0901705930138099
0.3079056865464632 0.0901705930138099
0.3074792243767313 0.0901705930138099
0.3070539419087137 0.0901705930138099
0.30662983425414364 0.0901705930138099
0.3062068965517241 0.0901705930138099
0.30578512396694213 0.0901705930138099
0.30536451169188444 0.0901705930138099
0.30494505494505497 0.0901705930138099
0.3045267489711934 0.0901705930138099
0.3041095890410959 0.0901705930138099
0.3036935704514364 0.0901705930138099
0.30327868852459017 0.0901705930138099
0.30286493860845837 0.0901705930138099
0.3024523160762943 0.0901705930138099
0.3020408163265306 0.0901705930138099
0.3016304347826087 0.0901705930138099
0.3012211668928087 0.0901705930138099
0.3008130081300813 0.0901705930138099
0.3004059539918809 0.0901705930138099
0.3 0.0901705930138099
0.29959514170040485 0.0901705930138099
0.2991913746630728 0.0901705930138099
0.29878869448183043 0.0901705930138099
0.29838709677419356 0.0901705930138099
0.2979865771812081 0.0901705930138099
0.2975871313672922 0.0901705930138099
0.2971887550200803 0.0901705930138099
0.2967914438502674 0.0901705930138099
0.2963951935914553 0.0901705930138099
0.296 0.0901705930138099
0.2956058588548602 0.0901705930138099
0.29521276595744683 0.0901705930138099
0.2948207171314741 0.0901705930138099
0.29442970822281167 0.0901705930138099
0.29403973509933773 0.0901705930138099
0.29365079365079366 0.0901705930138099
0.29326287978863935 0.0901705930138099
0.2928759894459103 0.0901705930138099
0.2924901185770751 0.0901705930138099
0.29210526315789476 0.0901705930138099
0.29172141918528255 0.0901705930138099
0.29133858267716534 0.0901705930138099
0.290956749672346 0.0901705930138099
0.2905759162303665 0.0901705930138099
0.2901960784313726 0.0901705930138099
0.2898172323759791 0.0901705930138099
0.2894393741851369 0.0901705930138099
0.2890625 0.0901705930138099
0.2886866059817945 0.0901705930138099
0.2883116883116883 0.0901705930138099
0.28793774319066145 0.0901705930138099
0.28756476683937826 0.0901705930138099
0.2871927554980595 0.0901705930138099
0.2868217054263566 0.0901705930138099
0.2864516129032258 0.0901705930138099
0.2860824742268041 0.0901705930138099
0.2857142857142857 0.0901705930138099
0.2853470437017995 0.0901705930138099
0.28498074454428757 0.0901705930138099
0.2846153846153846 0.0901705930138099
0.28425096030729835 0.0901705930138099
0.28388746803069054 0.0901705930138099
0.2835249042145594 0.0901705930138099
0.28316326530612246 0.0901705930138099
0.28280254777070063 0.0901705930138099
0.2824427480916031 0.0901705930138099
0.2820838627700127 0.0901705930138099
0.2817258883248731 0.0901705930138099
0.2813688212927757 0.0901705930138099
0.2810126582278481 0.0901705930138099
0.2806573957016435 0.0901705930138099
0.2803030303030303 0.0901705930138099
0.27994955863808324 0.0901705930138099
0.2795969773299748 0.0901705930138099
0.2792452830188679 0.0901705930138099
0.27889447236180903 0.0901705930138099
0.27854454203262236 0.0901705930138099
0.2781954887218045 0.0901705930138099
0.27784730913642053 0.0901705930138099
0.2775 0.0901705930138099
0.27715355805243447 0.0901705930138099
0.27680798004987534 0.0901705930138099
0.2764632627646326 0.0901705930138099
0.27611940298507465 0.0901705930138099
0.27577639751552796 0.0901705930138099
0.27543424317617865 0.0901705930138099
0.275092936802974 0.0901705930138099
0.2747524752475248 0.0901705930138099
0.27441285537700866 0.0901705930138099
0.2740740740740741 0.0901705930138099
0.27373612823674476 0.0901705930138099
0.2733990147783251 0.0901705930138099
0.2730627306273063 0.0901705930138099
0.2727272727272727 0.0901705930138099
0.2723926380368098 0.0901705930138099
0.27205882352941174 0.0901705930138099
0.2717258261933905 0.0901705930138099
0.2713936430317848 0.0901705930138099
0.27106227106227104 0.0901705930138099
0.2707317073170732 0.0901705930138099
0.27040194884287455 0.0901705930138099
0.27007299270072993 0.0901705930138099
0.26974483596597815 0.0901705930138099
0.26941747572815533 0.0901705930138099
0.2690909090909091 0.0901705930138099
0.2687651331719128 0.0901705930138099
0.26844014510278114 0.0901705930138099
0.26811594202898553 0.0901705930138099
0.2677925211097708 0.0901705930138099
0.2674698795180723 0.0901705930138099
0.26714801444043323 0.0901705930138099
0.2668269230769231 0.0901705930138099
0.2665066026410564 0.0901705930138099
0.26618705035971224 0.0901705930138099
0.26586826347305387 0.0901705930138099
0.26555023923444976 0.0901705930138099
0.26523297491039427 0.0901705930138099
0.2649164677804296 0.0901705930138099
0.26460071513706795 0.0901705930138099
0.2642857142857143 0.0901705930138099
0.26397146254458975 0.0901705930138099
0.26365795724465557 0.0901705930138099
0.26334519572953735 0.0901705930138099
0.26303317535545023 0.0901705930138099
0.26272189349112424 0.0901705930138099
0.2624113475177305 0.0901705930138099
0.26210153482880755 0.0901705930138099
0.2617924528301887 0.0901705930138099
0.26148409893992935 0.0901705930138099
0.2611764705882353 0.0901705930138099
0.2608695652173913 0.0901705930138099
0.2605633802816901 0.0901705930138099
0.26025791324736225 0.0901705930138099
0.25995316159250587 0.0901705930138099
0.2596491228070175 0.0901705930138099
0.25934579439252337 0.0901705930138099
0.2590431738623104 0.0901705930138099
0.25874125874125875 0.0901705930138099
0.25844004656577413 0.0901705930138099
0.25813953488372093 0.0901705930138099
