0.0 0.0
0.5 0.00040617384240454913
0.3333333333333333 0.00040617384240454913
0.5 0.0008123476848090983
0.6 0.0012185215272136475
0.6666666666666666 0.0016246953696181965
0.7142857142857143 0.0020308692120227455
0.625 0.0020308692120227455
0.6666666666666666 0.002437043054427295
0.7 0.002843216896831844
0.7272727272727273 0.003249390739236393
0.75 0.0036555645816409425
0.7692307692307693 0.004061738424045491
0.7857142857142857 0.004467912266450041
0.8 0.00487408610885459
0.8125 0.005280259951259139
0.7647058823529411 0.005280259951259139
0.7777777777777778 0.005686433793663688
0.7894736842105263 0.006092607636068237
0.8 0.006498781478472786
0.7619047619047619 0.006498781478472786
0.7727272727272727 0.006904955320877335
0.782608695652174 0.007311129163281885
0.7916666666666666 0.007717303005686434
0.8 0.008123476848090982
0.8076923076923077 0.008529650690495532
0.8148148148148148 0.008935824532900082
0.8214285714285714 0.00934199837530463
0.7931034482758621 0.00934199837530463
0.8 0.00974817221770918
0.7741935483870968 0.00974817221770918
0.78125 0.010154346060113728
0.7878787878787878 0.010560519902518278
0.7941176470588235 0.010966693744922826
0.8 0.011372867587327376
0.7777777777777778 0.011372867587327376
0.7837837837837838 0.011779041429731926
0.7631578947368421 0.011779041429731926
0.7692307692307693 0.012185215272136474
0.775 0.012591389114541024
0.7804878048780488 0.012997562956945572
0.7857142857142857 0.013403736799350122
0.7674418604651163 0.013403736799350122
0.75 0.013403736799350122
0.7333333333333333 0.013403736799350122
0.7391304347826086 0.01380991064175467
0.7446808510638298 0.01421608448415922
0.75 0.01462225832656377
0.7346938775510204 0.01462225832656377
0.74 0.015028432168968318
0.7254901960784313 0.015028432168968318
0.7115384615384616 0.015028432168968318
0.6981132075471698 0.015028432168968318
0.7037037037037037 0.015434606011372868
0.7090909090909091 0.015840779853777416
0.7142857142857143 0.016246953696181964
0.7192982456140351 0.016653127538586516
0.7068965517241379 0.016653127538586516
0.711864406779661 0.017059301380991064
0.7 0.017059301380991064
0.6885245901639344 0.017059301380991064
0.6774193548387096 0.017059301380991064
0.6666666666666666 0.017059301380991064
0.671875 0.017465475223395612
0.6615384615384615 0.017465475223395612
0.6666666666666666 0.017871649065800164
0.6716417910447762 0.018277822908204712
0.6764705882352942 0.01868399675060926
0.6666666666666666 0.01868399675060926
0.6571428571428571 0.01868399675060926
0.647887323943662 0.01868399675060926
0.6388888888888888 0.01868399675060926
0.6438356164383562 0.019090170593013808
0.6486486486486487 0.01949634443541836
0.6533333333333333 0.019902518277822908
0.6447368421052632 0.019902518277822908
0.6363636363636364 0.019902518277822908
0.6282051282051282 0.019902518277822908
0.620253164556962 0.019902518277822908
0.6125 0.019902518277822908
0.6049382716049383 0.019902518277822908
0.5975609756097561 0.019902518277822908
0.5903614457831325 0.019902518277822908
0.5833333333333334 0.019902518277822908
0.5764705882352941 0.019902518277822908
0.5697674418604651 0.019902518277822908
0.5632183908045977 0.019902518277822908
0.5568181818181818 0.019902518277822908
0.550561797752809 0.019902518277822908
0.5444444444444444 0.019902518277822908
0.5384615384615384 0.019902518277822908
0.5434782608695652 0.020308692120227456
0.5376344086021505 0.020308692120227456
0.5425531914893617 0.020714865962632008
0.5473684210526316 0.021121039805036556
0.5416666666666666 0.021121039805036556
0.5360824742268041 0.021121039805036556
0.5408163265306123 0.021527213647441104
0.5353535353535354 0.021527213647441104
0.53 0.021527213647441104
0.5247524752475248 0.021527213647441104
0.5196078431372549 0.021527213647441104
0.5145631067961165 0.021527213647441104
0.5096153846153846 0.021527213647441104
0.5142857142857142 0.021933387489845652
0.5094339622641509 0.021933387489845652
0.5046728971962616 0.021933387489845652
0.5092592592592593 0.022339561332250204
0.5137614678899083 0.022745735174654752
0.5181818181818182 0.0231519090170593
0.5225225225225225 0.023558082859463852
0.5267857142857143 0.0239642567018684
0.5221238938053098 0.0239642567018684
0.5175438596491229 0.0239642567018684
0.5217391304347826 0.024370430544272948
0.5258620689655172 0.024776604386677496
0.5299145299145299 0.025182778229082048
0.5338983050847458 0.025588952071486596
0.5294117647058824 0.025588952071486596
0.525 0.025588952071486596
0.5206611570247934 0.025588952071486596
0.5163934426229508 0.025588952071486596
0.5121951219512195 0.025588952071486596
0.5080645161290323 0.025588952071486596
0.504 0.025588952071486596
0.5 0.025588952071486596
0.49606299212598426 0.025588952071486596
0.5 0.025995125913891144
0.5038759689922481 0.026401299756295696
0.5076923076923077 0.026807473598700244
0.5114503816793893 0.027213647441104792
0.5151515151515151 0.02761982128350934
0.518796992481203 0.028025995125913892
0.5223880597014925 0.02843216896831844
0.5259259259259259 0.028838342810722988
0.5220588235294118 0.028838342810722988
0.5182481751824818 0.028838342810722988
0.5144927536231884 0.028838342810722988
0.5107913669064749 0.028838342810722988
0.5071428571428571 0.028838342810722988
0.5035460992907801 0.028838342810722988
0.5 0.028838342810722988
0.4965034965034965 0.028838342810722988
0.4930555555555556 0.028838342810722988
0.496551724137931 0.02924451665312754
0.5 0.029650690495532088
0.5034013605442177 0.030056864337936636
0.5067567567567568 0.030463038180341188
0.5033557046979866 0.030463038180341188
0.5066666666666667 0.030869212022745736
0.5099337748344371 0.03127538586515029
0.5131578947368421 0.03168155970755483
0.5163398692810458 0.032087733549959384
0.512987012987013 0.032087733549959384
0.5096774193548387 0.032087733549959384
0.5064102564102564 0.032087733549959384
0.5031847133757962 0.032087733549959384
0.5 0.032087733549959384
0.5031446540880503 0.03249390739236393
0.50625 0.03290008123476848
0.5031055900621118 0.03290008123476848
0.5061728395061729 0.03330625507717303
0.5030674846625767 0.03330625507717303
0.5 0.03330625507717303
0.49696969696969695 0.03330625507717303
0.4939759036144578 0.03330625507717303
0.49101796407185627 0.03330625507717303
0.4880952380952381 0.03330625507717303
0.4911242603550296 0.033712428919577576
0.48823529411764705 0.033712428919577576
0.4853801169590643 0.033712428919577576
0.48255813953488375 0.033712428919577576
0.4797687861271676 0.033712428919577576
0.47701149425287354 0.033712428919577576
0.48 0.03411860276198213
0.48295454545454547 0.03452477660438668
0.480225988700565 0.03452477660438668
0.47752808988764045 0.03452477660438668
0.4748603351955307 0.03452477660438668
0.4722222222222222 0.03452477660438668
0.4696132596685083 0.03452477660438668
0.4725274725274725 0.034930950446791224
0.46994535519125685 0.034930950446791224
0.4673913043478261 0.034930950446791224
0.4648648648648649 0.034930950446791224
0.46236559139784944 0.034930950446791224
0.46524064171123 0.035337124289195776
0.4627659574468085 0.035337124289195776
0.4656084656084656 0.03574329813160033
0.46842105263157896 0.03614947197400487
0.46596858638743455 0.03614947197400487
0.46875 0.036555645816409424
0.46632124352331605 0.036555645816409424
0.4639175257731959 0.036555645816409424
0.46153846153846156 0.036555645816409424
0.45918367346938777 0.036555645816409424
0.45685279187817257 0.036555645816409424
0.45454545454545453 0.036555645816409424
0.45226130653266333 0.036555645816409424
0.45 0.036555645816409424
0.44776119402985076 0.036555645816409424
0.44554455445544555 0.036555645816409424
0.4433497536945813 0.036555645816409424
0.4411764705882353 0.036555645816409424
0.43902439024390244 0.036555645816409424
0.4368932038834951 0.036555645816409424
0.43478260869565216 0.036555645816409424
0.4326923076923077 0.036555645816409424
0.430622009569378 0.036555645816409424
0.42857142857142855 0.036555645816409424
0.4265402843601896 0.036555645816409424
0.42924528301886794 0.036961819658813976
0.4272300469483568 0.036961819658813976
0.4252336448598131 0.036961819658813976
0.4232558139534884 0.036961819658813976
0.4212962962962963 0.036961819658813976
0.41935483870967744 0.036961819658813976
0.42201834862385323 0.03736799350121852
0.4200913242009132 0.03736799350121852
0.41818181818181815 0.03736799350121852
0.42081447963800905 0.03777416734362307
0.42342342342342343 0.038180341186027617
0.42152466367713004 0.038180341186027617
0.41964285714285715 0.038180341186027617
0.4177777777777778 0.038180341186027617
0.415929203539823 0.038180341186027617
0.41409691629955947 0.038180341186027617
0.41228070175438597 0.038180341186027617
0.4104803493449782 0.038180341186027617
0.40869565217391307 0.038180341186027617
0.4069264069264069 0.038180341186027617
0.4051724137931034 0.038180341186027617
0.4034334763948498 0.038180341186027617
0.4017094017094017 0.038180341186027617
0.4 0.038180341186027617
0.3983050847457627 0.038180341186027617
0.39662447257383965 0.038180341186027617
0.3949579831932773 0.038180341186027617
0.39330543933054396 0.038180341186027617
0.39166666666666666 0.038180341186027617
0.3900414937759336 0.038180341186027617
0.3884297520661157 0.038180341186027617
0.39094650205761317 0.03858651502843217
0.39344262295081966 0.03899268887083672
0.39591836734693875 0.039398862713241264
0.3943089430894309 0.039398862713241264
0.39271255060728744 0.039398862713241264
0.3951612903225806 0.039805036555645816
0.39759036144578314 0.04021121039805037
0.396 0.04021121039805037
0.3944223107569721 0.04021121039805037
0.39285714285714285 0.04021121039805037
0.3952569169960474 0.04061738424045491
0.3937007874015748 0.04061738424045491
0.39215686274509803 0.04061738424045491
0.390625 0.04061738424045491
0.38910505836575876 0.04061738424045491
0.3875968992248062 0.04061738424045491
0.38996138996138996 0.041023558082859464
0.38846153846153847 0.041023558082859464
0.38697318007662834 0.041023558082859464
0.38549618320610685 0.041023558082859464
0.38783269961977185 0.041429731925264016
0.38636363636363635 0.041429731925264016
0.3849056603773585 0.041429731925264016
0.38721804511278196 0.04183590576766856
0.3857677902621723 0.04183590576766856
0.3880597014925373 0.04224207961007311
0.3903345724907063 0.042648253452477664
0.3925925925925926 0.04305442729488221
0.3948339483394834 0.04346060113728676
0.39705882352941174 0.043866774979691305
0.3956043956043956 0.043866774979691305
0.39416058394160586 0.043866774979691305
0.3927272727272727 0.043866774979691305
0.39492753623188404 0.044272948822095856
0.3971119133574007 0.04467912266450041
0.39568345323741005 0.04467912266450041
0.3942652329749104 0.04467912266450041
0.39285714285714285 0.04467912266450041
0.3914590747330961 0.04467912266450041
0.39361702127659576 0.04508529650690495
0.392226148409894 0.04508529650690495
0.3908450704225352 0.04508529650690495
0.3894736842105263 0.04508529650690495
0.3881118881118881 0.04508529650690495
0.3867595818815331 0.04508529650690495
0.3854166666666667 0.04508529650690495
0.3875432525951557 0.045491470349309504
0.38620689655172413 0.045491470349309504
0.3848797250859107 0.045491470349309504
0.3835616438356164 0.045491470349309504
0.3822525597269625 0.045491470349309504
0.38095238095238093 0.045491470349309504
0.37966101694915255 0.045491470349309504
0.3783783783783784 0.045491470349309504
0.3771043771043771 0.045491470349309504
0.37583892617449666 0.045491470349309504
0.3745819397993311 0.045491470349309504
0.37333333333333335 0.045491470349309504
0.37209302325581395 0.045491470349309504
0.3708609271523179 0.045491470349309504
0.3696369636963696 0.045491470349309504
0.3684210526315789 0.045491470349309504
0.36721311475409835 0.045491470349309504
0.3660130718954248 0.045491470349309504
0.36482084690553745 0.045491470349309504
0.36363636363636365 0.045491470349309504
0.36245954692556637 0.045491470349309504
0.36129032258064514 0.045491470349309504
0.36012861736334406 0.045491470349309504
0.358974358974359 0.045491470349309504
0.35782747603833864 0.045491470349309504
0.35668789808917195 0.045491470349309504
0.35555555555555557 0.045491470349309504
0.35443037974683544 0.045491470349309504
0.35646687697160884 0.045897644191714056
0.3553459119496855 0.045897644191714056
0.3573667711598746 0.0463038180341186
0.35625 0.0463038180341186
0.35514018691588783 0.0463038180341186
0.35714285714285715 0.04670999187652315
0.3591331269349845 0.047116165718927704
0.35802469135802467 0.047116165718927704
0.36 0.04752233956133225
0.3619631901840491 0.0479285134037368
0.36085626911314983 0.0479285134037368
0.3597560975609756 0.0479285134037368
0.3586626139817629 0.0479285134037368
0.3575757575757576 0.0479285134037368
0.3564954682779456 0.0479285134037368
0.35542168674698793 0.0479285134037368
0.35435435435435436 0.0479285134037368
0.3532934131736527 0.0479285134037368
0.3522388059701492 0.0479285134037368
0.35119047619047616 0.0479285134037368
0.35014836795252224 0.0479285134037368
0.34911242603550297 0.0479285134037368
0.3480825958702065 0.0479285134037368
0.34705882352941175 0.0479285134037368
0.3460410557184751 0.0479285134037368
0.34502923976608185 0.0479285134037368
0.3469387755102041 0.04833468724614135
0.3488372093023256 0.048740861088545896
0.34782608695652173 0.048740861088545896
0.3468208092485549 0.048740861088545896
0.345821325648415 0.048740861088545896
0.3448275862068966 0.048740861088545896
0.3438395415472779 0.048740861088545896
0.34285714285714286 0.048740861088545896
0.3418803418803419 0.048740861088545896
0.3409090909090909 0.048740861088545896
0.34277620396600567 0.04914703493095045
0.3418079096045198 0.04914703493095045
0.3408450704225352 0.04914703493095045
0.34269662921348315 0.04955320877335499
0.3445378151260504 0.049959382615759544
0.3463687150837989 0.050365556458164096
0.34540389972144847 0.050365556458164096
0.34444444444444444 0.050365556458164096
0.3462603878116344 0.05077173030056864
0.34806629834254144 0.05117790414297319
0.34710743801652894 0.05117790414297319
0.3489010989010989 0.051584077985377744
0.34794520547945207 0.051584077985377744
0.34972677595628415 0.05199025182778229
0.35149863760217986 0.05239642567018684
0.35054347826086957 0.05239642567018684
0.34959349593495936 0.05239642567018684
0.34864864864864864 0.05239642567018684
0.3477088948787062 0.05239642567018684
0.34946236559139787 0.05280259951259139
0.3485254691689008 0.05280259951259139
0.34759358288770054 0.05280259951259139
0.3466666666666667 0.05280259951259139
0.34574468085106386 0.05280259951259139
0.3448275862068966 0.05280259951259139
0.3439153439153439 0.05280259951259139
0.34300791556728233 0.05280259951259139
0.34210526315789475 0.05280259951259139
0.34120734908136485 0.05280259951259139
0.3403141361256545 0.05280259951259139
0.3394255874673629 0.05280259951259139
0.3385416666666667 0.05280259951259139
0.33766233766233766 0.05280259951259139
0.33678756476683935 0.05280259951259139
0.3359173126614987 0.05280259951259139
0.33505154639175255 0.05280259951259139
0.3341902313624679 0.05280259951259139
0.3333333333333333 0.05280259951259139
0.33248081841432225 0.05280259951259139
0.33163265306122447 0.05280259951259139
0.33078880407124683 0.05280259951259139
0.3299492385786802 0.05280259951259139
0.3291139240506329 0.05280259951259139
0.3282828282828283 0.05280259951259139
0.327455919395466 0.05280259951259139
0.32663316582914576 0.05280259951259139
0.3258145363408521 0.05280259951259139
0.325 0.05280259951259139
0.32418952618453867 0.05280259951259139
0.32338308457711445 0.05280259951259139
0.3250620347394541 0.053208773354995936
0.32425742574257427 0.053208773354995936
0.3234567901234568 0.053208773354995936
0.3226600985221675 0.053208773354995936
0.32432432432432434 0.05361494719740049
0.3235294117647059 0.05361494719740049
0.32273838630806845 0.05361494719740049
0.32195121951219513 0.05361494719740049
0.32116788321167883 0.05361494719740049
0.32038834951456313 0.05361494719740049
0.3196125907990315 0.05361494719740049
0.3188405797101449 0.05361494719740049
0.3180722891566265 0.05361494719740049
0.3173076923076923 0.05361494719740049
0.31654676258992803 0.05361494719740049
0.3157894736842105 0.05361494719740049
0.315035799522673 0.05361494719740049
0.3142857142857143 0.05361494719740049
0.31353919239904987 0.05361494719740049
0.3127962085308057 0.05361494719740049
0.3120567375886525 0.05361494719740049
0.3136792452830189 0.05402112103980504
0.3129411764705882 0.05402112103980504
0.31220657276995306 0.05402112103980504
0.31381733021077285 0.054427294882209584
0.3130841121495327 0.054427294882209584
0.3123543123543124 0.054427294882209584
0.3116279069767442 0.054427294882209584
0.3109048723897912 0.054427294882209584
0.3101851851851852 0.054427294882209584
0.3094688221709007 0.054427294882209584
0.3087557603686636 0.054427294882209584
0.3080459770114943 0.054427294882209584
0.3073394495412844 0.054427294882209584
0.30663615560640733 0.054427294882209584
0.3059360730593607 0.054427294882209584
0.3052391799544419 0.054427294882209584
0.30454545454545456 0.054427294882209584
0.30385487528344673 0.054427294882209584
0.3031674208144796 0.054427294882209584
0.30248306997742663 0.054427294882209584
0.30180180180180183 0.054427294882209584
0.30112359550561796 0.054427294882209584
0.3004484304932735 0.054427294882209584
0.29977628635346754 0.054427294882209584
0.3013392857142857 0.054833468724614136
0.30066815144766146 0.054833468724614136
0.3 0.054833468724614136
0.29933481152993346 0.054833468724614136
0.29867256637168144 0.054833468724614136
0.2980132450331126 0.054833468724614136
0.2973568281938326 0.054833468724614136
0.2967032967032967 0.054833468724614136
0.29605263157894735 0.054833468724614136
0.29540481400437635 0.054833468724614136
0.29475982532751094 0.054833468724614136
0.29411764705882354 0.054833468724614136
0.29347826086956524 0.054833468724614136
0.2928416485900217 0.054833468724614136
0.2922077922077922 0.054833468724614136
0.2915766738660907 0.054833468724614136
0.29094827586206895 0.054833468724614136
0.2903225806451613 0.054833468724614136
0.28969957081545067 0.054833468724614136
0.2890792291220557 0.054833468724614136
0.2905982905982906 0.05523964256701868
0.2921108742004264 0.05564581640942323
0.29148936170212764 0.05564581640942323
0.2908704883227176 0.05564581640942323
0.2902542372881356 0.05564581640942323
0.28964059196617337 0.05564581640942323
0.2890295358649789 0.05564581640942323
0.28842105263157897 0.05564581640942323
0.28781512605042014 0.05564581640942323
0.28721174004192873 0.05564581640942323
0.28661087866108786 0.05564581640942323
0.2860125260960334 0.05564581640942323
0.2875 0.056051990251827784
0.2869022869022869 0.056051990251827784
0.2863070539419087 0.056051990251827784
0.28778467908902694 0.05645816409423233
0.2892561983471074 0.05686433793663688
0.28865979381443296 0.05686433793663688
0.2880658436213992 0.05686433793663688
0.2874743326488706 0.05686433793663688
0.2889344262295082 0.05727051177904143
0.2883435582822086 0.05727051177904143
0.28775510204081634 0.05727051177904143
0.2892057026476578 0.057676685621445976
0.2886178861788618 0.057676685621445976
0.2880324543610548 0.057676685621445976
0.2894736842105263 0.05808285946385053
0.2909090909090909 0.05848903330625508
0.2903225806451613 0.05848903330625508
0.289738430583501 0.05848903330625508
0.2891566265060241 0.05848903330625508
0.28857715430861725 0.05848903330625508
0.288 0.05848903330625508
0.2874251497005988 0.05848903330625508
0.2868525896414343 0.05848903330625508
0.2882703777335984 0.058895207148659624
0.2896825396825397 0.059301380991064176
0.29108910891089107 0.05970755483346873
0.29051383399209485 0.05970755483346873
0.28994082840236685 0.05970755483346873
0.29133858267716534 0.06011372867587327
0.2907662082514735 0.06011372867587327
0.29215686274509806 0.060519902518277824
0.29354207436399216 0.060926076360682375
0.294921875 0.06133225020308692
0.2962962962962963 0.06173842404549147
0.29571984435797666 0.06173842404549147
0.2970873786407767 0.062144597887896016
0.29651162790697677 0.062144597887896016
0.2978723404255319 0.06255077173030058
0.2972972972972973 0.06255077173030058
0.29865125240847784 0.06295694557270512
0.3 0.06336311941510966
0.29942418426103645 0.06336311941510966
0.3007662835249042 0.06376929325751422
0.30019120458891013 0.06376929325751422
0.29961832061068705 0.06376929325751422
0.30095238095238097 0.06417546709991877
0.30038022813688214 0.06417546709991877
0.301707779886148 0.06458164094232331
0.30303030303030304 0.06498781478472786
0.30434782608695654 0.06539398862713242
0.30566037735849055 0.06580016246953696
0.3050847457627119 0.06580016246953696
0.30451127819548873 0.06580016246953696
0.30393996247654786 0.06580016246953696
0.30337078651685395 0.06580016246953696
0.30280373831775703 0.06580016246953696
0.30223880597014924 0.06580016246953696
0.3016759776536313 0.06580016246953696
0.30111524163568776 0.06580016246953696
0.300556586270872 0.06580016246953696
0.3 0.06580016246953696
0.29944547134935307 0.06580016246953696
0.2988929889298893 0.06580016246953696
0.3001841620626151 0.0662063363119415
0.29963235294117646 0.0662063363119415
0.30091743119266057 0.06661251015434606
0.30036630036630035 0.06661251015434606
0.29981718464351004 0.06661251015434606
0.29927007299270075 0.06661251015434606
0.2987249544626594 0.06661251015434606
0.29818181818181816 0.06661251015434606
0.29764065335753176 0.06661251015434606
0.2971014492753623 0.06661251015434606
0.2965641952983725 0.06661251015434606
0.296028880866426 0.06661251015434606
0.2954954954954955 0.06661251015434606
0.2949640287769784 0.06661251015434606
0.29443447037701975 0.06661251015434606
0.2939068100358423 0.06661251015434606
0.29338103756708406 0.06661251015434606
0.29285714285714287 0.06661251015434606
0.29233511586452765 0.06661251015434606
0.2918149466192171 0.06661251015434606
0.2912966252220249 0.06661251015434606
0.2907801418439716 0.06661251015434606
0.2920353982300885 0.06701868399675061
0.2915194346289753 0.06701868399675061
0.2927689594356261 0.06742485783915515
0.29225352112676056 0.06742485783915515
0.29173989455184535 0.06742485783915515
0.2912280701754386 0.06742485783915515
0.29071803852889666 0.06742485783915515
0.2902097902097902 0.06742485783915515
0.28970331588132636 0.06742485783915515
0.289198606271777 0.06742485783915515
0.288695652173913 0.06742485783915515
0.2881944444444444 0.06742485783915515
0.2876949740034662 0.06742485783915515
0.28719723183391005 0.06742485783915515
0.2867012089810017 0.06742485783915515
0.28620689655172415 0.06742485783915515
0.2857142857142857 0.06742485783915515
0.2852233676975945 0.06742485783915515
0.2847341337907376 0.06742485783915515
0.2842465753424658 0.06742485783915515
0.28376068376068375 0.06742485783915515
0.2832764505119454 0.06742485783915515
0.282793867120954 0.06742485783915515
0.282312925170068 0.06742485783915515
0.28183361629881154 0.06742485783915515
0.28135593220338984 0.06742485783915515
0.2808798646362098 0.06742485783915515
0.28040540540540543 0.06742485783915515
0.2799325463743676 0.06742485783915515
0.27946127946127947 0.06742485783915515
0.27899159663865547 0.06742485783915515
0.2785234899328859 0.06742485783915515
0.2780569514237856 0.06742485783915515
0.27759197324414714 0.06742485783915515
0.27712854757929883 0.06742485783915515
0.27666666666666667 0.06742485783915515
0.2762063227953411 0.06742485783915515
0.27740863787375414 0.06783103168155971
0.2769485903814262 0.06783103168155971
0.2764900662251656 0.06783103168155971
0.27603305785123966 0.06783103168155971
0.2755775577557756 0.06783103168155971
0.2751235584843493 0.06783103168155971
0.2746710526315789 0.06783103168155971
0.27586206896551724 0.06823720552396426
0.2754098360655738 0.06823720552396426
0.27495908346972175 0.06823720552396426
0.27450980392156865 0.06823720552396426
0.2740619902120718 0.06823720552396426
0.2736156351791531 0.06823720552396426
0.27479674796747966 0.0686433793663688
0.275974025974026 0.06904955320877336
0.2771474878444084 0.0694557270511779
0.2783171521035599 0.06986190089358245
0.2778675282714055 0.06986190089358245
0.27903225806451615 0.07026807473598701
0.2785829307568438 0.07026807473598701
0.27813504823151125 0.07026807473598701
0.27768860353130015 0.07026807473598701
0.27724358974358976 0.07026807473598701
0.2768 0.07026807473598701
0.2763578274760383 0.07026807473598701
0.2759170653907496 0.07026807473598701
0.2754777070063694 0.07026807473598701
0.27503974562798095 0.07026807473598701
0.2746031746031746 0.07026807473598701
0.27416798732171155 0.07026807473598701
0.2737341772151899 0.07026807473598701
0.27330173775671407 0.07026807473598701
0.2744479495268139 0.07067424857839155
0.2740157480314961 0.07067424857839155
0.2751572327044025 0.0710804224207961
0.27472527472527475 0.0710804224207961
0.274294670846395 0.0710804224207961
0.27543035993740217 0.07148659626320066
0.2765625 0.0718927701056052
0.27613104524180965 0.0718927701056052
0.2757009345794392 0.0718927701056052
0.27527216174183516 0.0718927701056052
0.2748447204968944 0.0718927701056052
0.2744186046511628 0.0718927701056052
0.2739938080495356 0.0718927701056052
0.2735703245749614 0.0718927701056052
0.27314814814814814 0.0718927701056052
0.2727272727272727 0.0718927701056052
0.2723076923076923 0.0718927701056052
0.271889400921659 0.0718927701056052
0.2714723926380368 0.0718927701056052
0.27105666156202146 0.0718927701056052
0.2706422018348624 0.0718927701056052
0.27022900763358776 0.0718927701056052
0.2698170731707317 0.0718927701056052
0.2694063926940639 0.0718927701056052
0.270516717325228 0.07229894394800974
0.2701062215477997 0.07229894394800974
0.2696969696969697 0.07229894394800974
0.2708018154311649 0.0727051177904143
0.270392749244713 0.0727051177904143
0.26998491704374056 0.0727051177904143
0.26957831325301207 0.0727051177904143
0.26917293233082706 0.0727051177904143
0.26876876876876876 0.0727051177904143
0.2683658170914543 0.0727051177904143
0.2679640718562874 0.0727051177904143
0.26756352765321373 0.0727051177904143
0.2671641791044776 0.0727051177904143
0.2667660208643815 0.0727051177904143
0.2663690476190476 0.0727051177904143
0.2674591381872214 0.07311129163281885
0.26706231454005935 0.07311129163281885
0.26666666666666666 0.07311129163281885
0.26627218934911245 0.07311129163281885
0.2658788774002954 0.07311129163281885
0.2669616519174041 0.07351746547522339
0.2665684830633284 0.07351746547522339
0.2661764705882353 0.07351746547522339
0.2657856093979442 0.07351746547522339
0.2653958944281525 0.07351746547522339
0.26500732064421667 0.07351746547522339
0.2646198830409357 0.07351746547522339
0.26423357664233577 0.07351746547522339
0.26384839650145775 0.07351746547522339
0.26346433770014555 0.07351746547522339
0.26308139534883723 0.07351746547522339
0.262699564586357 0.07351746547522339
0.26231884057971017 0.07351746547522339
0.2619392185238784 0.07351746547522339
0.2615606936416185 0.07351746547522339
0.2611832611832612 0.07351746547522339
0.260806916426513 0.07351746547522339
0.260431654676259 0.07351746547522339
0.2600574712643678 0.07351746547522339
0.25968436154949787 0.07351746547522339
0.2593123209169054 0.07351746547522339
0.25894134477825465 0.07351746547522339
0.25857142857142856 0.07351746547522339
0.2582025677603424 0.07351746547522339
0.25783475783475784 0.07351746547522339
0.2574679943100996 0.07351746547522339
0.2571022727272727 0.07351746547522339
0.25673758865248225 0.07351746547522339
0.2577903682719547 0.07392363931762795
0.25742574257425743 0.07392363931762795
0.2584745762711864 0.0743298131600325
0.25952045133991536 0.07473598700243704
0.2605633802816901 0.0751421608448416
0.26019690576652604 0.0751421608448416
0.2612359550561798 0.07554833468724614
0.26227208976157085 0.07595450852965069
0.2619047619047619 0.07595450852965069
0.26153846153846155 0.07595450852965069
0.26256983240223464 0.07636068237205523
0.26220362622036264 0.07636068237205523
0.26323119777158777 0.07676685621445979
0.26286509040333794 0.07676685621445979
0.2638888888888889 0.07717303005686434
0.2635228848821082 0.07717303005686434
0.26454293628808867 0.07757920389926888
0.2641770401106501 0.07757920389926888
0.2638121546961326 0.07757920389926888
0.26482758620689656 0.07798537774167344
0.26584022038567495 0.07839155158407798
0.265474552957359 0.07839155158407798
0.2664835164835165 0.07879772542648253
0.2674897119341564 0.07920389926888709
0.2684931506849315 0.07961007311129163
0.2694938440492476 0.08001624695369618
0.27049180327868855 0.08042242079610074
0.27012278308321963 0.08042242079610074
0.26975476839237056 0.08042242079610074
0.2693877551020408 0.08042242079610074
0.26902173913043476 0.08042242079610074
0.26865671641791045 0.08042242079610074
0.2682926829268293 0.08042242079610074
0.2692828146143437 0.08082859463850528
0.2702702702702703 0.08123476848090982
0.27125506072874495 0.08164094232331438
0.27088948787061995 0.08164094232331438
0.27052489905787347 0.08164094232331438
0.2701612903225806 0.08164094232331438
0.2697986577181208 0.08164094232331438
0.26943699731903487 0.08164094232331438
0.26907630522088355 0.08164094232331438
0.26871657754010697 0.08164094232331438
0.2683578104138852 0.08164094232331438
0.268 0.08164094232331438
0.26764314247669774 0.08164094232331438
0.26728723404255317 0.08164094232331438
0.26693227091633465 0.08164094232331438
0.26657824933687 0.08164094232331438
0.2662251655629139 0.08164094232331438
0.26587301587301587 0.08164094232331438
0.2655217965653897 0.08164094232331438
0.26517150395778366 0.08164094232331438
0.2648221343873518 0.08164094232331438
0.2644736842105263 0.08164094232331438
0.26412614980289095 0.08164094232331438
0.2637795275590551 0.08164094232331438
0.2634338138925295 0.08164094232331438
0.2643979057591623 0.08204711616571893
0.26405228758169935 0.08204711616571893
0.26370757180156656 0.08204711616571893
0.2633637548891786 0.08204711616571893
0.2630208333333333 0.08204711616571893
0.2626788036410923 0.08204711616571893
0.2623376623376623 0.08204711616571893
0.2619974059662776 0.08204711616571893
0.2616580310880829 0.08204711616571893
0.2613195342820181 0.08204711616571893
0.26098191214470284 0.08204711616571893
0.26064516129032256 0.08204711616571893
0.2603092783505155 0.08204711616571893
0.25997425997426 0.08204711616571893
0.2596401028277635 0.08204711616571893
0.2593068035943517 0.08204711616571893
0.258974358974359 0.08204711616571893
0.2586427656850192 0.08204711616571893
0.25831202046035806 0.08204711616571893
0.25798212005108556 0.08204711616571893
0.2576530612244898 0.08204711616571893
0.2573248407643312 0.08204711616571893
0.25699745547073793 0.08204711616571893
0.25667090216010163 0.08204711616571893
0.2563451776649746 0.08204711616571893
0.25602027883396705 0.08204711616571893
0.25569620253164554 0.08204711616571893
0.2553729456384324 0.08204711616571893
0.255050505050505 0.08204711616571893
0.2547288776796974 0.08204711616571893
0.25440806045340053 0.08204711616571893
0.2540880503144654 0.08204711616571893
0.2537688442211055 0.08204711616571893
0.2534504391468005 0.08204711616571893
0.2531328320802005 0.08204711616571893
0.2528160200250313 0.08204711616571893
0.2525 0.08204711616571893
0.25218476903870163 0.08204711616571893
0.2518703241895262 0.08204711616571893
0.25155666251556663 0.08204711616571893
0.2512437810945274 0.08204711616571893
0.25093167701863356 0.08204711616571893
0.2506203473945409 0.08204711616571893
0.2503097893432466 0.08204711616571893
0.25 0.08204711616571893
0.24969097651421507 0.08204711616571893
0.2506172839506173 0.08245329000812347
0.25154130702836003 0.08285946385052803
0.2524630541871921 0.08326563769293258
0.25338253382533826 0.08367181153533712
0.2542997542997543 0.08407798537774168
0.2552147239263804 0.08448415922014622
0.25612745098039214 0.08489033306255077
0.25703794369645044 0.08529650690495533
0.2567237163814181 0.08529650690495533
0.2564102564102564 0.08529650690495533
0.25609756097560976 0.08529650690495533
0.2557856272838002 0.08529650690495533
0.25547445255474455 0.08529650690495533
0.2551640340218712 0.08529650690495533
0.25485436893203883 0.08529650690495533
0.2545454545454545 0.08529650690495533
0.25544794188861986 0.08570268074735987
0.25634824667472794 0.08610885458976442
0.2572463768115942 0.08651502843216897
0.2569360675512666 0.08651502843216897
0.25662650602409637 0.08651502843216897
0.2575210589651023 0.08692120227457352
0.25841346153846156 0.08732737611697806
0.2581032412965186 0.08732737611697806
0.2577937649880096 0.08732737611697806
0.25748502994011974 0.08732737611697806
0.25717703349282295 0.08732737611697806
0.25686977299880526 0.08732737611697806
0.256563245823389 0.08732737611697806
0.2562574493444577 0.08732737611697806
0.25595238095238093 0.08732737611697806
0.2556480380499406 0.08732737611697806
0.25534441805225655 0.08732737611697806
0.25504151838671413 0.08732737611697806
0.2559241706161137 0.08773354995938261
0.25680473372781065 0.08813972380178717
0.2565011820330969 0.08813972380178717
0.256198347107438 0.08813972380178717
0.25707547169811323 0.08854589764419171
0.25677267373380447 0.08854589764419171
0.2564705882352941 0.08854589764419171
0.25616921269095183 0.08854589764419171
0.25586854460093894 0.08854589764419171
0.2567409144196952 0.08895207148659626
0.25644028103044497 0.08895207148659626
0.2573099415204678 0.08935824532900082
0.2570093457943925 0.08935824532900082
0.25670945157526254 0.08935824532900082
0.2564102564102564 0.08935824532900082
0.2561117578579744 0.08935824532900082
0.2558139534883721 0.08935824532900082
