1.0 0.014184397163120567
1.0 0.028368794326241134
1.0 0.0425531914893617
1.0 0.05673758865248227
1.0 0.07092198581560284
1.0 0.07092198581560284
0.9090909090909091 0.07092198581560284
0.9090909090909091 0.07092198581560284
0.9090909090909091 0.07092198581560284
0.9090909090909091 0.07092198581560284
0.9090909090909091 0.07092198581560284
0.9090909090909091 0.07092198581560284
0.9090909090909091 0.07092198581560284
0.9090909090909091 0.07092198581560284
0.9090909090909091 0.07092198581560284
0.9090909090909091 0.07092198581560284
0.9090909090909091 0.07092198581560284
0.9090909090909091 0.07092198581560284
0.9090909090909091 0.07092198581560284
0.9090909090909091 0.07092198581560284
0.9090909090909091 0.07092198581560284
0.9090909090909091 0.07092198581560284
0.9090909090909091 0.07092198581560284
0.9090909090909091 0.07092198581560284
0.9090909090909091 0.07092198581560284
0.9090909090909091 0.07092198581560284
0.9166666666666666 0.07801418439716312
0.9166666666666666 0.07801418439716312
0.9166666666666666 0.07801418439716312
0.9166666666666666 0.07801418439716312
0.9166666666666666 0.07801418439716312
0.9166666666666666 0.07801418439716312
0.9230769230769231 0.0851063829787234
0.9230769230769231 0.0851063829787234
0.9230769230769231 0.0851063829787234
0.9230769230769231 0.0851063829787234
0.9230769230769231 0.0851063829787234
0.9230769230769231 0.0851063829787234
0.9230769230769231 0.0851063829787234
0.9230769230769231 0.0851063829787234
0.9230769230769231 0.0851063829787234
0.9285714285714286 0.09219858156028368
0.9333333333333333 0.09929078014184398
0.9375 0.10638297872340426
0.9411764705882353 0.11347517730496454
0.9411764705882353 0.11347517730496454
0.9411764705882353 0.11347517730496454
0.9411764705882353 0.11347517730496454
0.9411764705882353 0.11347517730496454
0.9411764705882353 0.11347517730496454
0.9411764705882353 0.11347517730496454
0.9411764705882353 0.11347517730496454
0.9444444444444444 0.12056737588652482
0.9444444444444444 0.12056737588652482
0.9473684210526315 0.1276595744680851
0.95 0.1347517730496454
0.95 0.1347517730496454
0.95 0.1347517730496454
0.95 0.1347517730496454
0.95 0.1347517730496454
0.95 0.1347517730496454
0.95 0.1347517730496454
0.95 0.1347517730496454
0.95 0.1347517730496454
0.95 0.1347517730496454
0.95 0.1347517730496454
0.95 0.1347517730496454
0.95 0.1347517730496454
0.95 0.1347517730496454
0.95 0.1347517730496454
0.95 0.1347517730496454
0.95 0.1347517730496454
0.95 0.1347517730496454
0.95 0.1347517730496454
0.95 0.1347517730496454
0.95 0.1347517730496454
0.95 0.1347517730496454
0.95 0.1347517730496454
0.95 0.1347517730496454
0.95 0.1347517730496454
0.95 0.1347517730496454
0.95 0.1347517730496454
0.95 0.1347517730496454
0.95 0.1347517730496454
0.95 0.1347517730496454
0.95 0.1347517730496454
0.95 0.1347517730496454
0.95 0.1347517730496454
0.95 0.1347517730496454
0.95 0.1347517730496454
0.95 0.1347517730496454
0.95 0.1347517730496454
0.95 0.1347517730496454
0.95 0.1347517730496454
0.95 0.1347517730496454
0.95 0.1347517730496454
0.95 0.1347517730496454
0.95 0.1347517730496454
0.95 0.1347517730496454
0.95 0.1347517730496454
0.95 0.1347517730496454
0.95 0.1347517730496454
0.95 0.1347517730496454
0.95 0.1347517730496454
0.95 0.1347517730496454
0.95 0.1347517730496454
0.95 0.1347517730496454
0.95 0.1347517730496454
0.95 0.1347517730496454
0.95 0.1347517730496454
0.95 0.1347517730496454
0.95 0.1347517730496454
0.95 0.1347517730496454
0.95 0.1347517730496454
0.95 0.1347517730496454
0.95 0.1347517730496454
0.95 0.1347517730496454
0.95 0.1347517730496454
0.95 0.1347517730496454
0.95 0.1347517730496454
0.95 0.1347517730496454
0.95 0.1347517730496454
0.95 0.1347517730496454
0.95 0.1347517730496454
0.95 0.1347517730496454
0.95 0.1347517730496454
0.95 0.1347517730496454
0.95 0.1347517730496454
0.95 0.1347517730496454
0.95 0.1347517730496454
0.95 0.1347517730496454
0.95 0.1347517730496454
0.95 0.1347517730496454
0.95 0.1347517730496454
0.95 0.1347517730496454
0.95 0.1347517730496454
0.95 0.1347517730496454
0.95 0.1347517730496454
0.95 0.1347517730496454
0.95 0.1347517730496454
0.95 0.1347517730496454
0.95 0.1347517730496454
0.95 0.1347517730496454
0.95 0.1347517730496454
0.95 0.1347517730496454
0.95 0.1347517730496454
0.95 0.1347517730496454
0.95 0.1347517730496454
0.95 0.1347517730496454
0.95 0.1347517730496454
0.95 0.1347517730496454
0.95 0.1347517730496454
0.95 0.1347517730496454
0.95 0.1347517730496454
0.95 0.1347517730496454
0.95 0.1347517730496454
0.95 0.1347517730496454
0.95 0.1347517730496454
0.95 0.1347517730496454
0.95 0.1347517730496454
0.95 0.1347517730496454
0.95 0.1347517730496454
0.95 0.1347517730496454
0.95 0.1347517730496454
0.95 0.1347517730496454
0.95 0.1347517730496454
0.95 0.1347517730496454
0.95 0.1347517730496454
0.95 0.1347517730496454
0.95 0.1347517730496454
0.95 0.1347517730496454
0.95 0.1347517730496454
0.95 0.1347517730496454
0.95 0.1347517730496454
0.95 0.1347517730496454
0.95 0.1347517730496454
0.95 0.1347517730496454
0.95 0.1347517730496454
0.95 0.1347517730496454
0.95 0.1347517730496454
0.95 0.1347517730496454
0.95 0.1347517730496454
0.95 0.1347517730496454
0.95 0.1347517730496454
0.95 0.1347517730496454
0.95 0.1347517730496454
0.95 0.1347517730496454
0.95 0.1347517730496454
0.95 0.1347517730496454
0.95 0.1347517730496454
0.95 0.1347517730496454
0.95 0.1347517730496454
0.95 0.1347517730496454
0.9047619047619048 0.1347517730496454
0.9047619047619048 0.1347517730496454
0.9047619047619048 0.1347517730496454
0.9047619047619048 0.1347517730496454
0.9047619047619048 0.1347517730496454
0.9047619047619048 0.1347517730496454
0.9047619047619048 0.1347517730496454
0.9047619047619048 0.1347517730496454
0.9047619047619048 0.1347517730496454
0.9047619047619048 0.1347517730496454
0.9047619047619048 0.1347517730496454
0.9047619047619048 0.1347517730496454
0.9047619047619048 0.1347517730496454
0.9047619047619048 0.1347517730496454
0.9047619047619048 0.1347517730496454
0.9047619047619048 0.1347517730496454
0.9047619047619048 0.1347517730496454
0.9047619047619048 0.1347517730496454
0.9047619047619048 0.1347517730496454
0.9047619047619048 0.1347517730496454
0.9047619047619048 0.1347517730496454
0.9047619047619048 0.1347517730496454
0.9047619047619048 0.1347517730496454
0.9047619047619048 0.1347517730496454
0.9047619047619048 0.1347517730496454
0.9047619047619048 0.1347517730496454
0.9047619047619048 0.1347517730496454
0.9047619047619048 0.1347517730496454
0.9047619047619048 0.1347517730496454
0.9047619047619048 0.1347517730496454
0.8636363636363636 0.1347517730496454
0.8636363636363636 0.1347517730496454
0.8636363636363636 0.1347517730496454
0.8636363636363636 0.1347517730496454
0.8636363636363636 0.1347517730496454
0.8636363636363636 0.1347517730496454
0.8260869565217391 0.1347517730496454
0.8260869565217391 0.1347517730496454
0.8260869565217391 0.1347517730496454
0.8260869565217391 0.1347517730496454
0.8260869565217391 0.1347517730496454
0.8260869565217391 0.1347517730496454
0.8260869565217391 0.1347517730496454
0.8260869565217391 0.1347517730496454
0.8260869565217391 0.1347517730496454
0.8260869565217391 0.1347517730496454
0.8260869565217391 0.1347517730496454
0.8260869565217391 0.1347517730496454
0.8260869565217391 0.1347517730496454
0.8260869565217391 0.1347517730496454
0.8260869565217391 0.1347517730496454
0.8260869565217391 0.1347517730496454
0.8260869565217391 0.1347517730496454
0.8260869565217391 0.1347517730496454
0.8260869565217391 0.1347517730496454
0.8260869565217391 0.1347517730496454
0.8260869565217391 0.1347517730496454
0.8260869565217391 0.1347517730496454
0.8260869565217391 0.1347517730496454
0.8260869565217391 0.1347517730496454
0.8260869565217391 0.1347517730496454
0.8260869565217391 0.1347517730496454
0.8260869565217391 0.1347517730496454
0.8260869565217391 0.1347517730496454
0.8260869565217391 0.1347517730496454
0.8260869565217391 0.1347517730496454
0.8260869565217391 0.1347517730496454
0.8260869565217391 0.1347517730496454
0.8260869565217391 0.1347517730496454
0.8260869565217391 0.1347517730496454
0.8260869565217391 0.1347517730496454
0.8260869565217391 0.1347517730496454
0.8260869565217391 0.1347517730496454
0.8260869565217391 0.1347517730496454
0.8260869565217391 0.1347517730496454
0.8260869565217391 0.1347517730496454
0.8260869565217391 0.1347517730496454
0.8260869565217391 0.1347517730496454
0.8260869565217391 0.1347517730496454
0.8260869565217391 0.1347517730496454
0.8260869565217391 0.1347517730496454
0.8260869565217391 0.1347517730496454
0.8260869565217391 0.1347517730496454
0.8260869565217391 0.1347517730496454
0.8260869565217391 0.1347517730496454
0.8260869565217391 0.1347517730496454
0.7916666666666666 0.1347517730496454
0.7916666666666666 0.1347517730496454
0.7916666666666666 0.1347517730496454
0.7916666666666666 0.1347517730496454
0.7916666666666666 0.1347517730496454
0.7916666666666666 0.1347517730496454
0.7916666666666666 0.1347517730496454
0.7916666666666666 0.1347517730496454
0.7916666666666666 0.1347517730496454
0.7916666666666666 0.1347517730496454
0.7916666666666666 0.1347517730496454
0.7916666666666666 0.1347517730496454
0.7916666666666666 0.1347517730496454
0.7916666666666666 0.1347517730496454
0.7916666666666666 0.1347517730496454
0.7916666666666666 0.1347517730496454
0.7916666666666666 0.1347517730496454
0.7916666666666666 0.1347517730496454
0.7916666666666666 0.1347517730496454
0.7916666666666666 0.1347517730496454
0.7916666666666666 0.1347517730496454
0.7916666666666666 0.1347517730496454
0.7916666666666666 0.1347517730496454
0.7916666666666666 0.1347517730496454
0.7916666666666666 0.1347517730496454
0.7916666666666666 0.1347517730496454
0.7916666666666666 0.1347517730496454
0.7916666666666666 0.1347517730496454
0.7916666666666666 0.1347517730496454
0.7916666666666666 0.1347517730496454
0.7916666666666666 0.1347517730496454
0.7916666666666666 0.1347517730496454
0.7916666666666666 0.1347517730496454
0.7916666666666666 0.1347517730496454
0.7916666666666666 0.1347517730496454
0.7916666666666666 0.1347517730496454
0.7916666666666666 0.1347517730496454
0.7916666666666666 0.1347517730496454
0.7916666666666666 0.1347517730496454
0.7916666666666666 0.1347517730496454
0.7916666666666666 0.1347517730496454
0.7916666666666666 0.1347517730496454
0.7916666666666666 0.1347517730496454
0.7916666666666666 0.1347517730496454
0.76 0.1347517730496454
0.7307692307692307 0.1347517730496454
0.7307692307692307 0.1347517730496454
0.7407407407407407 0.14184397163120568
0.7407407407407407 0.14184397163120568
0.7407407407407407 0.14184397163120568
0.7407407407407407 0.14184397163120568
0.7407407407407407 0.14184397163120568
0.7407407407407407 0.14184397163120568
0.7407407407407407 0.14184397163120568
0.7407407407407407 0.14184397163120568
0.7407407407407407 0.14184397163120568
0.7407407407407407 0.14184397163120568
0.7407407407407407 0.14184397163120568
0.7407407407407407 0.14184397163120568
0.7407407407407407 0.14184397163120568
0.7407407407407407 0.14184397163120568
0.7407407407407407 0.14184397163120568
0.7407407407407407 0.14184397163120568
0.7407407407407407 0.14184397163120568
0.7407407407407407 0.14184397163120568
0.7407407407407407 0.14184397163120568
0.7407407407407407 0.14184397163120568
0.7407407407407407 0.14184397163120568
0.7407407407407407 0.14184397163120568
0.7407407407407407 0.14184397163120568
0.7407407407407407 0.14184397163120568
0.7407407407407407 0.14184397163120568
0.7407407407407407 0.14184397163120568
0.7407407407407407 0.14184397163120568
0.7407407407407407 0.14184397163120568
0.7407407407407407 0.14184397163120568
0.7407407407407407 0.14184397163120568
0.7407407407407407 0.14184397163120568
0.7142857142857143 0.14184397163120568
0.7142857142857143 0.14184397163120568
0.7142857142857143 0.14184397163120568
0.7142857142857143 0.14184397163120568
0.7142857142857143 0.14184397163120568
0.7142857142857143 0.14184397163120568
0.7142857142857143 0.14184397163120568
0.7142857142857143 0.14184397163120568
0.7142857142857143 0.14184397163120568
0.7142857142857143 0.14184397163120568
0.7241379310344828 0.14893617021276595
0.7241379310344828 0.14893617021276595
0.7241379310344828 0.14893617021276595
0.7241379310344828 0.14893617021276595
0.7241379310344828 0.14893617021276595
0.7241379310344828 0.14893617021276595
0.7241379310344828 0.14893617021276595
0.7333333333333333 0.15602836879432624
0.7333333333333333 0.15602836879432624
0.7333333333333333 0.15602836879432624
0.7333333333333333 0.15602836879432624
0.7333333333333333 0.15602836879432624
0.7333333333333333 0.15602836879432624
0.7333333333333333 0.15602836879432624
0.7419354838709677 0.16312056737588654
0.7419354838709677 0.16312056737588654
0.7419354838709677 0.16312056737588654
0.7419354838709677 0.16312056737588654
0.7419354838709677 0.16312056737588654
0.75 0.1702127659574468
0.75 0.1702127659574468
0.75 0.1702127659574468
0.75 0.1702127659574468
0.75 0.1702127659574468
0.75 0.1702127659574468
0.75 0.1702127659574468
0.75 0.1702127659574468
0.75 0.1702127659574468
0.75 0.1702127659574468
0.75 0.1702127659574468
0.75 0.1702127659574468
0.75 0.1702127659574468
0.75 0.1702127659574468
0.75 0.1702127659574468
0.75 0.1702127659574468
0.75 0.1702127659574468
0.75 0.1702127659574468
0.75 0.1702127659574468
0.75 0.1702127659574468
0.75 0.1702127659574468
0.75 0.1702127659574468
0.75 0.1702127659574468
0.75 0.1702127659574468
0.75 0.1702127659574468
0.75 0.1702127659574468
0.75 0.1702127659574468
0.75 0.1702127659574468
0.75 0.1702127659574468
0.75 0.1702127659574468
0.75 0.1702127659574468
0.75 0.1702127659574468
0.75 0.1702127659574468
0.75 0.1702127659574468
0.75 0.1702127659574468
0.75 0.1702127659574468
0.75 0.1702127659574468
0.75 0.1702127659574468
0.75 0.1702127659574468
0.75 0.1702127659574468
0.75 0.1702127659574468
0.75 0.1702127659574468
0.75 0.1702127659574468
0.75 0.1702127659574468
0.75 0.1702127659574468
0.75 0.1702127659574468
0.75 0.1702127659574468
0.75 0.1702127659574468
0.75 0.1702127659574468
0.7272727272727273 0.1702127659574468
0.7272727272727273 0.1702127659574468
0.7272727272727273 0.1702127659574468
0.7272727272727273 0.1702127659574468
0.7272727272727273 0.1702127659574468
0.7272727272727273 0.1702127659574468
0.7272727272727273 0.1702127659574468
0.7272727272727273 0.1702127659574468
0.7272727272727273 0.1702127659574468
0.7272727272727273 0.1702127659574468
0.7272727272727273 0.1702127659574468
0.7272727272727273 0.1702127659574468
0.7272727272727273 0.1702127659574468
0.7272727272727273 0.1702127659574468
0.7272727272727273 0.1702127659574468
0.7272727272727273 0.1702127659574468
0.7272727272727273 0.1702127659574468
0.7272727272727273 0.1702127659574468
0.7272727272727273 0.1702127659574468
0.7272727272727273 0.1702127659574468
0.7272727272727273 0.1702127659574468
0.7272727272727273 0.1702127659574468
0.7272727272727273 0.1702127659574468
0.7272727272727273 0.1702127659574468
0.7272727272727273 0.1702127659574468
0.7272727272727273 0.1702127659574468
0.7272727272727273 0.1702127659574468
0.7272727272727273 0.1702127659574468
0.7272727272727273 0.1702127659574468
0.7058823529411765 0.1702127659574468
0.7058823529411765 0.1702127659574468
0.7058823529411765 0.1702127659574468
0.7058823529411765 0.1702127659574468
0.7058823529411765 0.1702127659574468
0.7058823529411765 0.1702127659574468
0.7058823529411765 0.1702127659574468
0.7058823529411765 0.1702127659574468
0.7058823529411765 0.1702127659574468
0.7058823529411765 0.1702127659574468
0.7058823529411765 0.1702127659574468
0.7058823529411765 0.1702127659574468
0.7142857142857143 0.1773049645390071
0.7142857142857143 0.1773049645390071
0.7142857142857143 0.1773049645390071
0.7142857142857143 0.1773049645390071
0.7142857142857143 0.1773049645390071
0.7142857142857143 0.1773049645390071
0.7142857142857143 0.1773049645390071
0.6944444444444444 0.1773049645390071
0.6944444444444444 0.1773049645390071
0.6944444444444444 0.1773049645390071
0.6944444444444444 0.1773049645390071
0.6944444444444444 0.1773049645390071
0.6944444444444444 0.1773049645390071
0.6944444444444444 0.1773049645390071
0.6944444444444444 0.1773049645390071
0.6944444444444444 0.1773049645390071
0.6944444444444444 0.1773049645390071
0.6944444444444444 0.1773049645390071
0.6944444444444444 0.1773049645390071
0.6944444444444444 0.1773049645390071
0.6944444444444444 0.1773049645390071
0.6944444444444444 0.1773049645390071
0.6944444444444444 0.1773049645390071
0.6944444444444444 0.1773049645390071
0.6944444444444444 0.1773049645390071
0.6944444444444444 0.1773049645390071
0.6944444444444444 0.1773049645390071
0.6944444444444444 0.1773049645390071
0.6944444444444444 0.1773049645390071
0.6944444444444444 0.1773049645390071
0.6756756756756757 0.1773049645390071
0.6756756756756757 0.1773049645390071
0.6756756756756757 0.1773049645390071
0.6756756756756757 0.1773049645390071
0.6756756756756757 0.1773049645390071
0.6756756756756757 0.1773049645390071
0.6756756756756757 0.1773049645390071
0.6756756756756757 0.1773049645390071
0.6756756756756757 0.1773049645390071
0.6756756756756757 0.1773049645390071
0.6756756756756757 0.1773049645390071
0.6756756756756757 0.1773049645390071
0.6756756756756757 0.1773049645390071
0.6756756756756757 0.1773049645390071
0.6756756756756757 0.1773049645390071
0.6756756756756757 0.1773049645390071
0.6756756756756757 0.1773049645390071
0.6756756756756757 0.1773049645390071
0.6756756756756757 0.1773049645390071
0.6756756756756757 0.1773049645390071
0.6756756756756757 0.1773049645390071
0.6756756756756757 0.1773049645390071
0.6756756756756757 0.1773049645390071
0.6756756756756757 0.1773049645390071
0.6756756756756757 0.1773049645390071
0.6756756756756757 0.1773049645390071
0.6756756756756757 0.1773049645390071
0.6756756756756757 0.1773049645390071
0.6756756756756757 0.1773049645390071
0.6756756756756757 0.1773049645390071
0.6756756756756757 0.1773049645390071
0.6756756756756757 0.1773049645390071
0.6756756756756757 0.1773049645390071
0.6578947368421053 0.1773049645390071
0.6578947368421053 0.1773049645390071
0.6578947368421053 0.1773049645390071
0.6578947368421053 0.1773049645390071
0.6578947368421053 0.1773049645390071
0.6578947368421053 0.1773049645390071
0.6578947368421053 0.1773049645390071
0.6578947368421053 0.1773049645390071
0.6578947368421053 0.1773049645390071
0.6578947368421053 0.1773049645390071
0.6578947368421053 0.1773049645390071
0.6578947368421053 0.1773049645390071
0.6578947368421053 0.1773049645390071
0.6578947368421053 0.1773049645390071
0.6578947368421053 0.1773049645390071
0.6578947368421053 0.1773049645390071
0.6578947368421053 0.1773049645390071
0.6578947368421053 0.1773049645390071
0.6578947368421053 0.1773049645390071
0.6578947368421053 0.1773049645390071
0.6578947368421053 0.1773049645390071
0.6578947368421053 0.1773049645390071
0.6578947368421053 0.1773049645390071
0.6578947368421053 0.1773049645390071
0.6666666666666666 0.18439716312056736
0.6666666666666666 0.18439716312056736
0.6666666666666666 0.18439716312056736
0.6666666666666666 0.18439716312056736
0.6666666666666666 0.18439716312056736
0.6666666666666666 0.18439716312056736
0.6666666666666666 0.18439716312056736
0.6666666666666666 0.18439716312056736
0.6666666666666666 0.18439716312056736
0.6666666666666666 0.18439716312056736
0.6666666666666666 0.18439716312056736
0.6666666666666666 0.18439716312056736
0.6666666666666666 0.18439716312056736
0.6666666666666666 0.18439716312056736
0.6666666666666666 0.18439716312056736
0.6666666666666666 0.18439716312056736
0.6666666666666666 0.18439716312056736
0.6666666666666666 0.18439716312056736
0.6666666666666666 0.18439716312056736
0.6666666666666666 0.18439716312056736
0.6666666666666666 0.18439716312056736
0.6666666666666666 0.18439716312056736
0.675 0.19148936170212766
0.6829268292682927 0.19858156028368795
0.6904761904761905 0.20567375886524822
0.6904761904761905 0.20567375886524822
0.6904761904761905 0.20567375886524822
0.6904761904761905 0.20567375886524822
0.6904761904761905 0.20567375886524822
0.6904761904761905 0.20567375886524822
0.6904761904761905 0.20567375886524822
0.6904761904761905 0.20567375886524822
0.6904761904761905 0.20567375886524822
0.6904761904761905 0.20567375886524822
0.6904761904761905 0.20567375886524822
0.6904761904761905 0.20567375886524822
0.6904761904761905 0.20567375886524822
0.6904761904761905 0.20567375886524822
0.6904761904761905 0.20567375886524822
0.6904761904761905 0.20567375886524822
0.6904761904761905 0.20567375886524822
0.6904761904761905 0.20567375886524822
0.6904761904761905 0.20567375886524822
0.6904761904761905 0.20567375886524822
0.6904761904761905 0.20567375886524822
0.6904761904761905 0.20567375886524822
0.6904761904761905 0.20567375886524822
0.6904761904761905 0.20567375886524822
0.6904761904761905 0.20567375886524822
0.6904761904761905 0.20567375886524822
0.6904761904761905 0.20567375886524822
0.6904761904761905 0.20567375886524822
0.6904761904761905 0.20567375886524822
0.6904761904761905 0.20567375886524822
0.6904761904761905 0.20567375886524822
0.6904761904761905 0.20567375886524822
0.6904761904761905 0.20567375886524822
0.6904761904761905 0.20567375886524822
0.6904761904761905 0.20567375886524822
0.6904761904761905 0.20567375886524822
0.6904761904761905 0.20567375886524822
0.6904761904761905 0.20567375886524822
0.6904761904761905 0.20567375886524822
0.6904761904761905 0.20567375886524822
0.6904761904761905 0.20567375886524822
0.6904761904761905 0.20567375886524822
0.6904761904761905 0.20567375886524822
0.6904761904761905 0.20567375886524822
0.6904761904761905 0.20567375886524822
0.6904761904761905 0.20567375886524822
0.6904761904761905 0.20567375886524822
0.6904761904761905 0.20567375886524822
0.6904761904761905 0.20567375886524822
0.6904761904761905 0.20567375886524822
0.6904761904761905 0.20567375886524822
0.6744186046511628 0.20567375886524822
0.6744186046511628 0.20567375886524822
0.6744186046511628 0.20567375886524822
0.6590909090909091 0.20567375886524822
0.6590909090909091 0.20567375886524822
0.6590909090909091 0.20567375886524822
0.6590909090909091 0.20567375886524822
0.6590909090909091 0.20567375886524822
0.6590909090909091 0.20567375886524822
0.6590909090909091 0.20567375886524822
0.6590909090909091 0.20567375886524822
0.6590909090909091 0.20567375886524822
0.6590909090909091 0.20567375886524822
0.6590909090909091 0.20567375886524822
0.6590909090909091 0.20567375886524822
0.6590909090909091 0.20567375886524822
0.6590909090909091 0.20567375886524822
0.6590909090909091 0.20567375886524822
0.6590909090909091 0.20567375886524822
0.6590909090909091 0.20567375886524822
0.6590909090909091 0.20567375886524822
0.6590909090909091 0.20567375886524822
0.6590909090909091 0.20567375886524822
0.6590909090909091 0.20567375886524822
0.6590909090909091 0.20567375886524822
0.6590909090909091 0.20567375886524822
0.6590909090909091 0.20567375886524822
0.6590909090909091 0.20567375886524822
0.6590909090909091 0.20567375886524822
0.6590909090909091 0.20567375886524822
0.6590909090909091 0.20567375886524822
0.6590909090909091 0.20567375886524822
0.6590909090909091 0.20567375886524822
0.6590909090909091 0.20567375886524822
0.6590909090909091 0.20567375886524822
0.6590909090909091 0.20567375886524822
0.6590909090909091 0.20567375886524822
0.6590909090909091 0.20567375886524822
0.6590909090909091 0.20567375886524822
0.6590909090909091 0.20567375886524822
0.6590909090909091 0.20567375886524822
0.6590909090909091 0.20567375886524822
0.6590909090909091 0.20567375886524822
0.6590909090909091 0.20567375886524822
0.6590909090909091 0.20567375886524822
0.6590909090909091 0.20567375886524822
0.6590909090909091 0.20567375886524822
0.6590909090909091 0.20567375886524822
0.6444444444444445 0.20567375886524822
0.6444444444444445 0.20567375886524822
0.6444444444444445 0.20567375886524822
0.6444444444444445 0.20567375886524822
0.6304347826086957 0.20567375886524822
0.6304347826086957 0.20567375886524822
0.6304347826086957 0.20567375886524822
0.6304347826086957 0.20567375886524822
0.6304347826086957 0.20567375886524822
0.6304347826086957 0.20567375886524822
0.6304347826086957 0.20567375886524822
0.6304347826086957 0.20567375886524822
0.6304347826086957 0.20567375886524822
0.6304347826086957 0.20567375886524822
0.6304347826086957 0.20567375886524822
0.6304347826086957 0.20567375886524822
0.6304347826086957 0.20567375886524822
0.6304347826086957 0.20567375886524822
0.6304347826086957 0.20567375886524822
0.6304347826086957 0.20567375886524822
0.6304347826086957 0.20567375886524822
0.6304347826086957 0.20567375886524822
0.6304347826086957 0.20567375886524822
0.6304347826086957 0.20567375886524822
0.6304347826086957 0.20567375886524822
0.6304347826086957 0.20567375886524822
0.6304347826086957 0.20567375886524822
0.6304347826086957 0.20567375886524822
0.6304347826086957 0.20567375886524822
0.6304347826086957 0.20567375886524822
0.6304347826086957 0.20567375886524822
0.6304347826086957 0.20567375886524822
0.6304347826086957 0.20567375886524822
0.6304347826086957 0.20567375886524822
0.6304347826086957 0.20567375886524822
0.6304347826086957 0.20567375886524822
0.6304347826086957 0.20567375886524822
0.6304347826086957 0.20567375886524822
0.6304347826086957 0.20567375886524822
0.6304347826086957 0.20567375886524822
0.6304347826086957 0.20567375886524822
0.6304347826086957 0.20567375886524822
0.6304347826086957 0.20567375886524822
0.6304347826086957 0.20567375886524822
0.6170212765957447 0.20567375886524822
0.6170212765957447 0.20567375886524822
0.6170212765957447 0.20567375886524822
0.6170212765957447 0.20567375886524822
0.6170212765957447 0.20567375886524822
0.6170212765957447 0.20567375886524822
0.6170212765957447 0.20567375886524822
0.6170212765957447 0.20567375886524822
0.6170212765957447 0.20567375886524822
0.6170212765957447 0.20567375886524822
0.6170212765957447 0.20567375886524822
0.6170212765957447 0.20567375886524822
0.6170212765957447 0.20567375886524822
0.6170212765957447 0.20567375886524822
0.6170212765957447 0.20567375886524822
0.6170212765957447 0.20567375886524822
0.6170212765957447 0.20567375886524822
0.6170212765957447 0.20567375886524822
0.6170212765957447 0.20567375886524822
0.6170212765957447 0.20567375886524822
0.6170212765957447 0.20567375886524822
0.6170212765957447 0.20567375886524822
0.6170212765957447 0.20567375886524822
0.6170212765957447 0.20567375886524822
0.6170212765957447 0.20567375886524822
0.6170212765957447 0.20567375886524822
0.6170212765957447 0.20567375886524822
0.6170212765957447 0.20567375886524822
0.6170212765957447 0.20567375886524822
0.6170212765957447 0.20567375886524822
0.6170212765957447 0.20567375886524822
0.6170212765957447 0.20567375886524822
0.6170212765957447 0.20567375886524822
0.6170212765957447 0.20567375886524822
0.6170212765957447 0.20567375886524822
0.6170212765957447 0.20567375886524822
0.6170212765957447 0.20567375886524822
0.6170212765957447 0.20567375886524822
0.6170212765957447 0.20567375886524822
0.6170212765957447 0.20567375886524822
0.6170212765957447 0.20567375886524822
0.6170212765957447 0.20567375886524822
0.6170212765957447 0.20567375886524822
0.6170212765957447 0.20567375886524822
0.6170212765957447 0.20567375886524822
0.6170212765957447 0.20567375886524822
0.6170212765957447 0.20567375886524822
0.6170212765957447 0.20567375886524822
0.6170212765957447 0.20567375886524822
0.6170212765957447 0.20567375886524822
0.6170212765957447 0.20567375886524822
0.6170212765957447 0.20567375886524822
0.6170212765957447 0.20567375886524822
0.6170212765957447 0.20567375886524822
0.6170212765957447 0.20567375886524822
0.6170212765957447 0.20567375886524822
0.6170212765957447 0.20567375886524822
0.6170212765957447 0.20567375886524822
0.6170212765957447 0.20567375886524822
0.6170212765957447 0.20567375886524822
0.6170212765957447 0.20567375886524822
0.6170212765957447 0.20567375886524822
0.6170212765957447 0.20567375886524822
0.6170212765957447 0.20567375886524822
0.6170212765957447 0.20567375886524822
0.6170212765957447 0.20567375886524822
0.6170212765957447 0.20567375886524822
0.6170212765957447 0.20567375886524822
0.6170212765957447 0.20567375886524822
0.6170212765957447 0.20567375886524822
0.6170212765957447 0.20567375886524822
0.6170212765957447 0.20567375886524822
0.6170212765957447 0.20567375886524822
0.6170212765957447 0.20567375886524822
0.6170212765957447 0.20567375886524822
0.6170212765957447 0.20567375886524822
0.6170212765957447 0.20567375886524822
0.6170212765957447 0.20567375886524822
0.6170212765957447 0.20567375886524822
0.6170212765957447 0.20567375886524822
0.6170212765957447 0.20567375886524822
0.6041666666666666 0.20567375886524822
0.6041666666666666 0.20567375886524822
0.6041666666666666 0.20567375886524822
0.6041666666666666 0.20567375886524822
0.6041666666666666 0.20567375886524822
0.6041666666666666 0.20567375886524822
0.6041666666666666 0.20567375886524822
0.6041666666666666 0.20567375886524822
0.6041666666666666 0.20567375886524822
0.6041666666666666 0.20567375886524822
0.6041666666666666 0.20567375886524822
0.6041666666666666 0.20567375886524822
0.6041666666666666 0.20567375886524822
0.6041666666666666 0.20567375886524822
0.6041666666666666 0.20567375886524822
0.6041666666666666 0.20567375886524822
0.6041666666666666 0.20567375886524822
0.6041666666666666 0.20567375886524822
0.6041666666666666 0.20567375886524822
0.6041666666666666 0.20567375886524822
0.6041666666666666 0.20567375886524822
0.6041666666666666 0.20567375886524822
0.6041666666666666 0.20567375886524822
0.6041666666666666 0.20567375886524822
0.6041666666666666 0.20567375886524822
0.6041666666666666 0.20567375886524822
0.6041666666666666 0.20567375886524822
0.6041666666666666 0.20567375886524822
0.6041666666666666 0.20567375886524822
0.6041666666666666 0.20567375886524822
0.6041666666666666 0.20567375886524822
0.6041666666666666 0.20567375886524822
0.6041666666666666 0.20567375886524822
0.6041666666666666 0.20567375886524822
0.6041666666666666 0.20567375886524822
0.6041666666666666 0.20567375886524822
0.6041666666666666 0.20567375886524822
0.6041666666666666 0.20567375886524822
0.6041666666666666 0.20567375886524822
0.6041666666666666 0.20567375886524822
0.6041666666666666 0.20567375886524822
0.6041666666666666 0.20567375886524822
0.6041666666666666 0.20567375886524822
0.6041666666666666 0.20567375886524822
0.6041666666666666 0.20567375886524822
0.6041666666666666 0.20567375886524822
0.6041666666666666 0.20567375886524822
0.6041666666666666 0.20567375886524822
0.6041666666666666 0.20567375886524822
0.6041666666666666 0.20567375886524822
0.6041666666666666 0.20567375886524822
0.6041666666666666 0.20567375886524822
0.6041666666666666 0.20567375886524822
0.6041666666666666 0.20567375886524822
0.6041666666666666 0.20567375886524822
0.6041666666666666 0.20567375886524822
0.6041666666666666 0.20567375886524822
0.6041666666666666 0.20567375886524822
0.6041666666666666 0.20567375886524822
0.6041666666666666 0.20567375886524822
0.6041666666666666 0.20567375886524822
0.6041666666666666 0.20567375886524822
0.6041666666666666 0.20567375886524822
0.6041666666666666 0.20567375886524822
0.6041666666666666 0.20567375886524822
0.5918367346938775 0.20567375886524822
0.5918367346938775 0.20567375886524822
0.5918367346938775 0.20567375886524822
0.5918367346938775 0.20567375886524822
0.5918367346938775 0.20567375886524822
0.5918367346938775 0.20567375886524822
0.5918367346938775 0.20567375886524822
0.5918367346938775 0.20567375886524822
0.5918367346938775 0.20567375886524822
0.5918367346938775 0.20567375886524822
0.5918367346938775 0.20567375886524822
0.5918367346938775 0.20567375886524822
0.5918367346938775 0.20567375886524822
0.5918367346938775 0.20567375886524822
0.5918367346938775 0.20567375886524822
0.5918367346938775 0.20567375886524822
0.5918367346938775 0.20567375886524822
0.5918367346938775 0.20567375886524822
0.5918367346938775 0.20567375886524822
0.5918367346938775 0.20567375886524822
0.58 0.20567375886524822
0.58 0.20567375886524822
0.58 0.20567375886524822
0.58 0.20567375886524822
0.58 0.20567375886524822
0.58 0.20567375886524822
0.58 0.20567375886524822
0.58 0.20567375886524822
0.58 0.20567375886524822
0.58 0.20567375886524822
0.58 0.20567375886524822
0.58 0.20567375886524822
0.58 0.20567375886524822
0.58 0.20567375886524822
0.58 0.20567375886524822
0.58 0.20567375886524822
0.58 0.20567375886524822
0.58 0.20567375886524822
0.5686274509803921 0.20567375886524822
0.5686274509803921 0.20567375886524822
0.5686274509803921 0.20567375886524822
0.5686274509803921 0.20567375886524822
0.5686274509803921 0.20567375886524822
0.5686274509803921 0.20567375886524822
0.5686274509803921 0.20567375886524822
0.5686274509803921 0.20567375886524822
0.5686274509803921 0.20567375886524822
0.5686274509803921 0.20567375886524822
0.5686274509803921 0.20567375886524822
0.5686274509803921 0.20567375886524822
0.5686274509803921 0.20567375886524822
0.5686274509803921 0.20567375886524822
0.5686274509803921 0.20567375886524822
0.5686274509803921 0.20567375886524822
0.5686274509803921 0.20567375886524822
0.5686274509803921 0.20567375886524822
0.5686274509803921 0.20567375886524822
0.5686274509803921 0.20567375886524822
0.5686274509803921 0.20567375886524822
0.5686274509803921 0.20567375886524822
0.5686274509803921 0.20567375886524822
0.5686274509803921 0.20567375886524822
0.5686274509803921 0.20567375886524822
0.5686274509803921 0.20567375886524822
0.5686274509803921 0.20567375886524822
0.5686274509803921 0.20567375886524822
0.5686274509803921 0.20567375886524822
0.5686274509803921 0.20567375886524822
0.5686274509803921 0.20567375886524822
0.5686274509803921 0.20567375886524822
0.5686274509803921 0.20567375886524822
0.5686274509803921 0.20567375886524822
0.5686274509803921 0.20567375886524822
0.5686274509803921 0.20567375886524822
0.5686274509803921 0.20567375886524822
0.5686274509803921 0.20567375886524822
0.5686274509803921 0.20567375886524822
0.5686274509803921 0.20567375886524822
0.5686274509803921 0.20567375886524822
0.5686274509803921 0.20567375886524822
0.5686274509803921 0.20567375886524822
0.5686274509803921 0.20567375886524822
0.5686274509803921 0.20567375886524822
0.5686274509803921 0.20567375886524822
0.5686274509803921 0.20567375886524822
0.5686274509803921 0.20567375886524822
0.5686274509803921 0.20567375886524822
0.5686274509803921 0.20567375886524822
0.5686274509803921 0.20567375886524822
0.5686274509803921 0.20567375886524822
0.5686274509803921 0.20567375886524822
0.5686274509803921 0.20567375886524822
0.5686274509803921 0.20567375886524822
0.5686274509803921 0.20567375886524822
0.5686274509803921 0.20567375886524822
0.5686274509803921 0.20567375886524822
0.5686274509803921 0.20567375886524822
0.5686274509803921 0.20567375886524822
0.5686274509803921 0.20567375886524822
0.5686274509803921 0.20567375886524822
0.5686274509803921 0.20567375886524822
0.5686274509803921 0.20567375886524822
0.5686274509803921 0.20567375886524822
0.5686274509803921 0.20567375886524822
0.5686274509803921 0.20567375886524822
0.5686274509803921 0.20567375886524822
0.5686274509803921 0.20567375886524822
0.5686274509803921 0.20567375886524822
0.5686274509803921 0.20567375886524822
0.5576923076923077 0.20567375886524822
0.5576923076923077 0.20567375886524822
0.5576923076923077 0.20567375886524822
0.5576923076923077 0.20567375886524822
0.5576923076923077 0.20567375886524822
0.5576923076923077 0.20567375886524822
0.5576923076923077 0.20567375886524822
0.5576923076923077 0.20567375886524822
0.5576923076923077 0.20567375886524822
0.5576923076923077 0.20567375886524822
0.5576923076923077 0.20567375886524822
0.5576923076923077 0.20567375886524822
0.5576923076923077 0.20567375886524822
0.5576923076923077 0.20567375886524822
0.5576923076923077 0.20567375886524822
0.5576923076923077 0.20567375886524822
0.5576923076923077 0.20567375886524822
0.5576923076923077 0.20567375886524822
0.5576923076923077 0.20567375886524822
0.5576923076923077 0.20567375886524822
0.5576923076923077 0.20567375886524822
0.5576923076923077 0.20567375886524822
0.5576923076923077 0.20567375886524822
0.5471698113207547 0.20567375886524822
0.5471698113207547 0.20567375886524822
0.5471698113207547 0.20567375886524822
0.5471698113207547 0.20567375886524822
0.5471698113207547 0.20567375886524822
0.5471698113207547 0.20567375886524822
0.5471698113207547 0.20567375886524822
0.5471698113207547 0.20567375886524822
0.5471698113207547 0.20567375886524822
0.5471698113207547 0.20567375886524822
0.5471698113207547 0.20567375886524822
0.5471698113207547 0.20567375886524822
0.5471698113207547 0.20567375886524822
0.5471698113207547 0.20567375886524822
0.5471698113207547 0.20567375886524822
0.5471698113207547 0.20567375886524822
0.5471698113207547 0.20567375886524822
0.5471698113207547 0.20567375886524822
0.5471698113207547 0.20567375886524822
0.5471698113207547 0.20567375886524822
0.5471698113207547 0.20567375886524822
0.5471698113207547 0.20567375886524822
0.5471698113207547 0.20567375886524822
0.5471698113207547 0.20567375886524822
0.5471698113207547 0.20567375886524822
0.5471698113207547 0.20567375886524822
0.5471698113207547 0.20567375886524822
0.5471698113207547 0.20567375886524822
0.5471698113207547 0.20567375886524822
0.5471698113207547 0.20567375886524822
0.5471698113207547 0.20567375886524822
0.5471698113207547 0.20567375886524822
0.5471698113207547 0.20567375886524822
0.5471698113207547 0.20567375886524822
0.5471698113207547 0.20567375886524822
0.5471698113207547 0.20567375886524822
0.5471698113207547 0.20567375886524822
0.5471698113207547 0.20567375886524822
0.5370370370370371 0.20567375886524822
0.5370370370370371 0.20567375886524822
0.5370370370370371 0.20567375886524822
0.5370370370370371 0.20567375886524822
0.5370370370370371 0.20567375886524822
0.5370370370370371 0.20567375886524822
0.5370370370370371 0.20567375886524822
0.5370370370370371 0.20567375886524822
0.5370370370370371 0.20567375886524822
0.5370370370370371 0.20567375886524822
0.5370370370370371 0.20567375886524822
0.5370370370370371 0.20567375886524822
0.5370370370370371 0.20567375886524822
0.5370370370370371 0.20567375886524822
0.5370370370370371 0.20567375886524822
0.5370370370370371 0.20567375886524822
0.5370370370370371 0.20567375886524822
0.5370370370370371 0.20567375886524822
0.5370370370370371 0.20567375886524822
0.5370370370370371 0.20567375886524822
0.5370370370370371 0.20567375886524822
0.5370370370370371 0.20567375886524822
0.5370370370370371 0.20567375886524822
0.5370370370370371 0.20567375886524822
0.5272727272727272 0.20567375886524822
0.5272727272727272 0.20567375886524822
0.5272727272727272 0.20567375886524822
0.5272727272727272 0.20567375886524822
0.5272727272727272 0.20567375886524822
0.5272727272727272 0.20567375886524822
0.5272727272727272 0.20567375886524822
0.5272727272727272 0.20567375886524822
0.5272727272727272 0.20567375886524822
0.5272727272727272 0.20567375886524822
0.5272727272727272 0.20567375886524822
0.5272727272727272 0.20567375886524822
0.5272727272727272 0.20567375886524822
0.5272727272727272 0.20567375886524822
0.5272727272727272 0.20567375886524822
0.5272727272727272 0.20567375886524822
0.5272727272727272 0.20567375886524822
0.5272727272727272 0.20567375886524822
0.5272727272727272 0.20567375886524822
0.5272727272727272 0.20567375886524822
0.5272727272727272 0.20567375886524822
0.5178571428571429 0.20567375886524822
0.5178571428571429 0.20567375886524822
0.5178571428571429 0.20567375886524822
0.5178571428571429 0.20567375886524822
0.5178571428571429 0.20567375886524822
0.5178571428571429 0.20567375886524822
0.5178571428571429 0.20567375886524822
0.5178571428571429 0.20567375886524822
0.5178571428571429 0.20567375886524822
0.5178571428571429 0.20567375886524822
0.5178571428571429 0.20567375886524822
0.5178571428571429 0.20567375886524822
0.5178571428571429 0.20567375886524822
0.5178571428571429 0.20567375886524822
0.5178571428571429 0.20567375886524822
0.5178571428571429 0.20567375886524822
0.5178571428571429 0.20567375886524822
0.5178571428571429 0.20567375886524822
0.5178571428571429 0.20567375886524822
0.5178571428571429 0.20567375886524822
0.5178571428571429 0.20567375886524822
0.5178571428571429 0.20567375886524822
0.5087719298245614 0.20567375886524822
0.5087719298245614 0.20567375886524822
0.5087719298245614 0.20567375886524822
0.5087719298245614 0.20567375886524822
0.5087719298245614 0.20567375886524822
0.5087719298245614 0.20567375886524822
0.5087719298245614 0.20567375886524822
0.5087719298245614 0.20567375886524822
0.5087719298245614 0.20567375886524822
0.5087719298245614 0.20567375886524822
0.5087719298245614 0.20567375886524822
0.5087719298245614 0.20567375886524822
0.5087719298245614 0.20567375886524822
0.5087719298245614 0.20567375886524822
0.5087719298245614 0.20567375886524822
0.5087719298245614 0.20567375886524822
0.5087719298245614 0.20567375886524822
0.5087719298245614 0.20567375886524822
0.5087719298245614 0.20567375886524822
0.5087719298245614 0.20567375886524822
0.5087719298245614 0.20567375886524822
0.5087719298245614 0.20567375886524822
0.5087719298245614 0.20567375886524822
0.5087719298245614 0.20567375886524822
0.5087719298245614 0.20567375886524822
0.5087719298245614 0.20567375886524822
0.5087719298245614 0.20567375886524822
0.5087719298245614 0.20567375886524822
0.5087719298245614 0.20567375886524822
0.5087719298245614 0.20567375886524822
0.5087719298245614 0.20567375886524822
0.5087719298245614 0.20567375886524822
0.5087719298245614 0.20567375886524822
0.5087719298245614 0.20567375886524822
0.5087719298245614 0.20567375886524822
0.5087719298245614 0.20567375886524822
0.5087719298245614 0.20567375886524822
0.5087719298245614 0.20567375886524822
0.5087719298245614 0.20567375886524822
0.5087719298245614 0.20567375886524822
0.5087719298245614 0.20567375886524822
0.5087719298245614 0.20567375886524822
0.5087719298245614 0.20567375886524822
0.5087719298245614 0.20567375886524822
0.5087719298245614 0.20567375886524822
0.5087719298245614 0.20567375886524822
0.5087719298245614 0.20567375886524822
0.5087719298245614 0.20567375886524822
0.5087719298245614 0.20567375886524822
0.5087719298245614 0.20567375886524822
0.5087719298245614 0.20567375886524822
0.5087719298245614 0.20567375886524822
0.5087719298245614 0.20567375886524822
0.5087719298245614 0.20567375886524822
0.5087719298245614 0.20567375886524822
0.5087719298245614 0.20567375886524822
0.5087719298245614 0.20567375886524822
0.5087719298245614 0.20567375886524822
0.5087719298245614 0.20567375886524822
0.5087719298245614 0.20567375886524822
0.5087719298245614 0.20567375886524822
0.5087719298245614 0.20567375886524822
0.5087719298245614 0.20567375886524822
0.5087719298245614 0.20567375886524822
0.5087719298245614 0.20567375886524822
0.5087719298245614 0.20567375886524822
0.5087719298245614 0.20567375886524822
0.5087719298245614 0.20567375886524822
0.5087719298245614 0.20567375886524822
0.5087719298245614 0.20567375886524822
0.5087719298245614 0.20567375886524822
0.5087719298245614 0.20567375886524822
0.5087719298245614 0.20567375886524822
0.5087719298245614 0.20567375886524822
0.5087719298245614 0.20567375886524822
0.5087719298245614 0.20567375886524822
0.5087719298245614 0.20567375886524822
0.5087719298245614 0.20567375886524822
0.5087719298245614 0.20567375886524822
0.5087719298245614 0.20567375886524822
0.5087719298245614 0.20567375886524822
0.5 0.20567375886524822
0.5 0.20567375886524822
0.5 0.20567375886524822
0.5 0.20567375886524822
0.5 0.20567375886524822
0.5 0.20567375886524822
0.5 0.20567375886524822
0.5 0.20567375886524822
0.5 0.20567375886524822
0.5 0.20567375886524822
0.5 0.20567375886524822
0.5 0.20567375886524822
0.5 0.20567375886524822
0.5 0.20567375886524822
0.5 0.20567375886524822
0.5 0.20567375886524822
0.5 0.20567375886524822
0.5 0.20567375886524822
0.4915254237288136 0.20567375886524822
0.4915254237288136 0.20567375886524822
0.4915254237288136 0.20567375886524822
0.4915254237288136 0.20567375886524822
0.4915254237288136 0.20567375886524822
0.4915254237288136 0.20567375886524822
0.4915254237288136 0.20567375886524822
0.4915254237288136 0.20567375886524822
0.4915254237288136 0.20567375886524822
0.4915254237288136 0.20567375886524822
0.4915254237288136 0.20567375886524822
0.4915254237288136 0.20567375886524822
0.48333333333333334 0.20567375886524822
0.48333333333333334 0.20567375886524822
0.48333333333333334 0.20567375886524822
0.48333333333333334 0.20567375886524822
0.48333333333333334 0.20567375886524822
0.48333333333333334 0.20567375886524822
0.48333333333333334 0.20567375886524822
0.48333333333333334 0.20567375886524822
0.48333333333333334 0.20567375886524822
0.48333333333333334 0.20567375886524822
0.48333333333333334 0.20567375886524822
0.48333333333333334 0.20567375886524822
0.48333333333333334 0.20567375886524822
0.48333333333333334 0.20567375886524822
0.48333333333333334 0.20567375886524822
0.48333333333333334 0.20567375886524822
0.48333333333333334 0.20567375886524822
0.47540983606557374 0.20567375886524822
0.47540983606557374 0.20567375886524822
0.47540983606557374 0.20567375886524822
0.47540983606557374 0.20567375886524822
0.47540983606557374 0.20567375886524822
0.47540983606557374 0.20567375886524822
0.47540983606557374 0.20567375886524822
0.47540983606557374 0.20567375886524822
0.47540983606557374 0.20567375886524822
0.47540983606557374 0.20567375886524822
0.47540983606557374 0.20567375886524822
0.47540983606557374 0.20567375886524822
0.47540983606557374 0.20567375886524822
0.47540983606557374 0.20567375886524822
0.47540983606557374 0.20567375886524822
0.47540983606557374 0.20567375886524822
0.47540983606557374 0.20567375886524822
0.47540983606557374 0.20567375886524822
0.47540983606557374 0.20567375886524822
0.47540983606557374 0.20567375886524822
0.47540983606557374 0.20567375886524822
0.47540983606557374 0.20567375886524822
0.47540983606557374 0.20567375886524822
0.47540983606557374 0.20567375886524822
0.47540983606557374 0.20567375886524822
0.47540983606557374 0.20567375886524822
0.47540983606557374 0.20567375886524822
0.47540983606557374 0.20567375886524822
0.47540983606557374 0.20567375886524822
0.47540983606557374 0.20567375886524822
0.47540983606557374 0.20567375886524822
0.47540983606557374 0.20567375886524822
0.47540983606557374 0.20567375886524822
0.47540983606557374 0.20567375886524822
0.47540983606557374 0.20567375886524822
0.47540983606557374 0.20567375886524822
0.47540983606557374 0.20567375886524822
0.47540983606557374 0.20567375886524822
0.47540983606557374 0.20567375886524822
0.47540983606557374 0.20567375886524822
0.46774193548387094 0.20567375886524822
0.46774193548387094 0.20567375886524822
0.46774193548387094 0.20567375886524822
0.46774193548387094 0.20567375886524822
0.46774193548387094 0.20567375886524822
0.46774193548387094 0.20567375886524822
0.46774193548387094 0.20567375886524822
0.46774193548387094 0.20567375886524822
0.46774193548387094 0.20567375886524822
0.46774193548387094 0.20567375886524822
0.46774193548387094 0.20567375886524822
0.46774193548387094 0.20567375886524822
0.46774193548387094 0.20567375886524822
0.46774193548387094 0.20567375886524822
0.46774193548387094 0.20567375886524822
0.46774193548387094 0.20567375886524822
0.46774193548387094 0.20567375886524822
0.46774193548387094 0.20567375886524822
0.46774193548387094 0.20567375886524822
0.46774193548387094 0.20567375886524822
0.46774193548387094 0.20567375886524822
0.46774193548387094 0.20567375886524822
0.46774193548387094 0.20567375886524822
0.46774193548387094 0.20567375886524822
0.46774193548387094 0.20567375886524822
0.46774193548387094 0.20567375886524822
0.46774193548387094 0.20567375886524822
0.46774193548387094 0.20567375886524822
0.46774193548387094 0.20567375886524822
0.46774193548387094 0.20567375886524822
0.46774193548387094 0.20567375886524822
0.46774193548387094 0.20567375886524822
0.46774193548387094 0.20567375886524822
0.46774193548387094 0.20567375886524822
0.46774193548387094 0.20567375886524822
0.46774193548387094 0.20567375886524822
0.46774193548387094 0.20567375886524822
0.46774193548387094 0.20567375886524822
0.46774193548387094 0.20567375886524822
0.46774193548387094 0.20567375886524822
0.46774193548387094 0.20567375886524822
0.46774193548387094 0.20567375886524822
0.46774193548387094 0.20567375886524822
0.46774193548387094 0.20567375886524822
0.46774193548387094 0.20567375886524822
0.46774193548387094 0.20567375886524822
0.46774193548387094 0.20567375886524822
0.46774193548387094 0.20567375886524822
0.46774193548387094 0.20567375886524822
0.46774193548387094 0.20567375886524822
