1.0 0.003134796238244514
1.0 0.006269592476489028
1.0 0.009404388714733543
1.0 0.012539184952978056
1.0 0.01567398119122257
1.0 0.018808777429467086
0.8571428571428571 0.018808777429467086
0.75 0.018808777429467086
0.7777777777777778 0.0219435736677116
0.7 0.0219435736677116
0.6363636363636364 0.0219435736677116
0.5833333333333334 0.0219435736677116
0.6153846153846154 0.025078369905956112
0.6428571428571429 0.02821316614420063
0.6666666666666666 0.03134796238244514
0.6875 0.034482758620689655
0.7058823529411765 0.03761755485893417
0.7222222222222222 0.04075235109717868
0.7368421052631579 0.0438871473354232
0.75 0.047021943573667714
0.7142857142857143 0.047021943573667714
0.6818181818181818 0.047021943573667714
0.6521739130434783 0.047021943573667714
0.625 0.047021943573667714
0.6 0.047021943573667714
0.5769230769230769 0.047021943573667714
0.5555555555555556 0.047021943573667714
0.5357142857142857 0.047021943573667714
0.5517241379310345 0.050156739811912224
0.5666666666666667 0.05329153605015674
0.5483870967741935 0.05329153605015674
0.53125 0.05329153605015674
0.5151515151515151 0.05329153605015674
0.5 0.05329153605015674
0.4857142857142857 0.05329153605015674
0.5 0.05642633228840126
0.5135135135135135 0.05956112852664577
0.5263157894736842 0.06269592476489028
0.5384615384615384 0.06583072100313479
0.55 0.06896551724137931
0.5609756097560976 0.07210031347962383
0.5714285714285714 0.07523510971786834
0.5581395348837209 0.07523510971786834
0.5454545454545454 0.07523510971786834
0.5333333333333333 0.07523510971786834
0.5217391304347826 0.07523510971786834
0.5106382978723404 0.07523510971786834
0.5 0.07523510971786834
0.4897959183673469 0.07523510971786834
0.48 0.07523510971786834
0.49019607843137253 0.07836990595611286
0.4807692307692308 0.07836990595611286
0.4716981132075472 0.07836990595611286
0.46296296296296297 0.07836990595611286
0.45454545454545453 0.07836990595611286
0.44642857142857145 0.07836990595611286
0.45614035087719296 0.08150470219435736
0.46551724137931033 0.08463949843260188
0.4745762711864407 0.0877742946708464
0.48333333333333334 0.09090909090909091
0.4918032786885246 0.09404388714733543
0.5 0.09717868338557993
0.5079365079365079 0.10031347962382445
0.5 0.10031347962382445
0.49230769230769234 0.10031347962382445
0.48484848484848486 0.10031347962382445
0.47761194029850745 0.10031347962382445
0.47058823529411764 0.10031347962382445
0.463768115942029 0.10031347962382445
0.45714285714285713 0.10031347962382445
0.4507042253521127 0.10031347962382445
0.4444444444444444 0.10031347962382445
0.4520547945205479 0.10344827586206896
0.4594594594594595 0.10658307210031348
0.4533333333333333 0.10658307210031348
0.4605263157894737 0.109717868338558
0.4675324675324675 0.11285266457680251
0.46153846153846156 0.11285266457680251
0.45569620253164556 0.11285266457680251
0.45 0.11285266457680251
0.4567901234567901 0.11598746081504702
0.4634146341463415 0.11912225705329153
0.46987951807228917 0.12225705329153605
0.47619047619047616 0.12539184952978055
0.4823529411764706 0.12852664576802508
0.47674418604651164 0.12852664576802508
0.47126436781609193 0.12852664576802508
0.4659090909090909 0.12852664576802508
0.4606741573033708 0.12852664576802508
0.4666666666666667 0.13166144200626959
0.4725274725274725 0.13479623824451412
0.4673913043478261 0.13479623824451412
0.46236559139784944 0.13479623824451412
0.4574468085106383 0.13479623824451412
0.4631578947368421 0.13793103448275862
0.4583333333333333 0.13793103448275862
0.4536082474226804 0.13793103448275862
0.45918367346938777 0.14106583072100312
0.46464646464646464 0.14420062695924765
0.46 0.14420062695924765
0.45544554455445546 0.14420062695924765
0.45098039215686275 0.14420062695924765
0.44660194174757284 0.14420062695924765
0.4519230769230769 0.14733542319749215
0.45714285714285713 0.15047021943573669
0.4528301886792453 0.15047021943573669
0.45794392523364486 0.1536050156739812
0.46296296296296297 0.15673981191222572
0.46788990825688076 0.15987460815047022
0.4636363636363636 0.15987460815047022
0.46846846846846846 0.16300940438871472
0.4732142857142857 0.16614420062695925
0.4778761061946903 0.16927899686520376
0.47368421052631576 0.16927899686520376
0.46956521739130436 0.16927899686520376
0.46551724137931033 0.16927899686520376
0.46153846153846156 0.16927899686520376
0.4576271186440678 0.16927899686520376
0.453781512605042 0.16927899686520376
0.45 0.16927899686520376
0.45454545454545453 0.1724137931034483
0.45901639344262296 0.1755485893416928
0.4634146341463415 0.1786833855799373
