0.0 0.0
0.0 0.0
0.0 0.0
0.0 0.0
0.0 0.0
0.0 0.0
0.0 0.0
0.0 0.0
0.0 0.0
0.0 0.0
0.0 0.0
0.0 0.0
0.05 0.0016313213703099511
0.047619047619047616 0.0016313213703099511
0.043478260869565216 0.0016313213703099511
0.04 0.0016313213703099511
0.038461538461538464 0.0016313213703099511
0.07407407407407407 0.0032626427406199023
0.10714285714285714 0.004893964110929853
0.13793103448275862 0.0065252854812398045
0.16666666666666666 0.008156606851549755
0.1935483870967742 0.009787928221859706
0.21875 0.011419249592169658
0.23529411764705882 0.013050570962479609
0.2571428571428571 0.01468189233278956
0.2777777777777778 0.01631321370309951
0.2972972972972973 0.01794453507340946
0.3157894736842105 0.01957585644371941
0.3333333333333333 0.021207177814029365
0.35 0.022838499184339316
0.34146341463414637 0.022838499184339316
0.32558139534883723 0.022838499184339316
0.3111111111111111 0.022838499184339316
0.30434782608695654 0.022838499184339316
0.2916666666666667 0.022838499184339316
0.2857142857142857 0.022838499184339316
0.27450980392156865 0.022838499184339316
0.2692307692307692 0.022838499184339316
0.2641509433962264 0.022838499184339316
0.25925925925925924 0.022838499184339316
0.25 0.022838499184339316
0.24561403508771928 0.022838499184339316
0.2413793103448276 0.022838499184339316
0.23333333333333334 0.022838499184339316
0.22580645161290322 0.022838499184339316
0.21875 0.022838499184339316
0.21212121212121213 0.022838499184339316
0.208955223880597 0.022838499184339316
0.20588235294117646 0.022838499184339316
0.2028985507246377 0.022838499184339316
0.2 0.022838499184339316
0.19718309859154928 0.022838499184339316
0.19444444444444445 0.022838499184339316
0.1917808219178082 0.022838499184339316
0.1891891891891892 0.022838499184339316
0.18421052631578946 0.022838499184339316
0.18181818181818182 0.022838499184339316
0.1794871794871795 0.022838499184339316
0.17721518987341772 0.022838499184339316
0.175 0.022838499184339316
0.1728395061728395 0.022838499184339316
0.17073170731707318 0.022838499184339316
0.16666666666666666 0.022838499184339316
0.16470588235294117 0.022838499184339316
0.16279069767441862 0.022838499184339316
0.16091954022988506 0.022838499184339316
0.1590909090909091 0.022838499184339316
0.15730337078651685 0.022838499184339316
0.15555555555555556 0.022838499184339316
0.15384615384615385 0.022838499184339316
0.15053763440860216 0.022838499184339316
0.14736842105263157 0.022838499184339316
0.14583333333333334 0.022838499184339316
0.14432989690721648 0.022838499184339316
0.14 0.022838499184339316
0.13725490196078433 0.022838499184339316
0.1346153846153846 0.022838499184339316
0.13333333333333333 0.022838499184339316
0.12962962962962962 0.022838499184339316
0.12727272727272726 0.022838499184339316
0.125 0.022838499184339316
0.13043478260869565 0.024469820554649267
0.12931034482758622 0.024469820554649267
0.1282051282051282 0.024469820554649267
0.12605042016806722 0.024469820554649267
0.12396694214876033 0.024469820554649267
0.12195121951219512 0.024469820554649267
0.12 0.024469820554649267
0.11811023622047244 0.024469820554649267
0.11627906976744186 0.024469820554649267
0.11538461538461539 0.024469820554649267
0.11363636363636363 0.024469820554649267
0.1111111111111111 0.024469820554649267
0.11029411764705882 0.024469820554649267
0.10948905109489052 0.024469820554649267
0.10869565217391304 0.024469820554649267
0.10714285714285714 0.024469820554649267
0.1056338028169014 0.024469820554649267
0.10416666666666667 0.024469820554649267
0.10344827586206896 0.024469820554649267
0.10204081632653061 0.024469820554649267
0.10738255033557047 0.026101141924959218
0.10666666666666667 0.026101141924959218
0.10596026490066225 0.026101141924959218
0.10526315789473684 0.026101141924959218
0.10457516339869281 0.026101141924959218
0.1038961038961039 0.026101141924959218
0.1032258064516129 0.026101141924959218
0.10256410256410256 0.026101141924959218
0.10191082802547771 0.026101141924959218
0.10126582278481013 0.026101141924959218
0.1 0.026101141924959218
0.09937888198757763 0.026101141924959218
0.09815950920245399 0.026101141924959218
0.09696969696969697 0.026101141924959218
0.0963855421686747 0.026101141924959218
0.09523809523809523 0.026101141924959218
0.09467455621301775 0.026101141924959218
0.09411764705882353 0.026101141924959218
0.0935672514619883 0.026101141924959218
0.09302325581395349 0.026101141924959218
0.09248554913294797 0.026101141924959218
0.09142857142857143 0.026101141924959218
0.0903954802259887 0.026101141924959218
0.0898876404494382 0.026101141924959218
0.08888888888888889 0.026101141924959218
0.08839779005524862 0.026101141924959218
0.08791208791208792 0.026101141924959218
0.08695652173913043 0.026101141924959218
0.08602150537634409 0.026101141924959218
0.0855614973262032 0.026101141924959218
0.08465608465608465 0.026101141924959218
0.08421052631578947 0.026101141924959218
0.08376963350785341 0.026101141924959218
0.08333333333333333 0.026101141924959218
0.08290155440414508 0.026101141924959218
0.08247422680412371 0.026101141924959218
0.08205128205128205 0.026101141924959218
0.08121827411167512 0.026101141924959218
0.08080808080808081 0.026101141924959218
0.08040201005025126 0.026101141924959218
0.08 0.026101141924959218
0.07960199004975124 0.026101141924959218
0.07881773399014778 0.026101141924959218
0.07804878048780488 0.026101141924959218
0.07766990291262135 0.026101141924959218
0.07692307692307693 0.026101141924959218
0.07582938388625593 0.026101141924959218
0.07511737089201878 0.026101141924959218
0.07476635514018691 0.026101141924959218
0.07441860465116279 0.026101141924959218
0.07407407407407407 0.026101141924959218
0.07373271889400922 0.026101141924959218
0.07339449541284404 0.026101141924959218
0.07272727272727272 0.026101141924959218
0.07207207207207207 0.026101141924959218
0.07142857142857142 0.026101141924959218
0.07111111111111111 0.026101141924959218
0.07048458149779736 0.026101141924959218
0.07017543859649122 0.026101141924959218
0.06956521739130435 0.026101141924959218
0.06926406926406926 0.026101141924959218
0.06896551724137931 0.026101141924959218
0.06837606837606838 0.026101141924959218
0.06808510638297872 0.026101141924959218
0.06779661016949153 0.026101141924959218
0.06751054852320675 0.026101141924959218
0.06722689075630252 0.026101141924959218
0.06694560669456066 0.026101141924959218
0.06639004149377593 0.026101141924959218
0.06584362139917696 0.026101141924959218
0.06557377049180328 0.026101141924959218
0.0653061224489796 0.026101141924959218
0.06477732793522267 0.026101141924959218
0.06451612903225806 0.026101141924959218
0.064 0.026101141924959218
0.06349206349206349 0.026101141924959218
0.06299212598425197 0.026101141924959218
0.06274509803921569 0.026101141924959218
0.0625 0.026101141924959218
0.06201550387596899 0.026101141924959218
0.06177606177606178 0.026101141924959218
0.06153846153846154 0.026101141924959218
0.061068702290076333 0.026101141924959218
0.060836501901140684 0.026101141924959218
0.06060606060606061 0.026101141924959218
0.06037735849056604 0.026101141924959218
0.0599250936329588 0.026101141924959218
0.05970149253731343 0.026101141924959218
0.05925925925925926 0.026101141924959218
0.05860805860805861 0.026101141924959218
0.05818181818181818 0.026101141924959218
0.05755395683453238 0.026101141924959218
0.06093189964157706 0.02773246329526917
0.06428571428571428 0.02936378466557912
0.06405693950177936 0.02936378466557912
0.0673758865248227 0.03099510603588907
0.06713780918727916 0.03099510603588907
0.07042253521126761 0.03262642740619902
0.07017543859649122 0.03262642740619902
0.06993006993006994 0.03262642740619902
0.06968641114982578 0.03262642740619902
0.06944444444444445 0.03262642740619902
0.06896551724137931 0.03262642740619902
0.07216494845360824 0.03425774877650897
0.07534246575342465 0.03588907014681892
0.07508532423208192 0.03588907014681892
0.07482993197278912 0.03588907014681892
0.07796610169491526 0.037520391517128875
0.0777027027027027 0.037520391517128875
0.07744107744107744 0.037520391517128875
0.07718120805369127 0.037520391517128875
0.07692307692307693 0.037520391517128875
0.07641196013289037 0.037520391517128875
0.07947019867549669 0.03915171288743882
0.08250825082508251 0.040783034257748776
0.08223684210526316 0.040783034257748776
0.08196721311475409 0.040783034257748776
0.08496732026143791 0.04241435562805873
0.08469055374592833 0.04241435562805873
0.08441558441558442 0.04241435562805873
0.08414239482200647 0.04241435562805873
0.08387096774193549 0.04241435562805873
0.08333333333333333 0.04241435562805873
0.08306709265175719 0.04241435562805873
0.08280254777070063 0.04241435562805873
0.08253968253968254 0.04241435562805873
0.08227848101265822 0.04241435562805873
0.08201892744479496 0.04241435562805873
0.08176100628930817 0.04241435562805873
0.08150470219435736 0.04241435562805873
0.08125 0.04241435562805873
0.08099688473520249 0.04241435562805873
0.08074534161490683 0.04241435562805873
0.08024691358024691 0.04241435562805873
0.07975460122699386 0.04241435562805873
0.07951070336391437 0.04241435562805873
0.07926829268292683 0.04241435562805873
0.0790273556231003 0.04241435562805873
0.07878787878787878 0.04241435562805873
0.07854984894259819 0.04241435562805873
0.0783132530120482 0.04241435562805873
0.07784431137724551 0.04241435562805873
0.07761194029850746 0.04241435562805873
0.07738095238095238 0.04241435562805873
0.0771513353115727 0.04241435562805873
0.07692307692307693 0.04241435562805873
0.07669616519174041 0.04241435562805873
0.07647058823529412 0.04241435562805873
0.07602339181286549 0.04241435562805873
0.0755813953488372 0.04241435562805873
0.07536231884057971 0.04241435562805873
0.07492795389048991 0.04241435562805873
0.07471264367816093 0.04241435562805873
0.07428571428571429 0.04241435562805873
0.07365439093484419 0.04241435562805873
0.07323943661971831 0.04241435562805873
0.07303370786516854 0.04241435562805873
0.07282913165266107 0.04241435562805873
0.07242339832869081 0.04241435562805873
0.07222222222222222 0.04241435562805873
0.07202216066481995 0.04241435562805873
0.07162534435261708 0.04241435562805873
0.07123287671232877 0.04241435562805873
0.07084468664850137 0.04241435562805873
0.07046070460704607 0.04241435562805873
0.07008086253369272 0.04241435562805873
0.06989247311827956 0.04241435562805873
0.06970509383378017 0.04241435562805873
0.06933333333333333 0.04241435562805873
0.06896551724137931 0.04241435562805873
0.07105263157894737 0.04404567699836868
0.07349081364829396 0.04567699836867863
0.07591623036649214 0.04730831973898858
0.0783289817232376 0.048939641109298535
0.08072916666666667 0.05057096247960848
0.08311688311688312 0.052202283849918436
0.08549222797927461 0.053833605220228384
0.08762886597938144 0.05546492659053834
0.08997429305912596 0.057096247960848286
0.09230769230769231 0.05872756933115824
0.09462915601023018 0.06035889070146819
0.09693877551020408 0.06199021207177814
0.09923664122137404 0.0636215334420881
0.10152284263959391 0.06525285481239804
0.10126582278481013 0.06525285481239804
0.10101010101010101 0.06525285481239804
0.10075566750629723 0.06525285481239804
0.10025062656641603 0.06525285481239804
0.1 0.06525285481239804
0.09975062344139651 0.06525285481239804
0.09950248756218906 0.06525285481239804
0.09925558312655088 0.06525285481239804
0.09900990099009901 0.06525285481239804
0.09876543209876543 0.06525285481239804
0.09852216748768473 0.06525285481239804
0.09828009828009827 0.06525285481239804
0.097799511002445 0.06525285481239804
0.09732360097323602 0.06525285481239804
0.0970873786407767 0.06525285481239804
0.09685230024213075 0.06525285481239804
0.0966183574879227 0.06525285481239804
0.09615384615384616 0.06525285481239804
0.09592326139088729 0.06525285481239804
0.0954653937947494 0.06525285481239804
0.09523809523809523 0.06525285481239804
0.09501187648456057 0.06525285481239804
0.09456264775413711 0.06525285481239804
0.09411764705882353 0.06525285481239804
0.09389671361502347 0.06525285481239804
0.09345794392523364 0.06525285481239804
0.09302325581395349 0.06525285481239804
0.09490740740740741 0.06688417618270799
0.09699769053117784 0.06851549755301795
0.09907834101382489 0.0701468189233279
0.10114942528735632 0.07177814029363784
0.10321100917431193 0.0734094616639478
0.10526315789473684 0.07504078303425775
0.10730593607305935 0.0766721044045677
0.1070615034168565 0.0766721044045677
0.10681818181818181 0.0766721044045677
0.10657596371882086 0.0766721044045677
0.10633484162895927 0.0766721044045677
0.10585585585585586 0.0766721044045677
0.10538116591928251 0.0766721044045677
0.10491071428571429 0.0766721044045677
0.10444444444444445 0.0766721044045677
0.10398230088495575 0.0766721044045677
0.10375275938189846 0.0766721044045677
0.10352422907488987 0.0766721044045677
0.10329670329670329 0.0766721044045677
0.10284463894967177 0.0766721044045677
0.10262008733624454 0.0766721044045677
0.10217391304347827 0.0766721044045677
0.10173160173160173 0.0766721044045677
0.10129310344827586 0.0766721044045677
0.1010752688172043 0.0766721044045677
0.1006423982869379 0.0766721044045677
0.10021321961620469 0.0766721044045677
0.1 0.0766721044045677
0.09978768577494693 0.0766721044045677
0.09957627118644068 0.0766721044045677
0.09936575052854123 0.0766721044045677
0.09915611814345991 0.0766721044045677
0.09894736842105263 0.0766721044045677
0.09873949579831932 0.0766721044045677
0.09853249475890985 0.0766721044045677
0.09832635983263599 0.0766721044045677
0.09771309771309772 0.0766721044045677
0.0975103734439834 0.0766721044045677
0.09730848861283643 0.0766721044045677
0.09690721649484536 0.0766721044045677
0.09670781893004116 0.0766721044045677
0.09650924024640657 0.0766721044045677
0.09631147540983606 0.0766721044045677
0.09611451942740286 0.0766721044045677
0.09591836734693877 0.0766721044045677
0.09572301425661914 0.0766721044045677
0.09552845528455285 0.0766721044045677
0.09533468559837728 0.0766721044045677
0.09494949494949495 0.0766721044045677
0.09456740442655935 0.0766721044045677
0.09418837675350701 0.0766721044045677
0.09381237524950099 0.0766721044045677
0.09362549800796813 0.0766721044045677
0.09343936381709742 0.0766721044045677
0.09325396825396826 0.0766721044045677
0.09288537549407115 0.0766721044045677
0.09251968503937008 0.0766721044045677
0.09233791748526522 0.0766721044045677
0.09215686274509804 0.0766721044045677
0.09197651663405088 0.0766721044045677
0.09161793372319688 0.0766721044045677
0.0914396887159533 0.0766721044045677
0.09108527131782945 0.0766721044045677
0.09090909090909091 0.0766721044045677
0.09073359073359073 0.0766721044045677
0.09038461538461538 0.0766721044045677
0.09021113243761997 0.0766721044045677
0.09003831417624521 0.0766721044045677
0.08986615678776291 0.0766721044045677
0.08952380952380952 0.0766721044045677
0.08935361216730038 0.0766721044045677
0.08918406072106262 0.0766721044045677
0.08901515151515152 0.0766721044045677
0.0888468809073724 0.0766721044045677
0.08867924528301886 0.0766721044045677
0.08851224105461393 0.0766721044045677
0.08834586466165413 0.0766721044045677
0.08818011257035648 0.0766721044045677
0.08801498127340825 0.0766721044045677
0.08768656716417911 0.0766721044045677
0.08752327746741155 0.0766721044045677
0.08719851576994433 0.0766721044045677
0.08703703703703704 0.0766721044045677
0.08671586715867159 0.0766721044045677
0.0865561694290976 0.0766721044045677
0.08623853211009175 0.0766721044045677
0.08608058608058608 0.0766721044045677
0.08576642335766424 0.0766721044045677
0.08561020036429873 0.0766721044045677
0.0852994555353902 0.0766721044045677
0.08499095840867993 0.0766721044045677
0.08468468468468468 0.0766721044045677
0.0843806104129264 0.0766721044045677
0.08422939068100359 0.0766721044045677
0.08392857142857142 0.0766721044045677
0.08377896613190731 0.0766721044045677
0.08362989323843416 0.0766721044045677
0.08333333333333333 0.0766721044045677
0.0831858407079646 0.0766721044045677
0.08289241622574955 0.0766721044045677
0.08274647887323944 0.0766721044045677
0.0824561403508772 0.0766721044045677
0.08216783216783216 0.0766721044045677
0.08188153310104529 0.0766721044045677
0.0817391304347826 0.0766721044045677
0.08145580589254767 0.0766721044045677
0.08131487889273356 0.0766721044045677
0.08103448275862069 0.0766721044045677
0.08075601374570447 0.0766721044045677
0.08047945205479452 0.0766721044045677
0.08034188034188035 0.0766721044045677
0.08020477815699659 0.0766721044045677
0.08006814310051108 0.0766721044045677
0.07993197278911565 0.0766721044045677
0.07966101694915254 0.0766721044045677
0.07925801011804384 0.0766721044045677
0.07899159663865546 0.0766721044045677
0.07885906040268456 0.0766721044045677
0.07859531772575251 0.0766721044045677
0.07833333333333334 0.0766721044045677
0.07807308970099668 0.0766721044045677
0.0779436152570481 0.0766721044045677
0.07781456953642384 0.0766721044045677
0.07768595041322314 0.0766721044045677
0.07755775577557755 0.0766721044045677
0.07742998352553541 0.0766721044045677
0.07730263157894737 0.0766721044045677
0.07704918032786885 0.0766721044045677
0.07679738562091504 0.0766721044045677
0.07654723127035831 0.0766721044045677
0.0762987012987013 0.0766721044045677
0.07605177993527508 0.0766721044045677
0.07580645161290323 0.0766721044045677
0.07568438003220612 0.0766721044045677
0.07556270096463022 0.0766721044045677
0.07532051282051282 0.0766721044045677
0.0752 0.0766721044045677
0.07507987220447285 0.0766721044045677
0.07496012759170653 0.0766721044045677
0.0746031746031746 0.0766721044045677
0.07436708860759493 0.0766721044045677
0.07424960505529225 0.0766721044045677
0.07413249211356467 0.0766721044045677
0.07401574803149606 0.0766721044045677
0.07389937106918239 0.0766721044045677
0.07378335949764521 0.0766721044045677
0.07355242566510173 0.0766721044045677
0.0734375 0.0766721044045677
0.07320872274143302 0.0766721044045677
0.07298136645962733 0.0766721044045677
0.07275541795665634 0.0766721044045677
0.07264296754250386 0.0766721044045677
0.07253086419753087 0.0766721044045677
0.0724191063174114 0.0766721044045677
0.07219662058371736 0.0766721044045677
0.07197549770290965 0.0766721044045677
0.0717557251908397 0.0766721044045677
0.07164634146341463 0.0766721044045677
0.0715372907153729 0.0766721044045677
0.07132018209408195 0.0766721044045677
0.07110438729198185 0.0766721044045677
0.07088989441930618 0.0766721044045677
0.07078313253012049 0.0766721044045677
0.07057057057057058 0.0766721044045677
0.07035928143712575 0.0766721044045677
0.07014925373134329 0.0766721044045677
0.06983655274888559 0.0766721044045677
0.0695266272189349 0.0766721044045677
0.06942392909896603 0.0766721044045677
0.06921944035346098 0.0766721044045677
0.06911764705882353 0.0766721044045677
0.06901615271659324 0.0766721044045677
0.0689149560117302 0.0766721044045677
0.06881405563689605 0.0766721044045677
0.06861313868613139 0.0766721044045677
0.06851311953352769 0.0766721044045677
0.06841339155749636 0.0766721044045677
0.06831395348837209 0.0766721044045677
0.06821480406386067 0.0766721044045677
0.06811594202898551 0.0766721044045677
0.06791907514450866 0.0766721044045677
0.06782106782106782 0.0766721044045677
0.06772334293948126 0.0766721044045677
0.06762589928057554 0.0766721044045677
0.06752873563218391 0.0766721044045677
0.06743185078909612 0.0766721044045677
0.06723891273247497 0.0766721044045677
0.06714285714285714 0.0766721044045677
0.06695156695156695 0.0766721044045677
0.06676136363636363 0.0766721044045677
0.06666666666666667 0.0766721044045677
0.06657223796033994 0.0766721044045677
0.06638418079096045 0.0766721044045677
0.06619718309859154 0.0766721044045677
0.06610407876230662 0.0766721044045677
0.06601123595505617 0.0766721044045677
0.06591865357643759 0.0766721044045677
0.06573426573426573 0.0766721044045677
0.06564245810055866 0.0766721044045677
0.06555090655509066 0.0766721044045677
0.06545961002785515 0.0766721044045677
0.06527777777777778 0.0766721044045677
0.0651872399445215 0.0766721044045677
0.06500691562932227 0.0766721044045677
0.06482758620689655 0.0766721044045677
0.06473829201101929 0.0766721044045677
0.06456043956043957 0.0766721044045677
0.06429548563611491 0.0766721044045677
0.06403269754768393 0.0766721044045677
0.06394557823129252 0.0766721044045677
0.06385869565217392 0.0766721044045677
0.06512890094979647 0.07830342577487764
0.06495263870094722 0.07830342577487764
0.06486486486486487 0.07830342577487764
0.06477732793522267 0.07830342577487764
0.06460296096904442 0.07830342577487764
0.06442953020134229 0.07830342577487764
0.064343163538874 0.07830342577487764
0.06417112299465241 0.07830342577487764
0.06408544726301736 0.07830342577487764
0.06391478029294274 0.07830342577487764
0.06382978723404255 0.07830342577487764
0.0636604774535809 0.07830342577487764
0.06357615894039735 0.07830342577487764
0.06340819022457067 0.07830342577487764
0.0633245382585752 0.07830342577487764
0.06315789473684211 0.07830342577487764
0.06307490144546649 0.07830342577487764
0.06290956749672345 0.07830342577487764
0.06282722513089005 0.07830342577487764
0.06266318537859007 0.07830342577487764
0.06258148631029987 0.07830342577487764
0.0625 0.07830342577487764
0.06241872561768531 0.07830342577487764
0.0622568093385214 0.07830342577487764
0.06217616580310881 0.07830342577487764
0.062095730918499355 0.07830342577487764
0.06201550387596899 0.07830342577487764
0.061855670103092786 0.07830342577487764
0.06177606177606178 0.07830342577487764
0.06161745827984596 0.07830342577487764
0.06153846153846154 0.07830342577487764
0.061381074168797956 0.07830342577487764
0.06130268199233716 0.07830342577487764
0.061146496815286625 0.07830342577487764
0.061068702290076333 0.07830342577487764
0.06091370558375635 0.07830342577487764
0.060836501901140684 0.07830342577487764
0.060759493670886074 0.07830342577487764
0.06060606060606061 0.07830342577487764
0.0605296343001261 0.07830342577487764
0.06037735849056604 0.07830342577487764
0.06030150753768844 0.07830342577487764
0.060225846925972396 0.07830342577487764
0.060075093867334166 0.07830342577487764
0.06 0.07830342577487764
0.0599250936329588 0.07830342577487764
0.059850374064837904 0.07830342577487764
0.05977584059775841 0.07830342577487764
0.05970149253731343 0.07830342577487764
0.05962732919254658 0.07830342577487764
0.05955334987593052 0.07830342577487764
0.05947955390334572 0.07830342577487764
0.059332509270704575 0.07830342577487764
0.05925925925925926 0.07830342577487764
0.059186189889025895 0.07830342577487764
0.059113300492610835 0.07830342577487764
0.05904059040590406 0.07830342577487764
0.05889570552147239 0.07830342577487764
0.058823529411764705 0.07830342577487764
0.0587515299877601 0.07830342577487764
0.05867970660146699 0.07830342577487764
0.05853658536585366 0.07830342577487764
0.058394160583941604 0.07830342577487764
0.0583232077764277 0.07830342577487764
0.05825242718446602 0.07830342577487764
0.05811138014527845 0.07830342577487764
0.05804111245465538 0.07830342577487764
0.05790108564535585 0.07830342577487764
0.05783132530120482 0.07830342577487764
0.05776173285198556 0.07830342577487764
0.057692307692307696 0.07830342577487764
0.057623049219687875 0.07830342577487764
0.05755395683453238 0.07830342577487764
0.05741626794258373 0.07830342577487764
0.05734767025089606 0.07830342577487764
0.057279236276849645 0.07830342577487764
0.057210965435041714 0.07830342577487764
0.05714285714285714 0.07830342577487764
0.057074910820451845 0.07830342577487764
0.057007125890736345 0.07830342577487764
0.05687203791469194 0.07830342577487764
0.05673758865248227 0.07830342577487764
0.05660377358490566 0.07830342577487764
0.05653710247349823 0.07830342577487764
0.05647058823529412 0.07830342577487764
0.0564042303172738 0.07830342577487764
0.056338028169014086 0.07830342577487764
0.05627198124267292 0.07830342577487764
0.05620608899297424 0.07830342577487764
0.056140350877192984 0.07830342577487764
0.056074766355140186 0.07830342577487764
0.056009334889148193 0.07830342577487764
0.055944055944055944 0.07830342577487764
0.05587892898719441 0.07830342577487764
0.05574912891986063 0.07830342577487764
0.05568445475638051 0.07830342577487764
0.055619930475086905 0.07830342577487764
0.05555555555555555 0.07830342577487764
0.055491329479768786 0.07830342577487764
0.05542725173210162 0.07830342577487764
0.05536332179930796 0.07830342577487764
0.055299539170506916 0.07830342577487764
0.05517241379310345 0.07830342577487764
0.05510907003444317 0.07830342577487764
0.05504587155963303 0.07830342577487764
0.05491990846681922 0.07830342577487764
0.054857142857142854 0.07830342577487764
0.0547945205479452 0.07830342577487764
0.05473204104903079 0.07830342577487764
0.05466970387243736 0.07830342577487764
0.05460750853242321 0.07830342577487764
0.05454545454545454 0.07830342577487764
0.05448354143019296 0.07830342577487764
0.05442176870748299 0.07830342577487764
0.05429864253393665 0.07830342577487764
0.055304740406320545 0.0799347471451876
0.05636978579481398 0.08156606851549755
0.05630630630630631 0.08156606851549755
0.056179775280898875 0.08156606851549755
0.05611672278338945 0.08156606851549755
0.05605381165919283 0.08156606851549755
0.055991041433370664 0.08156606851549755
0.05592841163310962 0.08156606851549755
0.05580357142857143 0.08156606851549755
0.055741360089186176 0.08156606851549755
0.0556792873051225 0.08156606851549755
0.05672969966629588 0.08319738988580751
0.056666666666666664 0.08319738988580751
0.05660377358490566 0.08319738988580751
0.0565410199556541 0.08319738988580751
0.05647840531561462 0.08319738988580751
0.05641592920353982 0.08319738988580751
0.056291390728476824 0.08319738988580751
0.05622932745314223 0.08319738988580751
0.05616740088105727 0.08319738988580751
0.056105610561056105 0.08319738988580751
0.056043956043956046 0.08319738988580751
0.0570801317233809 0.08482871125611746
0.05701754385964912 0.08482871125611746
0.05805038335158817 0.0864600326264274
0.05792349726775956 0.0864600326264274
0.05786026200873363 0.0864600326264274
0.05779716466739367 0.0864600326264274
0.05773420479302832 0.0864600326264274
0.05767138193688792 0.0864600326264274
0.057608695652173914 0.0864600326264274
0.05754614549402823 0.0864600326264274
0.057483731019522775 0.0864600326264274
0.05742145178764897 0.0864600326264274
0.05735930735930736 0.0864600326264274
0.05723542116630669 0.0864600326264274
0.05705059203444564 0.0864600326264274
0.05698924731182796 0.0864600326264274
0.05692803437164339 0.0864600326264274
0.05686695278969957 0.0864600326264274
0.05680600214362272 0.0864600326264274
0.056623931623931624 0.0864600326264274
0.05656350053361793 0.0864600326264274
0.05644302449414271 0.0864600326264274
0.05638297872340425 0.0864600326264274
0.0563230605738576 0.0864600326264274
0.05626326963906582 0.0864600326264274
0.05614406779661017 0.0864600326264274
0.056084656084656084 0.0864600326264274
0.0559662090813094 0.0864600326264274
0.05590717299578059 0.0864600326264274
0.05584826132771338 0.0864600326264274
0.05573080967402734 0.0864600326264274
0.05567226890756303 0.0864600326264274
0.05555555555555555 0.0864600326264274
0.05549738219895288 0.0864600326264274
0.05543933054393305 0.0864600326264274
0.055381400208986416 0.0864600326264274
0.055323590814196244 0.0864600326264274
0.05526590198123045 0.0864600326264274
0.05520833333333333 0.0864600326264274
0.055150884495317375 0.0864600326264274
0.0550935550935551 0.0864600326264274
0.055036344755970926 0.0864600326264274
0.054979253112033194 0.0864600326264274
0.054922279792746116 0.0864600326264274
0.054865424430641824 0.0864600326264274
0.05480868665977249 0.0864600326264274
0.05475206611570248 0.0864600326264274
0.054695562435500514 0.0864600326264274
0.05463917525773196 0.0864600326264274
0.05452674897119342 0.0864600326264274
0.05447070914696814 0.0864600326264274
0.05435897435897436 0.0864600326264274
0.05430327868852459 0.0864600326264274
0.05424769703172978 0.0864600326264274
0.0541922290388548 0.0864600326264274
0.054136874361593465 0.0864600326264274
0.05402650356778797 0.0864600326264274
0.0539714867617108 0.0864600326264274
0.05391658189216684 0.0864600326264274
0.05386178861788618 0.0864600326264274
0.05380710659898477 0.0864600326264274
0.0537525354969574 0.0864600326264274
0.053643724696356275 0.0864600326264274
0.05358948432760364 0.0864600326264274
0.05348133198789102 0.0864600326264274
0.05342741935483871 0.0864600326264274
0.05337361530715005 0.0864600326264274
0.05331991951710262 0.0864600326264274
0.053266331658291456 0.0864600326264274
0.05315947843530592 0.0864600326264274
0.05305305305305305 0.0864600326264274
0.053 0.0864600326264274
0.052947052947052944 0.0864600326264274
0.05289421157684631 0.0864600326264274
0.05284147557328016 0.0864600326264274
0.052788844621513946 0.0864600326264274
0.0527363184079602 0.0864600326264274
0.05268389662027833 0.0864600326264274
0.05257936507936508 0.0864600326264274
0.05252725470763132 0.0864600326264274
0.05247524752475247 0.0864600326264274
0.05237154150197629 0.0864600326264274
0.05231984205330701 0.0864600326264274
0.05226824457593689 0.0864600326264274
0.052216748768472904 0.0864600326264274
0.05216535433070866 0.0864600326264274
0.05206286836935167 0.0864600326264274
0.052011776251226695 0.0864600326264274
0.05190989226248776 0.0864600326264274
0.05185909980430528 0.0864600326264274
0.05278592375366569 0.08809135399673736
0.052734375 0.08809135399673736
0.05268292682926829 0.08809135399673736
0.05263157894736842 0.08809135399673736
0.05252918287937743 0.08809135399673736
0.052478134110787174 0.08809135399673736
0.05242718446601942 0.08809135399673736
0.052376333656644035 0.08809135399673736
0.05232558139534884 0.08809135399673736
0.05222437137330754 0.08809135399673736
0.05217391304347826 0.08809135399673736
0.052123552123552123 0.08809135399673736
0.05202312138728324 0.08809135399673736
0.0519730510105871 0.08809135399673736
0.051923076923076926 0.08809135399673736
0.05182341650671785 0.08809135399673736
0.05177372962607862 0.08809135399673736
0.05172413793103448 0.08809135399673736
0.05167464114832536 0.08809135399673736
0.05162523900573614 0.08809135399673736
0.05157593123209169 0.08809135399673736
0.05152671755725191 0.08809135399673736
0.05147759771210677 0.08809135399673736
0.05142857142857143 0.08809135399673736
0.05137963843958135 0.08809135399673736
0.051330798479087454 0.08809135399673736
0.05128205128205128 0.08809135399673736
0.051233396584440226 0.08809135399673736
0.05118483412322275 0.08809135399673736
0.0510879848628193 0.08809135399673736
0.05103969754253308 0.08809135399673736
0.0509433962264151 0.08809135399673736
0.05084745762711865 0.08809135399673736
0.05075187969924812 0.08809135399673736
0.051643192488262914 0.08972267536704731
0.051594746716697934 0.08972267536704731
0.05144995322731525 0.08972267536704731
0.0514018691588785 0.08972267536704731
0.051353874883286646 0.08972267536704731
0.05125815470643057 0.08972267536704731
0.051210428305400374 0.08972267536704731
0.05116279069767442 0.08972267536704731
0.05111524163568773 0.08972267536704731
0.05102040816326531 0.08972267536704731
0.05097312326227989 0.08972267536704731
0.05092592592592592 0.08972267536704731
0.05083179297597042 0.08972267536704731
0.050784856879039705 0.08972267536704731
0.0507380073800738 0.08972267536704731
0.05069124423963134 0.08972267536704731
0.050597976080956765 0.08972267536704731
0.051470588235294115 0.09135399673735727
0.05137614678899083 0.09135399673735727
0.05128205128205128 0.09135399673735727
0.051188299817184646 0.09135399673735727
0.051094890510948905 0.09135399673735727
0.051001821493624776 0.09135399673735727
0.050955414012738856 0.09135399673735727
0.05086285195277021 0.09135399673735727
0.050770625566636446 0.09135399673735727
0.05067873303167421 0.09135399673735727
0.05063291139240506 0.09135399673735727
0.05054151624548736 0.09135399673735727
0.05049594229035167 0.09135399673735727
0.05045045045045045 0.09135399673735727
0.050405040504050404 0.09135399673735727
0.05026929982046679 0.09135399673735727
0.05022421524663677 0.09135399673735727
0.05017921146953405 0.09135399673735727
0.050044682752457555 0.09135399673735727
0.05 0.09135399673735727
0.049955396966993755 0.09135399673735727
0.04986642920747997 0.09135399673735727
0.049777777777777775 0.09135399673735727
0.0497335701598579 0.09135399673735727
