0.0 0.0
0.0 0.0
0.0 0.0
0.25 0.0012330456226880395
0.4 0.002466091245376079
0.5 0.0036991368680641184
0.5714285714285714 0.004932182490752158
0.5 0.004932182490752158
0.4444444444444444 0.004932182490752158
0.5 0.006165228113440197
0.5454545454545454 0.007398273736128237
0.5 0.007398273736128237
0.46153846153846156 0.007398273736128237
0.42857142857142855 0.007398273736128237
0.4 0.007398273736128237
0.375 0.007398273736128237
0.4117647058823529 0.008631319358816275
0.3888888888888889 0.008631319358816275
0.42105263157894735 0.009864364981504316
0.45 0.011097410604192354
0.47619047619047616 0.012330456226880395
0.5 0.013563501849568433
0.5217391304347826 0.014796547472256474
0.5416666666666666 0.016029593094944512
0.56 0.01726263871763255
0.5384615384615384 0.01726263871763255
0.5185185185185185 0.01726263871763255
0.5357142857142857 0.018495684340320593
0.5172413793103449 0.018495684340320593
0.5 0.018495684340320593
0.5161290322580645 0.01972872996300863
0.5 0.01972872996300863
0.5151515151515151 0.02096177558569667
0.5294117647058824 0.02219482120838471
0.5428571428571428 0.02342786683107275
0.5277777777777778 0.02342786683107275
0.5405405405405406 0.02466091245376079
0.5263157894736842 0.02466091245376079
0.5128205128205128 0.02466091245376079
0.5 0.02466091245376079
0.4878048780487805 0.02466091245376079
0.47619047619047616 0.02466091245376079
0.4883720930232558 0.025893958076448828
0.5 0.027127003699136867
0.5111111111111111 0.02836004932182491
0.5217391304347826 0.029593094944512947
0.5319148936170213 0.030826140567200986
0.5416666666666666 0.032059186189889025
0.5510204081632653 0.03329223181257707
0.56 0.0345252774352651
0.5490196078431373 0.0345252774352651
0.5576923076923077 0.035758323057953144
0.5471698113207547 0.035758323057953144
0.5370370370370371 0.035758323057953144
0.5272727272727272 0.035758323057953144
0.5357142857142857 0.036991368680641186
0.543859649122807 0.03822441430332922
0.5344827586206896 0.03822441430332922
0.5254237288135594 0.03822441430332922
0.5333333333333333 0.03945745992601726
0.5409836065573771 0.040690505548705305
0.5483870967741935 0.04192355117139334
0.5555555555555556 0.04315659679408138
0.546875 0.04315659679408138
0.5384615384615384 0.04315659679408138
0.5454545454545454 0.04438964241676942
0.5373134328358209 0.04438964241676942
0.5294117647058824 0.04438964241676942
0.5362318840579711 0.04562268803945746
0.5428571428571428 0.0468557336621455
0.5492957746478874 0.04808877928483354
0.5555555555555556 0.04932182490752158
0.547945205479452 0.04932182490752158
0.5405405405405406 0.04932182490752158
0.5333333333333333 0.04932182490752158
0.5263157894736842 0.04932182490752158
0.5324675324675324 0.05055487053020962
0.5384615384615384 0.051787916152897656
0.5443037974683544 0.0530209617755857
0.55 0.05425400739827373
0.5432098765432098 0.05425400739827373
0.5365853658536586 0.05425400739827373
0.5421686746987951 0.055487053020961775
0.5357142857142857 0.055487053020961775
0.5294117647058824 0.055487053020961775
0.5232558139534884 0.055487053020961775
0.5287356321839081 0.05672009864364982
0.5340909090909091 0.05795314426633785
0.5393258426966292 0.059186189889025895
0.5333333333333333 0.059186189889025895
0.5274725274725275 0.059186189889025895
0.5217391304347826 0.059186189889025895
0.5161290322580645 0.059186189889025895
0.5212765957446809 0.06041923551171394
0.5263157894736842 0.06165228113440197
0.53125 0.06288532675709001
0.5360824742268041 0.06411837237977805
0.5408163265306123 0.06535141800246609
0.5454545454545454 0.06658446362515413
0.54 0.06658446362515413
0.5445544554455446 0.06781750924784218
0.5490196078431373 0.0690505548705302
0.5533980582524272 0.07028360049321825
0.5576923076923077 0.07151664611590629
0.5619047619047619 0.07274969173859433
0.5660377358490566 0.07398273736128237
0.5700934579439252 0.0752157829839704
0.5740740740740741 0.07644882860665844
0.5779816513761468 0.07768187422934648
0.5818181818181818 0.07891491985203453
0.5855855855855856 0.08014796547472257
0.5892857142857143 0.08138101109741061
0.584070796460177 0.08138101109741061
0.5789473684210527 0.08138101109741061
0.5826086956521739 0.08261405672009864
0.5862068965517241 0.08384710234278668
0.5897435897435898 0.08508014796547472
0.5932203389830508 0.08631319358816276
0.5882352941176471 0.08631319358816276
0.5833333333333334 0.08631319358816276
0.5785123966942148 0.08631319358816276
0.5737704918032787 0.08631319358816276
0.5691056910569106 0.08631319358816276
0.5645161290322581 0.08631319358816276
0.568 0.08754623921085081
0.5714285714285714 0.08877928483353884
0.5748031496062992 0.09001233045622688
0.578125 0.09124537607891492
0.5813953488372093 0.09247842170160296
0.5846153846153846 0.093711467324291
0.5877862595419847 0.09494451294697903
0.5909090909090909 0.09617755856966707
0.5939849624060151 0.09741060419235512
0.5970149253731343 0.09864364981504316
0.6 0.0998766954377312
0.5955882352941176 0.0998766954377312
0.5912408759124088 0.0998766954377312
0.5869565217391305 0.0998766954377312
0.5827338129496403 0.0998766954377312
0.5857142857142857 0.10110974106041924
0.5815602836879432 0.10110974106041924
0.5845070422535211 0.10234278668310727
0.5804195804195804 0.10234278668310727
0.5833333333333334 0.10357583230579531
0.5793103448275863 0.10357583230579531
0.5753424657534246 0.10357583230579531
0.5714285714285714 0.10357583230579531
0.5675675675675675 0.10357583230579531
0.5637583892617449 0.10357583230579531
0.56 0.10357583230579531
0.5562913907284768 0.10357583230579531
0.5526315789473685 0.10357583230579531
0.5490196078431373 0.10357583230579531
0.5454545454545454 0.10357583230579531
0.5419354838709678 0.10357583230579531
0.5384615384615384 0.10357583230579531
0.5414012738853503 0.10480887792848335
0.5379746835443038 0.10480887792848335
0.5345911949685535 0.10480887792848335
0.5375 0.1060419235511714
0.5403726708074534 0.10727496917385944
0.5370370370370371 0.10727496917385944
0.5398773006134969 0.10850801479654747
0.5426829268292683 0.10974106041923551
0.5454545454545454 0.11097410604192355
0.5421686746987951 0.11097410604192355
0.5449101796407185 0.11220715166461159
0.5416666666666666 0.11220715166461159
0.5384615384615384 0.11220715166461159
0.5352941176470588 0.11220715166461159
0.5321637426900585 0.11220715166461159
0.5348837209302325 0.11344019728729964
0.5317919075144508 0.11344019728729964
0.5287356321839081 0.11344019728729964
0.5257142857142857 0.11344019728729964
0.5227272727272727 0.11344019728729964
0.519774011299435 0.11344019728729964
0.5168539325842697 0.11344019728729964
0.5139664804469274 0.11344019728729964
0.5111111111111111 0.11344019728729964
0.5082872928176796 0.11344019728729964
0.5054945054945055 0.11344019728729964
0.5027322404371585 0.11344019728729964
0.5 0.11344019728729964
0.5027027027027027 0.11467324290998766
0.5 0.11467324290998766
0.49732620320855614 0.11467324290998766
0.4946808510638298 0.11467324290998766
0.49206349206349204 0.11467324290998766
0.48947368421052634 0.11467324290998766
0.4869109947643979 0.11467324290998766
0.484375 0.11467324290998766
0.48186528497409326 0.11467324290998766
0.4793814432989691 0.11467324290998766
0.47692307692307695 0.11467324290998766
0.4744897959183674 0.11467324290998766
0.4720812182741117 0.11467324290998766
0.4696969696969697 0.11467324290998766
0.46733668341708545 0.11467324290998766
0.465 0.11467324290998766
0.4626865671641791 0.11467324290998766
0.4603960396039604 0.11467324290998766
0.458128078817734 0.11467324290998766
0.45588235294117646 0.11467324290998766
0.45365853658536587 0.11467324290998766
0.45145631067961167 0.11467324290998766
0.4492753623188406 0.11467324290998766
0.44711538461538464 0.11467324290998766
0.4449760765550239 0.11467324290998766
0.44285714285714284 0.11467324290998766
0.44075829383886256 0.11467324290998766
0.4386792452830189 0.11467324290998766
0.43661971830985913 0.11467324290998766
0.43457943925233644 0.11467324290998766
0.4325581395348837 0.11467324290998766
0.4305555555555556 0.11467324290998766
0.42857142857142855 0.11467324290998766
0.42660550458715596 0.11467324290998766
0.4246575342465753 0.11467324290998766
0.42272727272727273 0.11467324290998766
0.42081447963800905 0.11467324290998766
0.4189189189189189 0.11467324290998766
0.4170403587443946 0.11467324290998766
0.41517857142857145 0.11467324290998766
0.41333333333333333 0.11467324290998766
0.41150442477876104 0.11467324290998766
0.40969162995594716 0.11467324290998766
0.40789473684210525 0.11467324290998766
0.40611353711790393 0.11467324290998766
0.4043478260869565 0.11467324290998766
0.4069264069264069 0.1159062885326757
0.4051724137931034 0.1159062885326757
0.4034334763948498 0.1159062885326757
0.4017094017094017 0.1159062885326757
0.40425531914893614 0.11713933415536375
0.4025423728813559 0.11713933415536375
0.4050632911392405 0.11837237977805179
0.40336134453781514 0.11837237977805179
0.401673640167364 0.11837237977805179
0.4 0.11837237977805179
0.3983402489626556 0.11837237977805179
0.39669421487603307 0.11837237977805179
0.3950617283950617 0.11837237977805179
0.39344262295081966 0.11837237977805179
0.39183673469387753 0.11837237977805179
0.3902439024390244 0.11837237977805179
0.39271255060728744 0.11960542540073983
0.3911290322580645 0.11960542540073983
0.3895582329317269 0.11960542540073983
0.392 0.12083847102342787
0.3944223107569721 0.1220715166461159
0.3968253968253968 0.12330456226880394
0.39920948616600793 0.12453760789149199
0.4015748031496063 0.12577065351418001
0.403921568627451 0.12700369913686807
0.40625 0.1282367447595561
0.4046692607003891 0.1282367447595561
0.40310077519379844 0.1282367447595561
0.4015444015444015 0.1282367447595561
0.4 0.1282367447595561
0.39846743295019155 0.1282367447595561
0.40076335877862596 0.12946979038224415
0.40304182509505704 0.13070283600493218
0.4015151515151515 0.13070283600493218
0.4037735849056604 0.1319358816276202
0.40225563909774437 0.1319358816276202
0.40074906367041196 0.1319358816276202
0.39925373134328357 0.1319358816276202
0.39776951672862454 0.1319358816276202
0.3962962962962963 0.1319358816276202
0.3948339483394834 0.1319358816276202
0.39338235294117646 0.1319358816276202
0.39194139194139194 0.1319358816276202
0.39416058394160586 0.13316892725030827
0.3927272727272727 0.13316892725030827
0.391304347826087 0.13316892725030827
0.3898916967509025 0.13316892725030827
0.38848920863309355 0.13316892725030827
0.3906810035842294 0.1344019728729963
0.39285714285714285 0.13563501849568435
0.3914590747330961 0.13563501849568435
0.3900709219858156 0.13563501849568435
0.38869257950530034 0.13563501849568435
0.3873239436619718 0.13563501849568435
0.38596491228070173 0.13563501849568435
0.38461538461538464 0.13563501849568435
0.3832752613240418 0.13563501849568435
0.3819444444444444 0.13563501849568435
0.3806228373702422 0.13563501849568435
0.3793103448275862 0.13563501849568435
0.37800687285223367 0.13563501849568435
0.3767123287671233 0.13563501849568435
0.37542662116040953 0.13563501849568435
0.3741496598639456 0.13563501849568435
0.3728813559322034 0.13563501849568435
0.3716216216216216 0.13563501849568435
0.37037037037037035 0.13563501849568435
0.3691275167785235 0.13563501849568435
0.36789297658862874 0.13563501849568435
0.36666666666666664 0.13563501849568435
0.3654485049833887 0.13563501849568435
0.36423841059602646 0.13563501849568435
0.36303630363036304 0.13563501849568435
0.3618421052631579 0.13563501849568435
0.36065573770491804 0.13563501849568435
0.35947712418300654 0.13563501849568435
0.3583061889250814 0.13563501849568435
0.35714285714285715 0.13563501849568435
0.3559870550161812 0.13563501849568435
0.3548387096774194 0.13563501849568435
0.3536977491961415 0.13563501849568435
0.3525641025641026 0.13563501849568435
0.3514376996805112 0.13563501849568435
0.3535031847133758 0.13686806411837238
0.3523809523809524 0.13686806411837238
0.3512658227848101 0.13686806411837238
0.3501577287066246 0.13686806411837238
0.3490566037735849 0.13686806411837238
0.34796238244514105 0.13686806411837238
0.346875 0.13686806411837238
0.34579439252336447 0.13686806411837238
0.3447204968944099 0.13686806411837238
0.34365325077399383 0.13686806411837238
0.3425925925925926 0.13686806411837238
0.3415384615384615 0.13686806411837238
0.34049079754601225 0.13686806411837238
0.3394495412844037 0.13686806411837238
0.3384146341463415 0.13686806411837238
0.3373860182370821 0.13686806411837238
0.33636363636363636 0.13686806411837238
0.33534743202416917 0.13686806411837238
0.33433734939759036 0.13686806411837238
0.3333333333333333 0.13686806411837238
0.3323353293413174 0.13686806411837238
0.33134328358208953 0.13686806411837238
0.33035714285714285 0.13686806411837238
0.3293768545994065 0.13686806411837238
0.32840236686390534 0.13686806411837238
0.3274336283185841 0.13686806411837238
0.3264705882352941 0.13686806411837238
0.3255131964809384 0.13686806411837238
0.32456140350877194 0.13686806411837238
0.3236151603498542 0.13686806411837238
0.3226744186046512 0.13686806411837238
0.3217391304347826 0.13686806411837238
0.3208092485549133 0.13686806411837238
0.31988472622478387 0.13686806411837238
0.31896551724137934 0.13686806411837238
0.31805157593123207 0.13686806411837238
0.3171428571428571 0.13686806411837238
0.3162393162393162 0.13686806411837238
0.3153409090909091 0.13686806411837238
0.31444759206798867 0.13686806411837238
0.3135593220338983 0.13686806411837238
0.3126760563380282 0.13686806411837238
0.31179775280898875 0.13686806411837238
0.31092436974789917 0.13686806411837238
0.3100558659217877 0.13686806411837238
0.30919220055710306 0.13686806411837238
0.30833333333333335 0.13686806411837238
0.3074792243767313 0.13686806411837238
0.30662983425414364 0.13686806411837238
0.30578512396694213 0.13686806411837238
0.30494505494505497 0.13686806411837238
0.3041095890410959 0.13686806411837238
0.30327868852459017 0.13686806411837238
0.3024523160762943 0.13686806411837238
0.3016304347826087 0.13686806411837238
0.3008130081300813 0.13686806411837238
0.3 0.13686806411837238
0.2991913746630728 0.13686806411837238
0.29838709677419356 0.13686806411837238
0.2975871313672922 0.13686806411837238
0.2967914438502674 0.13686806411837238
0.296 0.13686806411837238
0.29521276595744683 0.13686806411837238
0.29442970822281167 0.13686806411837238
0.29365079365079366 0.13686806411837238
0.2928759894459103 0.13686806411837238
0.29210526315789476 0.13686806411837238
0.29133858267716534 0.13686806411837238
0.2905759162303665 0.13686806411837238
0.2898172323759791 0.13686806411837238
0.2890625 0.13686806411837238
0.2883116883116883 0.13686806411837238
0.28756476683937826 0.13686806411837238
0.2868217054263566 0.13686806411837238
0.2860824742268041 0.13686806411837238
0.2853470437017995 0.13686806411837238
0.2846153846153846 0.13686806411837238
0.28388746803069054 0.13686806411837238
0.28316326530612246 0.13686806411837238
0.2824427480916031 0.13686806411837238
0.2817258883248731 0.13686806411837238
0.2810126582278481 0.13686806411837238
0.2803030303030303 0.13686806411837238
0.2795969773299748 0.13686806411837238
0.27889447236180903 0.13686806411837238
0.2781954887218045 0.13686806411837238
0.2775 0.13686806411837238
0.27680798004987534 0.13686806411837238
0.27611940298507465 0.13686806411837238
0.27543424317617865 0.13686806411837238
0.2747524752475248 0.13686806411837238
0.2740740740740741 0.13686806411837238
0.2733990147783251 0.13686806411837238
0.2727272727272727 0.13686806411837238
0.27205882352941174 0.13686806411837238
0.2713936430317848 0.13686806411837238
0.2707317073170732 0.13686806411837238
0.27007299270072993 0.13686806411837238
0.26941747572815533 0.13686806411837238
0.2687651331719128 0.13686806411837238
0.26811594202898553 0.13686806411837238
0.2674698795180723 0.13686806411837238
0.2668269230769231 0.13686806411837238
0.26618705035971224 0.13686806411837238
0.26555023923444976 0.13686806411837238
0.2649164677804296 0.13686806411837238
0.2642857142857143 0.13686806411837238
0.26365795724465557 0.13686806411837238
0.26303317535545023 0.13686806411837238
0.2624113475177305 0.13686806411837238
0.2617924528301887 0.13686806411837238
0.2611764705882353 0.13686806411837238
0.2605633802816901 0.13686806411837238
0.25995316159250587 0.13686806411837238
0.25934579439252337 0.13686806411837238
0.25874125874125875 0.13686806411837238
0.25813953488372093 0.13686806411837238
0.25754060324825984 0.13686806411837238
0.2569444444444444 0.13686806411837238
0.25635103926096997 0.13686806411837238
0.2557603686635945 0.13686806411837238
0.25517241379310346 0.13686806411837238
0.2545871559633027 0.13686806411837238
0.2540045766590389 0.13686806411837238
0.2534246575342466 0.13686806411837238
0.2528473804100228 0.13686806411837238
0.25227272727272726 0.13686806411837238
0.25396825396825395 0.1381011097410604
0.25565610859728505 0.13933415536374846
0.255079006772009 0.13933415536374846
0.2545045045045045 0.13933415536374846
0.2539325842696629 0.13933415536374846
0.2533632286995516 0.13933415536374846
0.25279642058165547 0.13933415536374846
0.25223214285714285 0.13933415536374846
0.2516703786191537 0.13933415536374846
0.2511111111111111 0.13933415536374846
0.25055432372505543 0.13933415536374846
0.25 0.13933415536374846
0.24944812362030905 0.13933415536374846
0.2488986784140969 0.13933415536374846
0.24835164835164836 0.13933415536374846
0.24780701754385964 0.13933415536374846
0.24726477024070023 0.13933415536374846
0.24672489082969432 0.13933415536374846
0.24618736383442266 0.13933415536374846
0.24565217391304348 0.13933415536374846
0.24511930585683298 0.13933415536374846
0.24458874458874458 0.13933415536374846
0.24406047516198703 0.13933415536374846
0.2435344827586207 0.13933415536374846
0.24301075268817204 0.13933415536374846
0.24248927038626608 0.13933415536374846
0.24197002141327623 0.13933415536374846
0.24145299145299146 0.13933415536374846
0.24093816631130063 0.13933415536374846
0.2404255319148936 0.13933415536374846
0.23991507430997877 0.13933415536374846
0.23940677966101695 0.13933415536374846
0.23890063424947147 0.13933415536374846
0.23839662447257384 0.13933415536374846
0.23789473684210527 0.13933415536374846
0.23739495798319327 0.13933415536374846
0.23689727463312368 0.13933415536374846
0.23640167364016737 0.13933415536374846
0.2359081419624217 0.13933415536374846
0.23541666666666666 0.13933415536374846
0.23492723492723494 0.13933415536374846
0.23443983402489627 0.13933415536374846
0.23395445134575568 0.13933415536374846
0.2334710743801653 0.13933415536374846
0.2329896907216495 0.13933415536374846
0.23251028806584362 0.13933415536374846
0.23203285420944558 0.13933415536374846
0.23155737704918034 0.13933415536374846
0.2310838445807771 0.13933415536374846
0.23061224489795917 0.13933415536374846
0.23014256619144602 0.13933415536374846
0.22967479674796748 0.13933415536374846
0.22920892494929007 0.13933415536374846
0.22874493927125505 0.13933415536374846
0.22828282828282828 0.13933415536374846
0.22782258064516128 0.13933415536374846
0.22736418511066397 0.13933415536374846
0.22690763052208834 0.13933415536374846
0.22645290581162325 0.13933415536374846
0.226 0.13933415536374846
0.22554890219560877 0.13933415536374846
0.2250996015936255 0.13933415536374846
0.22465208747514911 0.13933415536374846
0.22420634920634921 0.13933415536374846
0.22376237623762377 0.13933415536374846
0.22332015810276679 0.13933415536374846
0.22287968441814596 0.13933415536374846
0.22244094488188976 0.13933415536374846
0.2220039292730845 0.13933415536374846
0.22156862745098038 0.13933415536374846
0.22113502935420742 0.13933415536374846
0.220703125 0.13933415536374846
0.2202729044834308 0.13933415536374846
0.2198443579766537 0.13933415536374846
0.21941747572815534 0.13933415536374846
0.2189922480620155 0.13933415536374846
0.218568665377176 0.13933415536374846
0.21814671814671815 0.13933415536374846
0.21772639691714837 0.13933415536374846
0.2173076923076923 0.13933415536374846
0.21689059500959693 0.13933415536374846
0.2164750957854406 0.13933415536374846
0.21606118546845124 0.13933415536374846
0.21564885496183206 0.13933415536374846
0.21523809523809523 0.13933415536374846
0.21482889733840305 0.13933415536374846
0.2144212523719165 0.13933415536374846
0.21401515151515152 0.13933415536374846
0.21361058601134217 0.13933415536374846
0.21320754716981133 0.13933415536374846
0.2128060263653484 0.13933415536374846
0.212406015037594 0.13933415536374846
0.21200750469043153 0.13933415536374846
0.21161048689138576 0.13933415536374846
0.21121495327102804 0.13933415536374846
0.21082089552238806 0.13933415536374846
0.21042830540037244 0.13933415536374846
0.2100371747211896 0.13933415536374846
0.20964749536178107 0.13933415536374846
0.20925925925925926 0.13933415536374846
0.2088724584103512 0.13933415536374846
0.20848708487084872 0.13933415536374846
0.20810313075506445 0.13933415536374846
0.20772058823529413 0.13933415536374846
0.20733944954128442 0.13933415536374846
0.20695970695970695 0.13933415536374846
0.20658135283363802 0.13933415536374846
0.2062043795620438 0.13933415536374846
0.2058287795992714 0.13933415536374846
0.20545454545454545 0.13933415536374846
0.20508166969147004 0.13933415536374846
0.20471014492753623 0.13933415536374846
0.20614828209764918 0.1405672009864365
0.20577617328519857 0.1405672009864365
0.2072072072072072 0.14180024660912455
0.20863309352517986 0.14303329223181258
0.21005385996409337 0.1442663378545006
0.20967741935483872 0.1442663378545006
0.20930232558139536 0.1442663378545006
0.21071428571428572 0.14549938347718866
0.2103386809269162 0.14549938347718866
0.2099644128113879 0.14549938347718866
0.20959147424511546 0.14549938347718866
0.21099290780141844 0.1467324290998767
0.21061946902654868 0.1467324290998767
0.21024734982332155 0.1467324290998767
0.20987654320987653 0.1467324290998767
0.20950704225352113 0.1467324290998767
0.20913884007029876 0.1467324290998767
0.20877192982456141 0.1467324290998767
0.2084063047285464 0.1467324290998767
0.20804195804195805 0.1467324290998767
0.20767888307155322 0.1467324290998767
0.20905923344947736 0.14796547472256474
0.20869565217391303 0.14796547472256474
0.20833333333333334 0.14796547472256474
0.20797227036395147 0.14796547472256474
0.20761245674740483 0.14796547472256474
0.20725388601036268 0.14796547472256474
0.20862068965517241 0.14919852034525277
0.2082616179001721 0.14919852034525277
0.20962199312714777 0.1504315659679408
0.2109777015437393 0.15166461159062886
0.2106164383561644 0.15166461159062886
0.21196581196581196 0.15289765721331688
0.21331058020477817 0.15413070283600494
0.21294718909710392 0.15413070283600494
0.21258503401360543 0.15413070283600494
0.21222410865874364 0.15413070283600494
0.211864406779661 0.15413070283600494
0.21150592216582065 0.15413070283600494
0.21114864864864866 0.15413070283600494
0.21079258010118043 0.15413070283600494
0.21043771043771045 0.15413070283600494
0.21008403361344538 0.15413070283600494
0.20973154362416108 0.15413070283600494
0.20938023450586266 0.15413070283600494
0.20903010033444816 0.15413070283600494
0.20868113522537562 0.15413070283600494
