0.0 0.0
0.0 0.0
0.0 0.0
0.25 0.000779423226812159
0.4 0.001558846453624318
0.5 0.002338269680436477
0.42857142857142855 0.002338269680436477
0.375 0.002338269680436477
0.4444444444444444 0.003117692907248636
0.5 0.003897116134060795
0.5454545454545454 0.004676539360872954
0.5 0.004676539360872954
0.46153846153846156 0.004676539360872954
0.42857142857142855 0.004676539360872954
0.4 0.004676539360872954
0.375 0.004676539360872954
0.35294117647058826 0.004676539360872954
0.3333333333333333 0.004676539360872954
0.3157894736842105 0.004676539360872954
0.3 0.004676539360872954
0.2857142857142857 0.004676539360872954
0.2727272727272727 0.004676539360872954
0.30434782608695654 0.005455962587685113
0.2916666666666667 0.005455962587685113
0.28 0.005455962587685113
0.2692307692307692 0.005455962587685113
0.25925925925925924 0.005455962587685113
0.25 0.005455962587685113
0.2413793103448276 0.005455962587685113
0.23333333333333334 0.005455962587685113
0.22580645161290322 0.005455962587685113
0.21875 0.005455962587685113
0.21212121212121213 0.005455962587685113
0.20588235294117646 0.005455962587685113
0.2 0.005455962587685113
0.19444444444444445 0.005455962587685113
0.1891891891891892 0.005455962587685113
0.18421052631578946 0.005455962587685113
0.1794871794871795 0.005455962587685113
0.175 0.005455962587685113
0.17073170731707318 0.005455962587685113
0.16666666666666666 0.005455962587685113
0.16279069767441862 0.005455962587685113
0.1590909090909091 0.005455962587685113
0.15555555555555556 0.005455962587685113
0.15217391304347827 0.005455962587685113
0.1702127659574468 0.006235385814497272
0.1875 0.007014809041309431
0.1836734693877551 0.007014809041309431
0.18 0.007014809041309431
0.17647058823529413 0.007014809041309431
0.17307692307692307 0.007014809041309431
0.16981132075471697 0.007014809041309431
0.16666666666666666 0.007014809041309431
0.16363636363636364 0.007014809041309431
0.16071428571428573 0.007014809041309431
0.15789473684210525 0.007014809041309431
0.15517241379310345 0.007014809041309431
0.15254237288135594 0.007014809041309431
0.15 0.007014809041309431
0.14754098360655737 0.007014809041309431
0.14516129032258066 0.007014809041309431
0.14285714285714285 0.007014809041309431
0.140625 0.007014809041309431
0.13846153846153847 0.007014809041309431
0.13636363636363635 0.007014809041309431
0.13432835820895522 0.007014809041309431
0.1323529411764706 0.007014809041309431
0.13043478260869565 0.007014809041309431
0.12857142857142856 0.007014809041309431
0.1267605633802817 0.007014809041309431
0.125 0.007014809041309431
0.1232876712328767 0.007014809041309431
0.12162162162162163 0.007014809041309431
0.12 0.007014809041309431
0.11842105263157894 0.007014809041309431
0.11688311688311688 0.007014809041309431
0.11538461538461539 0.007014809041309431
0.11392405063291139 0.007014809041309431
0.1125 0.007014809041309431
0.1111111111111111 0.007014809041309431
0.10975609756097561 0.007014809041309431
0.10843373493975904 0.007014809041309431
0.10714285714285714 0.007014809041309431
0.10588235294117647 0.007014809041309431
0.10465116279069768 0.007014809041309431
0.10344827586206896 0.007014809041309431
0.10227272727272728 0.007014809041309431
0.10112359550561797 0.007014809041309431
0.1 0.007014809041309431
0.0989010989010989 0.007014809041309431
0.09782608695652174 0.007014809041309431
0.0967741935483871 0.007014809041309431
0.09574468085106383 0.007014809041309431
0.09473684210526316 0.007014809041309431
0.09375 0.007014809041309431
0.09278350515463918 0.007014809041309431
0.09183673469387756 0.007014809041309431
0.09090909090909091 0.007014809041309431
0.09 0.007014809041309431
0.0891089108910891 0.007014809041309431
0.08823529411764706 0.007014809041309431
0.08737864077669903 0.007014809041309431
0.08653846153846154 0.007014809041309431
0.08571428571428572 0.007014809041309431
0.08490566037735849 0.007014809041309431
0.08411214953271028 0.007014809041309431
0.08333333333333333 0.007014809041309431
0.08256880733944955 0.007014809041309431
0.08181818181818182 0.007014809041309431
0.08108108108108109 0.007014809041309431
0.08035714285714286 0.007014809041309431
0.07964601769911504 0.007014809041309431
0.07894736842105263 0.007014809041309431
0.0782608695652174 0.007014809041309431
0.07758620689655173 0.007014809041309431
0.07692307692307693 0.007014809041309431
0.0847457627118644 0.00779423226812159
0.08403361344537816 0.00779423226812159
0.08333333333333333 0.00779423226812159
0.08264462809917356 0.00779423226812159
0.08196721311475409 0.00779423226812159
0.08130081300813008 0.00779423226812159
0.08064516129032258 0.00779423226812159
0.08 0.00779423226812159
0.07936507936507936 0.00779423226812159
0.07874015748031496 0.00779423226812159
0.078125 0.00779423226812159
0.07751937984496124 0.00779423226812159
0.07692307692307693 0.00779423226812159
0.07633587786259542 0.00779423226812159
0.07575757575757576 0.00779423226812159
0.07518796992481203 0.00779423226812159
0.07462686567164178 0.00779423226812159
0.07407407407407407 0.00779423226812159
0.07352941176470588 0.00779423226812159
0.072992700729927 0.00779423226812159
0.07246376811594203 0.00779423226812159
0.07194244604316546 0.00779423226812159
0.07142857142857142 0.00779423226812159
0.07092198581560284 0.00779423226812159
0.07042253521126761 0.00779423226812159
0.06993006993006994 0.00779423226812159
0.06944444444444445 0.00779423226812159
0.06896551724137931 0.00779423226812159
0.0684931506849315 0.00779423226812159
0.06802721088435375 0.00779423226812159
0.06756756756756757 0.00779423226812159
0.06711409395973154 0.00779423226812159
0.06666666666666667 0.00779423226812159
0.06622516556291391 0.00779423226812159
0.06578947368421052 0.00779423226812159
0.06535947712418301 0.00779423226812159
0.06493506493506493 0.00779423226812159
0.06451612903225806 0.00779423226812159
0.0641025641025641 0.00779423226812159
0.06369426751592357 0.00779423226812159
0.06329113924050633 0.00779423226812159
0.06289308176100629 0.00779423226812159
0.0625 0.00779423226812159
0.062111801242236024 0.00779423226812159
0.06172839506172839 0.00779423226812159
0.06748466257668712 0.00857365549493375
0.07317073170731707 0.009353078721745909
0.07272727272727272 0.009353078721745909
0.07228915662650602 0.009353078721745909
0.0718562874251497 0.009353078721745909
0.07142857142857142 0.009353078721745909
0.07100591715976332 0.009353078721745909
0.07058823529411765 0.009353078721745909
0.07017543859649122 0.009353078721745909
0.06976744186046512 0.009353078721745909
0.06936416184971098 0.009353078721745909
0.06896551724137931 0.009353078721745909
0.06857142857142857 0.009353078721745909
0.06818181818181818 0.009353078721745909
0.07344632768361582 0.010132501948558068
0.07303370786516854 0.010132501948558068
0.07262569832402235 0.010132501948558068
0.07222222222222222 0.010132501948558068
0.0718232044198895 0.010132501948558068
0.07142857142857142 0.010132501948558068
0.07103825136612021 0.010132501948558068
0.07065217391304347 0.010132501948558068
0.07027027027027027 0.010132501948558068
0.06989247311827956 0.010132501948558068
0.06951871657754011 0.010132501948558068
0.06914893617021277 0.010132501948558068
0.07407407407407407 0.010911925175370226
0.07368421052631578 0.010911925175370226
0.07329842931937172 0.010911925175370226
0.07291666666666667 0.010911925175370226
0.07253886010362694 0.010911925175370226
0.07216494845360824 0.010911925175370226
0.07179487179487179 0.010911925175370226
0.07142857142857142 0.010911925175370226
0.07106598984771574 0.010911925175370226
0.0707070707070707 0.010911925175370226
0.07035175879396985 0.010911925175370226
0.07 0.010911925175370226
0.06965174129353234 0.010911925175370226
0.06930693069306931 0.010911925175370226
0.06896551724137931 0.010911925175370226
0.06862745098039216 0.010911925175370226
0.06829268292682927 0.010911925175370226
0.06796116504854369 0.010911925175370226
0.06763285024154589 0.010911925175370226
0.0673076923076923 0.010911925175370226
0.06698564593301436 0.010911925175370226
0.06666666666666667 0.010911925175370226
0.06635071090047394 0.010911925175370226
0.0660377358490566 0.010911925175370226
0.06572769953051644 0.010911925175370226
0.06542056074766354 0.010911925175370226
0.06511627906976744 0.010911925175370226
0.06481481481481481 0.010911925175370226
0.06451612903225806 0.010911925175370226
0.06880733944954129 0.011691348402182385
0.0730593607305936 0.012470771628994544
0.07272727272727272 0.012470771628994544
0.07239819004524888 0.012470771628994544
0.07207207207207207 0.012470771628994544
0.07174887892376682 0.012470771628994544
0.07142857142857142 0.012470771628994544
0.07111111111111111 0.012470771628994544
0.07079646017699115 0.012470771628994544
0.07048458149779736 0.012470771628994544
0.07017543859649122 0.012470771628994544
0.06986899563318777 0.012470771628994544
0.06956521739130435 0.012470771628994544
0.0735930735930736 0.013250194855806703
0.07327586206896551 0.013250194855806703
0.07296137339055794 0.013250194855806703
0.07692307692307693 0.014029618082618862
0.08085106382978724 0.014809041309431021
0.08050847457627118 0.014809041309431021
0.08016877637130802 0.014809041309431021
0.07983193277310924 0.014809041309431021
0.0794979079497908 0.014809041309431021
0.07916666666666666 0.014809041309431021
0.07883817427385892 0.014809041309431021
0.07851239669421488 0.014809041309431021
0.07818930041152264 0.014809041309431021
0.0778688524590164 0.014809041309431021
0.07755102040816327 0.014809041309431021
0.07723577235772358 0.014809041309431021
0.07692307692307693 0.014809041309431021
0.07661290322580645 0.014809041309431021
0.07630522088353414 0.014809041309431021
0.076 0.014809041309431021
0.07569721115537849 0.014809041309431021
0.07539682539682539 0.014809041309431021
0.07509881422924901 0.014809041309431021
0.07480314960629922 0.014809041309431021
0.07450980392156863 0.014809041309431021
0.07421875 0.014809041309431021
0.07392996108949416 0.014809041309431021
0.07364341085271318 0.014809041309431021
0.07335907335907337 0.014809041309431021
0.07307692307692308 0.014809041309431021
0.07279693486590039 0.014809041309431021
0.07251908396946564 0.014809041309431021
0.07224334600760456 0.014809041309431021
0.07196969696969698 0.014809041309431021
0.07169811320754717 0.014809041309431021
0.07142857142857142 0.014809041309431021
0.07116104868913857 0.014809041309431021
0.07462686567164178 0.01558846453624318
0.07434944237918216 0.01558846453624318
0.07777777777777778 0.01636788776305534
0.07749077490774908 0.01636788776305534
0.07720588235294118 0.01636788776305534
0.08058608058608059 0.0171473109898675
0.08029197080291971 0.0171473109898675
0.08 0.0171473109898675
0.07971014492753623 0.0171473109898675
0.07942238267148015 0.0171473109898675
0.07913669064748201 0.0171473109898675
0.07885304659498207 0.0171473109898675
0.07857142857142857 0.0171473109898675
0.07829181494661921 0.0171473109898675
0.07801418439716312 0.0171473109898675
0.0812720848056537 0.017926734216679657
0.08098591549295775 0.017926734216679657
0.08070175438596491 0.017926734216679657
0.08041958041958042 0.017926734216679657
0.08013937282229965 0.017926734216679657
0.0798611111111111 0.017926734216679657
0.07958477508650519 0.017926734216679657
0.07931034482758621 0.017926734216679657
0.07903780068728522 0.017926734216679657
0.07876712328767123 0.017926734216679657
0.07849829351535836 0.017926734216679657
0.0782312925170068 0.017926734216679657
0.07796610169491526 0.017926734216679657
0.0777027027027027 0.017926734216679657
0.07744107744107744 0.017926734216679657
0.07718120805369127 0.017926734216679657
0.07692307692307693 0.017926734216679657
0.07666666666666666 0.017926734216679657
0.07641196013289037 0.017926734216679657
0.076158940397351 0.017926734216679657
0.07590759075907591 0.017926734216679657
0.0756578947368421 0.017926734216679657
0.07540983606557378 0.017926734216679657
0.07516339869281045 0.017926734216679657
0.0749185667752443 0.017926734216679657
0.07467532467532467 0.017926734216679657
0.07766990291262135 0.018706157443491817
