0.0 0.0
0.0 0.0
0.0 0.0
0.0 0.0
0.0 0.0
0.0 0.0
0.0 0.0
0.0 0.0
0.0 0.0
0.0 0.0
0.0 0.0
0.0 0.0
0.0 0.0
0.0 0.0
0.0 0.0
0.0625 0.011494252873563218
0.058823529411764705 0.011494252873563218
0.05555555555555555 0.011494252873563218
0.05263157894736842 0.011494252873563218
0.05 0.011494252873563218
0.047619047619047616 0.011494252873563218
0.045454545454545456 0.011494252873563218
0.043478260869565216 0.011494252873563218
0.041666666666666664 0.011494252873563218
0.04 0.011494252873563218
0.038461538461538464 0.011494252873563218
0.037037037037037035 0.011494252873563218
0.03571428571428571 0.011494252873563218
0.034482758620689655 0.011494252873563218
0.03333333333333333 0.011494252873563218
0.03225806451612903 0.011494252873563218
0.03125 0.011494252873563218
0.030303030303030304 0.011494252873563218
0.029411764705882353 0.011494252873563218
0.02857142857142857 0.011494252873563218
0.027777777777777776 0.011494252873563218
0.02702702702702703 0.011494252873563218
0.02631578947368421 0.011494252873563218
0.02564102564102564 0.011494252873563218
0.025 0.011494252873563218
0.024390243902439025 0.011494252873563218
0.023809523809523808 0.011494252873563218
0.023255813953488372 0.011494252873563218
0.022727272727272728 0.011494252873563218
0.022222222222222223 0.011494252873563218
0.043478260869565216 0.022988505747126436
0.0425531914893617 0.022988505747126436
0.041666666666666664 0.022988505747126436
0.04081632653061224 0.022988505747126436
0.04 0.022988505747126436
0.0392156862745098 0.022988505747126436
0.038461538461538464 0.022988505747126436
0.03773584905660377 0.022988505747126436
0.037037037037037035 0.022988505747126436
0.03636363636363636 0.022988505747126436
0.03571428571428571 0.022988505747126436
0.03508771929824561 0.022988505747126436
0.034482758620689655 0.022988505747126436
0.03389830508474576 0.022988505747126436
0.03333333333333333 0.022988505747126436
0.03278688524590164 0.022988505747126436
0.03225806451612903 0.022988505747126436
0.031746031746031744 0.022988505747126436
0.03125 0.022988505747126436
0.03076923076923077 0.022988505747126436
0.030303030303030304 0.022988505747126436
0.029850746268656716 0.022988505747126436
0.029411764705882353 0.022988505747126436
0.028985507246376812 0.022988505747126436
0.02857142857142857 0.022988505747126436
0.028169014084507043 0.022988505747126436
0.041666666666666664 0.034482758620689655
0.0410958904109589 0.034482758620689655
0.04054054054054054 0.034482758620689655
0.04 0.034482758620689655
0.039473684210526314 0.034482758620689655
0.03896103896103896 0.034482758620689655
0.038461538461538464 0.034482758620689655
0.0379746835443038 0.034482758620689655
0.0375 0.034482758620689655
0.037037037037037035 0.034482758620689655
0.036585365853658534 0.034482758620689655
0.03614457831325301 0.034482758620689655
0.03571428571428571 0.034482758620689655
0.03529411764705882 0.034482758620689655
0.03488372093023256 0.034482758620689655
0.034482758620689655 0.034482758620689655
0.03409090909090909 0.034482758620689655
0.033707865168539325 0.034482758620689655
0.03333333333333333 0.034482758620689655
0.03296703296703297 0.034482758620689655
0.03260869565217391 0.034482758620689655
0.03225806451612903 0.034482758620689655
0.031914893617021274 0.034482758620689655
0.031578947368421054 0.034482758620689655
0.03125 0.034482758620689655
0.030927835051546393 0.034482758620689655
0.030612244897959183 0.034482758620689655
0.030303030303030304 0.034482758620689655
0.03 0.034482758620689655
0.0297029702970297 0.034482758620689655
0.029411764705882353 0.034482758620689655
0.02912621359223301 0.034482758620689655
0.028846153846153848 0.034482758620689655
0.02857142857142857 0.034482758620689655
0.02830188679245283 0.034482758620689655
0.028037383177570093 0.034482758620689655
0.027777777777777776 0.034482758620689655
0.027522935779816515 0.034482758620689655
0.02727272727272727 0.034482758620689655
0.02702702702702703 0.034482758620689655
0.026785714285714284 0.034482758620689655
0.02654867256637168 0.034482758620689655
0.02631578947368421 0.034482758620689655
0.02608695652173913 0.034482758620689655
0.02586206896551724 0.034482758620689655
0.02564102564102564 0.034482758620689655
0.025423728813559324 0.034482758620689655
0.025210084033613446 0.034482758620689655
0.025 0.034482758620689655
0.024793388429752067 0.034482758620689655
0.02459016393442623 0.034482758620689655
0.024390243902439025 0.034482758620689655
0.024193548387096774 0.034482758620689655
0.024 0.034482758620689655
0.023809523809523808 0.034482758620689655
0.023622047244094488 0.034482758620689655
0.0234375 0.034482758620689655
0.023255813953488372 0.034482758620689655
0.023076923076923078 0.034482758620689655
0.022900763358778626 0.034482758620689655
0.022727272727272728 0.034482758620689655
0.022556390977443608 0.034482758620689655
0.022388059701492536 0.034482758620689655
0.022222222222222223 0.034482758620689655
0.022058823529411766 0.034482758620689655
0.021897810218978103 0.034482758620689655
0.021739130434782608 0.034482758620689655
0.02158273381294964 0.034482758620689655
0.02142857142857143 0.034482758620689655
0.02127659574468085 0.034482758620689655
0.02112676056338028 0.034482758620689655
0.02097902097902098 0.034482758620689655
0.020833333333333332 0.034482758620689655
0.020689655172413793 0.034482758620689655
0.02054794520547945 0.034482758620689655
0.02040816326530612 0.034482758620689655
0.02027027027027027 0.034482758620689655
0.020134228187919462 0.034482758620689655
0.02 0.034482758620689655
0.019867549668874173 0.034482758620689655
0.019736842105263157 0.034482758620689655
0.0196078431372549 0.034482758620689655
0.01948051948051948 0.034482758620689655
0.01935483870967742 0.034482758620689655
0.019230769230769232 0.034482758620689655
0.01910828025477707 0.034482758620689655
0.0189873417721519 0.034482758620689655
0.018867924528301886 0.034482758620689655
0.01875 0.034482758620689655
0.018633540372670808 0.034482758620689655
0.018518518518518517 0.034482758620689655
0.018404907975460124 0.034482758620689655
0.018292682926829267 0.034482758620689655
0.01818181818181818 0.034482758620689655
0.018072289156626505 0.034482758620689655
0.017964071856287425 0.034482758620689655
0.017857142857142856 0.034482758620689655
0.01775147928994083 0.034482758620689655
0.01764705882352941 0.034482758620689655
0.017543859649122806 0.034482758620689655
0.01744186046511628 0.034482758620689655
0.017341040462427744 0.034482758620689655
0.017241379310344827 0.034482758620689655
0.017142857142857144 0.034482758620689655
0.017045454545454544 0.034482758620689655
0.01694915254237288 0.034482758620689655
0.016853932584269662 0.034482758620689655
0.01675977653631285 0.034482758620689655
0.016666666666666666 0.034482758620689655
0.016574585635359115 0.034482758620689655
0.016483516483516484 0.034482758620689655
0.01639344262295082 0.034482758620689655
0.016304347826086956 0.034482758620689655
0.016216216216216217 0.034482758620689655
0.016129032258064516 0.034482758620689655
0.016042780748663103 0.034482758620689655
0.015957446808510637 0.034482758620689655
0.015873015873015872 0.034482758620689655
0.015789473684210527 0.034482758620689655
0.015706806282722512 0.034482758620689655
0.015625 0.034482758620689655
0.015544041450777202 0.034482758620689655
0.015463917525773196 0.034482758620689655
0.015384615384615385 0.034482758620689655
0.015306122448979591 0.034482758620689655
0.02030456852791878 0.04597701149425287
0.020202020202020204 0.04597701149425287
0.020100502512562814 0.04597701149425287
0.02 0.04597701149425287
0.01990049751243781 0.04597701149425287
0.019801980198019802 0.04597701149425287
0.019704433497536946 0.04597701149425287
0.0196078431372549 0.04597701149425287
0.01951219512195122 0.04597701149425287
0.019417475728155338 0.04597701149425287
0.01932367149758454 0.04597701149425287
0.019230769230769232 0.04597701149425287
0.019138755980861243 0.04597701149425287
0.01904761904761905 0.04597701149425287
0.018957345971563982 0.04597701149425287
0.018867924528301886 0.04597701149425287
0.018779342723004695 0.04597701149425287
0.018691588785046728 0.04597701149425287
0.018604651162790697 0.04597701149425287
0.018518518518518517 0.04597701149425287
0.018433179723502304 0.04597701149425287
0.01834862385321101 0.04597701149425287
0.0182648401826484 0.04597701149425287
0.01818181818181818 0.04597701149425287
0.01809954751131222 0.04597701149425287
0.018018018018018018 0.04597701149425287
0.017937219730941704 0.04597701149425287
0.017857142857142856 0.04597701149425287
0.017777777777777778 0.04597701149425287
0.017699115044247787 0.04597701149425287
0.01762114537444934 0.04597701149425287
0.017543859649122806 0.04597701149425287
0.017467248908296942 0.04597701149425287
0.017391304347826087 0.04597701149425287
0.017316017316017316 0.04597701149425287
0.017241379310344827 0.04597701149425287
0.017167381974248927 0.04597701149425287
0.017094017094017096 0.04597701149425287
0.01702127659574468 0.04597701149425287
0.01694915254237288 0.04597701149425287
0.016877637130801686 0.04597701149425287
0.01680672268907563 0.04597701149425287
0.016736401673640166 0.04597701149425287
0.016666666666666666 0.04597701149425287
0.016597510373443983 0.04597701149425287
0.01652892561983471 0.04597701149425287
0.01646090534979424 0.04597701149425287
0.01639344262295082 0.04597701149425287
0.0163265306122449 0.04597701149425287
0.016260162601626018 0.04597701149425287
0.016194331983805668 0.04597701149425287
0.016129032258064516 0.04597701149425287
0.01606425702811245 0.04597701149425287
0.016 0.04597701149425287
0.0199203187250996 0.05747126436781609
0.01984126984126984 0.05747126436781609
0.019762845849802372 0.05747126436781609
0.01968503937007874 0.05747126436781609
0.0196078431372549 0.05747126436781609
0.01953125 0.05747126436781609
0.019455252918287938 0.05747126436781609
0.01937984496124031 0.05747126436781609
0.019305019305019305 0.05747126436781609
0.019230769230769232 0.05747126436781609
0.019157088122605363 0.05747126436781609
0.019083969465648856 0.05747126436781609
0.019011406844106463 0.05747126436781609
0.01893939393939394 0.05747126436781609
0.018867924528301886 0.05747126436781609
0.018796992481203006 0.05747126436781609
0.018726591760299626 0.05747126436781609
0.018656716417910446 0.05747126436781609
0.01858736059479554 0.05747126436781609
0.018518518518518517 0.05747126436781609
0.01845018450184502 0.05747126436781609
0.01838235294117647 0.05747126436781609
0.018315018315018316 0.05747126436781609
0.01824817518248175 0.05747126436781609
0.01818181818181818 0.05747126436781609
0.018115942028985508 0.05747126436781609
0.018050541516245487 0.05747126436781609
0.017985611510791366 0.05747126436781609
0.017921146953405017 0.05747126436781609
0.017857142857142856 0.05747126436781609
0.017793594306049824 0.05747126436781609
0.01773049645390071 0.05747126436781609
0.0176678445229682 0.05747126436781609
0.017605633802816902 0.05747126436781609
0.017543859649122806 0.05747126436781609
0.017482517482517484 0.05747126436781609
0.017421602787456445 0.05747126436781609
0.017361111111111112 0.05747126436781609
0.01730103806228374 0.05747126436781609
0.017241379310344827 0.05747126436781609
0.01718213058419244 0.05747126436781609
0.017123287671232876 0.05747126436781609
0.017064846416382253 0.05747126436781609
0.017006802721088437 0.05747126436781609
0.01694915254237288 0.05747126436781609
0.016891891891891893 0.05747126436781609
0.016835016835016835 0.05747126436781609
0.016778523489932886 0.05747126436781609
0.016722408026755852 0.05747126436781609
0.02 0.06896551724137931
0.019933554817275746 0.06896551724137931
0.019867549668874173 0.06896551724137931
0.019801980198019802 0.06896551724137931
0.019736842105263157 0.06896551724137931
0.019672131147540985 0.06896551724137931
0.0196078431372549 0.06896551724137931
0.019543973941368076 0.06896551724137931
0.01948051948051948 0.06896551724137931
0.019417475728155338 0.06896551724137931
0.01935483870967742 0.06896551724137931
0.01929260450160772 0.06896551724137931
0.019230769230769232 0.06896551724137931
0.019169329073482427 0.06896551724137931
0.01910828025477707 0.06896551724137931
0.01904761904761905 0.06896551724137931
0.0189873417721519 0.06896551724137931
0.01892744479495268 0.06896551724137931
0.018867924528301886 0.06896551724137931
0.018808777429467086 0.06896551724137931
0.01875 0.06896551724137931
0.018691588785046728 0.06896551724137931
0.018633540372670808 0.06896551724137931
0.018575851393188854 0.06896551724137931
0.018518518518518517 0.06896551724137931
0.018461538461538463 0.06896551724137931
0.018404907975460124 0.06896551724137931
0.01834862385321101 0.06896551724137931
0.018292682926829267 0.06896551724137931
0.0182370820668693 0.06896551724137931
0.01818181818181818 0.06896551724137931
0.01812688821752266 0.06896551724137931
0.018072289156626505 0.06896551724137931
0.018018018018018018 0.06896551724137931
0.017964071856287425 0.06896551724137931
0.01791044776119403 0.06896551724137931
0.017857142857142856 0.06896551724137931
0.017804154302670624 0.06896551724137931
0.01775147928994083 0.06896551724137931
0.017699115044247787 0.06896551724137931
0.01764705882352941 0.06896551724137931
0.017595307917888565 0.06896551724137931
0.017543859649122806 0.06896551724137931
0.01749271137026239 0.06896551724137931
0.01744186046511628 0.06896551724137931
0.017391304347826087 0.06896551724137931
0.017341040462427744 0.06896551724137931
0.01729106628242075 0.06896551724137931
0.017241379310344827 0.06896551724137931
0.017191977077363897 0.06896551724137931
0.017142857142857144 0.06896551724137931
0.017094017094017096 0.06896551724137931
0.017045454545454544 0.06896551724137931
0.0169971671388102 0.06896551724137931
0.01694915254237288 0.06896551724137931
0.016901408450704224 0.06896551724137931
0.016853932584269662 0.06896551724137931
0.01680672268907563 0.06896551724137931
0.01675977653631285 0.06896551724137931
0.019498607242339833 0.08045977011494253
0.022222222222222223 0.09195402298850575
0.0221606648199446 0.09195402298850575
0.022099447513812154 0.09195402298850575
0.02203856749311295 0.09195402298850575
0.02197802197802198 0.09195402298850575
0.021917808219178082 0.09195402298850575
0.02185792349726776 0.09195402298850575
0.021798365122615803 0.09195402298850575
0.021739130434782608 0.09195402298850575
0.02168021680216802 0.09195402298850575
0.021621621621621623 0.09195402298850575
0.0215633423180593 0.09195402298850575
0.021505376344086023 0.09195402298850575
0.021447721179624665 0.09195402298850575
0.0213903743315508 0.09195402298850575
0.021333333333333333 0.09195402298850575
0.02127659574468085 0.09195402298850575
0.021220159151193633 0.09195402298850575
0.021164021164021163 0.09195402298850575
0.021108179419525065 0.09195402298850575
0.021052631578947368 0.09195402298850575
0.02099737532808399 0.09195402298850575
0.02356020942408377 0.10344827586206896
0.02349869451697128 0.10344827586206896
0.026041666666666668 0.11494252873563218
0.025974025974025976 0.11494252873563218
0.025906735751295335 0.11494252873563218
0.025839793281653745 0.11494252873563218
0.02577319587628866 0.11494252873563218
0.02570694087403599 0.11494252873563218
0.02564102564102564 0.11494252873563218
0.02557544757033248 0.11494252873563218
0.025510204081632654 0.11494252873563218
0.02544529262086514 0.11494252873563218
0.025380710659898477 0.11494252873563218
0.02531645569620253 0.11494252873563218
0.025252525252525252 0.11494252873563218
0.02518891687657431 0.11494252873563218
0.02512562814070352 0.11494252873563218
0.02506265664160401 0.11494252873563218
0.025 0.11494252873563218
0.02493765586034913 0.11494252873563218
0.024875621890547265 0.11494252873563218
0.02481389578163772 0.11494252873563218
0.024752475247524754 0.11494252873563218
0.024691358024691357 0.11494252873563218
0.024630541871921183 0.11494252873563218
0.02457002457002457 0.11494252873563218
0.024509803921568627 0.11494252873563218
0.02444987775061125 0.11494252873563218
0.024390243902439025 0.11494252873563218
0.024330900243309004 0.11494252873563218
0.024271844660194174 0.11494252873563218
0.024213075060532687 0.11494252873563218
0.024154589371980676 0.11494252873563218
0.024096385542168676 0.11494252873563218
0.02403846153846154 0.11494252873563218
0.023980815347721823 0.11494252873563218
0.023923444976076555 0.11494252873563218
0.02386634844868735 0.11494252873563218
0.023809523809523808 0.11494252873563218
0.023752969121140142 0.11494252873563218
0.023696682464454975 0.11494252873563218
0.02364066193853428 0.11494252873563218
0.025943396226415096 0.12643678160919541
0.02588235294117647 0.12643678160919541
0.025821596244131457 0.12643678160919541
0.02576112412177986 0.12643678160919541
0.02570093457943925 0.12643678160919541
0.02564102564102564 0.12643678160919541
0.02558139534883721 0.12643678160919541
0.025522041763341066 0.12643678160919541
0.02546296296296296 0.12643678160919541
0.025404157043879907 0.12643678160919541
0.02534562211981567 0.12643678160919541
0.02528735632183908 0.12643678160919541
0.02522935779816514 0.12643678160919541
0.02517162471395881 0.12643678160919541
0.02511415525114155 0.12643678160919541
0.025056947608200455 0.12643678160919541
0.025 0.12643678160919541
0.024943310657596373 0.12643678160919541
0.024886877828054297 0.12643678160919541
0.024830699774266364 0.12643678160919541
0.024774774774774775 0.12643678160919541
0.024719101123595506 0.12643678160919541
0.02466367713004484 0.12643678160919541
0.024608501118568233 0.12643678160919541
0.024553571428571428 0.12643678160919541
0.024498886414253896 0.12643678160919541
0.024444444444444446 0.12643678160919541
0.024390243902439025 0.12643678160919541
0.024336283185840708 0.12643678160919541
0.024282560706401765 0.12643678160919541
0.024229074889867842 0.12643678160919541
0.024175824175824177 0.12643678160919541
0.02412280701754386 0.12643678160919541
0.024070021881838075 0.12643678160919541
0.024017467248908297 0.12643678160919541
0.023965141612200435 0.12643678160919541
0.02608695652173913 0.13793103448275862
0.026030368763557483 0.13793103448275862
0.025974025974025976 0.13793103448275862
0.02591792656587473 0.13793103448275862
0.02586206896551724 0.13793103448275862
0.025806451612903226 0.13793103448275862
0.02575107296137339 0.13793103448275862
0.02569593147751606 0.13793103448275862
0.02564102564102564 0.13793103448275862
0.0255863539445629 0.13793103448275862
0.02553191489361702 0.13793103448275862
0.025477707006369428 0.13793103448275862
0.025423728813559324 0.13793103448275862
0.02748414376321353 0.14942528735632185
0.027426160337552744 0.14942528735632185
0.02736842105263158 0.14942528735632185
0.0273109243697479 0.14942528735632185
0.027253668763102725 0.14942528735632185
0.027196652719665274 0.14942528735632185
0.027139874739039668 0.14942528735632185
0.027083333333333334 0.14942528735632185
0.02702702702702703 0.14942528735632185
0.026970954356846474 0.14942528735632185
0.026915113871635612 0.14942528735632185
0.026859504132231406 0.14942528735632185
0.026804123711340205 0.14942528735632185
0.026748971193415638 0.14942528735632185
0.026694045174537988 0.14942528735632185
0.02663934426229508 0.14942528735632185
0.026584867075664622 0.14942528735632185
0.026530612244897958 0.14942528735632185
0.026476578411405296 0.14942528735632185
0.026422764227642278 0.14942528735632185
0.02636916835699797 0.14942528735632185
0.02631578947368421 0.14942528735632185
0.026262626262626262 0.14942528735632185
0.02620967741935484 0.14942528735632185
0.026156941649899398 0.14942528735632185
0.02610441767068273 0.14942528735632185
0.026052104208416832 0.14942528735632185
0.026 0.14942528735632185
0.02594810379241517 0.14942528735632185
0.025896414342629483 0.14942528735632185
0.027833001988071572 0.16091954022988506
0.027777777777777776 0.16091954022988506
0.027722772277227723 0.16091954022988506
0.02766798418972332 0.16091954022988506
0.027613412228796843 0.16091954022988506
0.027559055118110236 0.16091954022988506
0.0275049115913556 0.16091954022988506
0.027450980392156862 0.16091954022988506
0.0273972602739726 0.16091954022988506
0.02734375 0.16091954022988506
0.02729044834307992 0.16091954022988506
0.027237354085603113 0.16091954022988506
0.027184466019417475 0.16091954022988506
0.027131782945736434 0.16091954022988506
0.027079303675048357 0.16091954022988506
0.02702702702702703 0.16091954022988506
0.02697495183044316 0.16091954022988506
0.026923076923076925 0.16091954022988506
0.028790786948176585 0.1724137931034483
0.028735632183908046 0.1724137931034483
0.028680688336520075 0.1724137931034483
0.02862595419847328 0.1724137931034483
0.02857142857142857 0.1724137931034483
0.028517110266159697 0.1724137931034483
0.028462998102466792 0.1724137931034483
0.028409090909090908 0.1724137931034483
0.02835538752362949 0.1724137931034483
0.02830188679245283 0.1724137931034483
0.02824858757062147 0.1724137931034483
0.02819548872180451 0.1724137931034483
0.028142589118198873 0.1724137931034483
0.028089887640449437 0.1724137931034483
0.028037383177570093 0.1724137931034483
0.027985074626865673 0.1724137931034483
0.027932960893854747 0.1724137931034483
0.027881040892193308 0.1724137931034483
0.027829313543599257 0.1724137931034483
0.027777777777777776 0.1724137931034483
0.027726432532347505 0.1724137931034483
0.027675276752767528 0.1724137931034483
0.027624309392265192 0.1724137931034483
0.027573529411764705 0.1724137931034483
0.027522935779816515 0.1724137931034483
0.027472527472527472 0.1724137931034483
0.027422303473491772 0.1724137931034483
0.02737226277372263 0.1724137931034483
0.0273224043715847 0.1724137931034483
0.02727272727272727 0.1724137931034483
0.02722323049001815 0.1724137931034483
0.02717391304347826 0.1724137931034483
0.027124773960216998 0.1724137931034483
0.02707581227436823 0.1724137931034483
0.02702702702702703 0.1724137931034483
0.02697841726618705 0.1724137931034483
0.026929982046678635 0.1724137931034483
0.026881720430107527 0.1724137931034483
0.026833631484794274 0.1724137931034483
0.02857142857142857 0.1839080459770115
0.0285204991087344 0.1839080459770115
0.028469750889679714 0.1839080459770115
0.028419182948490232 0.1839080459770115
0.030141843971631204 0.19540229885057472
0.03008849557522124 0.19540229885057472
0.030035335689045935 0.19540229885057472
0.029982363315696647 0.19540229885057472
0.02992957746478873 0.19540229885057472
0.029876977152899824 0.19540229885057472
0.031578947368421054 0.20689655172413793
0.03152364273204904 0.20689655172413793
0.03146853146853147 0.20689655172413793
0.031413612565445025 0.20689655172413793
0.0313588850174216 0.20689655172413793
0.03130434782608696 0.20689655172413793
0.03125 0.20689655172413793
0.03119584055459272 0.20689655172413793
0.031141868512110725 0.20689655172413793
0.031088082901554404 0.20689655172413793
0.03103448275862069 0.20689655172413793
0.03098106712564544 0.20689655172413793
0.030927835051546393 0.20689655172413793
0.030874785591766724 0.20689655172413793
0.030821917808219176 0.20689655172413793
0.03076923076923077 0.20689655172413793
0.030716723549488054 0.20689655172413793
0.030664395229982964 0.20689655172413793
0.030612244897959183 0.20689655172413793
0.030560271646859084 0.20689655172413793
0.030508474576271188 0.20689655172413793
0.030456852791878174 0.20689655172413793
0.030405405405405407 0.20689655172413793
0.03035413153456998 0.20689655172413793
0.030303030303030304 0.20689655172413793
0.030252100840336135 0.20689655172413793
0.030201342281879196 0.20689655172413793
0.03015075376884422 0.20689655172413793
0.030100334448160536 0.20689655172413793
0.03005008347245409 0.20689655172413793
0.03 0.20689655172413793
0.029950083194675542 0.20689655172413793
0.029900332225913623 0.20689655172413793
0.029850746268656716 0.20689655172413793
0.029801324503311258 0.20689655172413793
0.02975206611570248 0.20689655172413793
0.0297029702970297 0.20689655172413793
0.029654036243822075 0.20689655172413793
0.029605263157894735 0.20689655172413793
0.029556650246305417 0.20689655172413793
0.029508196721311476 0.20689655172413793
0.029459901800327332 0.20689655172413793
0.029411764705882353 0.20689655172413793
0.02936378466557912 0.20689655172413793
0.029315960912052116 0.20689655172413793
0.02926829268292683 0.20689655172413793
0.02922077922077922 0.20689655172413793
0.029173419773095625 0.20689655172413793
0.02912621359223301 0.20689655172413793
0.029079159935379646 0.20689655172413793
0.02903225806451613 0.20689655172413793
0.028985507246376812 0.20689655172413793
0.028938906752411574 0.20689655172413793
0.028892455858747994 0.20689655172413793
0.028846153846153848 0.20689655172413793
0.0288 0.20689655172413793
0.02875399361022364 0.20689655172413793
0.028708133971291867 0.20689655172413793
0.028662420382165606 0.20689655172413793
0.028616852146263912 0.20689655172413793
0.02857142857142857 0.20689655172413793
0.028526148969889066 0.20689655172413793
0.028481012658227847 0.20689655172413793
0.02843601895734597 0.20689655172413793
0.028391167192429023 0.20689655172413793
0.028346456692913385 0.20689655172413793
0.02830188679245283 0.20689655172413793
0.0282574568288854 0.20689655172413793
0.02821316614420063 0.20689655172413793
0.028169014084507043 0.20689655172413793
0.028125 0.20689655172413793
0.028081123244929798 0.20689655172413793
0.028037383177570093 0.20689655172413793
0.027993779160186624 0.20689655172413793
0.027950310559006212 0.20689655172413793
0.027906976744186046 0.20689655172413793
0.02786377708978328 0.20689655172413793
0.027820710973724884 0.20689655172413793
0.027777777777777776 0.20689655172413793
0.02773497688751926 0.20689655172413793
0.027692307692307693 0.20689655172413793
0.027649769585253458 0.20689655172413793
0.027607361963190184 0.20689655172413793
0.027565084226646247 0.20689655172413793
0.027522935779816515 0.20689655172413793
0.02748091603053435 0.20689655172413793
0.027439024390243903 0.20689655172413793
0.0273972602739726 0.20689655172413793
0.02735562310030395 0.20689655172413793
0.027314112291350532 0.20689655172413793
0.02727272727272727 0.20689655172413793
0.02723146747352496 0.20689655172413793
0.027190332326283987 0.20689655172413793
0.027149321266968326 0.20689655172413793
0.02710843373493976 0.20689655172413793
0.02706766917293233 0.20689655172413793
0.02702702702702703 0.20689655172413793
0.026986506746626688 0.20689655172413793
0.02694610778443114 0.20689655172413793
0.026905829596412557 0.20689655172413793
0.026865671641791045 0.20689655172413793
0.026825633383010434 0.20689655172413793
0.026785714285714284 0.20689655172413793
0.02674591381872214 0.20689655172413793
0.026706231454005934 0.20689655172413793
0.02666666666666667 0.20689655172413793
0.026627218934911243 0.20689655172413793
0.026587887740029542 0.20689655172413793
0.02654867256637168 0.20689655172413793
0.026509572901325478 0.20689655172413793
0.026470588235294117 0.20689655172413793
0.02643171806167401 0.20689655172413793
0.026392961876832845 0.20689655172413793
0.02635431918008785 0.20689655172413793
0.02631578947368421 0.20689655172413793
0.026277372262773723 0.20689655172413793
0.026239067055393587 0.20689655172413793
0.026200873362445413 0.20689655172413793
0.02616279069767442 0.20689655172413793
0.026124818577648767 0.20689655172413793
0.02608695652173913 0.20689655172413793
0.02604920405209841 0.20689655172413793
0.02601156069364162 0.20689655172413793
0.025974025974025976 0.20689655172413793
0.025936599423631124 0.20689655172413793
0.025899280575539568 0.20689655172413793
0.02586206896551724 0.20689655172413793
0.02582496413199426 0.20689655172413793
0.025787965616045846 0.20689655172413793
0.02575107296137339 0.20689655172413793
0.025714285714285714 0.20689655172413793
0.025677603423680456 0.20689655172413793
0.02564102564102564 0.20689655172413793
0.025604551920341393 0.20689655172413793
0.02556818181818182 0.20689655172413793
0.02553191489361702 0.20689655172413793
0.025495750708215296 0.20689655172413793
0.02545968882602546 0.20689655172413793
0.025423728813559324 0.20689655172413793
0.02679830747531735 0.21839080459770116
0.02676056338028169 0.21839080459770116
0.026722925457102673 0.21839080459770116
0.026685393258426966 0.21839080459770116
0.02664796633941094 0.21839080459770116
0.02661064425770308 0.21839080459770116
0.026573426573426574 0.21839080459770116
0.02653631284916201 0.21839080459770116
0.026499302649930265 0.21839080459770116
0.026462395543175487 0.21839080459770116
0.02642559109874826 0.21839080459770116
0.02638888888888889 0.21839080459770116
0.026352288488210817 0.21839080459770116
0.02631578947368421 0.21839080459770116
0.02627939142461964 0.21839080459770116
0.026243093922651933 0.21839080459770116
0.02620689655172414 0.21839080459770116
0.026170798898071626 0.21839080459770116
0.026134800550206328 0.21839080459770116
0.0260989010989011 0.21839080459770116
0.02606310013717421 0.21839080459770116
0.026027397260273973 0.21839080459770116
0.025991792065663474 0.21839080459770116
0.025956284153005466 0.21839080459770116
0.02592087312414734 0.21839080459770116
0.025885558583106268 0.21839080459770116
0.02585034013605442 0.21839080459770116
0.025815217391304348 0.21839080459770116
0.025780189959294438 0.21839080459770116
0.025745257452574527 0.21839080459770116
0.02571041948579161 0.21839080459770116
0.025675675675675677 0.21839080459770116
0.02564102564102564 0.21839080459770116
0.025606469002695417 0.21839080459770116
0.02557200538358008 0.21839080459770116
0.025537634408602152 0.21839080459770116
0.025503355704697986 0.21839080459770116
0.02546916890080429 0.21839080459770116
0.025435073627844713 0.21839080459770116
0.02540106951871658 0.21839080459770116
0.025367156208277702 0.21839080459770116
0.025333333333333333 0.21839080459770116
0.02529960053262317 0.21839080459770116
0.02526595744680851 0.21839080459770116
0.025232403718459494 0.21839080459770116
0.025198938992042442 0.21839080459770116
0.025165562913907286 0.21839080459770116
0.02513227513227513 0.21839080459770116
0.02509907529722589 0.21839080459770116
0.025065963060686015 0.21839080459770116
0.025032938076416336 0.21839080459770116
0.025 0.21839080459770116
0.024967148488830485 0.21839080459770116
0.024934383202099737 0.21839080459770116
0.02490170380078637 0.21839080459770116
0.024869109947643978 0.21839080459770116
0.02483660130718954 0.21839080459770116
0.024804177545691905 0.21839080459770116
0.024771838331160364 0.21839080459770116
0.024739583333333332 0.21839080459770116
0.0247074122236671 0.21839080459770116
0.024675324675324677 0.21839080459770116
0.02464332036316472 0.21839080459770116
0.02461139896373057 0.21839080459770116
0.02457956015523933 0.21839080459770116
0.02454780361757106 0.21839080459770116
0.024516129032258065 0.21839080459770116
0.024484536082474227 0.21839080459770116
0.02445302445302445 0.21839080459770116
0.02442159383033419 0.21839080459770116
0.024390243902439025 0.21839080459770116
0.02435897435897436 0.21839080459770116
0.024327784891165175 0.21839080459770116
0.024296675191815855 0.21839080459770116
0.024265644955300127 0.21839080459770116
0.02423469387755102 0.21839080459770116
0.024203821656050957 0.21839080459770116
0.024173027989821884 0.21839080459770116
0.0241423125794155 0.21839080459770116
0.025380710659898477 0.22988505747126436
0.025348542458808618 0.22988505747126436
0.02531645569620253 0.22988505747126436
0.025284450063211124 0.22988505747126436
0.025252525252525252 0.22988505747126436
0.025220680958385876 0.22988505747126436
0.02518891687657431 0.22988505747126436
0.025157232704402517 0.22988505747126436
0.02512562814070352 0.22988505747126436
0.025094102885821833 0.22988505747126436
0.02506265664160401 0.22988505747126436
0.025031289111389236 0.22988505747126436
0.025 0.22988505747126436
0.024968789013732832 0.22988505747126436
0.02493765586034913 0.22988505747126436
0.024906600249066 0.22988505747126436
0.024875621890547265 0.22988505747126436
0.024844720496894408 0.22988505747126436
0.02481389578163772 0.22988505747126436
0.024783147459727387 0.22988505747126436
0.024752475247524754 0.22988505747126436
0.024721878862793572 0.22988505747126436
0.024691358024691357 0.22988505747126436
0.02466091245376079 0.22988505747126436
0.024630541871921183 0.22988505747126436
0.024600246002460024 0.22988505747126436
0.02457002457002457 0.22988505747126436
0.024539877300613498 0.22988505747126436
0.024509803921568627 0.22988505747126436
0.02447980416156671 0.22988505747126436
0.02444987775061125 0.22988505747126436
0.02442002442002442 0.22988505747126436
0.024390243902439025 0.22988505747126436
0.024360535931790498 0.22988505747126436
0.024330900243309004 0.22988505747126436
0.024301336573511544 0.22988505747126436
0.024271844660194174 0.22988505747126436
0.024242424242424242 0.22988505747126436
0.024213075060532687 0.22988505747126436
0.02418379685610641 0.22988505747126436
0.024154589371980676 0.22988505747126436
0.024125452352231604 0.22988505747126436
0.024096385542168676 0.22988505747126436
0.024067388688327317 0.22988505747126436
0.02403846153846154 0.22988505747126436
0.024009603841536616 0.22988505747126436
0.023980815347721823 0.22988505747126436
0.023952095808383235 0.22988505747126436
0.023923444976076555 0.22988505747126436
0.023894862604540025 0.22988505747126436
0.02386634844868735 0.22988505747126436
0.023837902264600714 0.22988505747126436
0.023809523809523808 0.22988505747126436
0.023781212841854936 0.22988505747126436
0.023752969121140142 0.22988505747126436
0.02372479240806643 0.22988505747126436
0.023696682464454975 0.22988505747126436
0.023668639053254437 0.22988505747126436
0.02364066193853428 0.22988505747126436
0.023612750885478158 0.22988505747126436
0.02358490566037736 0.22988505747126436
0.023557126030624265 0.22988505747126436
0.023529411764705882 0.22988505747126436
0.023501762632197415 0.22988505747126436
0.023474178403755867 0.22988505747126436
0.023446658851113716 0.22988505747126436
0.0234192037470726 0.22988505747126436
0.023391812865497075 0.22988505747126436
0.02336448598130841 0.22988505747126436
0.023337222870478413 0.22988505747126436
0.023310023310023312 0.22988505747126436
0.023282887077997673 0.22988505747126436
0.023255813953488372 0.22988505747126436
0.023228803716608595 0.22988505747126436
0.02320185614849188 0.22988505747126436
0.023174971031286212 0.22988505747126436
0.023148148148148147 0.22988505747126436
0.023121387283236993 0.22988505747126436
0.023094688221709007 0.22988505747126436
0.02306805074971165 0.22988505747126436
0.02304147465437788 0.22988505747126436
0.023014959723820484 0.22988505747126436
0.022988505747126436 0.22988505747126436
0.022962112514351322 0.22988505747126436
0.022935779816513763 0.22988505747126436
0.022909507445589918 0.22988505747126436
0.02288329519450801 0.22988505747126436
0.022857142857142857 0.22988505747126436
0.0228310502283105 0.22988505747126436
0.02280501710376283 0.22988505747126436
0.022779043280182234 0.22988505747126436
0.022753128555176336 0.22988505747126436
0.022727272727272728 0.22988505747126436
0.022701475595913734 0.22988505747126436
0.022675736961451247 0.22988505747126436
0.022650056625141562 0.22988505747126436
0.02262443438914027 0.22988505747126436
0.022598870056497175 0.22988505747126436
0.022573363431151242 0.22988505747126436
0.02254791431792559 0.22988505747126436
0.02252252252252252 0.22988505747126436
0.02249718785151856 0.22988505747126436
0.02247191011235955 0.22988505747126436
0.02244668911335578 0.22988505747126436
0.02242152466367713 0.22988505747126436
0.022396416573348264 0.22988505747126436
0.02237136465324385 0.22988505747126436
0.0223463687150838 0.22988505747126436
0.022321428571428572 0.22988505747126436
0.022296544035674472 0.22988505747126436
0.022271714922048998 0.22988505747126436
0.02224694104560623 0.22988505747126436
0.022222222222222223 0.22988505747126436
0.022197558268590455 0.22988505747126436
0.022172949002217297 0.22988505747126436
0.0221483942414175 0.22988505747126436
0.022123893805309734 0.22988505747126436
0.022099447513812154 0.22988505747126436
0.02207505518763797 0.22988505747126436
0.022050716648291068 0.22988505747126436
0.022026431718061675 0.22988505747126436
0.022002200220022004 0.22988505747126436
0.02197802197802198 0.22988505747126436
0.021953896816684963 0.22988505747126436
0.021929824561403508 0.22988505747126436
0.02190580503833516 0.22988505747126436
0.02188183807439825 0.22988505747126436
0.02185792349726776 0.22988505747126436
0.021834061135371178 0.22988505747126436
0.021810250817884406 0.22988505747126436
0.02178649237472767 0.22988505747126436
0.022850924918389554 0.2413793103448276
0.02282608695652174 0.2413793103448276
0.02280130293159609 0.2413793103448276
0.0227765726681128 0.2413793103448276
0.02275189599133261 0.2413793103448276
0.022727272727272728 0.2413793103448276
0.022702702702702703 0.2413793103448276
0.02267818574514039 0.2413793103448276
0.022653721682847898 0.2413793103448276
0.022629310344827586 0.2413793103448276
0.022604951560818085 0.2413793103448276
0.02258064516129032 0.2413793103448276
0.022556390977443608 0.2413793103448276
0.022532188841201718 0.2413793103448276
0.022508038585209004 0.2413793103448276
0.022483940042826552 0.2413793103448276
0.022459893048128343 0.2413793103448276
0.022435897435897436 0.2413793103448276
0.022411953041622197 0.2413793103448276
0.022388059701492536 0.2413793103448276
0.022364217252396165 0.2413793103448276
0.022340425531914895 0.2413793103448276
0.023379383634431455 0.25287356321839083
0.02335456475583864 0.25287356321839083
0.02332979851537646 0.25287356321839083
0.023305084745762712 0.25287356321839083
0.02328042328042328 0.25287356321839083
0.023255813953488372 0.25287356321839083
0.023231256599788808 0.25287356321839083
0.023206751054852322 0.25287356321839083
0.023182297154899896 0.25287356321839083
0.023157894736842106 0.25287356321839083
0.023133543638275498 0.25287356321839083
0.023109243697478993 0.25287356321839083
0.023084994753410283 0.25287356321839083
0.023060796645702306 0.25287356321839083
0.023036649214659685 0.25287356321839083
0.02301255230125523 0.25287356321839083
0.022988505747126436 0.25287356321839083
0.022964509394572025 0.25287356321839083
0.022940563086548488 0.25287356321839083
0.022916666666666665 0.25287356321839083
0.022892819979188347 0.25287356321839083
0.02286902286902287 0.25287356321839083
0.02284527518172378 0.25287356321839083
0.022821576763485476 0.25287356321839083
0.022797927461139896 0.25287356321839083
0.022774327122153208 0.25287356321839083
0.022750775594622543 0.25287356321839083
0.022727272727272728 0.25287356321839083
0.022703818369453045 0.25287356321839083
0.02268041237113402 0.25287356321839083
0.02265705458290422 0.25287356321839083
0.02263374485596708 0.25287356321839083
0.022610483042137718 0.25287356321839083
0.022587268993839837 0.25287356321839083
0.022564102564102566 0.25287356321839083
0.022540983606557378 0.25287356321839083
0.022517911975435005 0.25287356321839083
0.022494887525562373 0.25287356321839083
0.02247191011235955 0.25287356321839083
0.022448979591836733 0.25287356321839083
0.022426095820591234 0.25287356321839083
0.02240325865580448 0.25287356321839083
0.022380467955239063 0.25287356321839083
0.022357723577235773 0.25287356321839083
0.02233502538071066 0.25287356321839083
0.02231237322515213 0.25287356321839083
0.022289766970618033 0.25287356321839083
0.022267206477732792 0.25287356321839083
0.022244691607684528 0.25287356321839083
0.022222222222222223 0.25287356321839083
0.022199798183652877 0.25287356321839083
0.02217741935483871 0.25287356321839083
0.022155085599194362 0.25287356321839083
0.022132796780684104 0.25287356321839083
0.022110552763819097 0.25287356321839083
0.02208835341365462 0.25287356321839083
0.022066198595787363 0.25287356321839083
0.022044088176352707 0.25287356321839083
0.022022022022022022 0.25287356321839083
0.022 0.25287356321839083
0.02197802197802198 0.25287356321839083
0.021956087824351298 0.25287356321839083
0.02193419740777667 0.25287356321839083
0.021912350597609563 0.25287356321839083
0.021890547263681594 0.25287356321839083
0.02186878727634195 0.25287356321839083
0.021847070506454815 0.25287356321839083
0.021825396825396824 0.25287356321839083
0.02180376610505451 0.25287356321839083
0.02178217821782178 0.25287356321839083
0.021760633036597428 0.25287356321839083
0.021739130434782608 0.25287356321839083
0.02171767028627838 0.25287356321839083
0.021696252465483234 0.25287356321839083
0.02167487684729064 0.25287356321839083
0.021653543307086614 0.25287356321839083
0.021632251720747297 0.25287356321839083
0.021611001964636542 0.25287356321839083
0.021589793915603533 0.25287356321839083
0.021568627450980392 0.25287356321839083
0.021547502448579822 0.25287356321839083
0.021526418786692758 0.25287356321839083
0.021505376344086023 0.25287356321839083
0.021484375 0.25287356321839083
0.021463414634146343 0.25287356321839083
0.021442495126705652 0.25287356321839083
0.021421616358325218 0.25287356321839083
0.021400778210116732 0.25287356321839083
0.021379980563654033 0.25287356321839083
0.021359223300970873 0.25287356321839083
0.02133850630455868 0.25287356321839083
0.02131782945736434 0.25287356321839083
0.021297192642787996 0.25287356321839083
0.02127659574468085 0.25287356321839083
0.021256038647342997 0.25287356321839083
0.021235521235521235 0.25287356321839083
0.021215043394406944 0.25287356321839083
0.02119460500963391 0.25287356321839083
0.021174205967276226 0.25287356321839083
0.021153846153846155 0.25287356321839083
0.021133525456292025 0.25287356321839083
0.02111324376199616 0.25287356321839083
0.02109300095877277 0.25287356321839083
0.0210727969348659 0.25287356321839083
0.021052631578947368 0.25287356321839083
0.021032504780114723 0.25287356321839083
0.021012416427889206 0.25287356321839083
0.02099236641221374 0.25287356321839083
0.020972354623450904 0.25287356321839083
0.02095238095238095 0.25287356321839083
0.021883920076117985 0.26436781609195403
0.021863117870722433 0.26436781609195403
0.02184235517568851 0.26436781609195403
0.021821631878557873 0.26436781609195403
0.021800947867298578 0.26436781609195403
0.021780303030303032 0.26436781609195403
0.021759697256385997 0.26436781609195403
0.021739130434782608 0.26436781609195403
0.021718602455146365 0.26436781609195403
0.02169811320754717 0.26436781609195403
0.021677662582469368 0.26436781609195403
0.021657250470809793 0.26436781609195403
0.021636876763875823 0.26436781609195403
0.021616541353383457 0.26436781609195403
0.0215962441314554 0.26436781609195403
0.021575984990619138 0.26436781609195403
0.02155576382380506 0.26436781609195403
0.02247191011235955 0.27586206896551724
0.02245088868101029 0.27586206896551724
0.022429906542056073 0.27586206896551724
0.022408963585434174 0.27586206896551724
0.022388059701492536 0.27586206896551724
0.022367194780987885 0.27586206896551724
0.0223463687150838 0.27586206896551724
0.022325581395348838 0.27586206896551724
0.022304832713754646 0.27586206896551724
0.022284122562674095 0.27586206896551724
0.022263450834879406 0.27586206896551724
0.022242817423540315 0.27586206896551724
0.022222222222222223 0.27586206896551724
0.022201665124884366 0.27586206896551724
0.022181146025878003 0.27586206896551724
0.0221606648199446 0.27586206896551724
0.02214022140221402 0.27586206896551724
0.022119815668202765 0.27586206896551724
0.022099447513812154 0.27586206896551724
0.022999080036798528 0.28735632183908044
0.02297794117647059 0.28735632183908044
0.02295684113865932 0.28735632183908044
0.022935779816513763 0.28735632183908044
0.022914757103574702 0.28735632183908044
0.022893772893772892 0.28735632183908044
0.022872827081427266 0.28735632183908044
0.022851919561243144 0.28735632183908044
0.0228310502283105 0.28735632183908044
0.02281021897810219 0.28735632183908044
0.022789425706472195 0.28735632183908044
0.022768670309653915 0.28735632183908044
0.022747952684258416 0.28735632183908044
0.022727272727272728 0.28735632183908044
0.022706630336058128 0.28735632183908044
0.022686025408348458 0.28735632183908044
0.022665457842248413 0.28735632183908044
0.022644927536231884 0.28735632183908044
0.02262443438914027 0.28735632183908044
0.022603978300180832 0.28735632183908044
0.023486901535682024 0.2988505747126437
0.023465703971119134 0.2988505747126437
0.023444544634806132 0.2988505747126437
0.023423423423423424 0.2988505747126437
0.023402340234023402 0.2988505747126437
0.023381294964028777 0.2988505747126437
0.02336028751123091 0.2988505747126437
0.02333931777378815 0.2988505747126437
0.023318385650224215 0.2988505747126437
0.023297491039426525 0.2988505747126437
0.023276633840644583 0.2988505747126437
0.023255813953488372 0.2988505747126437
0.02323503127792672 0.2988505747126437
0.023214285714285715 0.2988505747126437
0.0231935771632471 0.2988505747126437
0.023172905525846704 0.2988505747126437
0.02315227070347284 0.2988505747126437
0.023131672597864767 0.2988505747126437
0.02311111111111111 0.2988505747126437
0.023090586145648313 0.2988505747126437
0.023070097604259095 0.2988505747126437
0.02304964539007092 0.2988505747126437
0.023029229406554472 0.2988505747126437
0.023008849557522124 0.2988505747126437
0.022988505747126436 0.2988505747126437
0.022968197879858657 0.2988505747126437
0.02294792586054722 0.2988505747126437
0.02292768959435626 0.2988505747126437
0.02290748898678414 0.2988505747126437
0.022887323943661973 0.2988505747126437
0.022867194371152155 0.2988505747126437
0.022847100175746926 0.2988505747126437
0.0228270412642669 0.2988505747126437
0.02280701754385965 0.2988505747126437
0.022787028921998246 0.2988505747126437
0.02276707530647986 0.2988505747126437
0.022747156605424323 0.2988505747126437
0.022727272727272728 0.2988505747126437
0.022707423580786028 0.2988505747126437
0.02356020942408377 0.3103448275862069
0.023539668700959023 0.3103448275862069
0.023519163763066203 0.3103448275862069
0.02349869451697128 0.3103448275862069
0.023478260869565216 0.3103448275862069
0.023457862728062554 0.3103448275862069
0.0234375 0.3103448275862069
0.023417172593235037 0.3103448275862069
0.02339688041594454 0.3103448275862069
0.023376623376623377 0.3103448275862069
0.023356401384083045 0.3103448275862069
0.023336214347450302 0.3103448275862069
0.023316062176165803 0.3103448275862069
0.023295944779982744 0.3103448275862069
0.02327586206896552 0.3103448275862069
0.023255813953488372 0.3103448275862069
0.02323580034423408 0.3103448275862069
0.023215821152192607 0.3103448275862069
0.023195876288659795 0.3103448275862069
0.02317596566523605 0.3103448275862069
0.023156089193825044 0.3103448275862069
0.02313624678663239 0.3103448275862069
0.023116438356164382 0.3103448275862069
0.023096663815226688 0.3103448275862069
0.023076923076923078 0.3103448275862069
0.02305721605465414 0.3103448275862069
0.023890784982935155 0.3218390804597701
0.023870417732310314 0.3218390804597701
0.02385008517887564 0.3218390804597701
0.023829787234042554 0.3218390804597701
0.023809523809523808 0.3218390804597701
0.0237892948173322 0.3218390804597701
0.023769100169779286 0.3218390804597701
0.02374893977947413 0.3218390804597701
0.023728813559322035 0.3218390804597701
0.024555461473327687 0.3333333333333333
0.024534686971235193 0.3333333333333333
0.024513947590870666 0.3333333333333333
0.024493243243243243 0.3333333333333333
0.024472573839662448 0.3333333333333333
0.024451939291736932 0.3333333333333333
0.02443133951137321 0.3333333333333333
0.02441077441077441 0.3333333333333333
0.024390243902439025 0.3333333333333333
0.024369747899159664 0.3333333333333333
0.02434928631402183 0.3333333333333333
0.024328859060402684 0.3333333333333333
0.024308466051969825 0.3333333333333333
0.024288107202680067 0.3333333333333333
0.024267782426778243 0.3333333333333333
0.024247491638795988 0.3333333333333333
0.02422723475355054 0.3333333333333333
0.024207011686143573 0.3333333333333333
0.02418682235195997 0.3333333333333333
0.024166666666666666 0.3333333333333333
0.02414654454621149 0.3333333333333333
0.024126455906821963 0.3333333333333333
0.024106400665004156 0.3333333333333333
0.02408637873754153 0.3333333333333333
0.024066390041493777 0.3333333333333333
0.02404643449419569 0.3333333333333333
0.024026512013256007 0.3333333333333333
0.024006622516556293 0.3333333333333333
0.023986765922249794 0.3333333333333333
0.023966942148760332 0.3333333333333333
0.023947151114781174 0.3333333333333333
0.02392739273927393 0.3333333333333333
0.023907666941467436 0.3333333333333333
0.023887973640856673 0.3333333333333333
0.023868312757201648 0.3333333333333333
0.023848684210526317 0.3333333333333333
0.0238290879211175 0.3333333333333333
0.023809523809523808 0.3333333333333333
0.02378999179655455 0.3333333333333333
0.023770491803278688 0.3333333333333333
0.02375102375102375 0.3333333333333333
0.023731587561374796 0.3333333333333333
0.023712183156173343 0.3333333333333333
0.02369281045751634 0.3333333333333333
0.0236734693877551 0.3333333333333333
0.02365415986949429 0.3333333333333333
0.023634881825590873 0.3333333333333333
0.023615635179153095 0.3333333333333333
0.023596419853539462 0.3333333333333333
0.023577235772357725 0.3333333333333333
0.023558082859463852 0.3333333333333333
0.02353896103896104 0.3333333333333333
0.023519870235198703 0.3333333333333333
0.023500810372771474 0.3333333333333333
0.02348178137651822 0.3333333333333333
0.023462783171521034 0.3333333333333333
0.023443815683104285 0.3333333333333333
0.023424878836833602 0.3333333333333333
0.023405972558514933 0.3333333333333333
0.02338709677419355 0.3333333333333333
0.023368251410153102 0.3333333333333333
0.023349436392914653 0.3333333333333333
0.02333065164923572 0.3333333333333333
0.023311897106109324 0.3333333333333333
0.023293172690763052 0.3333333333333333
0.023274478330658106 0.3333333333333333
0.023255813953488372 0.3333333333333333
0.023237179487179488 0.3333333333333333
0.02321857485988791 0.3333333333333333
0.0232 0.3333333333333333
0.023181454836131096 0.3333333333333333
0.0231629392971246 0.3333333333333333
0.02314445331205108 0.3333333333333333
0.023125996810207338 0.3333333333333333
0.023107569721115537 0.3333333333333333
0.02308917197452229 0.3333333333333333
0.02386634844868735 0.3448275862068966
0.02384737678855326 0.3448275862068966
0.023828435266084195 0.3448275862068966
0.023809523809523808 0.3448275862068966
0.023790642347343377 0.3448275862068966
0.02377179080824089 0.3448275862068966
0.023752969121140142 0.3448275862068966
0.023734177215189875 0.3448275862068966
0.023715415019762844 0.3448275862068966
0.023696682464454975 0.3448275862068966
0.02367797947908445 0.3448275862068966
0.02365930599369085 0.3448275862068966
0.02364066193853428 0.3448275862068966
0.023622047244094488 0.3448275862068966
0.023603461841070025 0.3448275862068966
0.02358490566037736 0.3448275862068966
0.02356637863315004 0.3448275862068966
0.023547880690737835 0.3448275862068966
0.023529411764705882 0.3448275862068966
0.023510971786833857 0.3448275862068966
0.023492560689115115 0.3448275862068966
0.023474178403755867 0.3448275862068966
0.023455824863174355 0.3448275862068966
0.0234375 0.3448275862068966
0.0234192037470726 0.3448275862068966
0.0234009360374415 0.3448275862068966
0.02338269680436477 0.3448275862068966
0.02336448598130841 0.3448275862068966
0.023346303501945526 0.3448275862068966
0.02332814930015552 0.3448275862068966
0.023310023310023312 0.3448275862068966
0.023291925465838508 0.3448275862068966
0.023273855702094646 0.3448275862068966
0.023255813953488372 0.3448275862068966
0.023237800154918668 0.3448275862068966
0.02321981424148607 0.3448275862068966
0.02320185614849188 0.3448275862068966
0.023183925811437404 0.3448275862068966
0.023166023166023165 0.3448275862068966
0.023148148148148147 0.3448275862068966
0.02313030069390902 0.3448275862068966
0.023112480739599383 0.3448275862068966
0.023094688221709007 0.3448275862068966
0.023076923076923078 0.3448275862068966
0.023059185242121444 0.3448275862068966
0.02304147465437788 0.3448275862068966
0.023023791250959325 0.3448275862068966
0.023006134969325152 0.3448275862068966
0.022988505747126436 0.3448275862068966
0.022970903522205207 0.3448275862068966
0.022953328232593728 0.3448275862068966
0.022935779816513763 0.3448275862068966
0.02291825821237586 0.3448275862068966
0.022900763358778626 0.3448275862068966
0.02288329519450801 0.3448275862068966
0.022865853658536585 0.3448275862068966
0.02284843869002285 0.3448275862068966
0.0228310502283105 0.3448275862068966
0.022813688212927757 0.3448275862068966
0.022796352583586626 0.3448275862068966
0.022779043280182234 0.3448275862068966
0.02276176024279211 0.3448275862068966
0.022744503411675512 0.3448275862068966
0.022727272727272728 0.3448275862068966
0.022710068130204392 0.3448275862068966
0.0226928895612708 0.3448275862068966
0.022675736961451247 0.3448275862068966
0.022658610271903322 0.3448275862068966
0.022641509433962263 0.3448275862068966
0.02262443438914027 0.3448275862068966
0.02260738507912585 0.3448275862068966
0.022590361445783132 0.3448275862068966
0.022573363431151242 0.3448275862068966
0.022556390977443608 0.3448275862068966
0.022539444027047332 0.3448275862068966
0.02252252252252252 0.3448275862068966
0.02250562640660165 0.3448275862068966
0.022488755622188907 0.3448275862068966
0.02247191011235955 0.3448275862068966
0.02245508982035928 0.3448275862068966
0.02243829468960359 0.3448275862068966
0.02242152466367713 0.3448275862068966
0.022404779686333084 0.3448275862068966
0.022388059701492536 0.3448275862068966
0.02237136465324385 0.3448275862068966
0.022354694485842028 0.3448275862068966
0.022338049143708117 0.3448275862068966
0.022321428571428572 0.3448275862068966
0.022304832713754646 0.3448275862068966
0.022288261515601784 0.3448275862068966
0.022271714922048998 0.3448275862068966
0.02225519287833828 0.3448275862068966
0.02223869532987398 0.3448275862068966
0.022222222222222223 0.3448275862068966
0.02220577350111029 0.3448275862068966
0.022189349112426034 0.3448275862068966
0.022172949002217297 0.3448275862068966
0.022156573116691284 0.3448275862068966
0.02214022140221402 0.3448275862068966
0.022123893805309734 0.3448275862068966
0.02210759027266028 0.3448275862068966
0.022091310751104567 0.3448275862068966
0.02207505518763797 0.3448275862068966
0.022058823529411766 0.3448275862068966
0.02204261572373255 0.3448275862068966
0.022026431718061675 0.3448275862068966
0.022010271460014674 0.3448275862068966
0.021994134897360705 0.3448275862068966
0.02197802197802198 0.3448275862068966
0.021961932650073207 0.3448275862068966
0.021945866861741038 0.3448275862068966
0.021929824561403508 0.3448275862068966
0.02191380569758948 0.3448275862068966
0.021897810218978103 0.3448275862068966
0.02188183807439825 0.3448275862068966
0.021865889212827987 0.3448275862068966
0.021849963583394028 0.3448275862068966
0.021834061135371178 0.3448275862068966
0.02181818181818182 0.3448275862068966
0.02180232558139535 0.3448275862068966
0.02178649237472767 0.3448275862068966
0.02177068214804064 0.3448275862068966
0.021754894851341553 0.3448275862068966
0.021739130434782608 0.3448275862068966
0.02172338884866039 0.3448275862068966
0.02170767004341534 0.3448275862068966
0.021691973969631236 0.3448275862068966
0.02167630057803468 0.3448275862068966
0.021660649819494584 0.3448275862068966
0.021645021645021644 0.3448275862068966
0.021629416005767843 0.3448275862068966
0.021613832853025938 0.3448275862068966
0.02159827213822894 0.3448275862068966
0.02158273381294964 0.3448275862068966
0.021567217828900073 0.3448275862068966
0.021551724137931036 0.3448275862068966
0.021536252692031587 0.3448275862068966
0.021520803443328552 0.3448275862068966
0.022222222222222223 0.3563218390804598
0.022206303724928367 0.3563218390804598
0.02219040801717967 0.3563218390804598
0.022174535050071532 0.3563218390804598
0.02215868477483917 0.3563218390804598
0.02214285714285714 0.3563218390804598
0.02212705210563883 0.3563218390804598
0.02211126961483595 0.3563218390804598
0.022095509622238062 0.3563218390804598
0.02207977207977208 0.3563218390804598
0.02206405693950178 0.3563218390804598
0.022048364153627313 0.3563218390804598
0.02203269367448472 0.3563218390804598
0.022017045454545456 0.3563218390804598
0.0220014194464159 0.3563218390804598
0.02198581560283688 0.3563218390804598
0.021970233876683204 0.3563218390804598
0.021954674220963172 0.3563218390804598
0.021939136588818117 0.3563218390804598
0.021923620933521924 0.3563218390804598
0.021908127208480566 0.3563218390804598
0.021892655367231638 0.3563218390804598
0.021877205363443897 0.3563218390804598
0.021861777150916785 0.3563218390804598
0.021846370683579985 0.3563218390804598
0.021830985915492956 0.3563218390804598
0.021815622800844477 0.3563218390804598
0.02180028129395218 0.3563218390804598
0.02178496134926212 0.3563218390804598
0.021769662921348316 0.3563218390804598
0.02175438596491228 0.3563218390804598
0.021739130434782608 0.3563218390804598
0.021723896285914507 0.3563218390804598
0.021708683473389355 0.3563218390804598
0.021693491952414275 0.3563218390804598
0.021678321678321677 0.3563218390804598
0.02166317260656883 0.3563218390804598
0.02164804469273743 0.3563218390804598
0.021632937892533146 0.3563218390804598
0.021617852161785217 0.3563218390804598
0.021602787456445994 0.3563218390804598
0.02158774373259053 0.3563218390804598
0.021572720946416143 0.3563218390804598
0.021557719054242003 0.3563218390804598
0.021542738012508687 0.3563218390804598
0.021527777777777778 0.3563218390804598
0.021512838306731435 0.3563218390804598
0.021497919556171984 0.3563218390804598
0.021483021483021482 0.3563218390804598
0.02146814404432133 0.3563218390804598
0.021453287197231833 0.3563218390804598
0.021438450899031812 0.3563218390804598
0.021423635107118175 0.3563218390804598
0.021408839779005526 0.3563218390804598
0.02139406487232574 0.3563218390804598
0.021379310344827585 0.3563218390804598
0.021364576154376293 0.3563218390804598
0.02134986225895317 0.3563218390804598
0.021335168616655197 0.3563218390804598
0.021320495185694635 0.3563218390804598
0.021305841924398626 0.3563218390804598
0.021291208791208792 0.3563218390804598
0.02127659574468085 0.3563218390804598
0.021262002743484224 0.3563218390804598
0.021247429746401644 0.3563218390804598
0.021232876712328767 0.3563218390804598
0.021218343600273786 0.3563218390804598
0.021203830369357045 0.3563218390804598
0.021189336978810664 0.3563218390804598
0.02117486338797814 0.3563218390804598
0.021160409556313993 0.3563218390804598
0.021145975443383355 0.3563218390804598
0.021131561008861623 0.3563218390804598
0.02111716621253406 0.3563218390804598
0.02110279101429544 0.3563218390804598
0.02108843537414966 0.3563218390804598
0.02107409925220938 0.3563218390804598
0.021059782608695652 0.3563218390804598
0.021045485403937542 0.3563218390804598
0.02103120759837178 0.3563218390804598
0.021016949152542375 0.3563218390804598
0.02100271002710027 0.3563218390804598
0.02098849018280298 0.3563218390804598
0.02097428958051421 0.3563218390804598
0.020960108181203516 0.3563218390804598
0.020945945945945947 0.3563218390804598
0.020931802835921675 0.3563218390804598
0.020917678812415654 0.3563218390804598
0.020903573836817263 0.3563218390804598
0.020889487870619946 0.3563218390804598
0.020875420875420877 0.3563218390804598
0.02086137281292059 0.3563218390804598
0.020847343644922665 0.3563218390804598
0.020833333333333332 0.3563218390804598
0.020819341840161182 0.3563218390804598
0.021476510067114093 0.367816091954023
0.021462105969148222 0.367816091954023
0.021447721179624665 0.367816091954023
0.021433355659745478 0.367816091954023
0.0214190093708166 0.367816091954023
0.02140468227424749 0.367816091954023
0.0213903743315508 0.367816091954023
0.02137608550434202 0.367816091954023
0.021361815754339118 0.367816091954023
0.02134756504336224 0.367816091954023
