1.0 0.021739130434782608
0.5 0.021739130434782608
0.3333333333333333 0.021739130434782608
0.25 0.021739130434782608
0.2 0.021739130434782608
0.16666666666666666 0.021739130434782608
0.14285714285714285 0.021739130434782608
0.125 0.021739130434782608
0.1111111111111111 0.021739130434782608
0.1 0.021739130434782608
0.09090909090909091 0.021739130434782608
0.08333333333333333 0.021739130434782608
0.07692307692307693 0.021739130434782608
0.07142857142857142 0.021739130434782608
0.06666666666666667 0.021739130434782608
0.0625 0.021739130434782608
0.058823529411764705 0.021739130434782608
0.05555555555555555 0.021739130434782608
0.10526315789473684 0.043478260869565216
0.1 0.043478260869565216
0.14285714285714285 0.06521739130434782
0.13636363636363635 0.06521739130434782
0.13043478260869565 0.06521739130434782
0.125 0.06521739130434782
0.12 0.06521739130434782
0.11538461538461539 0.06521739130434782
0.1111111111111111 0.06521739130434782
0.10714285714285714 0.06521739130434782
0.10344827586206896 0.06521739130434782
0.1 0.06521739130434782
0.0967741935483871 0.06521739130434782
0.09375 0.06521739130434782
0.09090909090909091 0.06521739130434782
0.08823529411764706 0.06521739130434782
0.08571428571428572 0.06521739130434782
0.08333333333333333 0.06521739130434782
0.08108108108108109 0.06521739130434782
0.07894736842105263 0.06521739130434782
0.07692307692307693 0.06521739130434782
0.075 0.06521739130434782
0.07317073170731707 0.06521739130434782
0.07142857142857142 0.06521739130434782
0.09302325581395349 0.08695652173913043
0.11363636363636363 0.10869565217391304
0.13333333333333333 0.13043478260869565
0.15217391304347827 0.15217391304347827
0.14893617021276595 0.15217391304347827
0.16666666666666666 0.17391304347826086
0.1836734693877551 0.1956521739130435
0.18 0.1956521739130435
0.17647058823529413 0.1956521739130435
0.19230769230769232 0.21739130434782608
0.18867924528301888 0.21739130434782608
0.2037037037037037 0.2391304347826087
0.21818181818181817 0.2608695652173913
0.21428571428571427 0.2608695652173913
0.21052631578947367 0.2608695652173913
0.20689655172413793 0.2608695652173913
0.2033898305084746 0.2608695652173913
0.2 0.2608695652173913
0.19672131147540983 0.2608695652173913
0.1935483870967742 0.2608695652173913
0.19047619047619047 0.2608695652173913
0.1875 0.2608695652173913
0.18461538461538463 0.2608695652173913
0.18181818181818182 0.2608695652173913
0.1791044776119403 0.2608695652173913
0.17647058823529413 0.2608695652173913
0.17391304347826086 0.2608695652173913
0.17142857142857143 0.2608695652173913
0.16901408450704225 0.2608695652173913
0.16666666666666666 0.2608695652173913
0.1643835616438356 0.2608695652173913
0.16216216216216217 0.2608695652173913
0.16 0.2608695652173913
0.15789473684210525 0.2608695652173913
0.15584415584415584 0.2608695652173913
0.15384615384615385 0.2608695652173913
0.1518987341772152 0.2608695652173913
0.15 0.2608695652173913
0.14814814814814814 0.2608695652173913
0.14634146341463414 0.2608695652173913
0.14457831325301204 0.2608695652173913
0.14285714285714285 0.2608695652173913
0.1411764705882353 0.2608695652173913
0.13953488372093023 0.2608695652173913
0.13793103448275862 0.2608695652173913
0.13636363636363635 0.2608695652173913
0.1348314606741573 0.2608695652173913
0.13333333333333333 0.2608695652173913
0.13186813186813187 0.2608695652173913
0.13043478260869565 0.2608695652173913
0.12903225806451613 0.2608695652173913
0.1276595744680851 0.2608695652173913
0.12631578947368421 0.2608695652173913
0.125 0.2608695652173913
0.12371134020618557 0.2608695652173913
0.12244897959183673 0.2608695652173913
0.12121212121212122 0.2608695652173913
0.12 0.2608695652173913
0.1188118811881188 0.2608695652173913
0.11764705882352941 0.2608695652173913
0.11650485436893204 0.2608695652173913
0.11538461538461539 0.2608695652173913
0.11428571428571428 0.2608695652173913
0.11320754716981132 0.2608695652173913
0.11214953271028037 0.2608695652173913
0.1111111111111111 0.2608695652173913
0.11009174311926606 0.2608695652173913
0.10909090909090909 0.2608695652173913
0.10810810810810811 0.2608695652173913
0.10714285714285714 0.2608695652173913
0.10619469026548672 0.2608695652173913
0.10526315789473684 0.2608695652173913
0.10434782608695652 0.2608695652173913
0.10344827586206896 0.2608695652173913
0.10256410256410256 0.2608695652173913
0.1016949152542373 0.2608695652173913
0.10084033613445378 0.2608695652173913
0.1 0.2608695652173913
0.09917355371900827 0.2608695652173913
0.09836065573770492 0.2608695652173913
0.0975609756097561 0.2608695652173913
0.0967741935483871 0.2608695652173913
0.096 0.2608695652173913
0.09523809523809523 0.2608695652173913
0.09448818897637795 0.2608695652173913
0.09375 0.2608695652173913
0.09302325581395349 0.2608695652173913
0.09230769230769231 0.2608695652173913
0.0916030534351145 0.2608695652173913
0.09090909090909091 0.2608695652173913
0.09022556390977443 0.2608695652173913
0.08955223880597014 0.2608695652173913
0.08888888888888889 0.2608695652173913
0.08823529411764706 0.2608695652173913
0.08759124087591241 0.2608695652173913
0.08695652173913043 0.2608695652173913
0.08633093525179857 0.2608695652173913
0.08571428571428572 0.2608695652173913
0.0851063829787234 0.2608695652173913
0.08450704225352113 0.2608695652173913
0.08391608391608392 0.2608695652173913
0.08333333333333333 0.2608695652173913
0.08275862068965517 0.2608695652173913
0.0821917808219178 0.2608695652173913
0.08163265306122448 0.2608695652173913
0.08108108108108109 0.2608695652173913
0.08053691275167785 0.2608695652173913
0.08 0.2608695652173913
0.07947019867549669 0.2608695652173913
0.07894736842105263 0.2608695652173913
0.0784313725490196 0.2608695652173913
0.07792207792207792 0.2608695652173913
0.07741935483870968 0.2608695652173913
0.07692307692307693 0.2608695652173913
0.07643312101910828 0.2608695652173913
0.0759493670886076 0.2608695652173913
0.07547169811320754 0.2608695652173913
0.075 0.2608695652173913
0.07453416149068323 0.2608695652173913
0.07407407407407407 0.2608695652173913
0.0736196319018405 0.2608695652173913
0.07317073170731707 0.2608695652173913
0.07272727272727272 0.2608695652173913
0.07228915662650602 0.2608695652173913
0.0718562874251497 0.2608695652173913
0.07142857142857142 0.2608695652173913
0.07100591715976332 0.2608695652173913
0.07058823529411765 0.2608695652173913
0.07017543859649122 0.2608695652173913
0.06976744186046512 0.2608695652173913
0.06936416184971098 0.2608695652173913
0.06896551724137931 0.2608695652173913
0.06857142857142857 0.2608695652173913
0.06818181818181818 0.2608695652173913
0.06779661016949153 0.2608695652173913
0.06741573033707865 0.2608695652173913
0.0670391061452514 0.2608695652173913
0.06666666666666667 0.2608695652173913
0.06629834254143646 0.2608695652173913
0.06593406593406594 0.2608695652173913
0.06557377049180328 0.2608695652173913
0.06521739130434782 0.2608695652173913
0.06486486486486487 0.2608695652173913
0.06451612903225806 0.2608695652173913
0.06417112299465241 0.2608695652173913
0.06382978723404255 0.2608695652173913
0.06349206349206349 0.2608695652173913
0.06315789473684211 0.2608695652173913
0.06282722513089005 0.2608695652173913
0.0625 0.2608695652173913
0.06217616580310881 0.2608695652173913
0.061855670103092786 0.2608695652173913
0.06153846153846154 0.2608695652173913
0.061224489795918366 0.2608695652173913
0.06091370558375635 0.2608695652173913
0.06060606060606061 0.2608695652173913
0.06030150753768844 0.2608695652173913
0.06 0.2608695652173913
0.05970149253731343 0.2608695652173913
0.0594059405940594 0.2608695652173913
0.059113300492610835 0.2608695652173913
0.058823529411764705 0.2608695652173913
0.05853658536585366 0.2608695652173913
0.05825242718446602 0.2608695652173913
0.057971014492753624 0.2608695652173913
0.057692307692307696 0.2608695652173913
0.05741626794258373 0.2608695652173913
0.05714285714285714 0.2608695652173913
0.05687203791469194 0.2608695652173913
0.05660377358490566 0.2608695652173913
0.056338028169014086 0.2608695652173913
0.056074766355140186 0.2608695652173913
0.05581395348837209 0.2608695652173913
0.05555555555555555 0.2608695652173913
0.055299539170506916 0.2608695652173913
0.05504587155963303 0.2608695652173913
0.0547945205479452 0.2608695652173913
0.05454545454545454 0.2608695652173913
0.05429864253393665 0.2608695652173913
0.05405405405405406 0.2608695652173913
0.053811659192825115 0.2608695652173913
0.05357142857142857 0.2608695652173913
0.05333333333333334 0.2608695652173913
0.05309734513274336 0.2608695652173913
0.05286343612334802 0.2608695652173913
0.05263157894736842 0.2608695652173913
0.05240174672489083 0.2608695652173913
0.05217391304347826 0.2608695652173913
0.05194805194805195 0.2608695652173913
0.05172413793103448 0.2608695652173913
0.05150214592274678 0.2608695652173913
0.05128205128205128 0.2608695652173913
0.05106382978723404 0.2608695652173913
0.05084745762711865 0.2608695652173913
0.05063291139240506 0.2608695652173913
0.05042016806722689 0.2608695652173913
0.0502092050209205 0.2608695652173913
0.05 0.2608695652173913
0.04979253112033195 0.2608695652173913
0.049586776859504134 0.2608695652173913
0.04938271604938271 0.2608695652173913
0.04918032786885246 0.2608695652173913
0.04897959183673469 0.2608695652173913
0.04878048780487805 0.2608695652173913
0.048582995951417005 0.2608695652173913
0.04838709677419355 0.2608695652173913
0.04819277108433735 0.2608695652173913
0.048 0.2608695652173913
0.04780876494023904 0.2608695652173913
0.047619047619047616 0.2608695652173913
0.04743083003952569 0.2608695652173913
0.047244094488188976 0.2608695652173913
0.047058823529411764 0.2608695652173913
0.046875 0.2608695652173913
0.04669260700389105 0.2608695652173913
0.046511627906976744 0.2608695652173913
0.04633204633204633 0.2608695652173913
0.046153846153846156 0.2608695652173913
0.04597701149425287 0.2608695652173913
0.04580152671755725 0.2608695652173913
0.045627376425855515 0.2608695652173913
0.045454545454545456 0.2608695652173913
0.045283018867924525 0.2608695652173913
0.045112781954887216 0.2608695652173913
0.0449438202247191 0.2608695652173913
0.04477611940298507 0.2608695652173913
0.04460966542750929 0.2608695652173913
0.044444444444444446 0.2608695652173913
0.04428044280442804 0.2608695652173913
0.04411764705882353 0.2608695652173913
0.04395604395604396 0.2608695652173913
0.043795620437956206 0.2608695652173913
0.04363636363636364 0.2608695652173913
0.043478260869565216 0.2608695652173913
0.04332129963898917 0.2608695652173913
0.04316546762589928 0.2608695652173913
0.043010752688172046 0.2608695652173913
0.04285714285714286 0.2608695652173913
0.042704626334519574 0.2608695652173913
0.0425531914893617 0.2608695652173913
0.04240282685512368 0.2608695652173913
0.04225352112676056 0.2608695652173913
0.042105263157894736 0.2608695652173913
0.04195804195804196 0.2608695652173913
0.041811846689895474 0.2608695652173913
0.041666666666666664 0.2608695652173913
0.04152249134948097 0.2608695652173913
0.041379310344827586 0.2608695652173913
0.041237113402061855 0.2608695652173913
0.0410958904109589 0.2608695652173913
0.040955631399317405 0.2608695652173913
0.04081632653061224 0.2608695652173913
0.04067796610169491 0.2608695652173913
0.04054054054054054 0.2608695652173913
0.04040404040404041 0.2608695652173913
0.040268456375838924 0.2608695652173913
0.04013377926421405 0.2608695652173913
0.04 0.2608695652173913
0.03986710963455149 0.2608695652173913
0.039735099337748346 0.2608695652173913
0.039603960396039604 0.2608695652173913
0.039473684210526314 0.2608695652173913
0.03934426229508197 0.2608695652173913
0.0392156862745098 0.2608695652173913
0.03908794788273615 0.2608695652173913
0.03896103896103896 0.2608695652173913
0.038834951456310676 0.2608695652173913
0.03870967741935484 0.2608695652173913
0.03858520900321544 0.2608695652173913
0.038461538461538464 0.2608695652173913
0.038338658146964855 0.2608695652173913
0.03821656050955414 0.2608695652173913
0.0380952380952381 0.2608695652173913
0.0379746835443038 0.2608695652173913
0.03785488958990536 0.2608695652173913
0.03773584905660377 0.2608695652173913
0.03761755485893417 0.2608695652173913
0.0375 0.2608695652173913
0.037383177570093455 0.2608695652173913
0.037267080745341616 0.2608695652173913
0.03715170278637771 0.2608695652173913
0.037037037037037035 0.2608695652173913
0.036923076923076927 0.2608695652173913
0.03680981595092025 0.2608695652173913
0.03669724770642202 0.2608695652173913
0.036585365853658534 0.2608695652173913
0.0364741641337386 0.2608695652173913
0.03636363636363636 0.2608695652173913
0.03625377643504532 0.2608695652173913
0.03614457831325301 0.2608695652173913
0.036036036036036036 0.2608695652173913
0.03592814371257485 0.2608695652173913
0.03582089552238806 0.2608695652173913
0.03571428571428571 0.2608695652173913
0.03560830860534125 0.2608695652173913
0.03550295857988166 0.2608695652173913
0.035398230088495575 0.2608695652173913
0.03529411764705882 0.2608695652173913
0.03519061583577713 0.2608695652173913
0.03508771929824561 0.2608695652173913
0.03498542274052478 0.2608695652173913
0.03488372093023256 0.2608695652173913
0.034782608695652174 0.2608695652173913
0.03468208092485549 0.2608695652173913
0.0345821325648415 0.2608695652173913
0.034482758620689655 0.2608695652173913
0.034383954154727794 0.2608695652173913
0.03428571428571429 0.2608695652173913
0.03418803418803419 0.2608695652173913
0.03409090909090909 0.2608695652173913
0.0339943342776204 0.2608695652173913
0.03389830508474576 0.2608695652173913
0.03380281690140845 0.2608695652173913
0.033707865168539325 0.2608695652173913
0.03361344537815126 0.2608695652173913
0.0335195530726257 0.2608695652173913
0.033426183844011144 0.2608695652173913
0.03333333333333333 0.2608695652173913
0.0332409972299169 0.2608695652173913
0.03314917127071823 0.2608695652173913
0.03305785123966942 0.2608695652173913
0.03296703296703297 0.2608695652173913
0.03287671232876712 0.2608695652173913
0.03278688524590164 0.2608695652173913
0.0326975476839237 0.2608695652173913
0.03260869565217391 0.2608695652173913
0.032520325203252036 0.2608695652173913
0.032432432432432434 0.2608695652173913
0.03234501347708895 0.2608695652173913
0.03225806451612903 0.2608695652173913
0.032171581769437 0.2608695652173913
0.03208556149732621 0.2608695652173913
0.032 0.2608695652173913
0.031914893617021274 0.2608695652173913
0.03183023872679045 0.2608695652173913
0.031746031746031744 0.2608695652173913
0.0316622691292876 0.2608695652173913
0.031578947368421054 0.2608695652173913
0.031496062992125984 0.2608695652173913
0.031413612565445025 0.2608695652173913
0.031331592689295036 0.2608695652173913
0.03125 0.2608695652173913
0.03116883116883117 0.2608695652173913
0.031088082901554404 0.2608695652173913
0.031007751937984496 0.2608695652173913
0.030927835051546393 0.2608695652173913
0.030848329048843187 0.2608695652173913
0.03076923076923077 0.2608695652173913
0.030690537084398978 0.2608695652173913
0.030612244897959183 0.2608695652173913
0.030534351145038167 0.2608695652173913
0.030456852791878174 0.2608695652173913
0.030379746835443037 0.2608695652173913
0.030303030303030304 0.2608695652173913
0.030226700251889168 0.2608695652173913
0.03015075376884422 0.2608695652173913
0.03007518796992481 0.2608695652173913
0.03 0.2608695652173913
0.029925187032418952 0.2608695652173913
0.029850746268656716 0.2608695652173913
0.02977667493796526 0.2608695652173913
0.0297029702970297 0.2608695652173913
0.02962962962962963 0.2608695652173913
0.029556650246305417 0.2608695652173913
0.029484029484029485 0.2608695652173913
0.029411764705882353 0.2608695652173913
0.029339853300733496 0.2608695652173913
0.02926829268292683 0.2608695652173913
0.029197080291970802 0.2608695652173913
0.02912621359223301 0.2608695652173913
0.029055690072639227 0.2608695652173913
0.028985507246376812 0.2608695652173913
0.02891566265060241 0.2608695652173913
0.028846153846153848 0.2608695652173913
0.02877697841726619 0.2608695652173913
0.028708133971291867 0.2608695652173913
0.028639618138424822 0.2608695652173913
0.02857142857142857 0.2608695652173913
0.028503562945368172 0.2608695652173913
0.02843601895734597 0.2608695652173913
0.028368794326241134 0.2608695652173913
0.02830188679245283 0.2608695652173913
0.02823529411764706 0.2608695652173913
0.028169014084507043 0.2608695652173913
0.02810304449648712 0.2608695652173913
0.028037383177570093 0.2608695652173913
0.027972027972027972 0.2608695652173913
0.027906976744186046 0.2608695652173913
0.027842227378190254 0.2608695652173913
0.027777777777777776 0.2608695652173913
0.02771362586605081 0.2608695652173913
0.027649769585253458 0.2608695652173913
0.027586206896551724 0.2608695652173913
0.027522935779816515 0.2608695652173913
0.02745995423340961 0.2608695652173913
0.0273972602739726 0.2608695652173913
0.02733485193621868 0.2608695652173913
0.02727272727272727 0.2608695652173913
0.027210884353741496 0.2608695652173913
0.027149321266968326 0.2608695652173913
0.02708803611738149 0.2608695652173913
0.02702702702702703 0.2608695652173913
0.02696629213483146 0.2608695652173913
0.026905829596412557 0.2608695652173913
0.026845637583892617 0.2608695652173913
0.026785714285714284 0.2608695652173913
0.026726057906458798 0.2608695652173913
0.02666666666666667 0.2608695652173913
0.026607538802660754 0.2608695652173913
0.02654867256637168 0.2608695652173913
0.026490066225165563 0.2608695652173913
0.02643171806167401 0.2608695652173913
0.026373626373626374 0.2608695652173913
0.02631578947368421 0.2608695652173913
0.0262582056892779 0.2608695652173913
0.026200873362445413 0.2608695652173913
0.026143790849673203 0.2608695652173913
0.02608695652173913 0.2608695652173913
0.026030368763557483 0.2608695652173913
0.025974025974025976 0.2608695652173913
0.02591792656587473 0.2608695652173913
0.02586206896551724 0.2608695652173913
0.025806451612903226 0.2608695652173913
0.02575107296137339 0.2608695652173913
0.02569593147751606 0.2608695652173913
0.02564102564102564 0.2608695652173913
0.0255863539445629 0.2608695652173913
0.02553191489361702 0.2608695652173913
0.025477707006369428 0.2608695652173913
0.025423728813559324 0.2608695652173913
0.02536997885835095 0.2608695652173913
0.02531645569620253 0.2608695652173913
0.02526315789473684 0.2608695652173913
0.025210084033613446 0.2608695652173913
0.025157232704402517 0.2608695652173913
0.02510460251046025 0.2608695652173913
0.025052192066805846 0.2608695652173913
0.027083333333333334 0.2826086956521739
0.02702702702702703 0.2826086956521739
0.029045643153526972 0.30434782608695654
0.028985507246376812 0.30434782608695654
0.028925619834710745 0.30434782608695654
0.0288659793814433 0.30434782608695654
0.02880658436213992 0.30434782608695654
0.028747433264887063 0.30434782608695654
0.028688524590163935 0.30434782608695654
0.028629856850715747 0.30434782608695654
0.02857142857142857 0.30434782608695654
0.028513238289205704 0.30434782608695654
0.028455284552845527 0.30434782608695654
0.028397565922920892 0.30434782608695654
0.030364372469635626 0.32608695652173914
0.030303030303030304 0.32608695652173914
0.03024193548387097 0.32608695652173914
0.030181086519114688 0.32608695652173914
0.030120481927710843 0.32608695652173914
0.03006012024048096 0.32608695652173914
0.03 0.32608695652173914
0.029940119760479042 0.32608695652173914
0.029880478087649404 0.32608695652173914
0.02982107355864811 0.32608695652173914
0.02976190476190476 0.32608695652173914
0.0297029702970297 0.32608695652173914
0.029644268774703556 0.32608695652173914
0.029585798816568046 0.32608695652173914
0.02952755905511811 0.32608695652173914
0.029469548133595286 0.32608695652173914
0.029411764705882353 0.32608695652173914
0.029354207436399216 0.32608695652173914
0.029296875 0.32608695652173914
0.029239766081871343 0.32608695652173914
0.029182879377431907 0.32608695652173914
0.02912621359223301 0.32608695652173914
0.029069767441860465 0.32608695652173914
0.029013539651837523 0.32608695652173914
0.02895752895752896 0.32608695652173914
0.028901734104046242 0.32608695652173914
0.03076923076923077 0.34782608695652173
0.030710172744721688 0.34782608695652173
0.03065134099616858 0.34782608695652173
0.030592734225621414 0.34782608695652173
0.030534351145038167 0.34782608695652173
0.030476190476190476 0.34782608695652173
0.030418250950570342 0.34782608695652173
0.030360531309297913 0.34782608695652173
0.030303030303030304 0.34782608695652173
0.030245746691871456 0.34782608695652173
0.03018867924528302 0.34782608695652173
0.030131826741996232 0.34782608695652173
0.03007518796992481 0.34782608695652173
0.0300187617260788 0.34782608695652173
0.0299625468164794 0.34782608695652173
0.029906542056074768 0.34782608695652173
0.029850746268656716 0.34782608695652173
0.0297951582867784 0.34782608695652173
0.02973977695167286 0.34782608695652173
0.029684601113172542 0.34782608695652173
0.02962962962962963 0.34782608695652173
0.029574861367837338 0.34782608695652173
0.02952029520295203 0.34782608695652173
0.029465930018416207 0.34782608695652173
0.029411764705882353 0.34782608695652173
0.029357798165137616 0.34782608695652173
0.029304029304029304 0.34782608695652173
0.029250457038391225 0.34782608695652173
0.029197080291970802 0.34782608695652173
0.029143897996357013 0.34782608695652173
0.02909090909090909 0.34782608695652173
0.029038112522686024 0.34782608695652173
0.028985507246376812 0.34782608695652173
0.028933092224231464 0.34782608695652173
0.02888086642599278 0.34782608695652173
0.02882882882882883 0.34782608695652173
0.02877697841726619 0.34782608695652173
0.02872531418312388 0.34782608695652173
0.02867383512544803 0.34782608695652173
0.028622540250447227 0.34782608695652173
0.02857142857142857 0.34782608695652173
0.0285204991087344 0.34782608695652173
0.028469750889679714 0.34782608695652173
0.028419182948490232 0.34782608695652173
0.028368794326241134 0.34782608695652173
0.02831858407079646 0.34782608695652173
0.028268551236749116 0.34782608695652173
0.02821869488536155 0.34782608695652173
0.028169014084507043 0.34782608695652173
0.028119507908611598 0.34782608695652173
0.028070175438596492 0.34782608695652173
0.028021015761821366 0.34782608695652173
0.027972027972027972 0.34782608695652173
0.027923211169284468 0.34782608695652173
0.027874564459930314 0.34782608695652173
0.02782608695652174 0.34782608695652173
0.027777777777777776 0.34782608695652173
0.02772963604852686 0.34782608695652173
0.02768166089965398 0.34782608695652173
0.027633851468048358 0.34782608695652173
0.027586206896551724 0.34782608695652173
0.027538726333907058 0.34782608695652173
0.027491408934707903 0.34782608695652173
0.0274442538593482 0.34782608695652173
0.0273972602739726 0.34782608695652173
0.02735042735042735 0.34782608695652173
0.027303754266211604 0.34782608695652173
0.027257240204429302 0.34782608695652173
0.027210884353741496 0.34782608695652173
0.027164685908319185 0.34782608695652173
0.02711864406779661 0.34782608695652173
0.02707275803722504 0.34782608695652173
0.02702702702702703 0.34782608695652173
0.026981450252951095 0.34782608695652173
0.026936026936026935 0.34782608695652173
0.02689075630252101 0.34782608695652173
0.026845637583892617 0.34782608695652173
0.02680067001675042 0.34782608695652173
0.026755852842809364 0.34782608695652173
0.02671118530884808 0.34782608695652173
0.02666666666666667 0.34782608695652173
0.026622296173044926 0.34782608695652173
0.026578073089700997 0.34782608695652173
0.026533996683250415 0.34782608695652173
0.026490066225165563 0.34782608695652173
0.026446280991735537 0.34782608695652173
0.026402640264026403 0.34782608695652173
0.026359143327841845 0.34782608695652173
0.02631578947368421 0.34782608695652173
0.026272577996715927 0.34782608695652173
0.02622950819672131 0.34782608695652173
0.02618657937806874 0.34782608695652173
0.026143790849673203 0.34782608695652173
0.026101141924959218 0.34782608695652173
0.026058631921824105 0.34782608695652173
0.026016260162601626 0.34782608695652173
0.025974025974025976 0.34782608695652173
0.02593192868719611 0.34782608695652173
0.025889967637540454 0.34782608695652173
0.025848142164781908 0.34782608695652173
0.025806451612903226 0.34782608695652173
0.02576489533011272 0.34782608695652173
0.02572347266881029 0.34782608695652173
0.025682182985553772 0.34782608695652173
0.02564102564102564 0.34782608695652173
0.0256 0.34782608695652173
0.025559105431309903 0.34782608695652173
0.025518341307814992 0.34782608695652173
0.025477707006369428 0.34782608695652173
0.025437201907790145 0.34782608695652173
0.025396825396825397 0.34782608695652173
0.025356576862123614 0.34782608695652173
0.02531645569620253 0.34782608695652173
0.02527646129541864 0.34782608695652173
0.025236593059936908 0.34782608695652173
0.025196850393700787 0.34782608695652173
0.026729559748427674 0.3695652173913043
0.026687598116169546 0.3695652173913043
0.02821316614420063 0.391304347826087
0.028169014084507043 0.391304347826087
0.028125 0.391304347826087
0.028081123244929798 0.391304347826087
0.028037383177570093 0.391304347826087
0.027993779160186624 0.391304347826087
0.029503105590062112 0.41304347826086957
0.02945736434108527 0.41304347826086957
0.029411764705882353 0.41304347826086957
0.02936630602782071 0.41304347826086957
0.029320987654320986 0.41304347826086957
0.029275808936825885 0.41304347826086957
0.02923076923076923 0.41304347826086957
0.029185867895545316 0.41304347826086957
0.03067484662576687 0.43478260869565216
0.030627871362940276 0.43478260869565216
0.03058103975535168 0.43478260869565216
0.030534351145038167 0.43478260869565216
0.03048780487804878 0.43478260869565216
0.030441400304414 0.43478260869565216
0.030395136778115502 0.43478260869565216
0.030349013657056147 0.43478260869565216
0.030303030303030304 0.43478260869565216
0.030257186081694403 0.43478260869565216
0.030211480362537766 0.43478260869565216
0.030165912518853696 0.43478260869565216
0.03162650602409638 0.45652173913043476
0.031578947368421054 0.45652173913043476
0.03153153153153153 0.45652173913043476
0.031484257871064465 0.45652173913043476
0.03143712574850299 0.45652173913043476
0.03139013452914798 0.45652173913043476
0.03134328358208955 0.45652173913043476
0.03129657228017884 0.45652173913043476
0.03125 0.45652173913043476
0.031203566121842496 0.45652173913043476
0.03115727002967359 0.45652173913043476
0.03111111111111111 0.45652173913043476
0.03106508875739645 0.45652173913043476
0.0310192023633678 0.45652173913043476
0.030973451327433628 0.45652173913043476
0.030927835051546393 0.45652173913043476
0.030882352941176472 0.45652173913043476
0.030837004405286344 0.45652173913043476
0.030791788856304986 0.45652173913043476
0.03074670571010249 0.45652173913043476
0.03070175438596491 0.45652173913043476
0.030656934306569343 0.45652173913043476
0.030612244897959183 0.45652173913043476
0.03056768558951965 0.45652173913043476
0.030523255813953487 0.45652173913043476
0.030478955007256895 0.45652173913043476
0.030434782608695653 0.45652173913043476
0.030390738060781478 0.45652173913043476
0.030346820809248554 0.45652173913043476
0.030303030303030304 0.45652173913043476
0.03025936599423631 0.45652173913043476
0.030215827338129497 0.45652173913043476
0.03017241379310345 0.45652173913043476
0.03012912482065997 0.45652173913043476
0.03008595988538682 0.45652173913043476
0.030042918454935622 0.45652173913043476
0.03 0.45652173913043476
0.029957203994293864 0.45652173913043476
0.029914529914529916 0.45652173913043476
0.029871977240398292 0.45652173913043476
0.029829545454545456 0.45652173913043476
0.029787234042553193 0.45652173913043476
0.029745042492917848 0.45652173913043476
0.0297029702970297 0.45652173913043476
0.029661016949152543 0.45652173913043476
0.029619181946403384 0.45652173913043476
0.029577464788732393 0.45652173913043476
0.029535864978902954 0.45652173913043476
0.02949438202247191 0.45652173913043476
0.029453015427769985 0.45652173913043476
0.029411764705882353 0.45652173913043476
0.02937062937062937 0.45652173913043476
0.029329608938547486 0.45652173913043476
0.029288702928870293 0.45652173913043476
0.02924791086350975 0.45652173913043476
0.02920723226703755 0.45652173913043476
0.029166666666666667 0.45652173913043476
0.02912621359223301 0.45652173913043476
0.029085872576177285 0.45652173913043476
0.029045643153526972 0.45652173913043476
0.029005524861878452 0.45652173913043476
0.028965517241379312 0.45652173913043476
0.028925619834710745 0.45652173913043476
0.02888583218707015 0.45652173913043476
0.028846153846153848 0.45652173913043476
0.02880658436213992 0.45652173913043476
0.028767123287671233 0.45652173913043476
0.028727770177838577 0.45652173913043476
0.028688524590163935 0.45652173913043476
0.0286493860845839 0.45652173913043476
0.02861035422343324 0.45652173913043476
0.02857142857142857 0.45652173913043476
0.028532608695652172 0.45652173913043476
0.028493894165535955 0.45652173913043476
0.028455284552845527 0.45652173913043476
0.028416779431664412 0.45652173913043476
0.02837837837837838 0.45652173913043476
0.02834008097165992 0.45652173913043476
0.02830188679245283 0.45652173913043476
0.02826379542395693 0.45652173913043476
0.028225806451612902 0.45652173913043476
0.028187919463087248 0.45652173913043476
0.028150134048257374 0.45652173913043476
0.028112449799196786 0.45652173913043476
0.02807486631016043 0.45652173913043476
0.028037383177570093 0.45652173913043476
0.028 0.45652173913043476
0.02796271637816245 0.45652173913043476
0.027925531914893616 0.45652173913043476
0.027888446215139442 0.45652173913043476
0.027851458885941646 0.45652173913043476
0.02781456953642384 0.45652173913043476
0.027777777777777776 0.45652173913043476
0.02774108322324967 0.45652173913043476
0.027704485488126648 0.45652173913043476
0.02766798418972332 0.45652173913043476
0.02763157894736842 0.45652173913043476
0.02759526938239159 0.45652173913043476
0.027559055118110236 0.45652173913043476
0.027522935779816515 0.45652173913043476
0.0274869109947644 0.45652173913043476
0.027450980392156862 0.45652173913043476
0.02741514360313316 0.45652173913043476
0.027379400260756193 0.45652173913043476
0.02734375 0.45652173913043476
0.027308192457737322 0.45652173913043476
0.02727272727272727 0.45652173913043476
0.027237354085603113 0.45652173913043476
0.027202072538860103 0.45652173913043476
0.027166882276843468 0.45652173913043476
0.027131782945736434 0.45652173913043476
0.027096774193548386 0.45652173913043476
0.027061855670103094 0.45652173913043476
0.02702702702702703 0.45652173913043476
0.02699228791773779 0.45652173913043476
0.026957637997432605 0.45652173913043476
0.026923076923076925 0.45652173913043476
0.026888604353393086 0.45652173913043476
0.026854219948849106 0.45652173913043476
0.02681992337164751 0.45652173913043476
0.026785714285714284 0.45652173913043476
0.0267515923566879 0.45652173913043476
0.026717557251908396 0.45652173913043476
0.026683608640406607 0.45652173913043476
0.0266497461928934 0.45652173913043476
0.026615969581749048 0.45652173913043476
0.026582278481012658 0.45652173913043476
0.02654867256637168 0.45652173913043476
0.026515151515151516 0.45652173913043476
0.02648171500630517 0.45652173913043476
0.02644836272040302 0.45652173913043476
0.026415094339622643 0.45652173913043476
0.026381909547738693 0.45652173913043476
0.026348808030112924 0.45652173913043476
0.02631578947368421 0.45652173913043476
0.026282853566958697 0.45652173913043476
0.02625 0.45652173913043476
0.026217228464419477 0.45652173913043476
0.026184538653366583 0.45652173913043476
0.026151930261519303 0.45652173913043476
0.026119402985074626 0.45652173913043476
0.02608695652173913 0.45652173913043476
0.026054590570719603 0.45652173913043476
0.026022304832713755 0.45652173913043476
0.02599009900990099 0.45652173913043476
0.02595797280593325 0.45652173913043476
0.025925925925925925 0.45652173913043476
0.025893958076448828 0.45652173913043476
0.02586206896551724 0.45652173913043476
0.025830258302583026 0.45652173913043476
0.025798525798525797 0.45652173913043476
0.025766871165644172 0.45652173913043476
0.025735294117647058 0.45652173913043476
0.025703794369645042 0.45652173913043476
0.02567237163814181 0.45652173913043476
0.02564102564102564 0.45652173913043476
0.025609756097560974 0.45652173913043476
0.025578562728380026 0.45652173913043476
0.025547445255474453 0.45652173913043476
0.02551640340218712 0.45652173913043476
0.025485436893203883 0.45652173913043476
0.025454545454545455 0.45652173913043476
0.025423728813559324 0.45652173913043476
0.02539298669891173 0.45652173913043476
0.025362318840579712 0.45652173913043476
0.025331724969843185 0.45652173913043476
0.02530120481927711 0.45652173913043476
0.02527075812274368 0.45652173913043476
0.025240384615384616 0.45652173913043476
0.025210084033613446 0.45652173913043476
0.025179856115107913 0.45652173913043476
0.025149700598802394 0.45652173913043476
0.025119617224880382 0.45652173913043476
0.025089605734767026 0.45652173913043476
0.025059665871121718 0.45652173913043476
0.025029797377830752 0.45652173913043476
0.025 0.45652173913043476
0.02497027348394768 0.45652173913043476
0.02494061757719715 0.45652173913043476
0.02491103202846975 0.45652173913043476
0.024881516587677725 0.45652173913043476
0.02485207100591716 0.45652173913043476
0.024822695035460994 0.45652173913043476
0.024793388429752067 0.45652173913043476
0.024764150943396228 0.45652173913043476
0.024734982332155476 0.45652173913043476
0.024705882352941175 0.45652173913043476
0.024676850763807285 0.45652173913043476
0.02464788732394366 0.45652173913043476
0.0246189917936694 0.45652173913043476
0.02459016393442623 0.45652173913043476
0.02456140350877193 0.45652173913043476
0.02453271028037383 0.45652173913043476
0.024504084014002333 0.45652173913043476
0.024475524475524476 0.45652173913043476
0.024447031431897557 0.45652173913043476
0.02441860465116279 0.45652173913043476
0.024390243902439025 0.45652173913043476
0.024361948955916472 0.45652173913043476
0.02433371958285052 0.45652173913043476
0.024305555555555556 0.45652173913043476
0.024277456647398842 0.45652173913043476
0.02424942263279446 0.45652173913043476
0.02422145328719723 0.45652173913043476
0.024193548387096774 0.45652173913043476
0.024165707710011506 0.45652173913043476
0.02413793103448276 0.45652173913043476
0.024110218140068886 0.45652173913043476
0.02408256880733945 0.45652173913043476
0.024054982817869417 0.45652173913043476
0.02402745995423341 0.45652173913043476
0.024 0.45652173913043476
0.023972602739726026 0.45652173913043476
0.02394526795895097 0.45652173913043476
0.023917995444191344 0.45652173913043476
0.023890784982935155 0.45652173913043476
0.023863636363636365 0.45652173913043476
0.02383654937570942 0.45652173913043476
0.023809523809523808 0.45652173913043476
0.02378255945639864 0.45652173913043476
0.023755656108597284 0.45652173913043476
0.023728813559322035 0.45652173913043476
0.023702031602708805 0.45652173913043476
0.02367531003382187 0.45652173913043476
0.02364864864864865 0.45652173913043476
0.023622047244094488 0.45652173913043476
0.02359550561797753 0.45652173913043476
0.02356902356902357 0.45652173913043476
0.023542600896860985 0.45652173913043476
0.023516237402015677 0.45652173913043476
0.02348993288590604 0.45652173913043476
0.02346368715083799 0.45652173913043476
0.0234375 0.45652173913043476
0.023411371237458192 0.45652173913043476
0.02338530066815145 0.45652173913043476
0.02335928809788654 0.45652173913043476
0.023333333333333334 0.45652173913043476
0.023307436182019976 0.45652173913043476
0.02328159645232816 0.45652173913043476
0.023255813953488372 0.45652173913043476
0.023230088495575223 0.45652173913043476
0.023204419889502764 0.45652173913043476
0.023178807947019868 0.45652173913043476
0.023153252480705624 0.45652173913043476
0.023127753303964757 0.45652173913043476
0.0231023102310231 0.45652173913043476
0.023076923076923078 0.45652173913043476
0.02305159165751921 0.45652173913043476
0.023026315789473683 0.45652173913043476
0.023001095290251915 0.45652173913043476
0.022975929978118162 0.45652173913043476
0.022950819672131147 0.45652173913043476
0.02292576419213974 0.45652173913043476
0.022900763358778626 0.45652173913043476
0.02287581699346405 0.45652173913043476
0.022850924918389554 0.45652173913043476
0.02282608695652174 0.45652173913043476
0.02280130293159609 0.45652173913043476
0.0227765726681128 0.45652173913043476
0.02275189599133261 0.45652173913043476
0.022727272727272728 0.45652173913043476
0.022702702702702703 0.45652173913043476
0.02267818574514039 0.45652173913043476
0.022653721682847898 0.45652173913043476
0.022629310344827586 0.45652173913043476
0.022604951560818085 0.45652173913043476
0.02258064516129032 0.45652173913043476
0.022556390977443608 0.45652173913043476
0.022532188841201718 0.45652173913043476
0.022508038585209004 0.45652173913043476
0.022483940042826552 0.45652173913043476
0.022459893048128343 0.45652173913043476
0.022435897435897436 0.45652173913043476
0.022411953041622197 0.45652173913043476
0.022388059701492536 0.45652173913043476
0.022364217252396165 0.45652173913043476
0.022340425531914895 0.45652173913043476
0.022316684378320937 0.45652173913043476
0.022292993630573247 0.45652173913043476
0.022269353128313893 0.45652173913043476
0.022245762711864406 0.45652173913043476
0.022222222222222223 0.45652173913043476
0.022198731501057084 0.45652173913043476
0.022175290390707498 0.45652173913043476
0.022151898734177215 0.45652173913043476
0.022128556375131718 0.45652173913043476
0.022105263157894735 0.45652173913043476
0.022082018927444796 0.45652173913043476
0.022058823529411766 0.45652173913043476
0.022035676810073453 0.45652173913043476
0.0220125786163522 0.45652173913043476
0.02198952879581152 0.45652173913043476
0.021966527196652718 0.45652173913043476
0.0219435736677116 0.45652173913043476
0.021920668058455117 0.45652173913043476
0.021897810218978103 0.45652173913043476
0.021875 0.45652173913043476
0.021852237252861603 0.45652173913043476
0.02182952182952183 0.45652173913043476
0.021806853582554516 0.45652173913043476
0.021784232365145227 0.45652173913043476
0.021761658031088083 0.45652173913043476
0.021739130434782608 0.45652173913043476
0.02171664943123061 0.45652173913043476
0.02169421487603306 0.45652173913043476
0.021671826625386997 0.45652173913043476
0.021649484536082474 0.45652173913043476
0.021627188465499485 0.45652173913043476
0.021604938271604937 0.45652173913043476
0.02158273381294964 0.45652173913043476
0.021560574948665298 0.45652173913043476
0.021538461538461538 0.45652173913043476
0.02151639344262295 0.45652173913043476
0.021494370522006142 0.45652173913043476
0.02147239263803681 0.45652173913043476
0.021450459652706845 0.45652173913043476
0.02142857142857143 0.45652173913043476
0.021406727828746176 0.45652173913043476
0.021384928716904276 0.45652173913043476
0.021363173957273652 0.45652173913043476
0.021341463414634148 0.45652173913043476
0.02131979695431472 0.45652173913043476
0.02129817444219067 0.45652173913043476
0.02127659574468085 0.45652173913043476
0.02125506072874494 0.45652173913043476
0.021233569261880688 0.45652173913043476
0.021212121212121213 0.45652173913043476
0.02119071644803229 0.45652173913043476
0.021169354838709676 0.45652173913043476
0.021148036253776436 0.45652173913043476
0.02112676056338028 0.45652173913043476
0.021105527638190954 0.45652173913043476
0.02108433734939759 0.45652173913043476
0.02106318956870612 0.45652173913043476
0.021042084168336674 0.45652173913043476
0.021021021021021023 0.45652173913043476
0.021 0.45652173913043476
0.02097902097902098 0.45652173913043476
0.020958083832335328 0.45652173913043476
0.020937188434695914 0.45652173913043476
0.02091633466135458 0.45652173913043476
0.020895522388059702 0.45652173913043476
0.020874751491053677 0.45652173913043476
0.020854021847070508 0.45652173913043476
0.020833333333333332 0.45652173913043476
0.02081268582755203 0.45652173913043476
0.020792079207920793 0.45652173913043476
0.020771513353115726 0.45652173913043476
0.020750988142292492 0.45652173913043476
0.02073050345508391 0.45652173913043476
0.020710059171597635 0.45652173913043476
0.020689655172413793 0.45652173913043476
0.02066929133858268 0.45652173913043476
0.02064896755162242 0.45652173913043476
0.0206286836935167 0.45652173913043476
0.020608439646712464 0.45652173913043476
0.020588235294117647 0.45652173913043476
0.02056807051909892 0.45652173913043476
0.02054794520547945 0.45652173913043476
0.020527859237536656 0.45652173913043476
0.0205078125 0.45652173913043476
0.02048780487804878 0.45652173913043476
0.02046783625730994 0.45652173913043476
0.02044790652385589 0.45652173913043476
0.020428015564202335 0.45652173913043476
0.02040816326530612 0.45652173913043476
0.020388349514563107 0.45652173913043476
0.020368574199806012 0.45652173913043476
0.020348837209302327 0.45652173913043476
0.02032913843175218 0.45652173913043476
0.020309477756286266 0.45652173913043476
0.020289855072463767 0.45652173913043476
0.02027027027027027 0.45652173913043476
0.020250723240115717 0.45652173913043476
0.02023121387283237 0.45652173913043476
0.02021174205967276 0.45652173913043476
0.020192307692307693 0.45652173913043476
0.020172910662824207 0.45652173913043476
0.02015355086372361 0.45652173913043476
0.020134228187919462 0.45652173913043476
0.020114942528735632 0.45652173913043476
0.020095693779904306 0.45652173913043476
0.020076481835564052 0.45652173913043476
0.02005730659025788 0.45652173913043476
0.020038167938931296 0.45652173913043476
0.02001906577693041 0.45652173913043476
0.02 0.45652173913043476
0.019980970504281638 0.45652173913043476
0.019961977186311788 0.45652173913043476
0.019943019943019943 0.45652173913043476
0.019924098671726755 0.45652173913043476
0.01990521327014218 0.45652173913043476
0.019886363636363636 0.45652173913043476
0.019867549668874173 0.45652173913043476
0.01984877126654064 0.45652173913043476
0.019830028328611898 0.45652173913043476
0.01981132075471698 0.45652173913043476
0.019792648444863337 0.45652173913043476
0.01977401129943503 0.45652173913043476
0.01975540921919097 0.45652173913043476
0.019736842105263157 0.45652173913043476
0.01971830985915493 0.45652173913043476
0.019699812382739212 0.45652173913043476
0.019681349578256794 0.45652173913043476
0.019662921348314606 0.45652173913043476
0.019644527595884004 0.45652173913043476
0.019626168224299065 0.45652173913043476
0.0196078431372549 0.45652173913043476
0.01958955223880597 0.45652173913043476
0.0195712954333644 0.45652173913043476
0.019553072625698324 0.45652173913043476
0.01953488372093023 0.45652173913043476
0.019516728624535316 0.45652173913043476
0.019498607242339833 0.45652173913043476
0.01948051948051948 0.45652173913043476
0.019462465245597776 0.45652173913043476
0.019444444444444445 0.45652173913043476
0.01942645698427382 0.45652173913043476
0.019408502772643253 0.45652173913043476
0.019390581717451522 0.45652173913043476
0.01937269372693727 0.45652173913043476
0.01935483870967742 0.45652173913043476
0.019337016574585635 0.45652173913043476
0.019319227230910764 0.45652173913043476
0.019301470588235295 0.45652173913043476
0.01928374655647383 0.45652173913043476
0.01926605504587156 0.45652173913043476
0.01924839596700275 0.45652173913043476
0.019230769230769232 0.45652173913043476
0.0192131747483989 0.45652173913043476
0.019195612431444242 0.45652173913043476
0.019178082191780823 0.45652173913043476
0.01916058394160584 0.45652173913043476
0.019143117593436645 0.45652173913043476
0.01912568306010929 0.45652173913043476
0.01910828025477707 0.45652173913043476
0.019090909090909092 0.45652173913043476
0.01907356948228883 0.45652173913043476
0.019056261343012703 0.45652173913043476
0.019038984587488667 0.45652173913043476
0.019021739130434784 0.45652173913043476
0.019004524886877826 0.45652173913043476
0.0189873417721519 0.45652173913043476
0.018970189701897018 0.45652173913043476
0.01895306859205776 0.45652173913043476
0.018935978358881875 0.45652173913043476
0.01891891891891892 0.45652173913043476
0.018901890189018902 0.45652173913043476
0.018884892086330936 0.45652173913043476
0.018867924528301886 0.45652173913043476
0.018850987432675045 0.45652173913043476
