1.0 0.021739130434782608
1.0 0.043478260869565216
1.0 0.06521739130434782
1.0 0.08695652173913043
1.0 0.10869565217391304
1.0 0.13043478260869565
1.0 0.15217391304347827
1.0 0.17391304347826086
1.0 0.1956521739130435
1.0 0.21739130434782608
1.0 0.2391304347826087
1.0 0.2608695652173913
0.9230769230769231 0.2608695652173913
0.8571428571428571 0.2608695652173913
0.8 0.2608695652173913
0.75 0.2608695652173913
0.7647058823529411 0.2826086956521739
0.7777777777777778 0.30434782608695654
0.7894736842105263 0.32608695652173914
0.8 0.34782608695652173
0.7619047619047619 0.34782608695652173
0.7727272727272727 0.3695652173913043
0.782608695652174 0.391304347826087
0.7916666666666666 0.41304347826086957
0.8 0.43478260869565216
0.8076923076923077 0.45652173913043476
0.7777777777777778 0.45652173913043476
0.7857142857142857 0.4782608695652174
0.7931034482758621 0.5
0.8 0.5217391304347826
0.7741935483870968 0.5217391304347826
0.75 0.5217391304347826
0.7272727272727273 0.5217391304347826
0.7058823529411765 0.5217391304347826
0.6857142857142857 0.5217391304347826
0.6666666666666666 0.5217391304347826
0.6756756756756757 0.5434782608695652
0.6842105263157895 0.5652173913043478
0.6923076923076923 0.5869565217391305
0.675 0.5869565217391305
0.6585365853658537 0.5869565217391305
0.6428571428571429 0.5869565217391305
0.627906976744186 0.5869565217391305
0.6363636363636364 0.6086956521739131
0.6222222222222222 0.6086956521739131
0.6086956521739131 0.6086956521739131
0.5957446808510638 0.6086956521739131
0.6041666666666666 0.6304347826086957
0.6122448979591837 0.6521739130434783
0.6 0.6521739130434783
0.5882352941176471 0.6521739130434783
0.5961538461538461 0.6739130434782609
0.6037735849056604 0.6956521739130435
0.5925925925925926 0.6956521739130435
0.5818181818181818 0.6956521739130435
0.5714285714285714 0.6956521739130435
0.5614035087719298 0.6956521739130435
0.5517241379310345 0.6956521739130435
0.5423728813559322 0.6956521739130435
0.5333333333333333 0.6956521739130435
0.5245901639344263 0.6956521739130435
0.5161290322580645 0.6956521739130435
0.5079365079365079 0.6956521739130435
0.5 0.6956521739130435
0.49230769230769234 0.6956521739130435
0.5 0.717391304347826
0.5074626865671642 0.7391304347826086
0.5 0.7391304347826086
0.4927536231884058 0.7391304347826086
0.4857142857142857 0.7391304347826086
0.4788732394366197 0.7391304347826086
0.4722222222222222 0.7391304347826086
0.4657534246575342 0.7391304347826086
0.4594594594594595 0.7391304347826086
0.4533333333333333 0.7391304347826086
0.4605263157894737 0.7608695652173914
0.45454545454545453 0.7608695652173914
0.46153846153846156 0.782608695652174
0.46835443037974683 0.8043478260869565
0.4625 0.8043478260869565
0.4567901234567901 0.8043478260869565
0.4634146341463415 0.8260869565217391
0.46987951807228917 0.8478260869565217
0.47619047619047616 0.8695652173913043
0.47058823529411764 0.8695652173913043
0.46511627906976744 0.8695652173913043
0.45977011494252873 0.8695652173913043
0.45454545454545453 0.8695652173913043
0.449438202247191 0.8695652173913043
0.4444444444444444 0.8695652173913043
0.43956043956043955 0.8695652173913043
0.43478260869565216 0.8695652173913043
0.43010752688172044 0.8695652173913043
0.425531914893617 0.8695652173913043
0.42105263157894735 0.8695652173913043
0.4166666666666667 0.8695652173913043
0.41237113402061853 0.8695652173913043
0.40816326530612246 0.8695652173913043
0.40404040404040403 0.8695652173913043
0.4 0.8695652173913043
0.39603960396039606 0.8695652173913043
0.39215686274509803 0.8695652173913043
0.3883495145631068 0.8695652173913043
0.38461538461538464 0.8695652173913043
0.38095238095238093 0.8695652173913043
0.37735849056603776 0.8695652173913043
0.37383177570093457 0.8695652173913043
0.37037037037037035 0.8695652173913043
0.3669724770642202 0.8695652173913043
0.36363636363636365 0.8695652173913043
0.36036036036036034 0.8695652173913043
0.35714285714285715 0.8695652173913043
0.35398230088495575 0.8695652173913043
0.3508771929824561 0.8695652173913043
0.34782608695652173 0.8695652173913043
0.3448275862068966 0.8695652173913043
0.3418803418803419 0.8695652173913043
0.3389830508474576 0.8695652173913043
0.33613445378151263 0.8695652173913043
0.3333333333333333 0.8695652173913043
0.3305785123966942 0.8695652173913043
0.32786885245901637 0.8695652173913043
0.3252032520325203 0.8695652173913043
0.3225806451612903 0.8695652173913043
0.32 0.8695652173913043
0.31746031746031744 0.8695652173913043
0.31496062992125984 0.8695652173913043
0.3125 0.8695652173913043
0.31007751937984496 0.8695652173913043
0.3076923076923077 0.8695652173913043
0.3053435114503817 0.8695652173913043
0.30303030303030304 0.8695652173913043
0.3007518796992481 0.8695652173913043
0.29850746268656714 0.8695652173913043
0.2962962962962963 0.8695652173913043
0.29411764705882354 0.8695652173913043
0.29927007299270075 0.8913043478260869
0.2971014492753623 0.8913043478260869
0.2949640287769784 0.8913043478260869
0.29285714285714287 0.8913043478260869
0.2907801418439716 0.8913043478260869
0.2887323943661972 0.8913043478260869
0.2867132867132867 0.8913043478260869
0.2847222222222222 0.8913043478260869
0.2827586206896552 0.8913043478260869
0.2808219178082192 0.8913043478260869
0.2789115646258503 0.8913043478260869
0.27702702702702703 0.8913043478260869
0.2751677852348993 0.8913043478260869
0.2733333333333333 0.8913043478260869
0.271523178807947 0.8913043478260869
0.26973684210526316 0.8913043478260869
0.2679738562091503 0.8913043478260869
0.2662337662337662 0.8913043478260869
0.2645161290322581 0.8913043478260869
0.26282051282051283 0.8913043478260869
0.2611464968152866 0.8913043478260869
0.25949367088607594 0.8913043478260869
0.2578616352201258 0.8913043478260869
0.25625 0.8913043478260869
0.2546583850931677 0.8913043478260869
0.25308641975308643 0.8913043478260869
0.25153374233128833 0.8913043478260869
0.25 0.8913043478260869
0.24848484848484848 0.8913043478260869
0.2469879518072289 0.8913043478260869
0.24550898203592814 0.8913043478260869
0.24404761904761904 0.8913043478260869
0.24260355029585798 0.8913043478260869
0.2411764705882353 0.8913043478260869
0.23976608187134502 0.8913043478260869
0.23837209302325582 0.8913043478260869
0.23699421965317918 0.8913043478260869
0.23563218390804597 0.8913043478260869
0.2342857142857143 0.8913043478260869
0.23295454545454544 0.8913043478260869
0.23163841807909605 0.8913043478260869
0.2303370786516854 0.8913043478260869
0.22905027932960895 0.8913043478260869
0.22777777777777777 0.8913043478260869
0.2265193370165746 0.8913043478260869
0.22527472527472528 0.8913043478260869
0.22404371584699453 0.8913043478260869
0.22282608695652173 0.8913043478260869
0.22162162162162163 0.8913043478260869
0.22043010752688172 0.8913043478260869
0.2192513368983957 0.8913043478260869
0.21808510638297873 0.8913043478260869
0.21693121693121692 0.8913043478260869
0.21578947368421053 0.8913043478260869
0.21465968586387435 0.8913043478260869
0.21354166666666666 0.8913043478260869
0.21243523316062177 0.8913043478260869
0.211340206185567 0.8913043478260869
0.21025641025641026 0.8913043478260869
0.20918367346938777 0.8913043478260869
0.20812182741116753 0.8913043478260869
0.20707070707070707 0.8913043478260869
0.20603015075376885 0.8913043478260869
0.205 0.8913043478260869
0.20398009950248755 0.8913043478260869
0.20297029702970298 0.8913043478260869
0.2019704433497537 0.8913043478260869
0.20098039215686275 0.8913043478260869
0.2 0.8913043478260869
0.19902912621359223 0.8913043478260869
0.19806763285024154 0.8913043478260869
0.1971153846153846 0.8913043478260869
0.19617224880382775 0.8913043478260869
0.19523809523809524 0.8913043478260869
0.1943127962085308 0.8913043478260869
0.19339622641509435 0.8913043478260869
0.19248826291079812 0.8913043478260869
0.19158878504672897 0.8913043478260869
0.19069767441860466 0.8913043478260869
0.18981481481481483 0.8913043478260869
0.1889400921658986 0.8913043478260869
0.18807339449541285 0.8913043478260869
0.1872146118721461 0.8913043478260869
0.18636363636363637 0.8913043478260869
0.18552036199095023 0.8913043478260869
0.18468468468468469 0.8913043478260869
0.18385650224215247 0.8913043478260869
0.18303571428571427 0.8913043478260869
0.18222222222222223 0.8913043478260869
0.18141592920353983 0.8913043478260869
0.18061674008810572 0.8913043478260869
0.17982456140350878 0.8913043478260869
0.17903930131004367 0.8913043478260869
0.1782608695652174 0.8913043478260869
0.1774891774891775 0.8913043478260869
0.17672413793103448 0.8913043478260869
0.1759656652360515 0.8913043478260869
0.1752136752136752 0.8913043478260869
0.17446808510638298 0.8913043478260869
0.17372881355932204 0.8913043478260869
0.1729957805907173 0.8913043478260869
0.1722689075630252 0.8913043478260869
0.17154811715481172 0.8913043478260869
0.17083333333333334 0.8913043478260869
0.17012448132780084 0.8913043478260869
0.16942148760330578 0.8913043478260869
0.16872427983539096 0.8913043478260869
0.1680327868852459 0.8913043478260869
0.1673469387755102 0.8913043478260869
0.16666666666666666 0.8913043478260869
0.1659919028340081 0.8913043478260869
0.16532258064516128 0.8913043478260869
0.1646586345381526 0.8913043478260869
0.164 0.8913043478260869
0.16334661354581673 0.8913043478260869
0.1626984126984127 0.8913043478260869
0.16205533596837945 0.8913043478260869
0.16141732283464566 0.8913043478260869
0.1607843137254902 0.8913043478260869
0.16015625 0.8913043478260869
0.15953307392996108 0.8913043478260869
0.15891472868217055 0.8913043478260869
0.1583011583011583 0.8913043478260869
0.1576923076923077 0.8913043478260869
0.15708812260536398 0.8913043478260869
0.15648854961832062 0.8913043478260869
0.155893536121673 0.8913043478260869
0.1553030303030303 0.8913043478260869
0.15471698113207547 0.8913043478260869
0.15413533834586465 0.8913043478260869
0.15355805243445692 0.8913043478260869
0.15298507462686567 0.8913043478260869
0.1524163568773234 0.8913043478260869
0.15185185185185185 0.8913043478260869
0.15129151291512916 0.8913043478260869
0.15073529411764705 0.8913043478260869
0.15018315018315018 0.8913043478260869
0.14963503649635038 0.8913043478260869
0.14909090909090908 0.8913043478260869
0.14855072463768115 0.8913043478260869
0.148014440433213 0.8913043478260869
0.1474820143884892 0.8913043478260869
0.14695340501792115 0.8913043478260869
0.14642857142857144 0.8913043478260869
0.14590747330960854 0.8913043478260869
0.1453900709219858 0.8913043478260869
0.14487632508833923 0.8913043478260869
0.1443661971830986 0.8913043478260869
0.14385964912280702 0.8913043478260869
0.14335664335664336 0.8913043478260869
0.14285714285714285 0.8913043478260869
0.1423611111111111 0.8913043478260869
0.14186851211072665 0.8913043478260869
0.1413793103448276 0.8913043478260869
0.140893470790378 0.8913043478260869
0.1404109589041096 0.8913043478260869
0.13993174061433447 0.8913043478260869
0.13945578231292516 0.8913043478260869
0.13898305084745763 0.8913043478260869
0.13851351351351351 0.8913043478260869
0.13804713804713806 0.8913043478260869
0.13758389261744966 0.8913043478260869
0.13712374581939799 0.8913043478260869
0.13666666666666666 0.8913043478260869
0.1362126245847176 0.8913043478260869
0.1357615894039735 0.8913043478260869
0.1353135313531353 0.8913043478260869
0.13486842105263158 0.8913043478260869
0.13442622950819672 0.8913043478260869
0.13398692810457516 0.8913043478260869
0.13355048859934854 0.8913043478260869
0.1331168831168831 0.8913043478260869
0.13268608414239483 0.8913043478260869
0.13225806451612904 0.8913043478260869
0.13183279742765272 0.8913043478260869
0.13141025641025642 0.8913043478260869
0.13099041533546327 0.8913043478260869
0.1305732484076433 0.8913043478260869
0.13015873015873017 0.8913043478260869
0.12974683544303797 0.8913043478260869
0.12933753943217666 0.8913043478260869
0.1289308176100629 0.8913043478260869
0.12852664576802508 0.8913043478260869
0.128125 0.8913043478260869
0.1277258566978193 0.8913043478260869
0.12732919254658384 0.8913043478260869
0.12693498452012383 0.8913043478260869
0.12654320987654322 0.8913043478260869
0.12615384615384614 0.8913043478260869
0.12576687116564417 0.8913043478260869
0.12538226299694188 0.8913043478260869
0.125 0.8913043478260869
0.12462006079027356 0.8913043478260869
0.12424242424242424 0.8913043478260869
0.12386706948640483 0.8913043478260869
0.12349397590361445 0.8913043478260869
0.12312312312312312 0.8913043478260869
0.12275449101796407 0.8913043478260869
0.12238805970149254 0.8913043478260869
0.12202380952380952 0.8913043478260869
0.12166172106824925 0.8913043478260869
0.12130177514792899 0.8913043478260869
0.12094395280235988 0.8913043478260869
0.12058823529411765 0.8913043478260869
0.12023460410557185 0.8913043478260869
0.11988304093567251 0.8913043478260869
0.119533527696793 0.8913043478260869
0.11918604651162791 0.8913043478260869
0.11884057971014493 0.8913043478260869
0.11849710982658959 0.8913043478260869
0.11815561959654179 0.8913043478260869
0.11781609195402298 0.8913043478260869
0.1174785100286533 0.8913043478260869
0.11714285714285715 0.8913043478260869
0.1168091168091168 0.8913043478260869
0.11647727272727272 0.8913043478260869
0.11614730878186968 0.8913043478260869
0.11581920903954802 0.8913043478260869
0.11549295774647887 0.8913043478260869
0.1151685393258427 0.8913043478260869
0.11484593837535013 0.8913043478260869
0.11452513966480447 0.8913043478260869
0.11420612813370473 0.8913043478260869
0.11388888888888889 0.8913043478260869
0.11357340720221606 0.8913043478260869
0.1132596685082873 0.8913043478260869
0.11294765840220386 0.8913043478260869
0.11263736263736264 0.8913043478260869
0.11232876712328767 0.8913043478260869
0.11202185792349727 0.8913043478260869
0.11171662125340599 0.8913043478260869
0.11141304347826086 0.8913043478260869
0.1111111111111111 0.8913043478260869
0.11081081081081082 0.8913043478260869
0.1105121293800539 0.8913043478260869
0.11021505376344086 0.8913043478260869
0.10991957104557641 0.8913043478260869
0.10962566844919786 0.8913043478260869
0.10933333333333334 0.8913043478260869
0.10904255319148937 0.8913043478260869
0.10875331564986737 0.8913043478260869
0.10846560846560846 0.8913043478260869
0.10817941952506596 0.8913043478260869
0.10789473684210527 0.8913043478260869
0.10761154855643044 0.8913043478260869
0.10732984293193717 0.8913043478260869
0.10704960835509138 0.8913043478260869
0.10677083333333333 0.8913043478260869
0.10649350649350649 0.8913043478260869
0.10621761658031088 0.8913043478260869
0.10594315245478036 0.8913043478260869
0.1056701030927835 0.8913043478260869
0.10539845758354756 0.8913043478260869
0.10512820512820513 0.8913043478260869
0.10485933503836317 0.8913043478260869
0.10459183673469388 0.8913043478260869
0.10432569974554708 0.8913043478260869
0.10406091370558376 0.8913043478260869
0.10379746835443038 0.8913043478260869
0.10353535353535354 0.8913043478260869
0.10327455919395466 0.8913043478260869
0.10301507537688442 0.8913043478260869
0.10275689223057644 0.8913043478260869
0.1025 0.8913043478260869
0.10224438902743142 0.8913043478260869
0.10199004975124377 0.8913043478260869
0.10173697270471464 0.8913043478260869
0.10148514851485149 0.8913043478260869
0.10123456790123457 0.8913043478260869
0.10098522167487685 0.8913043478260869
0.10073710073710074 0.8913043478260869
0.10049019607843138 0.8913043478260869
0.10024449877750612 0.8913043478260869
0.1 0.8913043478260869
0.09975669099756691 0.8913043478260869
0.09951456310679611 0.8913043478260869
0.09927360774818401 0.8913043478260869
0.09903381642512077 0.8913043478260869
0.09879518072289156 0.8913043478260869
0.0985576923076923 0.8913043478260869
0.09832134292565947 0.8913043478260869
0.09808612440191387 0.8913043478260869
0.09785202863961814 0.8913043478260869
0.09761904761904762 0.8913043478260869
0.09738717339667459 0.8913043478260869
0.0971563981042654 0.8913043478260869
0.09692671394799054 0.8913043478260869
0.09669811320754718 0.8913043478260869
0.09647058823529411 0.8913043478260869
0.09624413145539906 0.8913043478260869
0.09601873536299765 0.8913043478260869
0.09579439252336448 0.8913043478260869
0.09557109557109557 0.8913043478260869
0.09534883720930233 0.8913043478260869
0.0951276102088167 0.8913043478260869
0.09490740740740741 0.8913043478260869
0.09468822170900693 0.8913043478260869
0.0944700460829493 0.8913043478260869
0.09425287356321839 0.8913043478260869
0.09403669724770643 0.8913043478260869
0.09382151029748284 0.8913043478260869
0.09360730593607305 0.8913043478260869
0.09339407744874716 0.8913043478260869
0.09318181818181819 0.8913043478260869
0.09297052154195011 0.8913043478260869
0.09276018099547512 0.8913043478260869
0.09255079006772009 0.8913043478260869
0.09234234234234234 0.8913043478260869
0.09213483146067415 0.8913043478260869
0.09192825112107623 0.8913043478260869
0.09172259507829977 0.8913043478260869
0.09151785714285714 0.8913043478260869
0.09131403118040089 0.8913043478260869
0.09111111111111111 0.8913043478260869
0.09090909090909091 0.8913043478260869
0.09070796460176991 0.8913043478260869
0.09050772626931568 0.8913043478260869
0.09030837004405286 0.8913043478260869
0.09010989010989011 0.8913043478260869
0.08991228070175439 0.8913043478260869
0.08971553610503283 0.8913043478260869
0.08951965065502183 0.8913043478260869
0.08932461873638345 0.8913043478260869
0.0891304347826087 0.8913043478260869
0.08893709327548807 0.8913043478260869
0.08874458874458875 0.8913043478260869
0.08855291576673865 0.8913043478260869
0.08836206896551724 0.8913043478260869
0.08817204301075268 0.8913043478260869
0.08798283261802575 0.8913043478260869
0.08779443254817987 0.8913043478260869
0.0876068376068376 0.8913043478260869
0.08742004264392324 0.8913043478260869
0.08723404255319149 0.8913043478260869
0.0870488322717622 0.8913043478260869
0.08686440677966102 0.8913043478260869
0.08668076109936575 0.8913043478260869
0.08649789029535865 0.8913043478260869
0.0863157894736842 0.8913043478260869
0.0861344537815126 0.8913043478260869
0.0859538784067086 0.8913043478260869
0.08577405857740586 0.8913043478260869
0.08559498956158663 0.8913043478260869
0.08541666666666667 0.8913043478260869
0.08523908523908524 0.8913043478260869
0.08506224066390042 0.8913043478260869
0.08488612836438923 0.8913043478260869
0.08471074380165289 0.8913043478260869
0.08453608247422681 0.8913043478260869
0.08436213991769548 0.8913043478260869
0.08418891170431211 0.8913043478260869
0.08401639344262295 0.8913043478260869
0.08384458077709611 0.8913043478260869
0.0836734693877551 0.8913043478260869
0.0835030549898167 0.8913043478260869
0.08333333333333333 0.8913043478260869
0.08316430020283976 0.8913043478260869
0.08299595141700405 0.8913043478260869
0.08282828282828283 0.8913043478260869
0.08266129032258064 0.8913043478260869
0.08249496981891348 0.8913043478260869
0.0823293172690763 0.8913043478260869
0.08216432865731463 0.8913043478260869
0.082 0.8913043478260869
0.08183632734530938 0.8913043478260869
0.08167330677290836 0.8913043478260869
0.08151093439363817 0.8913043478260869
0.08134920634920635 0.8913043478260869
0.08118811881188119 0.8913043478260869
0.08102766798418973 0.8913043478260869
0.08086785009861933 0.8913043478260869
0.08070866141732283 0.8913043478260869
0.08055009823182711 0.8913043478260869
0.0803921568627451 0.8913043478260869
0.08023483365949119 0.8913043478260869
0.080078125 0.8913043478260869
0.07992202729044834 0.8913043478260869
0.07976653696498054 0.8913043478260869
0.07961165048543689 0.8913043478260869
0.07945736434108527 0.8913043478260869
0.07930367504835589 0.8913043478260869
0.07915057915057915 0.8913043478260869
0.0789980732177264 0.8913043478260869
0.07884615384615384 0.8913043478260869
0.07869481765834933 0.8913043478260869
0.07854406130268199 0.8913043478260869
0.07839388145315487 0.8913043478260869
0.07824427480916031 0.8913043478260869
0.07809523809523809 0.8913043478260869
0.0779467680608365 0.8913043478260869
0.0777988614800759 0.8913043478260869
0.07765151515151515 0.8913043478260869
0.07750472589792061 0.8913043478260869
0.07735849056603773 0.8913043478260869
0.07721280602636535 0.8913043478260869
0.07706766917293233 0.8913043478260869
0.07692307692307693 0.8913043478260869
0.07677902621722846 0.8913043478260869
0.07663551401869159 0.8913043478260869
0.07649253731343283 0.8913043478260869
0.07635009310986965 0.8913043478260869
0.0762081784386617 0.8913043478260869
0.07606679035250463 0.8913043478260869
0.07592592592592592 0.8913043478260869
0.07578558225508318 0.8913043478260869
0.07564575645756458 0.8913043478260869
0.07550644567219153 0.8913043478260869
0.07536764705882353 0.8913043478260869
0.07522935779816514 0.8913043478260869
0.07509157509157509 0.8913043478260869
0.07495429616087751 0.8913043478260869
0.07481751824817519 0.8913043478260869
0.07468123861566485 0.8913043478260869
0.07454545454545454 0.8913043478260869
0.07441016333938294 0.8913043478260869
0.07427536231884058 0.8913043478260869
0.07414104882459313 0.8913043478260869
0.0740072202166065 0.8913043478260869
0.07387387387387387 0.8913043478260869
0.0737410071942446 0.8913043478260869
0.07360861759425494 0.8913043478260869
0.07347670250896057 0.8913043478260869
0.07334525939177101 0.8913043478260869
0.07321428571428572 0.8913043478260869
0.07308377896613191 0.8913043478260869
0.07295373665480427 0.8913043478260869
0.07282415630550622 0.8913043478260869
0.0726950354609929 0.8913043478260869
0.0743362831858407 0.9130434782608695
0.07597173144876325 0.9347826086956522
0.07583774250440917 0.9347826086956522
0.07570422535211267 0.9347826086956522
0.07557117750439367 0.9347826086956522
0.07543859649122807 0.9347826086956522
0.07530647985989491 0.9347826086956522
0.07517482517482517 0.9347826086956522
0.07504363001745201 0.9347826086956522
0.07491289198606271 0.9347826086956522
0.07478260869565218 0.9347826086956522
0.07465277777777778 0.9347826086956522
0.07452339688041594 0.9347826086956522
0.07439446366782007 0.9347826086956522
0.07426597582037997 0.9347826086956522
0.07413793103448275 0.9347826086956522
0.07401032702237521 0.9347826086956522
0.07388316151202749 0.9347826086956522
0.07375643224699828 0.9347826086956522
0.07363013698630137 0.9347826086956522
0.0735042735042735 0.9347826086956522
0.07337883959044368 0.9347826086956522
0.07325383304940375 0.9347826086956522
0.07312925170068027 0.9347826086956522
0.0730050933786078 0.9347826086956522
0.07288135593220339 0.9347826086956522
0.0727580372250423 0.9347826086956522
0.07263513513513513 0.9347826086956522
0.07251264755480608 0.9347826086956522
0.0723905723905724 0.9347826086956522
0.07226890756302522 0.9347826086956522
0.07214765100671142 0.9347826086956522
0.07202680067001675 0.9347826086956522
0.07190635451505016 0.9347826086956522
0.07178631051752922 0.9347826086956522
0.07166666666666667 0.9347826086956522
0.07154742096505824 0.9347826086956522
0.07142857142857142 0.9347826086956522
0.07131011608623548 0.9347826086956522
0.07119205298013245 0.9347826086956522
0.07107438016528926 0.9347826086956522
0.07095709570957096 0.9347826086956522
0.07084019769357495 0.9347826086956522
0.07072368421052631 0.9347826086956522
0.07060755336617405 0.9347826086956522
0.07049180327868852 0.9347826086956522
0.07037643207855974 0.9347826086956522
0.07026143790849673 0.9347826086956522
0.0701468189233279 0.9347826086956522
0.07003257328990228 0.9347826086956522
0.06991869918699187 0.9347826086956522
0.0698051948051948 0.9347826086956522
0.06969205834683954 0.9347826086956522
0.06957928802588997 0.9347826086956522
0.06946688206785137 0.9347826086956522
0.06935483870967742 0.9347826086956522
0.06924315619967794 0.9347826086956522
0.06913183279742766 0.9347826086956522
0.06902086677367576 0.9347826086956522
0.06891025641025642 0.9347826086956522
0.0688 0.9347826086956522
0.06869009584664537 0.9347826086956522
0.0685805422647528 0.9347826086956522
0.06847133757961783 0.9347826086956522
0.06836248012718601 0.9347826086956522
0.06825396825396825 0.9347826086956522
0.06814580031695722 0.9347826086956522
0.0680379746835443 0.9347826086956522
0.0679304897314376 0.9347826086956522
0.06782334384858044 0.9347826086956522
0.06771653543307087 0.9347826086956522
0.06761006289308176 0.9347826086956522
0.06750392464678179 0.9347826086956522
0.06739811912225706 0.9347826086956522
0.06729264475743349 0.9347826086956522
0.0671875 0.9347826086956522
0.06708268330733229 0.9347826086956522
0.06697819314641744 0.9347826086956522
0.06687402799377916 0.9347826086956522
0.06677018633540373 0.9347826086956522
0.06821705426356589 0.9565217391304348
0.06811145510835913 0.9565217391304348
0.06800618238021638 0.9565217391304348
0.06790123456790123 0.9565217391304348
0.06779661016949153 0.9565217391304348
0.06769230769230769 0.9565217391304348
0.06758832565284179 0.9565217391304348
0.06748466257668712 0.9565217391304348
0.06738131699846861 0.9565217391304348
0.0672782874617737 0.9565217391304348
0.06717557251908397 0.9565217391304348
0.06707317073170732 0.9565217391304348
0.0669710806697108 0.9565217391304348
0.0668693009118541 0.9565217391304348
0.06676783004552352 0.9565217391304348
0.06666666666666667 0.9565217391304348
0.06656580937972768 0.9565217391304348
0.06646525679758308 0.9565217391304348
0.06636500754147813 0.9565217391304348
0.06626506024096386 0.9565217391304348
0.06616541353383458 0.9565217391304348
0.06606606606606606 0.9565217391304348
0.06596701649175413 0.9565217391304348
0.0658682634730539 0.9565217391304348
0.06576980568011959 0.9565217391304348
0.06567164179104477 0.9565217391304348
0.06557377049180328 0.9565217391304348
0.06547619047619048 0.9565217391304348
0.06537890044576523 0.9565217391304348
0.06528189910979229 0.9565217391304348
0.06518518518518518 0.9565217391304348
0.0650887573964497 0.9565217391304348
0.06499261447562776 0.9565217391304348
0.06489675516224189 0.9565217391304348
0.06480117820324006 0.9565217391304348
0.06470588235294118 0.9565217391304348
0.06461086637298091 0.9565217391304348
0.06451612903225806 0.9565217391304348
0.06442166910688141 0.9565217391304348
0.06432748538011696 0.9565217391304348
0.06423357664233577 0.9565217391304348
0.0641399416909621 0.9565217391304348
0.06404657933042213 0.9565217391304348
0.06395348837209303 0.9565217391304348
0.06386066763425254 0.9565217391304348
0.06376811594202898 0.9565217391304348
0.06367583212735166 0.9565217391304348
0.06358381502890173 0.9565217391304348
0.06349206349206349 0.9565217391304348
0.06340057636887608 0.9565217391304348
0.06330935251798561 0.9565217391304348
0.06321839080459771 0.9565217391304348
0.06312769010043041 0.9565217391304348
0.06303724928366762 0.9565217391304348
0.06294706723891273 0.9565217391304348
0.06285714285714286 0.9565217391304348
0.06276747503566334 0.9565217391304348
0.06267806267806268 0.9565217391304348
0.06258890469416785 0.9565217391304348
0.0625 0.9565217391304348
0.062411347517730496 0.9565217391304348
0.06232294617563739 0.9565217391304348
0.06223479490806223 0.9565217391304348
0.062146892655367235 0.9565217391304348
0.06205923836389281 0.9565217391304348
0.061971830985915494 0.9565217391304348
0.06188466947960619 0.9565217391304348
0.06179775280898876 0.9565217391304348
0.061711079943899017 0.9565217391304348
0.06162464985994398 0.9565217391304348
0.06153846153846154 0.9565217391304348
0.061452513966480445 0.9565217391304348
0.061366806136680614 0.9565217391304348
0.06128133704735376 0.9565217391304348
0.061196105702364396 0.9565217391304348
0.06111111111111111 0.9565217391304348
0.06102635228848821 0.9565217391304348
0.060941828254847646 0.9565217391304348
0.06085753803596127 0.9565217391304348
0.06077348066298342 0.9565217391304348
0.060689655172413794 0.9565217391304348
0.06060606060606061 0.9565217391304348
0.06052269601100413 0.9565217391304348
0.06043956043956044 0.9565217391304348
0.06035665294924554 0.9565217391304348
0.06027397260273973 0.9565217391304348
0.060191518467852256 0.9565217391304348
0.060109289617486336 0.9565217391304348
0.06002728512960437 0.9565217391304348
0.05994550408719346 0.9565217391304348
0.05986394557823129 0.9565217391304348
0.059782608695652176 0.9565217391304348
0.05970149253731343 0.9565217391304348
0.05962059620596206 0.9565217391304348
0.05953991880920163 0.9565217391304348
0.05945945945945946 0.9565217391304348
0.059379217273954114 0.9565217391304348
0.05929919137466307 0.9565217391304348
0.059219380888290714 0.9565217391304348
0.05913978494623656 0.9565217391304348
0.05906040268456376 0.9565217391304348
0.058981233243967826 0.9565217391304348
0.058902275769745646 0.9565217391304348
0.058823529411764705 0.9565217391304348
0.05874499332443257 0.9565217391304348
0.058666666666666666 0.9565217391304348
0.05858854860186418 0.9565217391304348
0.05851063829787234 0.9565217391304348
0.05843293492695883 0.9565217391304348
0.058355437665782495 0.9565217391304348
0.05827814569536424 0.9565217391304348
0.0582010582010582 0.9565217391304348
0.05812417437252312 0.9565217391304348
0.05804749340369393 0.9565217391304348
0.057971014492753624 0.9565217391304348
0.05789473684210526 0.9565217391304348
0.05781865965834428 0.9565217391304348
0.05774278215223097 0.9565217391304348
0.057667103538663174 0.9565217391304348
0.05759162303664921 0.9565217391304348
0.05751633986928104 0.9565217391304348
0.057441253263707574 0.9565217391304348
0.05736636245110821 0.9565217391304348
0.057291666666666664 0.9565217391304348
0.05721716514954486 0.9565217391304348
0.05714285714285714 0.9565217391304348
0.057068741893644616 0.9565217391304348
0.05699481865284974 0.9565217391304348
0.056921086675291076 0.9565217391304348
0.056847545219638244 0.9565217391304348
0.0567741935483871 0.9565217391304348
0.05670103092783505 0.9565217391304348
0.05662805662805663 0.9565217391304348
0.056555269922879174 0.9565217391304348
0.05648267008985879 0.9565217391304348
0.05641025641025641 0.9565217391304348
0.056338028169014086 0.9565217391304348
0.056265984654731455 0.9565217391304348
0.0561941251596424 0.9565217391304348
0.05612244897959184 0.9565217391304348
0.05605095541401274 0.9565217391304348
0.05597964376590331 0.9565217391304348
0.05590851334180432 0.9565217391304348
0.05583756345177665 0.9565217391304348
