0.0 0.0
0.5 0.007246376811594203
0.3333333333333333 0.007246376811594203
0.5 0.014492753623188406
0.6 0.021739130434782608
0.5 0.021739130434782608
0.5714285714285714 0.028985507246376812
0.625 0.036231884057971016
0.6666666666666666 0.043478260869565216
0.6 0.043478260869565216
0.6363636363636364 0.050724637681159424
0.5833333333333334 0.050724637681159424
0.6153846153846154 0.057971014492753624
0.5714285714285714 0.057971014492753624
0.5333333333333333 0.057971014492753624
0.5 0.057971014492753624
0.47058823529411764 0.057971014492753624
0.4444444444444444 0.057971014492753624
0.42105263157894735 0.057971014492753624
0.4 0.057971014492753624
0.42857142857142855 0.06521739130434782
0.45454545454545453 0.07246376811594203
0.4782608695652174 0.07971014492753623
0.4583333333333333 0.07971014492753623
0.44 0.07971014492753623
0.46153846153846156 0.08695652173913043
0.48148148148148145 0.09420289855072464
0.4642857142857143 0.09420289855072464
0.4827586206896552 0.10144927536231885
0.5 0.10869565217391304
0.5161290322580645 0.11594202898550725
0.53125 0.12318840579710146
0.5151515151515151 0.12318840579710146
0.5 0.12318840579710146
0.4857142857142857 0.12318840579710146
0.4722222222222222 0.12318840579710146
0.4594594594594595 0.12318840579710146
0.47368421052631576 0.13043478260869565
0.46153846153846156 0.13043478260869565
0.45 0.13043478260869565
0.43902439024390244 0.13043478260869565
0.42857142857142855 0.13043478260869565
0.4186046511627907 0.13043478260869565
0.4090909090909091 0.13043478260869565
0.4 0.13043478260869565
0.41304347826086957 0.13768115942028986
0.40425531914893614 0.13768115942028986
0.3958333333333333 0.13768115942028986
0.3877551020408163 0.13768115942028986
0.38 0.13768115942028986
0.37254901960784315 0.13768115942028986
0.36538461538461536 0.13768115942028986
0.3584905660377358 0.13768115942028986
0.35185185185185186 0.13768115942028986
0.34545454545454546 0.13768115942028986
0.3392857142857143 0.13768115942028986
0.3333333333333333 0.13768115942028986
0.3275862068965517 0.13768115942028986
0.3220338983050847 0.13768115942028986
0.31666666666666665 0.13768115942028986
0.3114754098360656 0.13768115942028986
0.3064516129032258 0.13768115942028986
0.30158730158730157 0.13768115942028986
0.3125 0.14492753623188406
0.3076923076923077 0.14492753623188406
0.30303030303030304 0.14492753623188406
0.29850746268656714 0.14492753623188406
0.29411764705882354 0.14492753623188406
0.2898550724637681 0.14492753623188406
0.2857142857142857 0.14492753623188406
0.28169014084507044 0.14492753623188406
0.2777777777777778 0.14492753623188406
0.273972602739726 0.14492753623188406
0.28378378378378377 0.15217391304347827
0.28 0.15217391304347827
0.27631578947368424 0.15217391304347827
0.2727272727272727 0.15217391304347827
0.2692307692307692 0.15217391304347827
0.26582278481012656 0.15217391304347827
0.2625 0.15217391304347827
0.2716049382716049 0.15942028985507245
0.2804878048780488 0.16666666666666666
0.2891566265060241 0.17391304347826086
0.2857142857142857 0.17391304347826086
0.2823529411764706 0.17391304347826086
0.27906976744186046 0.17391304347826086
0.27586206896551724 0.17391304347826086
0.2727272727272727 0.17391304347826086
0.2808988764044944 0.18115942028985507
0.2777777777777778 0.18115942028985507
0.27472527472527475 0.18115942028985507
0.2826086956521739 0.18840579710144928
0.2903225806451613 0.1956521739130435
0.2872340425531915 0.1956521739130435
0.28421052631578947 0.1956521739130435
0.28125 0.1956521739130435
0.27835051546391754 0.1956521739130435
0.2857142857142857 0.2028985507246377
0.29292929292929293 0.21014492753623187
0.3 0.21739130434782608
0.297029702970297 0.21739130434782608
0.29411764705882354 0.21739130434782608
0.2912621359223301 0.21739130434782608
0.2980769230769231 0.2246376811594203
0.29523809523809524 0.2246376811594203
0.29245283018867924 0.2246376811594203
0.2897196261682243 0.2246376811594203
0.2962962962962963 0.2318840579710145
0.29357798165137616 0.2318840579710145
0.2909090909090909 0.2318840579710145
0.2882882882882883 0.2318840579710145
0.2857142857142857 0.2318840579710145
0.2831858407079646 0.2318840579710145
0.2807017543859649 0.2318840579710145
0.2782608695652174 0.2318840579710145
0.28448275862068967 0.2391304347826087
0.2905982905982906 0.2463768115942029
0.288135593220339 0.2463768115942029
0.2857142857142857 0.2463768115942029
0.2916666666666667 0.2536231884057971
0.2892561983471074 0.2536231884057971
0.28688524590163933 0.2536231884057971
0.2845528455284553 0.2536231884057971
0.28225806451612906 0.2536231884057971
0.288 0.2608695652173913
0.2857142857142857 0.2608695652173913
0.28346456692913385 0.2608695652173913
0.28125 0.2608695652173913
0.27906976744186046 0.2608695652173913
0.27692307692307694 0.2608695652173913
0.2748091603053435 0.2608695652173913
0.2803030303030303 0.26811594202898553
0.2781954887218045 0.26811594202898553
0.27611940298507465 0.26811594202898553
0.2740740740740741 0.26811594202898553
0.27205882352941174 0.26811594202898553
0.27007299270072993 0.26811594202898553
0.26811594202898553 0.26811594202898553
0.26618705035971224 0.26811594202898553
0.2642857142857143 0.26811594202898553
0.2624113475177305 0.26811594202898553
0.2605633802816901 0.26811594202898553
0.25874125874125875 0.26811594202898553
0.2569444444444444 0.26811594202898553
0.25517241379310346 0.26811594202898553
0.2534246575342466 0.26811594202898553
0.25170068027210885 0.26811594202898553
0.25 0.26811594202898553
0.2483221476510067 0.26811594202898553
0.24666666666666667 0.26811594202898553
0.24503311258278146 0.26811594202898553
0.24342105263157895 0.26811594202898553
0.24183006535947713 0.26811594202898553
0.24025974025974026 0.26811594202898553
0.23870967741935484 0.26811594202898553
0.23717948717948717 0.26811594202898553
0.2356687898089172 0.26811594202898553
0.23417721518987342 0.26811594202898553
0.23270440251572327 0.26811594202898553
0.23125 0.26811594202898553
0.22981366459627328 0.26811594202898553
0.22839506172839505 0.26811594202898553
0.22699386503067484 0.26811594202898553
0.22560975609756098 0.26811594202898553
0.22424242424242424 0.26811594202898553
0.22289156626506024 0.26811594202898553
0.2215568862275449 0.26811594202898553
0.22023809523809523 0.26811594202898553
0.21893491124260356 0.26811594202898553
0.21764705882352942 0.26811594202898553
0.21637426900584794 0.26811594202898553
0.21511627906976744 0.26811594202898553
0.2138728323699422 0.26811594202898553
0.21264367816091953 0.26811594202898553
0.21142857142857144 0.26811594202898553
0.21022727272727273 0.26811594202898553
0.20903954802259886 0.26811594202898553
0.20786516853932585 0.26811594202898553
0.20670391061452514 0.26811594202898553
0.20555555555555555 0.26811594202898553
0.20441988950276244 0.26811594202898553
0.2032967032967033 0.26811594202898553
0.20218579234972678 0.26811594202898553
0.20108695652173914 0.26811594202898553
0.2 0.26811594202898553
0.1989247311827957 0.26811594202898553
0.19786096256684493 0.26811594202898553
0.19680851063829788 0.26811594202898553
0.19576719576719576 0.26811594202898553
0.19473684210526315 0.26811594202898553
0.193717277486911 0.26811594202898553
0.19270833333333334 0.26811594202898553
0.19170984455958548 0.26811594202898553
0.19072164948453607 0.26811594202898553
0.18974358974358974 0.26811594202898553
0.18877551020408162 0.26811594202898553
0.18781725888324874 0.26811594202898553
0.18686868686868688 0.26811594202898553
0.18592964824120603 0.26811594202898553
0.185 0.26811594202898553
0.18407960199004975 0.26811594202898553
0.18316831683168316 0.26811594202898553
0.18226600985221675 0.26811594202898553
0.18137254901960784 0.26811594202898553
0.18048780487804877 0.26811594202898553
0.1796116504854369 0.26811594202898553
0.178743961352657 0.26811594202898553
0.1778846153846154 0.26811594202898553
0.17703349282296652 0.26811594202898553
0.1761904761904762 0.26811594202898553
0.17535545023696683 0.26811594202898553
0.17452830188679244 0.26811594202898553
0.17370892018779344 0.26811594202898553
0.17289719626168223 0.26811594202898553
0.17209302325581396 0.26811594202898553
0.1712962962962963 0.26811594202898553
0.17050691244239632 0.26811594202898553
0.16972477064220184 0.26811594202898553
0.1689497716894977 0.26811594202898553
0.16818181818181818 0.26811594202898553
0.167420814479638 0.26811594202898553
0.16666666666666666 0.26811594202898553
0.16591928251121077 0.26811594202898553
0.16517857142857142 0.26811594202898553
0.16444444444444445 0.26811594202898553
0.168141592920354 0.2753623188405797
0.16740088105726872 0.2753623188405797
0.16666666666666666 0.2753623188405797
0.16593886462882096 0.2753623188405797
0.16521739130434782 0.2753623188405797
0.1645021645021645 0.2753623188405797
0.16379310344827586 0.2753623188405797
0.1630901287553648 0.2753623188405797
0.1623931623931624 0.2753623188405797
0.16170212765957448 0.2753623188405797
0.16101694915254236 0.2753623188405797
0.16033755274261605 0.2753623188405797
0.15966386554621848 0.2753623188405797
0.1589958158995816 0.2753623188405797
0.15833333333333333 0.2753623188405797
0.15767634854771784 0.2753623188405797
0.15702479338842976 0.2753623188405797
0.15637860082304528 0.2753623188405797
0.1557377049180328 0.2753623188405797
0.15510204081632653 0.2753623188405797
0.15447154471544716 0.2753623188405797
0.15384615384615385 0.2753623188405797
0.1532258064516129 0.2753623188405797
0.1566265060240964 0.2826086956521739
0.156 0.2826086956521739
0.1553784860557769 0.2826086956521739
0.15476190476190477 0.2826086956521739
0.1541501976284585 0.2826086956521739
0.15354330708661418 0.2826086956521739
0.1568627450980392 0.2898550724637681
0.15625 0.2898550724637681
0.15953307392996108 0.2971014492753623
0.15891472868217055 0.2971014492753623
0.1583011583011583 0.2971014492753623
0.16153846153846155 0.30434782608695654
0.16091954022988506 0.30434782608695654
0.16030534351145037 0.30434782608695654
0.1596958174904943 0.30434782608695654
0.1590909090909091 0.30434782608695654
0.15849056603773584 0.30434782608695654
0.15789473684210525 0.30434782608695654
0.15730337078651685 0.30434782608695654
0.15671641791044777 0.30434782608695654
0.15613382899628253 0.30434782608695654
0.15555555555555556 0.30434782608695654
0.15498154981549817 0.30434782608695654
0.15441176470588236 0.30434782608695654
0.15384615384615385 0.30434782608695654
0.15328467153284672 0.30434782608695654
0.15272727272727274 0.30434782608695654
0.15217391304347827 0.30434782608695654
0.15162454873646208 0.30434782608695654
0.1510791366906475 0.30434782608695654
0.15053763440860216 0.30434782608695654
0.15 0.30434782608695654
0.1494661921708185 0.30434782608695654
0.1524822695035461 0.3115942028985507
0.1519434628975265 0.3115942028985507
0.15140845070422534 0.3115942028985507
0.15087719298245614 0.3115942028985507
0.15034965034965034 0.3115942028985507
0.14982578397212543 0.3115942028985507
0.14930555555555555 0.3115942028985507
0.14878892733564014 0.3115942028985507
0.1482758620689655 0.3115942028985507
0.14776632302405499 0.3115942028985507
0.14726027397260275 0.3115942028985507
0.14675767918088736 0.3115942028985507
0.14625850340136054 0.3115942028985507
0.14576271186440679 0.3115942028985507
0.14527027027027026 0.3115942028985507
0.1447811447811448 0.3115942028985507
0.14429530201342283 0.3115942028985507
0.14381270903010032 0.3115942028985507
0.14333333333333334 0.3115942028985507
0.14285714285714285 0.3115942028985507
0.1456953642384106 0.3188405797101449
0.1485148514851485 0.32608695652173914
0.14802631578947367 0.32608695652173914
0.14754098360655737 0.32608695652173914
0.14705882352941177 0.32608695652173914
0.1465798045602606 0.32608695652173914
0.14935064935064934 0.3333333333333333
0.15210355987055016 0.34057971014492755
0.15483870967741936 0.34782608695652173
0.15434083601286175 0.34782608695652173
0.15384615384615385 0.34782608695652173
0.15654952076677317 0.35507246376811596
0.15605095541401273 0.35507246376811596
0.15555555555555556 0.35507246376811596
0.1550632911392405 0.35507246376811596
0.15457413249211358 0.35507246376811596
0.1540880503144654 0.35507246376811596
0.1536050156739812 0.35507246376811596
0.153125 0.35507246376811596
0.1526479750778816 0.35507246376811596
0.15217391304347827 0.35507246376811596
0.15170278637770898 0.35507246376811596
0.15123456790123457 0.35507246376811596
0.15076923076923077 0.35507246376811596
0.15030674846625766 0.35507246376811596
0.1529051987767584 0.36231884057971014
0.15548780487804878 0.3695652173913043
0.15501519756838905 0.3695652173913043
0.15454545454545454 0.3695652173913043
0.1540785498489426 0.3695652173913043
0.1536144578313253 0.3695652173913043
0.15315315315315314 0.3695652173913043
0.15269461077844312 0.3695652173913043
0.15223880597014924 0.3695652173913043
0.15178571428571427 0.3695652173913043
0.1513353115727003 0.3695652173913043
0.15088757396449703 0.3695652173913043
0.1504424778761062 0.3695652173913043
0.15 0.3695652173913043
0.1495601173020528 0.3695652173913043
0.14912280701754385 0.3695652173913043
0.14868804664723032 0.3695652173913043
0.14825581395348839 0.3695652173913043
0.14782608695652175 0.3695652173913043
0.14739884393063585 0.3695652173913043
0.14697406340057637 0.3695652173913043
0.14655172413793102 0.3695652173913043
0.14613180515759314 0.3695652173913043
0.1457142857142857 0.3695652173913043
0.1452991452991453 0.3695652173913043
0.14488636363636365 0.3695652173913043
0.14447592067988668 0.3695652173913043
0.1440677966101695 0.3695652173913043
0.14366197183098592 0.3695652173913043
0.14325842696629212 0.3695652173913043
0.14285714285714285 0.3695652173913043
0.1424581005586592 0.3695652173913043
0.14206128133704735 0.3695652173913043
0.14444444444444443 0.37681159420289856
0.1440443213296399 0.37681159420289856
0.143646408839779 0.37681159420289856
0.14325068870523416 0.37681159420289856
0.14285714285714285 0.37681159420289856
0.14246575342465753 0.37681159420289856
0.14207650273224043 0.37681159420289856
0.14168937329700274 0.37681159420289856
0.14130434782608695 0.37681159420289856
0.14092140921409213 0.37681159420289856
0.14054054054054055 0.37681159420289856
0.14016172506738545 0.37681159420289856
0.13978494623655913 0.37681159420289856
0.13941018766756033 0.37681159420289856
0.13903743315508021 0.37681159420289856
0.13866666666666666 0.37681159420289856
0.13829787234042554 0.37681159420289856
0.13793103448275862 0.37681159420289856
0.13756613756613756 0.37681159420289856
0.13720316622691292 0.37681159420289856
0.1368421052631579 0.37681159420289856
0.13648293963254593 0.37681159420289856
0.13612565445026178 0.37681159420289856
0.13577023498694518 0.37681159420289856
0.13541666666666666 0.37681159420289856
0.13506493506493505 0.37681159420289856
0.13471502590673576 0.37681159420289856
0.1343669250645995 0.37681159420289856
0.13402061855670103 0.37681159420289856
0.13367609254498714 0.37681159420289856
0.13333333333333333 0.37681159420289856
0.1329923273657289 0.37681159420289856
0.1326530612244898 0.37681159420289856
0.13231552162849872 0.37681159420289856
0.1319796954314721 0.37681159420289856
0.13164556962025317 0.37681159420289856
0.13131313131313133 0.37681159420289856
0.1309823677581864 0.37681159420289856
0.1306532663316583 0.37681159420289856
0.13032581453634084 0.37681159420289856
0.13 0.37681159420289856
0.12967581047381546 0.37681159420289856
0.12935323383084577 0.37681159420289856
0.12903225806451613 0.37681159420289856
0.12871287128712872 0.37681159420289856
0.12839506172839507 0.37681159420289856
0.12807881773399016 0.37681159420289856
0.12776412776412777 0.37681159420289856
0.12745098039215685 0.37681159420289856
0.1271393643031785 0.37681159420289856
0.12682926829268293 0.37681159420289856
0.12652068126520682 0.37681159420289856
0.1262135922330097 0.37681159420289856
0.12590799031476999 0.37681159420289856
0.12560386473429952 0.37681159420289856
0.12771084337349398 0.38405797101449274
0.12740384615384615 0.38405797101449274
0.12709832134292565 0.38405797101449274
0.12679425837320574 0.38405797101449274
0.12649164677804295 0.38405797101449274
0.1261904761904762 0.38405797101449274
0.12589073634204276 0.38405797101449274
0.12559241706161137 0.38405797101449274
0.12529550827423167 0.38405797101449274
0.125 0.38405797101449274
0.12470588235294118 0.38405797101449274
0.12441314553990611 0.38405797101449274
0.12412177985948478 0.38405797101449274
0.12383177570093458 0.38405797101449274
0.12354312354312354 0.38405797101449274
0.12325581395348838 0.38405797101449274
0.12296983758700696 0.38405797101449274
0.12268518518518519 0.38405797101449274
0.12240184757505773 0.38405797101449274
0.12211981566820276 0.38405797101449274
0.12183908045977011 0.38405797101449274
0.12155963302752294 0.38405797101449274
0.12128146453089245 0.38405797101449274
0.12100456621004566 0.38405797101449274
0.12072892938496584 0.38405797101449274
0.12045454545454545 0.38405797101449274
0.12018140589569161 0.38405797101449274
0.11990950226244344 0.38405797101449274
0.11963882618510158 0.38405797101449274
0.11936936936936937 0.38405797101449274
0.11910112359550562 0.38405797101449274
0.11883408071748879 0.38405797101449274
0.1185682326621924 0.38405797101449274
0.11830357142857142 0.38405797101449274
0.11804008908685969 0.38405797101449274
0.11777777777777777 0.38405797101449274
0.11751662971175167 0.38405797101449274
0.1172566371681416 0.38405797101449274
0.11699779249448124 0.38405797101449274
0.11674008810572688 0.38405797101449274
0.11648351648351649 0.38405797101449274
0.1162280701754386 0.38405797101449274
0.11597374179431072 0.38405797101449274
0.11572052401746726 0.38405797101449274
0.11546840958605664 0.38405797101449274
0.11521739130434783 0.38405797101449274
0.11496746203904555 0.38405797101449274
0.11471861471861472 0.38405797101449274
0.11447084233261338 0.38405797101449274
0.11422413793103449 0.38405797101449274
0.11397849462365592 0.38405797101449274
0.11373390557939914 0.38405797101449274
0.11349036402569593 0.38405797101449274
0.11324786324786325 0.38405797101449274
0.11300639658848614 0.38405797101449274
0.1127659574468085 0.38405797101449274
0.11252653927813164 0.38405797101449274
0.11228813559322035 0.38405797101449274
0.11205073995771671 0.38405797101449274
0.11181434599156118 0.38405797101449274
0.11157894736842106 0.38405797101449274
0.11134453781512606 0.38405797101449274
0.1111111111111111 0.38405797101449274
0.1108786610878661 0.38405797101449274
0.11064718162839249 0.38405797101449274
0.11041666666666666 0.38405797101449274
0.11226611226611227 0.391304347826087
0.11203319502074689 0.391304347826087
0.11180124223602485 0.391304347826087
0.1115702479338843 0.391304347826087
0.11134020618556702 0.391304347826087
0.1111111111111111 0.391304347826087
0.11088295687885011 0.391304347826087
0.11065573770491803 0.391304347826087
0.11042944785276074 0.391304347826087
0.11020408163265306 0.391304347826087
0.109979633401222 0.391304347826087
0.10975609756097561 0.391304347826087
0.10953346855983773 0.391304347826087
0.10931174089068826 0.391304347826087
0.10909090909090909 0.391304347826087
0.10887096774193548 0.391304347826087
0.10865191146881288 0.391304347826087
0.10843373493975904 0.391304347826087
0.10821643286573146 0.391304347826087
0.108 0.391304347826087
0.10778443113772455 0.391304347826087
0.10756972111553785 0.391304347826087
0.1073558648111332 0.391304347826087
0.10714285714285714 0.391304347826087
0.10693069306930693 0.391304347826087
0.1067193675889328 0.391304347826087
0.10650887573964497 0.391304347826087
0.1062992125984252 0.391304347826087
0.10609037328094302 0.391304347826087
0.10588235294117647 0.391304347826087
0.10567514677103718 0.391304347826087
0.10546875 0.391304347826087
0.10526315789473684 0.391304347826087
0.10505836575875487 0.391304347826087
0.10485436893203884 0.391304347826087
0.10465116279069768 0.391304347826087
0.10444874274661509 0.391304347826087
0.10424710424710425 0.391304347826087
0.10404624277456648 0.391304347826087
0.10384615384615385 0.391304347826087
0.1036468330134357 0.391304347826087
0.10344827586206896 0.391304347826087
0.10325047801147227 0.391304347826087
0.10305343511450382 0.391304347826087
0.10285714285714286 0.391304347826087
0.10266159695817491 0.391304347826087
0.10246679316888045 0.391304347826087
0.10227272727272728 0.391304347826087
0.10207939508506617 0.391304347826087
0.1018867924528302 0.391304347826087
0.1016949152542373 0.391304347826087
0.10150375939849623 0.391304347826087
0.10131332082551595 0.391304347826087
0.10112359550561797 0.391304347826087
0.10093457943925234 0.391304347826087
0.10074626865671642 0.391304347826087
0.1005586592178771 0.391304347826087
0.10037174721189591 0.391304347826087
0.10018552875695733 0.391304347826087
0.1 0.391304347826087
0.09981515711645102 0.391304347826087
0.0996309963099631 0.391304347826087
0.09944751381215469 0.391304347826087
0.09926470588235294 0.391304347826087
0.09908256880733946 0.391304347826087
0.0989010989010989 0.391304347826087
0.09872029250457039 0.391304347826087
0.09854014598540146 0.391304347826087
0.09836065573770492 0.391304347826087
0.09818181818181818 0.391304347826087
0.09800362976406533 0.391304347826087
0.09782608695652174 0.391304347826087
0.09764918625678119 0.391304347826087
0.09747292418772563 0.391304347826087
0.0972972972972973 0.391304347826087
0.09712230215827339 0.391304347826087
0.09694793536804308 0.391304347826087
0.0967741935483871 0.391304347826087
0.09660107334525939 0.391304347826087
0.09642857142857143 0.391304347826087
0.0962566844919786 0.391304347826087
0.09608540925266904 0.391304347826087
0.09591474245115453 0.391304347826087
0.09574468085106383 0.391304347826087
0.09557522123893805 0.391304347826087
0.09540636042402827 0.391304347826087
0.09523809523809523 0.391304347826087
0.09507042253521127 0.391304347826087
0.09490333919156414 0.391304347826087
0.09473684210526316 0.391304347826087
0.09457092819614711 0.391304347826087
0.0944055944055944 0.391304347826087
0.09424083769633508 0.391304347826087
0.09407665505226481 0.391304347826087
0.09391304347826086 0.391304347826087
0.09375 0.391304347826087
0.09358752166377816 0.391304347826087
0.09342560553633218 0.391304347826087
0.09326424870466321 0.391304347826087
0.09310344827586207 0.391304347826087
0.09294320137693632 0.391304347826087
0.09278350515463918 0.391304347826087
0.09262435677530018 0.391304347826087
0.09246575342465753 0.391304347826087
0.09230769230769231 0.391304347826087
0.09215017064846416 0.391304347826087
0.0919931856899489 0.391304347826087
0.09183673469387756 0.391304347826087
0.09168081494057725 0.391304347826087
0.09152542372881356 0.391304347826087
0.09137055837563451 0.391304347826087
0.09121621621621621 0.391304347826087
0.09274873524451939 0.39855072463768115
0.09259259259259259 0.39855072463768115
0.09243697478991597 0.39855072463768115
0.09228187919463088 0.39855072463768115
0.09212730318257957 0.39855072463768115
0.09197324414715718 0.39855072463768115
0.09181969949916527 0.39855072463768115
0.09166666666666666 0.39855072463768115
0.09151414309484193 0.39855072463768115
0.09136212624584718 0.39855072463768115
0.0912106135986733 0.39855072463768115
0.09105960264900662 0.39855072463768115
0.09090909090909091 0.39855072463768115
0.09075907590759076 0.39855072463768115
0.09060955518945635 0.39855072463768115
0.09046052631578948 0.39855072463768115
0.090311986863711 0.39855072463768115
0.09016393442622951 0.39855072463768115
0.09001636661211129 0.39855072463768115
0.08986928104575163 0.39855072463768115
0.08972267536704731 0.39855072463768115
0.08957654723127036 0.39855072463768115
0.08943089430894309 0.39855072463768115
0.08928571428571429 0.39855072463768115
0.08914100486223663 0.39855072463768115
0.0889967637540453 0.39855072463768115
0.0888529886914378 0.39855072463768115
0.08870967741935484 0.39855072463768115
0.08856682769726248 0.39855072463768115
0.08842443729903537 0.39855072463768115
0.08828250401284109 0.39855072463768115
0.08814102564102565 0.39855072463768115
0.088 0.39855072463768115
0.0878594249201278 0.39855072463768115
0.08771929824561403 0.39855072463768115
0.0875796178343949 0.39855072463768115
0.08744038155802862 0.39855072463768115
0.0873015873015873 0.39855072463768115
0.08716323296354993 0.39855072463768115
0.08702531645569621 0.39855072463768115
0.08846761453396525 0.4057971014492754
0.08832807570977919 0.4057971014492754
0.08818897637795275 0.4057971014492754
0.0880503144654088 0.4057971014492754
0.08791208791208792 0.4057971014492754
0.0877742946708464 0.4057971014492754
0.08763693270735524 0.4057971014492754
0.0875 0.4057971014492754
0.0873634945397816 0.4057971014492754
0.08722741433021806 0.4057971014492754
0.08709175738724728 0.4057971014492754
0.08695652173913043 0.4057971014492754
0.08682170542635659 0.4057971014492754
0.08668730650154799 0.4057971014492754
0.0865533230293663 0.4057971014492754
0.08641975308641975 0.4057971014492754
0.08628659476117104 0.4057971014492754
0.08615384615384615 0.4057971014492754
0.08602150537634409 0.4057971014492754
0.08588957055214724 0.4057971014492754
0.08575803981623277 0.4057971014492754
0.0856269113149847 0.4057971014492754
0.08549618320610687 0.4057971014492754
0.08536585365853659 0.4057971014492754
0.0852359208523592 0.4057971014492754
0.0851063829787234 0.4057971014492754
0.08497723823975721 0.4057971014492754
0.08484848484848485 0.4057971014492754
0.08472012102874432 0.4057971014492754
0.08459214501510574 0.4057971014492754
0.08446455505279035 0.4057971014492754
0.08433734939759036 0.4057971014492754
0.08421052631578947 0.4057971014492754
0.08408408408408409 0.4057971014492754
0.08395802098950525 0.4057971014492754
0.08383233532934131 0.4057971014492754
0.08370702541106129 0.4057971014492754
0.08358208955223881 0.4057971014492754
0.08345752608047691 0.4057971014492754
0.08333333333333333 0.4057971014492754
0.08320950965824665 0.4057971014492754
0.0830860534124629 0.4057971014492754
0.08296296296296296 0.4057971014492754
0.08284023668639054 0.4057971014492754
0.08419497784342689 0.41304347826086957
0.0855457227138643 0.42028985507246375
0.08541973490427099 0.42028985507246375
0.08529411764705883 0.42028985507246375
0.08516886930983847 0.42028985507246375
0.08504398826979472 0.42028985507246375
0.0849194729136164 0.42028985507246375
0.0847953216374269 0.42028985507246375
0.08467153284671533 0.42028985507246375
0.08454810495626822 0.42028985507246375
0.08442503639010189 0.42028985507246375
0.08430232558139535 0.42028985507246375
0.0841799709724238 0.42028985507246375
0.08405797101449275 0.42028985507246375
0.08393632416787265 0.42028985507246375
0.0838150289017341 0.42028985507246375
0.0836940836940837 0.42028985507246375
0.08357348703170028 0.42028985507246375
0.08345323741007195 0.42028985507246375
0.08333333333333333 0.42028985507246375
0.08321377331420372 0.42028985507246375
0.0830945558739255 0.42028985507246375
0.08297567954220315 0.42028985507246375
0.08285714285714285 0.42028985507246375
0.08273894436519258 0.42028985507246375
0.08262108262108261 0.42028985507246375
0.08250355618776671 0.42028985507246375
0.08238636363636363 0.42028985507246375
0.08226950354609928 0.42028985507246375
0.0821529745042493 0.42028985507246375
0.08203677510608204 0.42028985507246375
0.08192090395480225 0.42028985507246375
0.08180535966149506 0.42028985507246375
0.08169014084507042 0.42028985507246375
0.08157524613220815 0.42028985507246375
0.08146067415730338 0.42028985507246375
0.08134642356241234 0.42028985507246375
0.08123249299719888 0.42028985507246375
0.08111888111888112 0.42028985507246375
0.08100558659217877 0.42028985507246375
0.08089260808926081 0.42028985507246375
0.0807799442896936 0.42028985507246375
0.08066759388038942 0.42028985507246375
0.08055555555555556 0.42028985507246375
0.08044382801664356 0.42028985507246375
0.08033240997229917 0.42028985507246375
0.08022130013831259 0.42028985507246375
0.08011049723756906 0.42028985507246375
0.08 0.42028985507246375
0.07988980716253444 0.42028985507246375
0.07977991746905089 0.42028985507246375
0.07967032967032966 0.42028985507246375
0.07956104252400549 0.42028985507246375
0.07945205479452055 0.42028985507246375
0.07934336525307797 0.42028985507246375
0.07923497267759563 0.42028985507246375
0.0791268758526603 0.42028985507246375
0.07901907356948229 0.42028985507246375
0.07891156462585033 0.42028985507246375
0.07880434782608696 0.42028985507246375
0.07869742198100407 0.42028985507246375
0.07859078590785908 0.42028985507246375
0.07848443843031123 0.42028985507246375
0.07837837837837838 0.42028985507246375
0.07827260458839407 0.42028985507246375
0.07816711590296496 0.42028985507246375
0.07806191117092867 0.42028985507246375
0.07795698924731183 0.42028985507246375
0.07785234899328859 0.42028985507246375
0.0777479892761394 0.42028985507246375
0.07764390896921017 0.42028985507246375
0.07754010695187166 0.42028985507246375
0.0774365821094793 0.42028985507246375
0.07733333333333334 0.42028985507246375
0.07723035952063914 0.42028985507246375
0.07712765957446809 0.42028985507246375
0.07702523240371846 0.42028985507246375
0.07692307692307693 0.42028985507246375
0.07682119205298013 0.42028985507246375
0.07671957671957672 0.42028985507246375
0.07661822985468957 0.42028985507246375
0.07651715039577836 0.42028985507246375
0.0764163372859025 0.42028985507246375
0.07631578947368421 0.42028985507246375
0.07621550591327202 0.42028985507246375
0.07611548556430446 0.42028985507246375
0.07601572739187418 0.42028985507246375
0.07591623036649214 0.42028985507246375
0.07581699346405228 0.42028985507246375
0.07702349869451697 0.427536231884058
0.07692307692307693 0.427536231884058
0.07682291666666667 0.427536231884058
0.07802340702210664 0.43478260869565216
0.07792207792207792 0.43478260869565216
0.07782101167315175 0.43478260869565216
0.07772020725388601 0.43478260869565216
0.07761966364812418 0.43478260869565216
0.07751937984496124 0.43478260869565216
0.07741935483870968 0.43478260869565216
0.07860824742268041 0.4420289855072464
0.07850707850707851 0.4420289855072464
0.07840616966580977 0.4420289855072464
0.07830551989730423 0.4420289855072464
0.0782051282051282 0.4420289855072464
0.07810499359795134 0.4420289855072464
0.07800511508951406 0.4420289855072464
0.07918263090676884 0.4492753623188406
0.07908163265306123 0.4492753623188406
0.07898089171974522 0.4492753623188406
0.08015267175572519 0.45652173913043476
0.08005082592121983 0.45652173913043476
0.0799492385786802 0.45652173913043476
0.07984790874524715 0.45652173913043476
0.07974683544303797 0.45652173913043476
0.07964601769911504 0.45652173913043476
0.07954545454545454 0.45652173913043476
0.07944514501891552 0.45652173913043476
0.07934508816120907 0.45652173913043476
0.07924528301886792 0.45652173913043476
0.07914572864321608 0.45652173913043476
0.07904642409033877 0.45652173913043476
0.07894736842105263 0.45652173913043476
0.07884856070087609 0.45652173913043476
0.07875 0.45652173913043476
0.07865168539325842 0.45652173913043476
0.07855361596009976 0.45652173913043476
0.0784557907845579 0.45652173913043476
0.07835820895522388 0.45652173913043476
0.0782608695652174 0.45652173913043476
0.07816377171215881 0.45652173913043476
0.07806691449814127 0.45652173913043476
0.07920792079207921 0.463768115942029
0.07911001236093942 0.463768115942029
0.07901234567901234 0.463768115942029
0.07891491985203453 0.463768115942029
0.07881773399014778 0.463768115942029
0.07872078720787208 0.463768115942029
0.07862407862407862 0.463768115942029
0.0785276073619632 0.463768115942029
0.0784313725490196 0.463768115942029
0.07833537331701346 0.463768115942029
0.07823960880195599 0.463768115942029
0.07936507936507936 0.47101449275362317
0.07926829268292683 0.47101449275362317
0.07917174177831912 0.47101449275362317
0.07907542579075426 0.47101449275362317
0.08019441069258809 0.4782608695652174
0.08009708737864078 0.4782608695652174
0.08 0.4782608695652174
0.07990314769975787 0.4782608695652174
0.07980652962515115 0.4782608695652174
0.07971014492753623 0.4782608695652174
0.07961399276236429 0.4782608695652174
0.07951807228915662 0.4782608695652174
0.07942238267148015 0.4782608695652174
0.07932692307692307 0.4782608695652174
0.07923169267707082 0.4782608695652174
0.07913669064748201 0.4782608695652174
0.07904191616766468 0.4782608695652174
0.07894736842105263 0.4782608695652174
0.07885304659498207 0.4782608695652174
0.07875894988066826 0.4782608695652174
0.07985697258641239 0.4855072463768116
0.07976190476190476 0.4855072463768116
0.07966706302021404 0.4855072463768116
0.07957244655581948 0.4855072463768116
0.07947805456702253 0.4855072463768116
0.07938388625592417 0.4855072463768116
0.07928994082840236 0.4855072463768116
0.07919621749408984 0.4855072463768116
0.07910271546635184 0.4855072463768116
0.08018867924528301 0.4927536231884058
0.0800942285041225 0.4927536231884058
0.08 0.4927536231884058
0.0799059929494712 0.4927536231884058
0.07981220657276995 0.4927536231884058
0.07971864009378664 0.4927536231884058
0.07962529274004684 0.4927536231884058
0.07953216374269007 0.4927536231884058
0.0794392523364486 0.4927536231884058
0.07934655775962661 0.4927536231884058
0.07925407925407925 0.4927536231884058
0.07916181606519208 0.4927536231884058
0.07906976744186046 0.4927536231884058
0.07897793263646923 0.4927536231884058
0.07888631090487239 0.4927536231884058
0.07879490150637311 0.4927536231884058
0.0787037037037037 0.4927536231884058
0.07861271676300578 0.4927536231884058
0.07852193995381063 0.4927536231884058
0.0784313725490196 0.4927536231884058
0.07834101382488479 0.4927536231884058
0.07825086306098965 0.4927536231884058
0.07816091954022988 0.4927536231884058
0.07807118254879448 0.4927536231884058
0.0779816513761468 0.4927536231884058
0.07903780068728522 0.5
0.07894736842105263 0.5
0.07885714285714286 0.5
0.07876712328767123 0.5
0.07981755986316989 0.5072463768115942
0.07972665148063782 0.5072463768115942
0.07963594994311718 0.5072463768115942
0.07954545454545454 0.5072463768115942
0.07945516458569807 0.5072463768115942
0.07936507936507936 0.5072463768115942
0.07927519818799547 0.5072463768115942
0.07918552036199095 0.5072463768115942
0.07909604519774012 0.5072463768115942
0.07900677200902935 0.5072463768115942
0.07891770011273957 0.5072463768115942
0.07882882882882883 0.5072463768115942
0.07874015748031496 0.5072463768115942
0.07865168539325842 0.5072463768115942
0.07856341189674523 0.5072463768115942
0.07847533632286996 0.5072463768115942
0.07838745800671892 0.5072463768115942
0.07829977628635347 0.5072463768115942
0.0782122905027933 0.5072463768115942
0.078125 0.5072463768115942
0.07803790412486064 0.5072463768115942
0.0779510022271715 0.5072463768115942
0.0778642936596218 0.5072463768115942
0.07777777777777778 0.5072463768115942
0.07769145394006659 0.5072463768115942
0.07760532150776053 0.5072463768115942
0.07751937984496124 0.5072463768115942
0.07743362831858407 0.5072463768115942
0.07734806629834254 0.5072463768115942
0.0772626931567329 0.5072463768115942
0.07717750826901874 0.5072463768115942
0.07709251101321586 0.5072463768115942
0.07700770077007701 0.5072463768115942
0.07692307692307693 0.5072463768115942
0.07683863885839737 0.5072463768115942
0.07675438596491228 0.5072463768115942
0.07667031763417305 0.5072463768115942
0.07658643326039387 0.5072463768115942
0.07650273224043716 0.5072463768115942
0.07641921397379912 0.5072463768115942
0.07633587786259542 0.5072463768115942
0.07625272331154684 0.5072463768115942
0.07616974972796518 0.5072463768115942
0.07608695652173914 0.5072463768115942
0.07600434310532031 0.5072463768115942
0.07592190889370933 0.5072463768115942
0.07583965330444203 0.5072463768115942
0.07575757575757576 0.5072463768115942
0.07567567567567568 0.5072463768115942
0.0755939524838013 0.5072463768115942
0.07551240560949299 0.5072463768115942
0.07543103448275862 0.5072463768115942
0.07534983853606028 0.5072463768115942
0.07526881720430108 0.5072463768115942
0.07518796992481203 0.5072463768115942
0.07510729613733906 0.5072463768115942
0.07502679528403002 0.5072463768115942
0.07494646680942184 0.5072463768115942
0.0748663101604278 0.5072463768115942
0.07478632478632478 0.5072463768115942
0.07470651013874066 0.5072463768115942
0.07462686567164178 0.5072463768115942
0.07454739084132056 0.5072463768115942
0.07446808510638298 0.5072463768115942
0.07438894792773645 0.5072463768115942
0.07537154989384288 0.5144927536231884
0.07635206786850478 0.5217391304347826
0.07733050847457627 0.5289855072463768
0.07830687830687831 0.5362318840579711
0.07928118393234672 0.5434782608695652
0.0791974656810982 0.5434782608695652
0.07911392405063292 0.5434782608695652
0.07903055848261328 0.5434782608695652
0.07894736842105263 0.5434782608695652
0.07886435331230283 0.5434782608695652
0.07878151260504201 0.5434782608695652
0.07869884575026233 0.5434782608695652
0.07861635220125786 0.5434782608695652
0.07853403141361257 0.5434782608695652
0.07845188284518828 0.5434782608695652
0.07836990595611286 0.5434782608695652
0.07828810020876827 0.5434782608695652
0.07820646506777894 0.5434782608695652
0.078125 0.5434782608695652
0.07804370447450572 0.5434782608695652
0.07796257796257797 0.5434782608695652
0.0778816199376947 0.5434782608695652
0.07780082987551867 0.5434782608695652
0.07772020725388601 0.5434782608695652
0.07763975155279502 0.5434782608695652
0.07755946225439504 0.5434782608695652
0.07747933884297521 0.5434782608695652
0.07739938080495357 0.5434782608695652
0.07731958762886598 0.5434782608695652
0.07723995880535531 0.5434782608695652
0.07716049382716049 0.5434782608695652
0.07708119218910586 0.5434782608695652
0.07700205338809035 0.5434782608695652
0.07692307692307693 0.5434782608695652
0.07684426229508197 0.5434782608695652
0.0767656090071648 0.5434782608695652
0.07668711656441718 0.5434782608695652
0.07660878447395301 0.5434782608695652
0.07653061224489796 0.5434782608695652
0.0764525993883792 0.5434782608695652
0.07637474541751528 0.5434782608695652
0.0762970498474059 0.5434782608695652
0.07621951219512195 0.5434782608695652
0.07614213197969544 0.5434782608695652
0.07606490872210954 0.5434782608695652
0.07598784194528875 0.5434782608695652
0.07591093117408906 0.5434782608695652
0.07583417593528817 0.5434782608695652
0.07575757575757576 0.5434782608695652
0.07568113017154389 0.5434782608695652
0.07560483870967742 0.5434782608695652
0.0755287009063444 0.5434782608695652
0.07545271629778671 0.5434782608695652
0.07537688442211055 0.5434782608695652
0.07530120481927711 0.5434782608695652
0.07522567703109329 0.5434782608695652
0.07615230460921844 0.5507246376811594
0.07607607607607608 0.5507246376811594
0.076 0.5507246376811594
0.07592407592407592 0.5507246376811594
0.07584830339321358 0.5507246376811594
0.07577268195413758 0.5507246376811594
0.07569721115537849 0.5507246376811594
0.07562189054726368 0.5507246376811594
0.07554671968190854 0.5507246376811594
0.07547169811320754 0.5507246376811594
0.07539682539682539 0.5507246376811594
0.0753221010901883 0.5507246376811594
0.07524752475247524 0.5507246376811594
0.0751730959446093 0.5507246376811594
0.07509881422924901 0.5507246376811594
0.07502467917077986 0.5507246376811594
0.07495069033530571 0.5507246376811594
0.0748768472906404 0.5507246376811594
0.07480314960629922 0.5507246376811594
0.07472959685349066 0.5507246376811594
0.07465618860510806 0.5507246376811594
0.0745829244357213 0.5507246376811594
0.07450980392156863 0.5507246376811594
0.07541625857002938 0.5579710144927537
0.07534246575342465 0.5579710144927537
0.07526881720430108 0.5579710144927537
0.0751953125 0.5579710144927537
0.07512195121951219 0.5579710144927537
0.07504873294346978 0.5579710144927537
0.07497565725413827 0.5579710144927537
0.07490272373540856 0.5579710144927537
0.07482993197278912 0.5579710144927537
0.07572815533980583 0.5652173913043478
0.07565470417070805 0.5652173913043478
0.0755813953488372 0.5652173913043478
0.0755082284607938 0.5652173913043478
0.07543520309477757 0.5652173913043478
0.07536231884057971 0.5652173913043478
0.07528957528957529 0.5652173913043478
0.07521697203471553 0.5652173913043478
0.07514450867052024 0.5652173913043478
0.07507218479307026 0.5652173913043478
0.075 0.5652173913043478
0.07492795389048991 0.5652173913043478
0.07485604606525911 0.5652173913043478
0.07478427612655801 0.5652173913043478
0.07471264367816093 0.5652173913043478
0.07464114832535886 0.5652173913043478
0.0745697896749522 0.5652173913043478
0.07449856733524356 0.5652173913043478
0.07442748091603053 0.5652173913043478
0.07435653002859867 0.5652173913043478
0.07428571428571429 0.5652173913043478
0.07421503330161751 0.5652173913043478
0.0741444866920152 0.5652173913043478
0.07407407407407407 0.5652173913043478
0.07400379506641366 0.5652173913043478
0.07393364928909953 0.5652173913043478
0.07386363636363637 0.5652173913043478
0.07379375591296121 0.5652173913043478
0.07372400756143667 0.5652173913043478
0.07459867799811143 0.572463768115942
0.07452830188679245 0.572463768115942
0.07445805843543826 0.572463768115942
0.0743879472693032 0.572463768115942
0.07431796801505174 0.572463768115942
0.07424812030075188 0.572463768115942
0.07417840375586854 0.572463768115942
0.07410881801125703 0.572463768115942
0.07403936269915651 0.572463768115942
0.07397003745318352 0.572463768115942
0.07390084190832553 0.572463768115942
0.07383177570093458 0.572463768115942
0.07376283846872082 0.572463768115942
0.07369402985074627 0.572463768115942
0.07362534948741846 0.572463768115942
0.07355679702048418 0.572463768115942
0.07348837209302325 0.572463768115942
0.07342007434944238 0.572463768115942
0.0733519034354689 0.572463768115942
0.07328385899814471 0.572463768115942
0.0732159406858202 0.572463768115942
0.07314814814814814 0.572463768115942
0.0730804810360777 0.572463768115942
0.07301293900184842 0.572463768115942
0.0729455216989843 0.572463768115942
0.07287822878228782 0.572463768115942
0.0728110599078341 0.572463768115942
0.072744014732965 0.572463768115942
0.07267709291628335 0.572463768115942
0.07261029411764706 0.572463768115942
0.07254361799816346 0.572463768115942
0.07247706422018349 0.572463768115942
0.07241063244729606 0.572463768115942
0.07234432234432235 0.572463768115942
0.07227813357731015 0.572463768115942
0.07221206581352833 0.572463768115942
0.07214611872146119 0.572463768115942
0.07208029197080291 0.572463768115942
0.07201458523245215 0.572463768115942
0.07194899817850638 0.572463768115942
0.0718835304822566 0.572463768115942
0.07181818181818182 0.572463768115942
0.07175295186194369 0.572463768115942
0.07168784029038112 0.572463768115942
0.07162284678150499 0.572463768115942
0.07155797101449275 0.572463768115942
0.07149321266968325 0.572463768115942
0.07142857142857142 0.572463768115942
0.07136404697380307 0.572463768115942
0.07129963898916968 0.572463768115942
0.07123534715960325 0.572463768115942
0.07117117117117117 0.572463768115942
0.0711071107110711 0.572463768115942
0.0710431654676259 0.572463768115942
0.07097933513027853 0.572463768115942
0.07091561938958707 0.572463768115942
0.07085201793721974 0.572463768115942
0.07078853046594982 0.572463768115942
0.07072515666965085 0.572463768115942
0.0706618962432916 0.572463768115942
0.07059874888293119 0.572463768115942
0.07053571428571428 0.572463768115942
0.0704727921498662 0.572463768115942
0.07040998217468805 0.572463768115942
0.07034728406055209 0.572463768115942
0.07028469750889679 0.572463768115942
0.07022222222222223 0.572463768115942
0.07015985790408526 0.572463768115942
0.07009760425909495 0.572463768115942
0.0700354609929078 0.572463768115942
0.06997342781222321 0.572463768115942
0.06991150442477877 0.572463768115942
0.06984969053934571 0.572463768115942
0.06978798586572438 0.572463768115942
0.06972639011473963 0.572463768115942
0.06966490299823633 0.572463768115942
0.06960352422907488 0.572463768115942
0.06954225352112677 0.572463768115942
0.06948109058927 0.572463768115942
0.06942003514938488 0.572463768115942
0.06935908691834942 0.572463768115942
0.06929824561403508 0.572463768115942
0.06923751095530237 0.572463768115942
0.0691768826619965 0.572463768115942
0.06911636045494313 0.572463768115942
0.06905594405594405 0.572463768115942
0.06899563318777292 0.572463768115942
0.06893542757417102 0.572463768115942
0.06887532693984307 0.572463768115942
0.06881533101045297 0.572463768115942
0.06875543951261967 0.572463768115942
0.06869565217391305 0.572463768115942
0.0686359687228497 0.572463768115942
0.0685763888888889 0.572463768115942
0.06851691240242845 0.572463768115942
0.0684575389948007 0.572463768115942
0.0683982683982684 0.572463768115942
0.06833910034602077 0.572463768115942
0.0682800345721694 0.572463768115942
0.06822107081174439 0.572463768115942
0.06816220880069025 0.572463768115942
0.06810344827586207 0.572463768115942
0.06804478897502153 0.572463768115942
0.06798623063683305 0.572463768115942
0.06792777300085985 0.572463768115942
0.06786941580756013 0.572463768115942
0.06781115879828326 0.572463768115942
0.06775300171526587 0.572463768115942
0.0676949443016281 0.572463768115942
0.06763698630136987 0.572463768115942
0.06757912745936698 0.572463768115942
0.06752136752136752 0.572463768115942
0.06746370623398805 0.572463768115942
0.0674061433447099 0.572463768115942
0.06734867860187553 0.572463768115942
0.06729131175468483 0.572463768115942
0.06723404255319149 0.572463768115942
0.06717687074829932 0.572463768115942
0.06711979609175871 0.572463768115942
0.06706281833616298 0.572463768115942
0.06700593723494487 0.572463768115942
0.06694915254237288 0.572463768115942
0.06689246401354784 0.572463768115942
0.06683587140439932 0.572463768115942
0.06677937447168217 0.572463768115942
0.06672297297297297 0.572463768115942
0.06666666666666667 0.572463768115942
0.06661045531197302 0.572463768115942
0.06655433866891322 0.572463768115942
0.0664983164983165 0.572463768115942
0.06644238856181665 0.572463768115942
0.06638655462184874 0.572463768115942
0.06633081444164568 0.572463768115942
0.0662751677852349 0.572463768115942
0.06621961441743504 0.572463768115942
0.0661641541038526 0.572463768115942
0.06610878661087866 0.572463768115942
0.06605351170568562 0.572463768115942
0.06599832915622389 0.572463768115942
0.0659432387312187 0.572463768115942
0.0658882402001668 0.572463768115942
0.06583333333333333 0.572463768115942
0.06577851790174855 0.572463768115942
0.06572379367720466 0.572463768115942
0.0656691604322527 0.572463768115942
0.06561461794019934 0.572463768115942
0.06556016597510374 0.572463768115942
0.06550580431177445 0.572463768115942
0.06545153272576636 0.572463768115942
0.06539735099337748 0.572463768115942
0.065343258891646 0.572463768115942
0.0652892561983471 0.572463768115942
0.06523534269199009 0.572463768115942
0.06518151815181518 0.572463768115942
0.0651277823577906 0.572463768115942
0.06507413509060955 0.572463768115942
0.06502057613168724 0.572463768115942
0.0649671052631579 0.572463768115942
0.06491372226787182 0.572463768115942
0.06486042692939245 0.572463768115942
0.06480721903199343 0.572463768115942
0.06475409836065574 0.572463768115942
0.0647010647010647 0.572463768115942
0.06464811783960721 0.572463768115942
0.06459525756336877 0.572463768115942
0.06454248366013073 0.572463768115942
0.06448979591836734 0.572463768115942
0.06443719412724307 0.572463768115942
0.06438467807660962 0.572463768115942
0.06433224755700326 0.572463768115942
0.06427990235964198 0.572463768115942
0.06422764227642276 0.572463768115942
0.06417546709991877 0.572463768115942
0.06412337662337662 0.572463768115942
0.0640713706407137 0.572463768115942
0.0640194489465154 0.572463768115942
0.06396761133603239 0.572463768115942
0.063915857605178 0.572463768115942
0.06386418755052546 0.572463768115942
0.06381260096930533 0.572463768115942
0.06376109765940274 0.572463768115942
0.06370967741935483 0.572463768115942
0.06365834004834811 0.572463768115942
0.06360708534621579 0.572463768115942
0.06355591311343524 0.572463768115942
0.0635048231511254 0.572463768115942
0.06345381526104418 0.572463768115942
0.06340288924558588 0.572463768115942
0.06335204490777867 0.572463768115942
0.06330128205128205 0.572463768115942
0.0632506004803843 0.572463768115942
0.0632 0.572463768115942
0.06314948041566747 0.572463768115942
0.06309904153354633 0.572463768115942
0.06304868316041501 0.572463768115942
0.06299840510366826 0.572463768115942
0.06294820717131475 0.572463768115942
0.06289808917197452 0.572463768115942
0.06284805091487669 0.572463768115942
0.06279809220985691 0.572463768115942
0.06274821286735505 0.572463768115942
0.0626984126984127 0.572463768115942
0.0626486915146709 0.572463768115942
0.06259904912836767 0.572463768115942
0.0625494853523357 0.572463768115942
0.0625 0.572463768115942
0.062450592885375494 0.572463768115942
0.06240126382306477 0.572463768115942
0.062352012628255724 0.572463768115942
0.062302839116719244 0.572463768115942
0.062253743104806934 0.572463768115942
0.06220472440944882 0.572463768115942
0.06215578284815106 0.572463768115942
0.06210691823899371 0.572463768115942
0.062058130400628436 0.572463768115942
0.06200941915227629 0.572463768115942
0.06196078431372549 0.572463768115942
0.06191222570532915 0.572463768115942
0.06186374314800313 0.572463768115942
0.061815336463223784 0.572463768115942
0.0617670054730258 0.572463768115942
0.06171875 0.572463768115942
0.06167056986729118 0.572463768115942
0.06162246489859594 0.572463768115942
0.06157443491816056 0.572463768115942
0.061526479750778816 0.572463768115942
0.06147859922178988 0.572463768115942
0.061430793157076204 0.572463768115942
0.061383061383061384 0.572463768115942
0.06133540372670807 0.572463768115942
0.0612878200155159 0.572463768115942
0.06124031007751938 0.572463768115942
0.061192873741285826 0.572463768115942
0.06114551083591331 0.572463768115942
0.06109822119102862 0.572463768115942
0.061051004636785165 0.572463768115942
0.061003861003861 0.572463768115942
0.06095679012345679 0.572463768115942
0.06090979182729375 0.572463768115942
0.06086286594761171 0.572463768115942
0.06081601231716705 0.572463768115942
0.06076923076923077 0.572463768115942
0.06072252113758647 0.572463768115942
0.060675883256528416 0.572463768115942
0.060629316960859554 0.572463768115942
0.06058282208588957 0.572463768115942
0.06053639846743295 0.572463768115942
0.06049004594180704 0.572463768115942
0.060443764345830146 0.572463768115942
0.06039755351681957 0.572463768115942
0.060351413292589765 0.572463768115942
0.06030534351145038 0.572463768115942
0.060259344012204424 0.572463768115942
0.06021341463414634 0.572463768115942
0.060167555217060166 0.572463768115942
0.06012176560121765 0.572463768115942
0.06007604562737642 0.572463768115942
0.06003039513677812 0.572463768115942
0.05998481397114654 0.572463768115942
0.05993930197268589 0.572463768115942
0.05989385898407885 0.572463768115942
0.059848484848484845 0.572463768115942
0.05980317940953823 0.572463768115942
0.059757942511346446 0.572463768115942
0.05971277399848828 0.572463768115942
0.05966767371601209 0.572463768115942
0.059622641509433964 0.572463768115942
0.05957767722473605 0.572463768115942
0.059532780708364735 0.572463768115942
0.05948795180722891 0.572463768115942
0.059443190368698266 0.572463768115942
0.059398496240601506 0.572463768115942
0.059353869271224644 0.572463768115942
0.05930930930930931 0.572463768115942
0.05926481620405101 0.572463768115942
0.05922038980509745 0.572463768115942
0.05917602996254682 0.572463768115942
0.05913173652694611 0.572463768115942
0.059087509349289455 0.572463768115942
0.05904334828101644 0.572463768115942
0.05899925317401045 0.572463768115942
0.05895522388059701 0.572463768115942
0.05891126025354213 0.572463768115942
0.05886736214605067 0.572463768115942
0.058823529411764705 0.572463768115942
0.058779761904761904 0.572463768115942
0.058736059479553904 0.572463768115942
0.058692421991084695 0.572463768115942
0.05864884929472903 0.572463768115942
0.0586053412462908 0.572463768115942
0.05856189770200148 0.572463768115942
0.05851851851851852 0.572463768115942
0.05847520355292376 0.572463768115942
0.058431952662721894 0.572463768115942
0.058388765705838876 0.572463768115942
0.058345642540620385 0.572463768115942
0.05830258302583026 0.572463768115942
0.05825958702064897 0.572463768115942
0.05821665438467207 0.572463768115942
0.05817378497790869 0.572463768115942
0.058130978660779986 0.572463768115942
0.05808823529411765 0.572463768115942
0.05804555473916238 0.572463768115942
0.05800293685756241 0.572463768115942
0.05796038151137197 0.572463768115942
0.05791788856304985 0.572463768115942
0.05787545787545788 0.572463768115942
0.057833089311859445 0.572463768115942
0.05779078273591807 0.572463768115942
0.0577485380116959 0.572463768115942
0.0577063550036523 0.572463768115942
0.05766423357664233 0.572463768115942
0.05762217359591539 0.572463768115942
0.0575801749271137 0.572463768115942
0.05753823743627094 0.572463768115942
0.05749636098981077 0.572463768115942
0.05745454545454545 0.572463768115942
0.057412790697674417 0.572463768115942
0.05737109658678286 0.572463768115942
0.057329462989840346 0.572463768115942
0.05728788977519942 0.572463768115942
0.0572463768115942 0.572463768115942
0.05720492396813903 0.572463768115942
0.057163531114327065 0.572463768115942
0.05712219812002892 0.572463768115942
0.05708092485549133 0.572463768115942
0.05703971119133574 0.572463768115942
0.056998556998557 0.572463768115942
0.05695746214852199 0.572463768115942
0.0569164265129683 0.572463768115942
0.05687544996400288 0.572463768115942
0.05683453237410072 0.572463768115942
0.056793673616103525 0.572463768115942
0.05675287356321839 0.572463768115942
0.05671213208901651 0.572463768115942
0.05667144906743185 0.572463768115942
0.056630824372759854 0.572463768115942
0.05659025787965616 0.572463768115942
0.05654974946313529 0.572463768115942
0.056509298998569386 0.572463768115942
0.056468906361686916 0.572463768115942
0.056428571428571425 0.572463768115942
0.05638829407566024 0.572463768115942
0.056348074179743225 0.572463768115942
0.05630791161796151 0.572463768115942
0.05626780626780627 0.572463768115942
0.056227758007117434 0.572463768115942
0.0561877667140825 0.572463768115942
0.05614783226723525 0.572463768115942
0.056818181818181816 0.5797101449275363
0.05677785663591199 0.5797101449275363
0.05673758865248227 0.5797101449275363
0.05669737774627923 0.5797101449275363
0.056657223796033995 0.5797101449275363
0.056617126680820945 0.5797101449275363
0.056577086280056574 0.5797101449275363
0.05653710247349823 0.5797101449275363
0.05649717514124294 0.5797101449275363
0.056457304163726185 0.5797101449275363
0.056417489421720736 0.5797101449275363
0.05637773079633545 0.5797101449275363
0.056338028169014086 0.5797101449275363
0.05629838142153413 0.5797101449275363
0.05625879043600562 0.5797101449275363
0.05621925509486999 0.5797101449275363
0.056179775280898875 0.5797101449275363
0.056140350877192984 0.5797101449275363
0.056100981767180924 0.5797101449275363
0.05606166783461808 0.5797101449275363
0.056022408963585436 0.5797101449275363
0.05598320503848846 0.5797101449275363
0.055944055944055944 0.5797101449275363
0.055904961565338925 0.5797101449275363
