3459 3317
3459 3084
3459 3318
3459 3316
3459 3453
3459 3436
3459 4705
3459 7184
3459 4994
3459 2762
3459 653
3459 4801
3459 1064
3453 3427
3453 3084
3453 5716
3453 3316
3453 3436
3453 185
3453 96
3453 2171
3453 740
3453 4801
3453 3459
3453 569
3453 4994
3453 3550
3453 2233
3453 13004
3453 105
3453 164
3453 3318
3453 4636
3453 4990
3453 102
3436 3316
3436 2171
3436 3441
3436 3091
3436 3109
3436 13004
3436 3317
3436 220
3436 3453
3436 3455
3436 199
3436 3459
3436 105
3436 3318
3436 1449
3436 7965
3436 96
3436 138
3436 3427
3436 5716
3436 1064
3436 2233
3453 3461
3436 3461
3436 3466
3453 653
3436 653
3453 963
3453 831
3453 9884
3453 401
3436 9747
3436 5292
3436 401
3436 2449
3436 4592
3436 73
3453 10917
3453 2417
3436 4502
3436 9312
3436 336
3441 3317
3441 3084
3441 3318
3441 3091
3441 3316
3441 3436
3466 3317
3466 3084
3466 3318
3466 3316
3441 5081
3461 3084
3461 15075
3461 3318
3461 3317
3461 3316
3461 54
13004 3084
13004 167
13004 5505
13004 93
13004 1381
13004 3436
13004 97
13004 6640
13004 5509
13004 159
13004 108
13004 160
13004 1170
13004 3317
13004 107
13004 3453
13004 199
13004 105
13004 1416
3466 569
3461 4639
3461 210
3461 13854
3461 4214
3461 3057
3461 1206
3441 8356
3466 3436
3316 468
3316 2187
3316 64
3316 3504
3316 412
3316 231
3316 308
3316 164
3316 6482
3316 7231
3316 397
3316 3427
3316 569
3316 3429
3316 5716
3316 7965
3316 5505
3316 3827
3316 2002
3316 2012
3316 865
3316 1649
3316 43
3316 2554
3316 68
3316 452
3316 7475
3316 7493
3316 185
3316 4994
3316 372
3316 559
3316 534
3316 7159
3316 2854
3316 4636
3316 4204
3316 3084
3316 698
3316 561
3316 577
3316 4952
3316 564
3316 565
3316 5050
3316 488
3316 191
3316 5560
3316 102
3461 3436
3461 3453
3441 3
3091 8231
3091 3084
3091 6430
3091 181
3091 4801
3091 3083
3091 5218
3091 3318
3091 187
3091 3316
3091 7965
3091 5246
3091 2554
3091 2171
3091 740
3091 9349
3091 3436
3091 3441
3455 3316
3455 3436
3455 3084
3455 963
3455 388
3455 604
3455 3317
3455 3318
4994 3427
4994 5716
4994 3300
4994 9668
4994 984
4994 3302
4994 10322
4994 483
4994 3153
4994 190
4994 3283
4994 1803
4994 108
4994 2734
4994 3449
4994 569
4994 1659
4994 3525
4994 3219
4994 3980
4994 1116
4994 3453
4994 1173
4994 3478
4994 795
4994 1481
4994 5554
4994 11937
4994 5688
4994 1449
4994 5461
3316 5520
3316 6083
3316 1555
3316 105
3316 2233
3316 6093
13004 414
3466 7102
9747 401
9747 506
9747 185
3317 157
3317 96
3317 740
3317 7475
3317 231
3317 3467
3317 13004
3317 5516
3317 164
3317 3427
3317 685
3317 5716
3317 7965
3317 169
3317 3827
3317 4636
3317 8456
3317 176
3317 6083
3317 1555
3317 2012
3317 5504
3317 3453
3317 1649
3317 105
3317 3083
3317 2554
3317 7810
3317 5635
3317 5665
3317 3436
3317 8231
3317 4994
3317 187
3317 2171
3317 2117
3317 701
3317 3049
3317 9349
3317 5050
3317 2433
3317 2233
3317 6093
3317 3463
3317 3318
3317 8598
3317 2370
3317 2620
3317 935
3317 12936
3317 5560
3317 3091
3317 3449
3317 569
3317 3456
3317 1449
3317 13479
3317 3744
3461 7391
3316 2713
3316 9349
3316 487
3316 1645
5292 524
5292 10247
5292 8196
5292 6178
5292 643
5292 4328
7184 1682
7184 5418
7184 3893
7184 1085
7184 2490
3318 5505
3318 100
3318 1513
3318 175
3318 753
3318 5504
3318 96
3318 7693
3318 412
3318 199
3318 3098
3318 161
3318 771
3318 5400
3318 231
3318 8691
3318 12397
3318 3427
3318 685
3318 5716
3318 7965
3318 3689
3318 3435
3318 4329
3318 173
3318 271
3318 2703
3318 6083
3318 1555
3318 2012
3318 4785
3318 865
3318 498
3318 1649
3318 2713
3318 105
3318 389
3318 5520
3318 6781
3318 2554
3318 1210
3318 86
3318 184
3318 3433
3318 5665
3318 8231
3318 4994
3318 2171
3318 701
3318 1222
3318 9349
3318 122
3318 7706
3318 7914
3318 3454
3318 2233
3318 6093
3318 3317
3318 2086
3318 283
3318 10871
3318 169
3318 3084
3318 206
3318 207
3318 3829
3318 10322
3318 208
3318 5560
3318 10237
3318 3091
3318 217
3318 1170
3318 569
3318 106
3318 3219
3318 107
3318 4626
3318 3456
3318 8474
3318 102
2449 11376
2449 3184
2449 6661
2449 6329
2449 6861
2449 1874
2449 2437
2449 10977
2449 3436
3091 164
13004 96
13004 5003
13004 106
4994 1136
3455 7295
2449 1297
4994 15075
3084 2187
3084 468
3084 6451
3084 5565
3084 447
3084 1513
3084 2897
3084 12521
3084 6066
3084 199
3084 1659
3084 2176
3084 231
3084 2483
3084 13004
3084 6093
3084 317
3084 2682
3084 5525
3084 7552
3084 5628
3084 2335
3084 3427
3084 5716
3084 7965
3084 3689
3084 169
3084 308
3084 176
3084 6083
3084 1555
3084 2012
3084 4785
3084 3453
3084 2125
3084 1649
3084 105
3084 3083
3084 2373
3084 2554
3084 187
3084 1182
3084 3316
3084 7542
3084 3436
3084 8231
3084 4994
3084 3575
3084 559
3084 7545
3084 9349
3084 309
3084 194
3084 5218
3084 12310
3084 10154
3084 2233
3084 11867
3084 3317
3084 1767
3084 3318
3084 3
3084 2734
3084 11434
3084 207
3084 5968
3084 2323
3084 6100
3084 5560
3084 6130
3084 561
3084 577
3084 3091
3084 564
3084 569
3084 1449
3317 7693
3317 268
7184 819
3317 5520
4994 3459
4994 5237
4994 165
4994 7810
4994 3458
4994 2942
4994 4569
4994 4434
4994 698
4994 2192
4994 486
4994 563
4994 495
4994 4588
4994 906
3318 5481
3318 13006
3318 268
3318 10294
3318 10321
3318 10316
3317 534
7184 1065
7184 8476
7184 7438
7184 12502
7184 3069
7184 990
4994 217
7184 554
7184 2002
7184 1350
7184 782
3316 1455
3317 151
3317 2713
3317 97
7184 534
3084 2655
3318 1976
3318 4949
3317 7366
3317 487
3317 1645
3084 5520
9884 2906
9884 9255
9884 5294
9884 9391
4705 4418
4705 1165
4705 4420
4705 4704
4705 6489
4705 6072
4705 196
4705 11257
4705 1333
4705 6260
5292 569
3318 185
3318 4636
7184 12189
7184 11841
7184 2950
3318 487
3318 7366
3318 1645
3084 4925
3084 4969
3084 593
3316 1887
3316 2914
3316 449
3316 4762
3316 1183
3316 8274
3316 582
3316 1803
3316 10055
3316 328
3316 7810
3316 826
3316 1182
3316 689
3316 3324
3316 2759
3316 420
3316 4019
3316 3317
3316 9858
3316 2992
3316 7383
3317 3446
3317 3433
13004 1339
3084 2713
3091 388
3091 8525
4990 3427
4990 5716
4990 7965
4990 3458
4990 206
4990 3433
4990 3435
4990 3437
4990 524
4990 4994
4990 5560
4990 213
4990 3098
4990 3449
4990 569
4990 4581
4990 2012
4990 3453
4990 4440
3084 487
3084 1645
3084 216
3318 3467
3318 3429
3318 3446
3316 2118
3316 6633
3316 291
3316 1222
10316 93
10316 96
3455 8394
3455 4422
3455 8395
3455 5067
3455 5068
3455 8396
3455 2302
3455 8397
3455 8398
3455 8399
3455 5082
3455 8400
3455 1766
3455 5063
3455 8401
3455 5084
3455 8402
3084 3467
3084 3429
3084 3446
3084 3433
3084 3449
3317 4667
3316 3094
3316 4555
3316 2236
4705 869
4705 9137
4705 13099
4705 11066
4705 13100
4705 13101
4705 5392
4705 9820
4705 13102
4705 13103
4705 13104
4705 13105
4705 13106
4705 6406
4705 3701
4705 11030
4705 5527
4705 7027
4705 10121
4705 11755
4705 1601
4705 66
4705 1353
4705 13107
4705 13108
4705 8584
4705 7879
4705 8149
4705 13110
4705 10657
4705 1702
4705 13111
4705 12132
4705 5300
4705 6616
4705 13112
4705 5141
4705 12168
4705 7520
4705 8560
4705 10612
4705 13114
4705 3459
4705 5959
4705 13115
4705 7656
4705 11303
4994 1163
4994 2969
4994 21
4994 2171
4994 10838
4994 3433
9884 9923
9884 13351
9884 77
7184 9449
3318 151
3318 4667
10321 5259
10321 96
3427 412
3427 2192
3427 3098
3427 6629
3427 1659
3427 2686
3427 5516
3427 6416
3427 2931
3427 1680
3427 8531
3427 5716
3427 2941
3427 2942
3427 795
3427 9668
3427 271
3427 1803
3427 108
3427 1781
3427 4994
3427 2955
3427 3453
3427 1173
3427 3478
3427 105
3427 3426
3427 124
3427 3458
3427 15065
3427 8274
3427 3433
3427 984
3427 11183
3427 2970
3427 2171
3427 3153
3427 11332
3427 2225
3427 3283
3427 701
3427 2734
3427 192
3427 2233
3427 13216
3427 3432
3427 4569
3427 3300
3427 10322
3427 8147
3427 1255
3427 3449
3427 569
3427 219
3427 3219
3427 5554
3427 4588
3427 1449
4705 9547
4705 7713
4705 7897
4994 343
4994 8681
4994 13745
4994 688
4994 2989
9747 3
9747 524
9747 13027
9747 2429
9747 3440
9747 2430
9747 11711
9747 1105
9747 9307
9747 4698
9747 102
9747 3436
220 236
220 2055
220 6451
220 149
220 480
220 3057
220 3436
220 648
220 3485
220 7667
220 1501
220 1650
220 1875
220 39
220 15773
220 11565
10316 107
3317 1055
3317 449
3317 1120
3317 21
3317 4928
3317 2702
3317 6269
3317 2322
3317 7628
3317 3316
3317 190
3317 2759
3317 1115
3317 106
3317 4019
3317 2602
3317 985
3317 11790
3317 11290
3317 7636
3317 892
3317 1156
10121 4705
3427 3893
3427 7939
4990 10361
4990 10337
4990 800
5081 9470
3084 5261
9884 729
13111 4705
5292 3172
5292 4019
5292 10577
5292 3436
4592 227
4592 6802
4592 1195
4592 6403
4592 2163
4592 4641
4592 10475
4592 9571
4592 604
4592 4046
4592 7899
4592 4197
4592 14213
9747 765
1064 13164
1064 715
1064 524
1064 5555
1064 2017
1064 2053
1064 10812
1064 5445
7184 4077
7184 3333
7184 6040
7184 8291
7184 1216
7184 3337
7184 3063
7184 13092
7184 449
7184 431
7184 1061
7184 2464
7184 22
7184 9393
7184 1029
7184 13554
7184 3871
7184 434
7184 7948
7184 4609
7184 14780
7184 193
7184 2583
7184 4137
7184 11810
7184 915
7184 2924
7184 222
7184 12920
7184 7025
7184 11613
7184 9375
7184 7923
7184 1567
7184 10820
7184 4117
7184 4119
7184 2533
7184 11593
7184 131
7184 11927
7184 2720
3318 449
3318 456
3318 121
3318 6482
3318 176
3318 7810
3318 1101
3318 2723
3318 7628
3318 1727
3318 190
3318 3216
3318 534
3318 4995
3318 6894
3318 5554
3318 1160
4990 3084
4990 3316
4990 3317
4990 3318
653 10871
653 9194
653 1790
653 7485
653 700
653 14273
653 706
653 4237
653 3420
653 7280
653 162
653 9371
653 903
653 3350
653 3402
653 319
653 5827
653 4524
653 3474
653 7252
653 6521
653 9738
653 4566
653 6452
653 330
653 5814
653 498
653 23
653 1556
653 356
653 4794
653 5596
653 1632
653 188
653 14479
653 535
653 10329
653 106
653 5838
653 8552
653 3073
653 10160
653 4636
653 11850
653 4618
653 4457
653 1531
653 6333
653 3797
653 13130
653 11440
653 1635
653 10460
653 1502
653 11547
653 10462
653 2768
653 5507
653 1533
653 9317
653 5168
653 179
653 7468
653 213
653 2405
4592 5870
10321 107
5292 12779
5292 14610
3318 3103
3318 3867
4990 3223
3084 3935
3084 565
3084 2558
3084 3615
3084 173
3084 5527
3084 6087
3084 6090
3084 3057
3084 12525
3084 3017
220 1136
9470 5081
5292 985
653 12780
3427 15735
3427 471
3427 4949
7965 9268
7965 8475
7965 1659
7965 4197
7965 475
7965 3429
7965 3616
7965 5239
7965 3768
7965 1691
7965 5124
7965 3977
7965 43
7965 2657
7965 8449
7965 2780
7965 1116
7965 2985
7965 2762
7965 268
7965 5560
7965 3000
7965 107
7965 11801
7965 710
7965 11802
14780 7184
1064 106
1064 4667
3084 1514
3084 1423
220 4554
653 13583
653 115
653 1923
653 16907
653 4026
6063 102
3427 5237
653 15105
653 476
653 8468
653 656
653 672
653 664
4502 7398
4502 1182
4502 4286
4502 14631
4502 1195
4502 582
4502 3103
4502 9855
4502 3073
4502 1440
4502 54
4502 5642
4502 7899
4502 1075
5081 3441
1335 140
4994 4286
4994 12425
4994 5599
4994 5572
4994 11061
4994 5601
4994 11
4994 11720
4994 7589
4994 5610
4994 4005
3427 5513
3427 483
3427 486
3427 495
3427 3436
3427 4434
3427 193
3427 1967
3427 698
3427 563
3427 7725
3427 906
8555 165
220 2008
220 11611
220 499
220 442
1064 12620
220 3085
220 118
5525 2554
5525 4483
10316 158
4990 419
9884 128
9884 930
9884 929
9884 3053
9884 10122
9884 7246
9884 3453
9884 125
9884 137
1449 3315
1449 176
1449 105
1449 3427
1449 3316
1449 3436
1449 4994
1449 199
1449 3317
1449 3318
1449 3084
1449 569
1449 102
1064 2655
3550 9592
3550 1065
3550 1461
3550 776
3550 10069
3550 413
3550 4297
3550 7492
3550 9415
3550 9594
3550 3526
3550 3453
3550 1123
3550 314
3550 342
3550 1213
3550 432
3550 525
3550 7784
3550 8027
3550 2365
3550 1233
3550 85
3550 6271
3550 2999
3550 1502
3550 597
3550 5657
3550 10341
3550 2909
4705 12377
4705 10774
4705 1378
4705 4785
4705 9485
4705 9341
4705 8502
4705 6068
4705 4412
4705 13109
4705 13113
4705 96
4705 6092
3550 3179
1064 3436
7965 819
653 1512
653 1513
653 4551
653 3105
653 8102
653 13146
653 4984
653 10549
2233 5518
2233 1614
2233 12445
2233 3103
2233 5504
2233 620
2233 5532
2233 456
