1.0 0.004830917874396135
1.0 0.00966183574879227
1.0 0.014492753623188406
1.0 0.01932367149758454
0.6666666666666666 0.01932367149758454
0.625 0.024154589371980676
0.5555555555555556 0.024154589371980676
0.45454545454545453 0.024154589371980676
0.4166666666666667 0.024154589371980676
0.38461538461538464 0.024154589371980676
0.35714285714285715 0.024154589371980676
0.4 0.028985507246376812
0.35294117647058826 0.028985507246376812
0.3333333333333333 0.028985507246376812
0.3157894736842105 0.028985507246376812
0.3 0.028985507246376812
0.3181818181818182 0.033816425120772944
0.30434782608695654 0.033816425120772944
0.28 0.033816425120772944
0.2692307692307692 0.033816425120772944
0.25925925925925924 0.033816425120772944
0.25 0.033816425120772944
0.23333333333333334 0.033816425120772944
0.21875 0.033816425120772944
0.20588235294117646 0.033816425120772944
0.19444444444444445 0.033816425120772944
0.1891891891891892 0.033816425120772944
0.18421052631578946 0.033816425120772944
0.1794871794871795 0.033816425120772944
0.1951219512195122 0.03864734299516908
0.20930232558139536 0.043478260869565216
0.2222222222222222 0.04830917874396135
0.21739130434782608 0.04830917874396135
0.2127659574468085 0.04830917874396135
0.22448979591836735 0.05314009661835749
0.22 0.05314009661835749
0.23529411764705882 0.057971014492753624
0.23076923076923078 0.057971014492753624
0.22641509433962265 0.057971014492753624
0.23636363636363636 0.06280193236714976
0.25 0.06763285024154589
0.2631578947368421 0.07246376811594203
0.25862068965517243 0.07246376811594203
0.26666666666666666 0.07729468599033816
0.26229508196721313 0.07729468599033816
0.25806451612903225 0.07729468599033816
0.25396825396825395 0.07729468599033816
0.265625 0.0821256038647343
0.27692307692307694 0.08695652173913043
0.2727272727272727 0.08695652173913043
0.26865671641791045 0.08695652173913043
0.2647058823529412 0.08695652173913043
0.2753623188405797 0.09178743961352658
0.2714285714285714 0.09178743961352658
0.28169014084507044 0.0966183574879227
0.2777777777777778 0.0966183574879227
0.273972602739726 0.0966183574879227
0.28 0.10144927536231885
0.27631578947368424 0.10144927536231885
0.2727272727272727 0.10144927536231885
0.28205128205128205 0.10628019323671498
0.2911392405063291 0.1111111111111111
0.3 0.11594202898550725
0.30864197530864196 0.12077294685990338
0.3048780487804878 0.12077294685990338
0.3132530120481928 0.12560386473429952
0.32142857142857145 0.13043478260869565
0.313953488372093 0.13043478260869565
0.3103448275862069 0.13043478260869565
0.3068181818181818 0.13043478260869565
0.30337078651685395 0.13043478260869565
0.3076923076923077 0.13526570048309178
0.30434782608695654 0.13526570048309178
0.3010752688172043 0.13526570048309178
0.2978723404255319 0.13526570048309178
0.29473684210526313 0.13526570048309178
0.2916666666666667 0.13526570048309178
0.28865979381443296 0.13526570048309178
0.29591836734693877 0.14009661835748793
0.29 0.14009661835748793
0.2871287128712871 0.14009661835748793
0.28431372549019607 0.14009661835748793
0.2815533980582524 0.14009661835748793
0.27884615384615385 0.14009661835748793
0.2761904761904762 0.14009661835748793
0.27102803738317754 0.14009661835748793
0.26851851851851855 0.14009661835748793
0.26605504587155965 0.14009661835748793
0.2636363636363636 0.14009661835748793
0.26126126126126126 0.14009661835748793
0.25892857142857145 0.14009661835748793
0.25663716814159293 0.14009661835748793
0.2631578947368421 0.14492753623188406
0.2608695652173913 0.14492753623188406
0.25862068965517243 0.14492753623188406
0.2564102564102564 0.14492753623188406
0.2542372881355932 0.14492753623188406
0.25210084033613445 0.14492753623188406
0.25 0.14492753623188406
0.24793388429752067 0.14492753623188406
0.24390243902439024 0.14492753623188406
0.24193548387096775 0.14492753623188406
0.23809523809523808 0.14492753623188406
0.23622047244094488 0.14492753623188406
0.234375 0.14492753623188406
0.23255813953488372 0.14492753623188406
0.23076923076923078 0.14492753623188406
0.22727272727272727 0.14492753623188406
0.22388059701492538 0.14492753623188406
0.22058823529411764 0.14492753623188406
0.21897810218978103 0.14492753623188406
0.21739130434782608 0.14492753623188406
0.2158273381294964 0.14492753623188406
0.2127659574468085 0.14492753623188406
0.2112676056338028 0.14492753623188406
0.2097902097902098 0.14492753623188406
0.20833333333333334 0.14492753623188406
0.21379310344827587 0.1497584541062802
0.2191780821917808 0.15458937198067632
0.21621621621621623 0.15458937198067632
0.21476510067114093 0.15458937198067632
0.22 0.15942028985507245
0.21710526315789475 0.15942028985507245
0.21568627450980393 0.15942028985507245
0.2129032258064516 0.15942028985507245
0.21019108280254778 0.15942028985507245
0.2088607594936709 0.15942028985507245
0.20625 0.15942028985507245
0.20496894409937888 0.15942028985507245
0.20245398773006135 0.15942028985507245
0.20121951219512196 0.15942028985507245
0.2 0.15942028985507245
0.19879518072289157 0.15942028985507245
0.19760479041916168 0.15942028985507245
0.19642857142857142 0.15942028985507245
0.1952662721893491 0.15942028985507245
0.19298245614035087 0.15942028985507245
0.19186046511627908 0.15942028985507245
0.1896551724137931 0.15942028985507245
0.19428571428571428 0.1642512077294686
0.19886363636363635 0.16908212560386474
0.19662921348314608 0.16908212560386474
0.19444444444444445 0.16908212560386474
0.19337016574585636 0.16908212560386474
0.19230769230769232 0.16908212560386474
0.1912568306010929 0.16908212560386474
0.19021739130434784 0.16908212560386474
0.1891891891891892 0.16908212560386474
0.18716577540106952 0.16908212560386474
0.18617021276595744 0.16908212560386474
0.18421052631578946 0.16908212560386474
0.18324607329842932 0.16908212560386474
0.18134715025906736 0.16908212560386474
0.18041237113402062 0.16908212560386474
0.17857142857142858 0.16908212560386474
0.17766497461928935 0.16908212560386474
0.17676767676767677 0.16908212560386474
0.18 0.17391304347826086
0.18407960199004975 0.178743961352657
0.18316831683168316 0.178743961352657
0.18226600985221675 0.178743961352657
0.18137254901960784 0.178743961352657
0.18048780487804877 0.178743961352657
0.178743961352657 0.178743961352657
0.1778846153846154 0.178743961352657
0.17703349282296652 0.178743961352657
0.1761904761904762 0.178743961352657
0.17452830188679244 0.178743961352657
0.17289719626168223 0.178743961352657
0.17209302325581396 0.178743961352657
0.1712962962962963 0.178743961352657
0.17050691244239632 0.178743961352657
0.1689497716894977 0.178743961352657
0.16818181818181818 0.178743961352657
0.167420814479638 0.178743961352657
0.16591928251121077 0.178743961352657
0.16517857142857142 0.178743961352657
0.16444444444444445 0.178743961352657
0.16371681415929204 0.178743961352657
0.16228070175438597 0.178743961352657
0.1615720524017467 0.178743961352657
0.16017316017316016 0.178743961352657
0.15879828326180256 0.178743961352657
0.1581196581196581 0.178743961352657
0.1574468085106383 0.178743961352657
0.15677966101694915 0.178743961352657
0.15546218487394958 0.178743961352657
0.15481171548117154 0.178743961352657
0.15416666666666667 0.178743961352657
0.15352697095435686 0.178743961352657
0.15289256198347106 0.178743961352657
0.15163934426229508 0.178743961352657
0.1510204081632653 0.178743961352657
0.15040650406504066 0.178743961352657
0.14979757085020243 0.178743961352657
0.14919354838709678 0.178743961352657
0.148 0.178743961352657
0.14682539682539683 0.178743961352657
0.14624505928853754 0.178743961352657
0.14566929133858267 0.178743961352657
0.1450980392156863 0.178743961352657
0.14453125 0.178743961352657
0.14396887159533073 0.178743961352657
0.1434108527131783 0.178743961352657
0.1423076923076923 0.178743961352657
0.14122137404580154 0.178743961352657
0.14068441064638784 0.178743961352657
0.14015151515151514 0.178743961352657
0.13962264150943396 0.178743961352657
0.13857677902621723 0.178743961352657
0.137546468401487 0.178743961352657
0.13703703703703704 0.178743961352657
0.13602941176470587 0.178743961352657
0.13553113553113552 0.178743961352657
0.13454545454545455 0.178743961352657
0.13357400722021662 0.178743961352657
0.13309352517985612 0.178743961352657
0.13214285714285715 0.178743961352657
0.13167259786476868 0.178743961352657
0.13074204946996468 0.178743961352657
0.13028169014084506 0.178743961352657
0.12982456140350876 0.178743961352657
0.13286713286713286 0.18357487922705315
0.13588850174216027 0.18840579710144928
0.13494809688581316 0.18840579710144928
0.13448275862068965 0.18840579710144928
0.13402061855670103 0.18840579710144928
0.13356164383561644 0.18840579710144928
0.13310580204778158 0.18840579710144928
0.1326530612244898 0.18840579710144928
0.13175675675675674 0.18840579710144928
0.13468013468013468 0.1932367149758454
0.1342281879194631 0.1932367149758454
0.13377926421404682 0.1932367149758454
0.13666666666666666 0.19806763285024154
0.1362126245847176 0.19806763285024154
0.1353135313531353 0.19806763285024154
0.13486842105263158 0.19806763285024154
0.13398692810457516 0.19806763285024154
0.13355048859934854 0.19806763285024154
0.1331168831168831 0.19806763285024154
0.13268608414239483 0.19806763285024154
0.13225806451612904 0.19806763285024154
0.13183279742765272 0.19806763285024154
0.13099041533546327 0.19806763285024154
0.13015873015873017 0.19806763285024154
0.12974683544303797 0.19806763285024154
0.12933753943217666 0.19806763285024154
0.12852664576802508 0.19806763285024154
0.128125 0.19806763285024154
0.1277258566978193 0.19806763285024154
0.12732919254658384 0.19806763285024154
0.12654320987654322 0.19806763285024154
0.12576687116564417 0.19806763285024154
0.12538226299694188 0.19806763285024154
0.125 0.19806763285024154
0.12424242424242424 0.19806763285024154
0.12349397590361445 0.19806763285024154
0.12312312312312312 0.19806763285024154
0.12275449101796407 0.19806763285024154
0.12238805970149254 0.19806763285024154
0.12166172106824925 0.19806763285024154
0.12130177514792899 0.19806763285024154
0.12094395280235988 0.19806763285024154
0.12058823529411765 0.19806763285024154
0.12023460410557185 0.19806763285024154
0.119533527696793 0.19806763285024154
0.11918604651162791 0.19806763285024154
0.11884057971014493 0.19806763285024154
0.12138728323699421 0.2028985507246377
0.12103746397694524 0.2028985507246377
0.1235632183908046 0.20772946859903382
0.12320916905444126 0.20772946859903382
0.12285714285714286 0.20772946859903382
0.1225071225071225 0.20772946859903382
0.12181303116147309 0.20772946859903382
0.12146892655367232 0.20772946859903382
0.12112676056338029 0.20772946859903382
0.12078651685393259 0.20772946859903382
0.12044817927170869 0.20772946859903382
0.12011173184357542 0.20772946859903382
0.11977715877437325 0.20772946859903382
0.11911357340720222 0.20772946859903382
0.11878453038674033 0.20772946859903382
0.1184573002754821 0.20772946859903382
0.11813186813186813 0.20772946859903382
0.11748633879781421 0.20772946859903382
0.11989100817438691 0.21256038647342995
0.12228260869565218 0.21739130434782608
0.12195121951219512 0.21739130434782608
0.12129380053908356 0.21739130434782608
0.12096774193548387 0.21739130434782608
0.12064343163538874 0.21739130434782608
0.12032085561497326 0.21739130434782608
0.12 0.21739130434782608
0.11936339522546419 0.21739130434782608
0.11904761904761904 0.21739130434782608
0.11873350923482849 0.21739130434782608
0.11811023622047244 0.21739130434782608
0.11780104712041885 0.21739130434782608
0.1174934725848564 0.21739130434782608
0.1171875 0.21739130434782608
0.11948051948051948 0.2222222222222222
0.11917098445595854 0.2222222222222222
0.11855670103092783 0.2222222222222222
0.11794871794871795 0.2222222222222222
0.11734693877551021 0.2222222222222222
0.116751269035533 0.2222222222222222
0.11645569620253164 0.2222222222222222
0.11586901763224182 0.2222222222222222
0.11528822055137844 0.2222222222222222
0.115 0.2222222222222222
0.11471321695760599 0.2222222222222222
0.11442786069651742 0.2222222222222222
0.1141439205955335 0.2222222222222222
0.11358024691358025 0.2222222222222222
0.11330049261083744 0.2222222222222222
0.11302211302211303 0.2222222222222222
0.11246943765281174 0.2222222222222222
0.11219512195121951 0.2222222222222222
0.11165048543689321 0.2222222222222222
0.11138014527845036 0.2222222222222222
0.1108433734939759 0.2222222222222222
0.11031175059952038 0.2222222222222222
0.11004784688995216 0.2222222222222222
0.10978520286396182 0.2222222222222222
0.10952380952380952 0.2222222222222222
0.10900473933649289 0.2222222222222222
0.10849056603773585 0.2222222222222222
0.107981220657277 0.2222222222222222
0.10772833723653395 0.2222222222222222
0.10747663551401869 0.2222222222222222
0.10722610722610723 0.2222222222222222
0.10672853828306264 0.2222222222222222
0.10648148148148148 0.2222222222222222
0.10599078341013825 0.2222222222222222
0.10574712643678161 0.2222222222222222
0.10550458715596331 0.2222222222222222
0.10526315789473684 0.2222222222222222
0.10478359908883828 0.2222222222222222
0.10454545454545454 0.2222222222222222
0.10407239819004525 0.2222222222222222
0.10609480812641084 0.22705314009661837
0.10585585585585586 0.22705314009661837
0.10561797752808989 0.22705314009661837
0.10538116591928251 0.22705314009661837
0.10491071428571429 0.22705314009661837
0.10467706013363029 0.22705314009661837
0.10444444444444445 0.22705314009661837
0.10421286031042129 0.22705314009661837
0.10398230088495575 0.22705314009661837
0.10596026490066225 0.2318840579710145
0.10572687224669604 0.2318840579710145
0.1054945054945055 0.2318840579710145
0.1074561403508772 0.23671497584541062
0.10722100656455143 0.23671497584541062
0.1091703056768559 0.24154589371980675
0.10893246187363835 0.24154589371980675
0.10869565217391304 0.24154589371980675
0.10845986984815618 0.24154589371980675
0.10822510822510822 0.24154589371980675
0.10775862068965517 0.24154589371980675
0.10752688172043011 0.24154589371980675
0.1072961373390558 0.24154589371980675
0.10706638115631692 0.24154589371980675
0.10683760683760683 0.24154589371980675
0.10660980810234541 0.24154589371980675
0.10638297872340426 0.24154589371980675
0.10615711252653928 0.24154589371980675
0.1059322033898305 0.24154589371980675
0.10570824524312897 0.24154589371980675
0.10548523206751055 0.24154589371980675
0.10736842105263159 0.2463768115942029
0.10714285714285714 0.2463768115942029
0.1069182389937107 0.2463768115942029
0.1087866108786611 0.25120772946859904
0.10855949895615867 0.25120772946859904
0.11041666666666666 0.2560386473429952
0.1101871101871102 0.2560386473429952
0.10995850622406639 0.2560386473429952
0.10973084886128365 0.2560386473429952
0.10927835051546392 0.2560386473429952
0.10905349794238683 0.2560386473429952
0.10882956878850103 0.2560386473429952
0.10860655737704918 0.2560386473429952
0.1083844580777096 0.2560386473429952
0.10816326530612246 0.2560386473429952
0.1079429735234216 0.2560386473429952
0.10772357723577236 0.2560386473429952
0.1075050709939148 0.2560386473429952
0.10728744939271255 0.2560386473429952
0.10909090909090909 0.2608695652173913
0.10887096774193548 0.2608695652173913
0.10865191146881288 0.2608695652173913
0.10843373493975904 0.2608695652173913
0.11022044088176353 0.26570048309178745
0.112 0.27053140096618356
0.11177644710578842 0.27053140096618356
0.11155378486055777 0.27053140096618356
0.11133200795228629 0.27053140096618356
0.1111111111111111 0.27053140096618356
0.11089108910891089 0.27053140096618356
0.11067193675889328 0.27053140096618356
0.11045364891518737 0.27053140096618356
0.11023622047244094 0.27053140096618356
0.1100196463654224 0.27053140096618356
0.1095890410958904 0.27053140096618356
0.109375 0.27053140096618356
0.10916179337231968 0.27053140096618356
0.11089494163424124 0.2753623188405797
0.11067961165048544 0.2753623188405797
0.11046511627906977 0.2753623188405797
0.11218568665377177 0.28019323671497587
0.11196911196911197 0.28019323671497587
0.11175337186897881 0.28019323671497587
0.11153846153846154 0.28019323671497587
0.11132437619961612 0.28019323671497587
0.1111111111111111 0.28019323671497587
0.11089866156787763 0.28019323671497587
0.11047619047619048 0.28019323671497587
0.11026615969581749 0.28019323671497587
0.11005692599620494 0.28019323671497587
0.10984848484848485 0.28019323671497587
0.10964083175803403 0.28019323671497587
0.10943396226415095 0.28019323671497587
0.10922787193973635 0.28019323671497587
0.10902255639097744 0.28019323671497587
0.10881801125703565 0.28019323671497587
0.10841121495327102 0.28019323671497587
0.10820895522388059 0.28019323671497587
0.10986964618249534 0.28502415458937197
0.11152416356877323 0.2898550724637681
0.11317254174397032 0.2946859903381642
0.11296296296296296 0.2946859903381642
0.11254612546125461 0.2946859903381642
0.11213235294117647 0.2946859903381642
0.11192660550458716 0.2946859903381642
0.11172161172161173 0.2946859903381642
0.11151736745886655 0.2946859903381642
0.11131386861313869 0.2946859903381642
0.1111111111111111 0.2946859903381642
0.11090909090909092 0.2946859903381642
0.11070780399274047 0.2946859903381642
0.1105072463768116 0.2946859903381642
0.11030741410488246 0.2946859903381642
0.11010830324909747 0.2946859903381642
0.10990990990990991 0.2946859903381642
0.10951526032315978 0.2946859903381642
0.10931899641577061 0.2946859903381642
0.10912343470483005 0.2946859903381642
0.10873440285204991 0.2946859903381642
0.10854092526690391 0.2946859903381642
0.108348134991119 0.2946859903381642
0.10815602836879433 0.2946859903381642
0.1079646017699115 0.2946859903381642
0.10777385159010601 0.2946859903381642
0.10758377425044091 0.2946859903381642
0.1073943661971831 0.2946859903381642
0.10720562390158173 0.2946859903381642
0.10701754385964912 0.2946859903381642
0.10683012259194395 0.2946859903381642
0.10645724258289703 0.2946859903381642
0.10627177700348432 0.2946859903381642
0.10608695652173913 0.2946859903381642
0.10590277777777778 0.2946859903381642
0.10571923743500866 0.2946859903381642
0.10553633217993079 0.2946859903381642
0.10535405872193437 0.2946859903381642
0.10517241379310345 0.2946859903381642
0.10499139414802065 0.2946859903381642
0.10481099656357389 0.2946859903381642
0.10463121783876501 0.2946859903381642
0.10445205479452055 0.2946859903381642
0.10427350427350428 0.2946859903381642
0.10391822827938671 0.2946859903381642
0.1035653650254669 0.2946859903381642
0.10321489001692047 0.2946859903381642
0.10286677908937605 0.2946859903381642
0.1026936026936027 0.2946859903381642
0.10252100840336134 0.2946859903381642
0.10234899328859061 0.2946859903381642
0.10217755443886097 0.2946859903381642
0.1020066889632107 0.2946859903381642
0.10166666666666667 0.2946859903381642
0.10132890365448505 0.2946859903381642
0.10099337748344371 0.2946859903381642
0.10082644628099173 0.2946859903381642
0.10049423393739704 0.2946859903381642
0.10016420361247948 0.2946859903381642
0.09983633387888707 0.2946859903381642
0.09967320261437909 0.2946859903381642
0.0993485342019544 0.2946859903381642
0.09902597402597403 0.2946859903381642
0.09870550161812297 0.2946859903381642
0.09838709677419355 0.2946859903381642
0.09807073954983923 0.2946859903381642
0.09791332263242375 0.2946859903381642
0.0976 0.2946859903381642
0.09728867623604466 0.2946859903381642
0.09713375796178345 0.2946859903381642
0.09697933227344992 0.2946859903381642
0.09667194928684628 0.2946859903381642
0.09651898734177215 0.2946859903381642
0.09636650868878358 0.2946859903381642
0.09621451104100946 0.2946859903381642
0.09606299212598425 0.2946859903381642
0.09576138147566719 0.2946859903381642
0.09561128526645768 0.2946859903381642
0.09546165884194054 0.2946859903381642
0.0953125 0.2946859903381642
0.09516380655226209 0.2946859903381642
0.09486780715396578 0.2946859903381642
0.09457364341085271 0.2946859903381642
0.09428129829984544 0.2946859903381642
0.0941358024691358 0.2946859903381642
0.09553158705701079 0.2995169082125604
0.09538461538461539 0.2995169082125604
0.0950920245398773 0.2995169082125604
0.09494640122511486 0.2995169082125604
0.09465648854961832 0.2995169082125604
0.09451219512195122 0.2995169082125604
0.0943683409436834 0.2995169082125604
0.09422492401215805 0.2995169082125604
0.09408194233687406 0.2995169082125604
0.09545454545454546 0.30434782608695654
0.09531013615733737 0.30434782608695654
0.09516616314199396 0.30434782608695654
0.09502262443438914 0.30434782608695654
0.09473684210526316 0.30434782608695654
0.0945945945945946 0.30434782608695654
0.0944527736131934 0.30434782608695654
0.09431137724550898 0.30434782608695654
0.09417040358744394 0.30434782608695654
0.09388971684053651 0.30434782608695654
0.09375 0.30434782608695654
0.09347181008902077 0.30434782608695654
0.09333333333333334 0.30434782608695654
0.0930576070901034 0.30434782608695654
0.09292035398230089 0.30434782608695654
0.09278350515463918 0.30434782608695654
0.09264705882352942 0.30434782608695654
0.09251101321585903 0.30434782608695654
0.09224011713030747 0.30434782608695654
0.09210526315789473 0.30434782608695654
0.09197080291970802 0.30434782608695654
0.09183673469387756 0.30434782608695654
0.09170305676855896 0.30434782608695654
0.09156976744186046 0.30434782608695654
0.09143686502177069 0.30434782608695654
0.09130434782608696 0.30434782608695654
0.09104046242774566 0.30434782608695654
0.09090909090909091 0.30434782608695654
0.09077809798270893 0.30434782608695654
0.09064748201438849 0.30434782608695654
0.09051724137931035 0.30434782608695654
0.09038737446197992 0.30434782608695654
0.09025787965616046 0.30434782608695654
0.09012875536480687 0.30434782608695654
0.0898716119828816 0.30434782608695654
0.08974358974358974 0.30434782608695654
0.08948863636363637 0.30434782608695654
0.08923512747875353 0.30434782608695654
0.08898305084745763 0.30434782608695654
0.08885754583921016 0.30434782608695654
0.08873239436619719 0.30434782608695654
0.08860759493670886 0.30434782608695654
0.08848314606741572 0.30434782608695654
0.08835904628330996 0.30434782608695654
0.08823529411764706 0.30434782608695654
0.08811188811188811 0.30434782608695654
0.08798882681564246 0.30434782608695654
0.08786610878661087 0.30434782608695654
0.0890125173852573 0.30917874396135264
0.09027777777777778 0.3140096618357488
0.09015256588072122 0.3140096618357488
0.09002770083102493 0.3140096618357488
0.08977900552486189 0.3140096618357488
0.0896551724137931 0.3140096618357488
0.08940852819807428 0.3140096618357488
0.08928571428571429 0.3140096618357488
0.08916323731138547 0.3140096618357488
0.08904109589041095 0.3140096618357488
0.08879781420765027 0.3140096618357488
0.08867667121418826 0.3140096618357488
0.0885558583106267 0.3140096618357488
0.08843537414965986 0.3140096618357488
0.08831521739130435 0.3140096618357488
0.08807588075880758 0.3140096618357488
0.08783783783783784 0.3140096618357488
0.0876010781671159 0.3140096618357488
0.08748317631224764 0.3140096618357488
0.08736559139784947 0.3140096618357488
0.0871313672922252 0.3140096618357488
0.08701472556894244 0.3140096618357488
0.08689839572192513 0.3140096618357488
0.08678237650200267 0.3140096618357488
0.08666666666666667 0.3140096618357488
0.08655126498002663 0.3140096618357488
0.08632138114209828 0.3140096618357488
0.08609271523178808 0.3140096618357488
0.08586525759577279 0.3140096618357488
0.08575197889182058 0.3140096618357488
0.08552631578947369 0.3140096618357488
0.08541392904073587 0.3140096618357488
0.08530183727034121 0.3140096618357488
0.08507853403141362 0.3140096618357488
0.08496732026143791 0.3140096618357488
0.08485639686684072 0.3140096618357488
0.0847457627118644 0.3140096618357488
0.08463541666666667 0.3140096618357488
0.08452535760728218 0.3140096618357488
0.08430609597924774 0.3140096618357488
0.08408796895213454 0.3140096618357488
0.08527131782945736 0.3188405797101449
0.08516129032258064 0.3188405797101449
0.08505154639175258 0.3188405797101449
0.08494208494208494 0.3188405797101449
0.08472400513478819 0.3188405797101449
0.08461538461538462 0.3188405797101449
0.08578745198463508 0.32367149758454106
0.08567774936061381 0.32367149758454106
0.08556832694763729 0.32367149758454106
0.08545918367346939 0.32367149758454106
0.08535031847133757 0.32367149758454106
0.08524173027989822 0.32367149758454106
0.08513341804320203 0.32367149758454106
0.0850253807106599 0.32367149758454106
0.08491761723700887 0.32367149758454106
0.08481012658227848 0.32367149758454106
0.08470290771175727 0.32367149758454106
0.0845959595959596 0.32367149758454106
0.08448928121059268 0.32367149758454106
0.08438287153652393 0.32367149758454106
0.08427672955974842 0.32367149758454106
0.08417085427135679 0.32367149758454106
0.08406524466750313 0.32367149758454106
0.08385481852315395 0.32367149758454106
0.08375 0.32367149758454106
0.08354114713216958 0.32367149758454106
0.08343711083437111 0.32367149758454106
0.08322981366459627 0.32367149758454106
0.08302354399008674 0.32367149758454106
0.08292079207920793 0.32367149758454106
0.08281829419035847 0.32367149758454106
0.08271604938271605 0.32367149758454106
0.08261405672009864 0.32367149758454106
0.08241082410824108 0.32367149758454106
0.08220858895705521 0.32367149758454106
0.0821078431372549 0.32367149758454106
0.08200734394124846 0.32367149758454106
0.08190709046454768 0.32367149758454106
0.08180708180708181 0.32367149758454106
0.08170731707317073 0.32367149758454106
0.08160779537149818 0.32367149758454106
0.08150851581508516 0.32367149758454106
0.08262454434993925 0.3285024154589372
0.0825242718446602 0.3285024154589372
0.08242424242424243 0.3285024154589372
0.08232445520581114 0.3285024154589372
0.08222490931076179 0.3285024154589372
0.0821256038647343 0.3285024154589372
0.08202653799758745 0.3285024154589372
0.0819277108433735 0.3285024154589372
0.08182912154031288 0.3285024154589372
0.0829326923076923 0.3333333333333333
0.08283313325330131 0.3333333333333333
0.08273381294964029 0.3333333333333333
0.08253588516746412 0.3333333333333333
0.08243727598566308 0.3333333333333333
0.08233890214797136 0.3333333333333333
0.08224076281287247 0.3333333333333333
0.08214285714285714 0.3333333333333333
0.08204518430439953 0.3333333333333333
0.08194774346793349 0.3333333333333333
0.08185053380782918 0.3333333333333333
0.08175355450236967 0.3333333333333333
0.08165680473372781 0.3333333333333333
0.08156028368794327 0.3333333333333333
0.08146399055489964 0.3333333333333333
0.08136792452830188 0.3333333333333333
0.0812720848056537 0.3333333333333333
0.08108108108108109 0.3333333333333333
0.08098591549295775 0.3333333333333333
0.08079625292740047 0.3333333333333333
0.08070175438596491 0.3333333333333333
0.08060747663551401 0.3333333333333333
0.08051341890315053 0.3333333333333333
0.08041958041958042 0.3333333333333333
0.08023255813953488 0.3333333333333333
0.08013937282229965 0.3333333333333333
0.08004640371229699 0.3333333333333333
0.0798611111111111 0.3333333333333333
0.07976878612716763 0.3333333333333333
0.07967667436489607 0.3333333333333333
0.07958477508650519 0.3333333333333333
0.07940161104718067 0.3333333333333333
0.07921928817451206 0.3333333333333333
0.07903780068728522 0.3333333333333333
0.07894736842105263 0.3333333333333333
0.07885714285714286 0.3333333333333333
0.07876712328767123 0.3333333333333333
0.0785876993166287 0.3333333333333333
0.07840909090909091 0.3333333333333333
0.0782312925170068 0.3333333333333333
0.07927519818799547 0.33816425120772947
0.07918552036199095 0.33816425120772947
0.07909604519774012 0.33816425120772947
0.07900677200902935 0.33816425120772947
0.07891770011273957 0.33816425120772947
0.07882882882882883 0.33816425120772947
0.07874015748031496 0.33816425120772947
0.07865168539325842 0.33816425120772947
0.07847533632286996 0.33816425120772947
0.07838745800671892 0.33816425120772947
0.07829977628635347 0.33816425120772947
0.0782122905027933 0.33816425120772947
0.078125 0.33816425120772947
0.07803790412486064 0.33816425120772947
0.0779510022271715 0.33816425120772947
0.0778642936596218 0.33816425120772947
0.07777777777777778 0.33816425120772947
0.07769145394006659 0.33816425120772947
0.07760532150776053 0.33816425120772947
0.07751937984496124 0.33816425120772947
0.07743362831858407 0.33816425120772947
0.07734806629834254 0.33816425120772947
0.0772626931567329 0.33816425120772947
0.07709251101321586 0.33816425120772947
0.07700770077007701 0.33816425120772947
0.07692307692307693 0.33816425120772947
0.07683863885839737 0.33816425120772947
0.07675438596491228 0.33816425120772947
0.07667031763417305 0.33816425120772947
0.07658643326039387 0.33816425120772947
0.07641921397379912 0.33816425120772947
0.07625272331154684 0.33816425120772947
0.07616974972796518 0.33816425120772947
0.07608695652173914 0.33816425120772947
0.07600434310532031 0.33816425120772947
0.07583965330444203 0.33816425120772947
0.07575757575757576 0.33816425120772947
0.07675675675675675 0.34299516908212563
0.07667386609071274 0.34299516908212563
0.07659115426105717 0.34299516908212563
0.07650862068965517 0.34299516908212563
0.07642626480086114 0.34299516908212563
0.07634408602150537 0.34299516908212563
0.07626208378088077 0.34299516908212563
0.07717041800643087 0.34782608695652173
0.07815845824411134 0.3526570048309179
0.07914438502673797 0.357487922705314
0.07897545357524013 0.357487922705314
0.07889125799573561 0.357487922705314
0.07880724174653887 0.357487922705314
0.07872340425531915 0.357487922705314
0.07855626326963906 0.357487922705314
0.0784729586426299 0.357487922705314
0.07944915254237288 0.36231884057971014
0.07936507936507936 0.36231884057971014
0.0791974656810982 0.36231884057971014
0.07911392405063292 0.36231884057971014
0.07903055848261328 0.36231884057971014
0.07894736842105263 0.36231884057971014
0.07886435331230283 0.36231884057971014
0.07878151260504201 0.36231884057971014
0.07869884575026233 0.36231884057971014
0.07861635220125786 0.36231884057971014
0.07853403141361257 0.36231884057971014
0.07845188284518828 0.36231884057971014
0.07836990595611286 0.36231884057971014
0.07828810020876827 0.36231884057971014
0.07820646506777894 0.36231884057971014
0.078125 0.36231884057971014
0.07796257796257797 0.36231884057971014
0.07780082987551867 0.36231884057971014
0.07763975155279502 0.36231884057971014
0.07755946225439504 0.36231884057971014
0.07747933884297521 0.36231884057971014
0.07731958762886598 0.36231884057971014
0.07723995880535531 0.36231884057971014
0.07716049382716049 0.36231884057971014
0.07700205338809035 0.36231884057971014
0.07692307692307693 0.36231884057971014
0.0767656090071648 0.36231884057971014
0.07668711656441718 0.36231884057971014
0.07660878447395301 0.36231884057971014
0.0764525993883792 0.36231884057971014
0.07637474541751528 0.36231884057971014
0.07621951219512195 0.36231884057971014
0.07614213197969544 0.36231884057971014
0.07606490872210954 0.36231884057971014
0.07591093117408906 0.36231884057971014
0.07583417593528817 0.36231884057971014
0.07676767676767676 0.3671497584541063
0.07669021190716448 0.3671497584541063
0.07661290322580645 0.3671497584541063
0.07754279959718026 0.3719806763285024
0.07746478873239436 0.3719806763285024
0.07738693467336684 0.3719806763285024
0.07723169508525576 0.3719806763285024
0.07715430861723446 0.3719806763285024
0.077 0.3719806763285024
0.07684630738522955 0.3719806763285024
0.07676969092721835 0.3719806763285024
0.07669322709163347 0.3719806763285024
0.07661691542288557 0.3719806763285024
0.07654075546719682 0.3719806763285024
0.07646474677259185 0.3719806763285024
0.0763888888888889 0.3719806763285024
0.07631318136769079 0.3719806763285024
0.07623762376237624 0.3719806763285024
0.07608695652173914 0.3719806763285024
0.07593688362919132 0.3719806763285024
0.07578740157480315 0.3719806763285024
0.07571288102261553 0.3719806763285024
0.0756385068762279 0.3719806763285024
0.07549019607843137 0.3719806763285024
0.07541625857002938 0.3719806763285024
0.07534246575342465 0.3719806763285024
0.0751953125 0.3719806763285024
0.07512195121951219 0.3719806763285024
0.07504873294346978 0.3719806763285024
0.07497565725413827 0.3719806763285024
0.07490272373540856 0.3719806763285024
0.07482993197278912 0.3719806763285024
0.07475728155339806 0.3719806763285024
0.07468477206595538 0.3719806763285024
0.07461240310077519 0.3719806763285024
0.07454017424975799 0.3719806763285024
0.07439613526570048 0.3719806763285024
0.07432432432432433 0.3719806763285024
0.0742526518804243 0.3719806763285024
0.07418111753371869 0.3719806763285024
0.0741097208854668 0.3719806763285024
0.07396733909702209 0.3719806763285024
0.0738255033557047 0.3719806763285024
0.07375478927203065 0.3719806763285024
0.07361376673040153 0.3719806763285024
0.07354345749761222 0.3719806763285024
0.07347328244274809 0.3719806763285024
0.07340324118207817 0.3719806763285024
0.07333333333333333 0.3719806763285024
0.07326355851569934 0.3719806763285024
0.0731244064577398 0.3719806763285024
0.0730550284629981 0.3719806763285024
0.07298578199052133 0.3719806763285024
0.0728476821192053 0.3719806763285024
0.07277882797731569 0.3719806763285024
0.07271010387157696 0.3719806763285024
0.07264150943396226 0.3719806763285024
0.07257304429783223 0.3719806763285024
0.07250470809792843 0.3719806763285024
0.07243650047036689 0.3719806763285024
0.07236842105263158 0.3719806763285024
0.07223264540337711 0.3719806763285024
0.07216494845360824 0.3719806763285024
0.07209737827715355 0.3719806763285024
0.07202993451824134 0.3719806763285024
0.07196261682242991 0.3719806763285024
0.0718954248366013 0.3719806763285024
0.07182835820895522 0.3719806763285024
0.0717614165890028 0.3719806763285024
0.07162790697674419 0.3719806763285024
0.07156133828996282 0.3719806763285024
0.07142857142857142 0.3719806763285024
