0.0 0.0
0.5 0.006896551724137931
0.6666666666666666 0.013793103448275862
0.75 0.020689655172413793
0.6 0.020689655172413793
0.5 0.020689655172413793
0.42857142857142855 0.020689655172413793
0.375 0.020689655172413793
0.3333333333333333 0.020689655172413793
0.3 0.020689655172413793
0.2727272727272727 0.020689655172413793
0.25 0.020689655172413793
0.23076923076923078 0.020689655172413793
0.21428571428571427 0.020689655172413793
0.26666666666666666 0.027586206896551724
0.3125 0.034482758620689655
0.35294117647058826 0.041379310344827586
0.3888888888888889 0.04827586206896552
0.42105263157894735 0.05517241379310345
0.45 0.06206896551724138
0.47619047619047616 0.06896551724137931
0.45454545454545453 0.06896551724137931
0.4782608695652174 0.07586206896551724
0.5 0.08275862068965517
0.52 0.0896551724137931
0.5 0.0896551724137931
0.5185185185185185 0.09655172413793103
0.5 0.09655172413793103
0.4827586206896552 0.09655172413793103
0.4666666666666667 0.09655172413793103
0.45161290322580644 0.09655172413793103
0.4375 0.09655172413793103
0.42424242424242425 0.09655172413793103
0.4117647058823529 0.09655172413793103
0.4 0.09655172413793103
0.3888888888888889 0.09655172413793103
0.3783783783783784 0.09655172413793103
0.3684210526315789 0.09655172413793103
0.358974358974359 0.09655172413793103
0.375 0.10344827586206896
0.36585365853658536 0.10344827586206896
0.35714285714285715 0.10344827586206896
0.3488372093023256 0.10344827586206896
0.36363636363636365 0.1103448275862069
0.37777777777777777 0.11724137931034483
0.3695652173913043 0.11724137931034483
0.3617021276595745 0.11724137931034483
0.3541666666666667 0.11724137931034483
0.3469387755102041 0.11724137931034483
0.36 0.12413793103448276
0.35294117647058826 0.12413793103448276
0.36538461538461536 0.1310344827586207
0.3584905660377358 0.1310344827586207
0.37037037037037035 0.13793103448275862
0.36363636363636365 0.13793103448275862
0.35714285714285715 0.13793103448275862
0.3508771929824561 0.13793103448275862
0.3448275862068966 0.13793103448275862
0.3389830508474576 0.13793103448275862
0.3333333333333333 0.13793103448275862
0.32786885245901637 0.13793103448275862
0.3225806451612903 0.13793103448275862
0.31746031746031744 0.13793103448275862
0.3125 0.13793103448275862
0.3076923076923077 0.13793103448275862
0.30303030303030304 0.13793103448275862
0.29850746268656714 0.13793103448275862
0.29411764705882354 0.13793103448275862
0.2898550724637681 0.13793103448275862
0.2857142857142857 0.13793103448275862
0.28169014084507044 0.13793103448275862
0.2777777777777778 0.13793103448275862
0.273972602739726 0.13793103448275862
0.2702702702702703 0.13793103448275862
0.26666666666666666 0.13793103448275862
0.2631578947368421 0.13793103448275862
0.2597402597402597 0.13793103448275862
0.2564102564102564 0.13793103448275862
0.25316455696202533 0.13793103448275862
0.25 0.13793103448275862
0.24691358024691357 0.13793103448275862
0.24390243902439024 0.13793103448275862
0.24096385542168675 0.13793103448275862
0.23809523809523808 0.13793103448275862
0.23529411764705882 0.13793103448275862
0.23255813953488372 0.13793103448275862
0.22988505747126436 0.13793103448275862
0.22727272727272727 0.13793103448275862
0.2247191011235955 0.13793103448275862
0.2222222222222222 0.13793103448275862
0.21978021978021978 0.13793103448275862
0.21739130434782608 0.13793103448275862
0.21505376344086022 0.13793103448275862
0.2127659574468085 0.13793103448275862
0.21052631578947367 0.13793103448275862
0.20833333333333334 0.13793103448275862
0.21649484536082475 0.14482758620689656
0.21428571428571427 0.14482758620689656
0.21212121212121213 0.14482758620689656
0.21 0.14482758620689656
0.2079207920792079 0.14482758620689656
0.20588235294117646 0.14482758620689656
0.20388349514563106 0.14482758620689656
0.20192307692307693 0.14482758620689656
0.2 0.14482758620689656
0.19811320754716982 0.14482758620689656
0.19626168224299065 0.14482758620689656
0.19444444444444445 0.14482758620689656
0.1926605504587156 0.14482758620689656
0.19090909090909092 0.14482758620689656
0.1891891891891892 0.14482758620689656
0.1875 0.14482758620689656
0.18584070796460178 0.14482758620689656
0.18421052631578946 0.14482758620689656
0.1826086956521739 0.14482758620689656
0.1810344827586207 0.14482758620689656
0.1794871794871795 0.14482758620689656
0.17796610169491525 0.14482758620689656
0.17647058823529413 0.14482758620689656
0.175 0.14482758620689656
0.17355371900826447 0.14482758620689656
0.1721311475409836 0.14482758620689656
0.17073170731707318 0.14482758620689656
0.1693548387096774 0.14482758620689656
0.168 0.14482758620689656
0.16666666666666666 0.14482758620689656
0.16535433070866143 0.14482758620689656
0.1640625 0.14482758620689656
0.16279069767441862 0.14482758620689656
0.16153846153846155 0.14482758620689656
0.16793893129770993 0.15172413793103448
0.16666666666666666 0.15172413793103448
0.16541353383458646 0.15172413793103448
0.16417910447761194 0.15172413793103448
0.16296296296296298 0.15172413793103448
0.16176470588235295 0.15172413793103448
0.16058394160583941 0.15172413793103448
0.15942028985507245 0.15172413793103448
0.15827338129496402 0.15172413793103448
0.15714285714285714 0.15172413793103448
0.15602836879432624 0.15172413793103448
0.1619718309859155 0.15862068965517243
0.16083916083916083 0.15862068965517243
0.1597222222222222 0.15862068965517243
0.15862068965517243 0.15862068965517243
0.15753424657534246 0.15862068965517243
0.1564625850340136 0.15862068965517243
0.1554054054054054 0.15862068965517243
0.15436241610738255 0.15862068965517243
0.15333333333333332 0.15862068965517243
0.152317880794702 0.15862068965517243
0.1513157894736842 0.15862068965517243
0.1503267973856209 0.15862068965517243
0.14935064935064934 0.15862068965517243
0.14838709677419354 0.15862068965517243
0.14743589743589744 0.15862068965517243
0.1464968152866242 0.15862068965517243
0.14556962025316456 0.15862068965517243
0.14465408805031446 0.15862068965517243
0.14375 0.15862068965517243
0.14285714285714285 0.15862068965517243
0.1419753086419753 0.15862068965517243
0.1411042944785276 0.15862068965517243
0.1402439024390244 0.15862068965517243
0.1393939393939394 0.15862068965517243
0.13855421686746988 0.15862068965517243
0.1377245508982036 0.15862068965517243
0.13690476190476192 0.15862068965517243
0.13609467455621302 0.15862068965517243
0.13529411764705881 0.15862068965517243
0.13450292397660818 0.15862068965517243
0.13372093023255813 0.15862068965517243
0.1329479768786127 0.15862068965517243
0.13218390804597702 0.15862068965517243
0.13142857142857142 0.15862068965517243
0.13068181818181818 0.15862068965517243
0.12994350282485875 0.15862068965517243
0.12921348314606743 0.15862068965517243
0.12849162011173185 0.15862068965517243
0.12777777777777777 0.15862068965517243
0.1270718232044199 0.15862068965517243
0.12637362637362637 0.15862068965517243
0.12568306010928962 0.15862068965517243
0.125 0.15862068965517243
0.12432432432432433 0.15862068965517243
0.12365591397849462 0.15862068965517243
0.12299465240641712 0.15862068965517243
0.12234042553191489 0.15862068965517243
0.12169312169312169 0.15862068965517243
0.12631578947368421 0.16551724137931034
0.1256544502617801 0.16551724137931034
0.125 0.16551724137931034
0.12435233160621761 0.16551724137931034
0.12371134020618557 0.16551724137931034
0.12307692307692308 0.16551724137931034
0.12244897959183673 0.16551724137931034
0.1218274111675127 0.16551724137931034
0.12121212121212122 0.16551724137931034
0.12060301507537688 0.16551724137931034
0.12 0.16551724137931034
0.11940298507462686 0.16551724137931034
0.1188118811881188 0.16551724137931034
0.11822660098522167 0.16551724137931034
0.11764705882352941 0.16551724137931034
0.11707317073170732 0.16551724137931034
0.11650485436893204 0.16551724137931034
0.11594202898550725 0.16551724137931034
0.11538461538461539 0.16551724137931034
0.11483253588516747 0.16551724137931034
0.11428571428571428 0.16551724137931034
0.11374407582938388 0.16551724137931034
0.11320754716981132 0.16551724137931034
0.11737089201877934 0.1724137931034483
0.11682242990654206 0.1724137931034483
0.11627906976744186 0.1724137931034483
0.11574074074074074 0.1724137931034483
0.1152073732718894 0.1724137931034483
0.11467889908256881 0.1724137931034483
0.1141552511415525 0.1724137931034483
0.11363636363636363 0.1724137931034483
0.11312217194570136 0.1724137931034483
0.11261261261261261 0.1724137931034483
0.11210762331838565 0.1724137931034483
0.11160714285714286 0.1724137931034483
0.1111111111111111 0.1724137931034483
0.11061946902654868 0.1724137931034483
0.11013215859030837 0.1724137931034483
0.10964912280701754 0.1724137931034483
0.1091703056768559 0.1724137931034483
0.10869565217391304 0.1724137931034483
0.10822510822510822 0.1724137931034483
0.10775862068965517 0.1724137931034483
0.1072961373390558 0.1724137931034483
0.10683760683760683 0.1724137931034483
0.10638297872340426 0.1724137931034483
0.1059322033898305 0.1724137931034483
0.10548523206751055 0.1724137931034483
0.1092436974789916 0.1793103448275862
0.11297071129707113 0.18620689655172415
0.1125 0.18620689655172415
0.11203319502074689 0.18620689655172415
0.1115702479338843 0.18620689655172415
0.1111111111111111 0.18620689655172415
0.11065573770491803 0.18620689655172415
0.11020408163265306 0.18620689655172415
0.10975609756097561 0.18620689655172415
0.10931174089068826 0.18620689655172415
0.10887096774193548 0.18620689655172415
0.10843373493975904 0.18620689655172415
0.108 0.18620689655172415
0.10756972111553785 0.18620689655172415
0.10714285714285714 0.18620689655172415
0.1067193675889328 0.18620689655172415
0.1062992125984252 0.18620689655172415
0.10588235294117647 0.18620689655172415
0.10546875 0.18620689655172415
0.10505836575875487 0.18620689655172415
0.10465116279069768 0.18620689655172415
0.10424710424710425 0.18620689655172415
0.10384615384615385 0.18620689655172415
0.10344827586206896 0.18620689655172415
0.10305343511450382 0.18620689655172415
0.10266159695817491 0.18620689655172415
0.10227272727272728 0.18620689655172415
0.1018867924528302 0.18620689655172415
0.10150375939849623 0.18620689655172415
0.10112359550561797 0.18620689655172415
0.10074626865671642 0.18620689655172415
0.10037174721189591 0.18620689655172415
0.1 0.18620689655172415
0.0996309963099631 0.18620689655172415
0.09926470588235294 0.18620689655172415
0.0989010989010989 0.18620689655172415
0.09854014598540146 0.18620689655172415
0.09818181818181818 0.18620689655172415
0.09782608695652174 0.18620689655172415
0.09747292418772563 0.18620689655172415
0.09712230215827339 0.18620689655172415
0.0967741935483871 0.18620689655172415
0.09642857142857143 0.18620689655172415
0.09608540925266904 0.18620689655172415
0.09574468085106383 0.18620689655172415
0.09540636042402827 0.18620689655172415
0.09507042253521127 0.18620689655172415
0.09473684210526316 0.18620689655172415
0.0944055944055944 0.18620689655172415
0.09407665505226481 0.18620689655172415
0.09375 0.18620689655172415
0.09342560553633218 0.18620689655172415
0.09310344827586207 0.18620689655172415
0.09278350515463918 0.18620689655172415
0.09246575342465753 0.18620689655172415
0.09215017064846416 0.18620689655172415
0.09183673469387756 0.18620689655172415
0.09152542372881356 0.18620689655172415
0.09121621621621621 0.18620689655172415
0.09090909090909091 0.18620689655172415
0.09060402684563758 0.18620689655172415
0.0903010033444816 0.18620689655172415
0.09 0.18620689655172415
0.08970099667774087 0.18620689655172415
0.08940397350993377 0.18620689655172415
0.0891089108910891 0.18620689655172415
0.08881578947368421 0.18620689655172415
0.08852459016393442 0.18620689655172415
0.08823529411764706 0.18620689655172415
0.08794788273615635 0.18620689655172415
0.08766233766233766 0.18620689655172415
0.08737864077669903 0.18620689655172415
0.08709677419354839 0.18620689655172415
0.08681672025723473 0.18620689655172415
0.08653846153846154 0.18620689655172415
0.08626198083067092 0.18620689655172415
0.08598726114649681 0.18620689655172415
0.08571428571428572 0.18620689655172415
0.08544303797468354 0.18620689655172415
0.08517350157728706 0.18620689655172415
0.08490566037735849 0.18620689655172415
0.08463949843260188 0.18620689655172415
0.084375 0.18620689655172415
0.08411214953271028 0.18620689655172415
0.08385093167701864 0.18620689655172415
0.08359133126934984 0.18620689655172415
0.08333333333333333 0.18620689655172415
0.08307692307692308 0.18620689655172415
0.08282208588957055 0.18620689655172415
0.08256880733944955 0.18620689655172415
0.08231707317073171 0.18620689655172415
0.08206686930091185 0.18620689655172415
0.08181818181818182 0.18620689655172415
0.08157099697885196 0.18620689655172415
0.08132530120481928 0.18620689655172415
0.08108108108108109 0.18620689655172415
0.08083832335329341 0.18620689655172415
0.08059701492537313 0.18620689655172415
0.08035714285714286 0.18620689655172415
0.08011869436201781 0.18620689655172415
0.07988165680473373 0.18620689655172415
0.07964601769911504 0.18620689655172415
0.07941176470588235 0.18620689655172415
0.07917888563049853 0.18620689655172415
0.07894736842105263 0.18620689655172415
0.07871720116618076 0.18620689655172415
0.07848837209302326 0.18620689655172415
0.0782608695652174 0.18620689655172415
0.07803468208092486 0.18620689655172415
0.07780979827089338 0.18620689655172415
0.07758620689655173 0.18620689655172415
0.07736389684813753 0.18620689655172415
0.07714285714285714 0.18620689655172415
0.07692307692307693 0.18620689655172415
0.07670454545454546 0.18620689655172415
0.0764872521246459 0.18620689655172415
0.07627118644067797 0.18620689655172415
0.07605633802816901 0.18620689655172415
0.07584269662921349 0.18620689655172415
0.07563025210084033 0.18620689655172415
0.07541899441340782 0.18620689655172415
0.07520891364902507 0.18620689655172415
0.075 0.18620689655172415
0.07479224376731301 0.18620689655172415
0.07458563535911603 0.18620689655172415
0.0743801652892562 0.18620689655172415
0.07417582417582418 0.18620689655172415
0.07397260273972603 0.18620689655172415
0.07377049180327869 0.18620689655172415
0.07356948228882834 0.18620689655172415
0.07336956521739131 0.18620689655172415
0.07317073170731707 0.18620689655172415
0.07297297297297298 0.18620689655172415
0.07277628032345014 0.18620689655172415
0.07526881720430108 0.19310344827586207
0.07506702412868632 0.19310344827586207
0.0748663101604278 0.19310344827586207
0.07466666666666667 0.19310344827586207
0.07446808510638298 0.19310344827586207
0.07427055702917772 0.19310344827586207
0.07407407407407407 0.19310344827586207
0.07387862796833773 0.19310344827586207
0.07368421052631578 0.19310344827586207
0.07349081364829396 0.19310344827586207
0.07329842931937172 0.19310344827586207
0.0731070496083551 0.19310344827586207
0.07291666666666667 0.19310344827586207
0.07272727272727272 0.19310344827586207
0.07253886010362694 0.19310344827586207
0.07235142118863049 0.19310344827586207
0.07216494845360824 0.19310344827586207
0.07197943444730077 0.19310344827586207
0.07179487179487179 0.19310344827586207
0.07161125319693094 0.19310344827586207
0.07142857142857142 0.19310344827586207
0.07124681933842239 0.19310344827586207
0.07106598984771574 0.19310344827586207
0.07088607594936709 0.19310344827586207
0.0707070707070707 0.19310344827586207
0.07304785894206549 0.2
0.07537688442211055 0.20689655172413793
0.07518796992481203 0.20689655172413793
0.075 0.20689655172413793
0.07481296758104738 0.20689655172413793
0.07462686567164178 0.20689655172413793
0.07444168734491315 0.20689655172413793
0.07425742574257425 0.20689655172413793
0.07407407407407407 0.20689655172413793
0.07389162561576355 0.20689655172413793
0.07371007371007371 0.20689655172413793
0.07352941176470588 0.20689655172413793
0.07334963325183375 0.20689655172413793
0.07317073170731707 0.20689655172413793
0.072992700729927 0.20689655172413793
0.07281553398058252 0.20689655172413793
0.07263922518159806 0.20689655172413793
0.07246376811594203 0.20689655172413793
0.07228915662650602 0.20689655172413793
0.07211538461538461 0.20689655172413793
0.07194244604316546 0.20689655172413793
0.07177033492822966 0.20689655172413793
0.07159904534606205 0.20689655172413793
0.07142857142857142 0.20689655172413793
0.07125890736342043 0.20689655172413793
0.07109004739336493 0.20689655172413793
0.07092198581560284 0.20689655172413793
0.07075471698113207 0.20689655172413793
0.07058823529411765 0.20689655172413793
0.07042253521126761 0.20689655172413793
0.0702576112412178 0.20689655172413793
0.07009345794392523 0.20689655172413793
0.07226107226107226 0.21379310344827587
0.07209302325581396 0.21379310344827587
0.07192575406032482 0.21379310344827587
0.07175925925925926 0.21379310344827587
0.07159353348729793 0.21379310344827587
0.07142857142857142 0.21379310344827587
0.07126436781609195 0.21379310344827587
0.07110091743119266 0.21379310344827587
0.07093821510297482 0.21379310344827587
0.07077625570776255 0.21379310344827587
0.07061503416856492 0.21379310344827587
0.07045454545454545 0.21379310344827587
0.07029478458049887 0.21379310344827587
0.07013574660633484 0.21379310344827587
0.06997742663656885 0.21379310344827587
0.06981981981981981 0.21379310344827587
0.0696629213483146 0.21379310344827587
0.06950672645739911 0.21379310344827587
0.06935123042505593 0.21379310344827587
0.06919642857142858 0.21379310344827587
0.06904231625835189 0.21379310344827587
0.06888888888888889 0.21379310344827587
0.06873614190687362 0.21379310344827587
0.06858407079646017 0.21379310344827587
0.0684326710816777 0.21379310344827587
0.06828193832599119 0.21379310344827587
0.06813186813186813 0.21379310344827587
0.06798245614035088 0.21379310344827587
0.06783369803063458 0.21379310344827587
0.06768558951965066 0.21379310344827587
0.06753812636165578 0.21379310344827587
0.06739130434782609 0.21379310344827587
0.06724511930585683 0.21379310344827587
0.0670995670995671 0.21379310344827587
0.06695464362850972 0.21379310344827587
0.0668103448275862 0.21379310344827587
0.06666666666666667 0.21379310344827587
0.06652360515021459 0.21379310344827587
0.06638115631691649 0.21379310344827587
0.06623931623931624 0.21379310344827587
0.06609808102345416 0.21379310344827587
0.06595744680851064 0.21379310344827587
0.06581740976645435 0.21379310344827587
0.06567796610169492 0.21379310344827587
0.06553911205073996 0.21379310344827587
0.06540084388185655 0.21379310344827587
0.06526315789473684 0.21379310344827587
0.06512605042016807 0.21379310344827587
0.0649895178197065 0.21379310344827587
0.06485355648535565 0.21379310344827587
0.06471816283924843 0.21379310344827587
0.06458333333333334 0.21379310344827587
0.06444906444906445 0.21379310344827587
0.06431535269709543 0.21379310344827587
0.06418219461697723 0.21379310344827587
0.0640495867768595 0.21379310344827587
0.06391752577319587 0.21379310344827587
0.06378600823045268 0.21379310344827587
0.06365503080082136 0.21379310344827587
0.06352459016393443 0.21379310344827587
0.06339468302658487 0.21379310344827587
0.0653061224489796 0.2206896551724138
0.06517311608961303 0.2206896551724138
0.06504065040650407 0.2206896551724138
0.06490872210953347 0.2206896551724138
0.06477732793522267 0.2206896551724138
0.06464646464646465 0.2206896551724138
0.06451612903225806 0.2206896551724138
0.06639839034205232 0.22758620689655173
0.06827309236947791 0.23448275862068965
0.06813627254509018 0.23448275862068965
0.068 0.23448275862068965
0.06786427145708583 0.23448275862068965
0.06772908366533864 0.23448275862068965
0.06759443339960239 0.23448275862068965
0.06746031746031746 0.23448275862068965
0.06930693069306931 0.2413793103448276
0.07114624505928854 0.2482758620689655
0.07100591715976332 0.2482758620689655
0.07086614173228346 0.2482758620689655
0.07072691552062868 0.2482758620689655
0.07058823529411765 0.2482758620689655
0.07045009784735812 0.2482758620689655
0.0703125 0.2482758620689655
0.07017543859649122 0.2482758620689655
0.07198443579766536 0.25517241379310346
0.07184466019417475 0.25517241379310346
0.07170542635658915 0.25517241379310346
0.07156673114119923 0.25517241379310346
0.07142857142857142 0.25517241379310346
0.07129094412331406 0.25517241379310346
0.07115384615384615 0.25517241379310346
0.0710172744721689 0.25517241379310346
0.07088122605363985 0.25517241379310346
0.07074569789674952 0.25517241379310346
0.07251908396946564 0.2620689655172414
0.07238095238095238 0.2620689655172414
0.07224334600760456 0.2620689655172414
0.07210626185958255 0.2620689655172414
0.07196969696969698 0.2620689655172414
0.07183364839319471 0.2620689655172414
0.07169811320754717 0.2620689655172414
0.07156308851224105 0.2620689655172414
0.07142857142857142 0.2620689655172414
0.07129455909943715 0.2620689655172414
0.07116104868913857 0.2620689655172414
0.07102803738317758 0.2620689655172414
0.0708955223880597 0.2620689655172414
0.07076350093109869 0.2620689655172414
0.07063197026022305 0.2620689655172414
0.07050092764378478 0.2620689655172414
0.07037037037037037 0.2620689655172414
0.07024029574861368 0.2620689655172414
0.07011070110701106 0.2620689655172414
0.06998158379373849 0.2620689655172414
0.07169117647058823 0.2689655172413793
0.07155963302752294 0.2689655172413793
0.07142857142857142 0.2689655172413793
0.0712979890310786 0.2689655172413793
0.07116788321167883 0.2689655172413793
0.07103825136612021 0.2689655172413793
0.07272727272727272 0.27586206896551724
0.07259528130671507 0.27586206896551724
0.07246376811594203 0.27586206896551724
0.07233273056057866 0.27586206896551724
0.07220216606498195 0.27586206896551724
0.07207207207207207 0.27586206896551724
0.07194244604316546 0.27586206896551724
0.0718132854578097 0.27586206896551724
0.07168458781362007 0.27586206896551724
0.07155635062611806 0.27586206896551724
0.07142857142857142 0.27586206896551724
0.07130124777183601 0.27586206896551724
0.0711743772241993 0.27586206896551724
0.07104795737122557 0.27586206896551724
0.07092198581560284 0.27586206896551724
0.07079646017699115 0.27586206896551724
0.0706713780918728 0.27586206896551724
0.07054673721340388 0.27586206896551724
0.07042253521126761 0.27586206896551724
0.070298769771529 0.27586206896551724
0.07017543859649122 0.27586206896551724
0.07005253940455342 0.27586206896551724
0.06993006993006994 0.27586206896551724
0.06980802792321117 0.27586206896551724
0.06968641114982578 0.27586206896551724
0.06956521739130435 0.27586206896551724
0.06944444444444445 0.27586206896551724
0.06932409012131716 0.27586206896551724
0.06920415224913495 0.27586206896551724
0.0690846286701209 0.27586206896551724
0.06896551724137931 0.27586206896551724
0.06884681583476764 0.27586206896551724
0.06872852233676977 0.27586206896551724
0.0686106346483705 0.27586206896551724
0.0684931506849315 0.27586206896551724
0.06837606837606838 0.27586206896551724
0.06825938566552901 0.27586206896551724
0.06814310051107325 0.27586206896551724
0.06802721088435375 0.27586206896551724
0.06791171477079797 0.27586206896551724
0.06779661016949153 0.27586206896551724
0.0676818950930626 0.27586206896551724
0.06756756756756757 0.27586206896551724
0.06913996627318718 0.2827586206896552
0.06902356902356903 0.2827586206896552
0.06890756302521009 0.2827586206896552
0.06879194630872483 0.2827586206896552
0.06867671691792294 0.2827586206896552
0.07023411371237458 0.2896551724137931
0.07011686143572621 0.2896551724137931
0.07166666666666667 0.296551724137931
0.07321131447587355 0.30344827586206896
0.07308970099667775 0.30344827586206896
0.07296849087893864 0.30344827586206896
0.0728476821192053 0.30344827586206896
0.07272727272727272 0.30344827586206896
0.07260726072607261 0.30344827586206896
0.07248764415156507 0.30344827586206896
0.07236842105263158 0.30344827586206896
0.0722495894909688 0.30344827586206896
0.07213114754098361 0.30344827586206896
0.07201309328968904 0.30344827586206896
0.0718954248366013 0.30344827586206896
0.07177814029363784 0.30344827586206896
0.07166123778501629 0.30344827586206896
0.07154471544715447 0.30344827586206896
0.07142857142857142 0.30344827586206896
0.07293354943273905 0.3103448275862069
0.07281553398058252 0.3103448275862069
0.07269789983844911 0.3103448275862069
0.07419354838709677 0.31724137931034485
0.07407407407407407 0.31724137931034485
0.07395498392282958 0.31724137931034485
0.0738362760834671 0.31724137931034485
0.07371794871794872 0.31724137931034485
0.0736 0.31724137931034485
0.07348242811501597 0.31724137931034485
0.0733652312599681 0.31724137931034485
0.0732484076433121 0.31724137931034485
0.07313195548489666 0.31724137931034485
0.07301587301587302 0.31724137931034485
0.07290015847860538 0.31724137931034485
0.07278481012658228 0.31724137931034485
0.07266982622432859 0.31724137931034485
0.07255520504731862 0.31724137931034485
0.07244094488188976 0.31724137931034485
0.07232704402515723 0.31724137931034485
0.07221350078492936 0.31724137931034485
0.07210031347962383 0.31724137931034485
0.07198748043818466 0.31724137931034485
0.071875 0.31724137931034485
0.0717628705148206 0.31724137931034485
0.07165109034267912 0.31724137931034485
0.07153965785381027 0.31724137931034485
0.07142857142857142 0.31724137931034485
0.07286821705426356 0.32413793103448274
0.07275541795665634 0.32413793103448274
0.07264296754250386 0.32413793103448274
0.07253086419753087 0.32413793103448274
0.0724191063174114 0.32413793103448274
0.07230769230769231 0.32413793103448274
0.07219662058371736 0.32413793103448274
0.07208588957055215 0.32413793103448274
0.07197549770290965 0.32413793103448274
0.07186544342507645 0.32413793103448274
0.0717557251908397 0.32413793103448274
0.07164634146341463 0.32413793103448274
0.0715372907153729 0.32413793103448274
0.07142857142857142 0.32413793103448274
0.07132018209408195 0.32413793103448274
0.07121212121212121 0.32413793103448274
0.07110438729198185 0.32413793103448274
0.07099697885196375 0.32413793103448274
0.07088989441930618 0.32413793103448274
0.07078313253012049 0.32413793103448274
0.07067669172932331 0.32413793103448274
0.07057057057057058 0.32413793103448274
0.0704647676161919 0.32413793103448274
0.07035928143712575 0.32413793103448274
0.07025411061285501 0.32413793103448274
0.07014925373134329 0.32413793103448274
0.07004470938897168 0.32413793103448274
0.06994047619047619 0.32413793103448274
0.06983655274888559 0.32413793103448274
0.06973293768545995 0.32413793103448274
0.06962962962962962 0.32413793103448274
0.0695266272189349 0.32413793103448274
0.06942392909896603 0.32413793103448274
0.06932153392330384 0.32413793103448274
0.06921944035346098 0.32413793103448274
0.06911764705882353 0.32413793103448274
0.06901615271659324 0.32413793103448274
0.0689149560117302 0.32413793103448274
0.06881405563689605 0.32413793103448274
0.06871345029239766 0.32413793103448274
0.06861313868613139 0.32413793103448274
0.06851311953352769 0.32413793103448274
0.06841339155749636 0.32413793103448274
0.06831395348837209 0.32413793103448274
0.06821480406386067 0.32413793103448274
0.06811594202898551 0.32413793103448274
0.06801736613603473 0.32413793103448274
0.06791907514450866 0.32413793103448274
0.06782106782106782 0.32413793103448274
0.06772334293948126 0.32413793103448274
0.06762589928057554 0.32413793103448274
0.06752873563218391 0.32413793103448274
0.06743185078909612 0.32413793103448274
0.0673352435530086 0.32413793103448274
0.06723891273247497 0.32413793103448274
0.06714285714285714 0.32413793103448274
0.06704707560627675 0.32413793103448274
0.06695156695156695 0.32413793103448274
0.06685633001422475 0.32413793103448274
0.06676136363636363 0.32413793103448274
0.06666666666666667 0.32413793103448274
0.06657223796033994 0.32413793103448274
0.06647807637906648 0.32413793103448274
0.06638418079096045 0.32413793103448274
0.06629055007052186 0.32413793103448274
0.06619718309859154 0.32413793103448274
0.06610407876230662 0.32413793103448274
0.06601123595505617 0.32413793103448274
0.06591865357643759 0.32413793103448274
0.06582633053221289 0.32413793103448274
0.06573426573426573 0.32413793103448274
0.06564245810055866 0.32413793103448274
0.06555090655509066 0.32413793103448274
0.06545961002785515 0.32413793103448274
0.06536856745479833 0.32413793103448274
0.06527777777777778 0.32413793103448274
0.0651872399445215 0.32413793103448274
0.06509695290858726 0.32413793103448274
0.06500691562932227 0.32413793103448274
0.0649171270718232 0.32413793103448274
0.06482758620689655 0.32413793103448274
0.06473829201101929 0.32413793103448274
0.06464924346629987 0.32413793103448274
0.06456043956043957 0.32413793103448274
0.0644718792866941 0.32413793103448274
0.06438356164383562 0.32413793103448274
0.06429548563611491 0.32413793103448274
0.06420765027322405 0.32413793103448274
0.06412005457025921 0.32413793103448274
0.06403269754768393 0.32413793103448274
0.06394557823129252 0.32413793103448274
0.06385869565217392 0.32413793103448274
0.06377204884667571 0.32413793103448274
0.06368563685636856 0.32413793103448274
0.06359945872801083 0.32413793103448274
0.06351351351351352 0.32413793103448274
0.06342780026990553 0.32413793103448274
0.06334231805929919 0.32413793103448274
0.063257065948856 0.32413793103448274
0.06317204301075269 0.32413793103448274
0.06308724832214765 0.32413793103448274
0.06300268096514745 0.32413793103448274
0.06291834002677377 0.32413793103448274
0.06283422459893048 0.32413793103448274
0.06275033377837116 0.32413793103448274
0.06266666666666666 0.32413793103448274
0.06258322237017311 0.32413793103448274
0.0625 0.32413793103448274
0.06241699867197875 0.32413793103448274
0.0623342175066313 0.32413793103448274
0.06225165562913907 0.32413793103448274
0.062169312169312166 0.32413793103448274
0.062087186261558784 0.32413793103448274
0.06200527704485488 0.32413793103448274
0.061923583662714096 0.32413793103448274
0.06184210526315789 0.32413793103448274
0.06176084099868594 0.32413793103448274
0.06167979002624672 0.32413793103448274
0.061598951507208385 0.32413793103448274
0.061518324607329845 0.32413793103448274
0.06143790849673202 0.32413793103448274
0.06135770234986945 0.32413793103448274
0.061277705345501955 0.32413793103448274
0.061197916666666664 0.32413793103448274
0.0611183355006502 0.32413793103448274
0.06103896103896104 0.32413793103448274
0.0609597924773022 0.32413793103448274
0.06088082901554404 0.32413793103448274
0.06080206985769728 0.32413793103448274
0.060723514211886306 0.32413793103448274
0.06064516129032258 0.32413793103448274
0.06056701030927835 0.32413793103448274
0.06048906048906049 0.32413793103448274
0.060411311053984576 0.32413793103448274
0.06033376123234917 0.32413793103448274
0.06025641025641026 0.32413793103448274
0.06017925736235595 0.32413793103448274
0.06010230179028133 0.32413793103448274
0.06002554278416347 0.32413793103448274
0.05994897959183673 0.32413793103448274
0.05987261146496815 0.32413793103448274
0.05979643765903308 0.32413793103448274
0.05972045743329098 0.32413793103448274
0.05964467005076142 0.32413793103448274
0.059569074778200254 0.32413793103448274
0.05949367088607595 0.32413793103448274
0.05941845764854614 0.32413793103448274
0.059343434343434344 0.32413793103448274
0.05926860025220681 0.32413793103448274
0.05919395465994962 0.32413793103448274
0.05911949685534591 0.32413793103448274
0.059045226130653265 0.32413793103448274
0.05897114178168131 0.32413793103448274
0.05889724310776942 0.32413793103448274
0.058823529411764705 0.32413793103448274
0.05875 0.32413793103448274
0.05867665418227216 0.32413793103448274
0.05860349127182045 0.32413793103448274
0.058530510585305104 0.32413793103448274
0.05845771144278607 0.32413793103448274
0.058385093167701865 0.32413793103448274
0.05831265508684864 0.32413793103448274
0.058240396530359353 0.32413793103448274
0.05816831683168317 0.32413793103448274
0.0580964153275649 0.32413793103448274
0.05802469135802469 0.32413793103448274
0.05795314426633785 0.32413793103448274
0.05788177339901478 0.32413793103448274
0.05781057810578106 0.32413793103448274
0.05896805896805897 0.3310344827586207
0.05889570552147239 0.3310344827586207
0.058823529411764705 0.3310344827586207
0.0587515299877601 0.3310344827586207
0.05867970660146699 0.3310344827586207
0.05982905982905983 0.33793103448275863
0.05975609756097561 0.33793103448275863
0.05968331303288672 0.33793103448275863
0.05961070559610705 0.33793103448275863
0.05953827460510328 0.33793103448275863
0.05946601941747573 0.33793103448275863
0.059393939393939395 0.33793103448275863
0.059322033898305086 0.33793103448275863
0.0592503022974607 0.33793103448275863
0.059178743961352656 0.33793103448275863
0.05910735826296743 0.33793103448275863
0.05903614457831325 0.33793103448275863
0.05896510228640193 0.33793103448275863
0.05889423076923077 0.33793103448275863
0.058823529411764705 0.33793103448275863
0.05875299760191847 0.33793103448275863
0.058682634730538925 0.33793103448275863
0.05861244019138756 0.33793103448275863
0.05854241338112306 0.33793103448275863
0.05847255369928401 0.33793103448275863
0.058402860548271755 0.33793103448275863
0.058333333333333334 0.33793103448275863
0.05826397146254459 0.33793103448275863
0.05819477434679335 0.33793103448275863
0.05812574139976275 0.33793103448275863
0.058056872037914695 0.33793103448275863
0.05798816568047337 0.33793103448275863
0.057919621749408984 0.33793103448275863
0.05785123966942149 0.33793103448275863
0.05778301886792453 0.33793103448275863
0.05771495877502945 0.33793103448275863
0.05764705882352941 0.33793103448275863
0.057579318448883664 0.33793103448275863
0.057511737089201875 0.33793103448275863
0.05744431418522861 0.33793103448275863
0.05737704918032787 0.33793103448275863
0.05730994152046784 0.33793103448275863
0.05724299065420561 0.33793103448275863
0.057176196032672114 0.33793103448275863
0.05710955710955711 0.33793103448275863
0.0570430733410943 0.33793103448275863
0.056976744186046514 0.33793103448275863
0.056910569105691054 0.33793103448275863
0.0568445475638051 0.33793103448275863
0.056778679026651215 0.33793103448275863
0.056712962962962965 0.33793103448275863
0.056647398843930635 0.33793103448275863
0.05658198614318707 0.33793103448275863
0.05651672433679354 0.33793103448275863
0.056451612903225805 0.33793103448275863
0.05638665132336018 0.33793103448275863
0.05632183908045977 0.33793103448275863
0.05625717566016074 0.33793103448275863
0.05619266055045872 0.33793103448275863
0.056128293241695305 0.33793103448275863
0.05606407322654462 0.33793103448275863
0.056 0.33793103448275863
0.05593607305936073 0.33793103448275863
0.055872291904218926 0.33793103448275863
0.05580865603644647 0.33793103448275863
0.055745164960182024 0.33793103448275863
0.05568181818181818 0.33793103448275863
0.05561861520998865 0.33793103448275863
0.05555555555555555 0.33793103448275863
0.05549263873159683 0.33793103448275863
0.05542986425339366 0.33793103448275863
0.05536723163841808 0.33793103448275863
0.056433408577878104 0.3448275862068966
0.05636978579481398 0.3448275862068966
0.05630630630630631 0.3448275862068966
0.05736782902137233 0.35172413793103446
0.05730337078651685 0.35172413793103446
0.05723905723905724 0.35172413793103446
0.05717488789237668 0.35172413793103446
0.05711086226203808 0.35172413793103446
0.05704697986577181 0.35172413793103446
0.05698324022346369 0.35172413793103446
0.056919642857142856 0.35172413793103446
0.056856187290969896 0.35172413793103446
0.05679287305122494 0.35172413793103446
0.05672969966629588 0.35172413793103446
0.056666666666666664 0.35172413793103446
0.05660377358490566 0.35172413793103446
0.0565410199556541 0.35172413793103446
0.05647840531561462 0.35172413793103446
0.05641592920353982 0.35172413793103446
0.056353591160221 0.35172413793103446
0.056291390728476824 0.35172413793103446
0.05622932745314223 0.35172413793103446
0.05616740088105727 0.35172413793103446
0.056105610561056105 0.35172413793103446
0.056043956043956046 0.35172413793103446
0.05598243688254665 0.35172413793103446
0.05592105263157895 0.35172413793103446
0.05585980284775466 0.35172413793103446
0.05579868708971553 0.35172413793103446
0.05573770491803279 0.35172413793103446
0.055676855895196505 0.35172413793103446
0.05561613958560523 0.35172413793103446
0.05555555555555555 0.35172413793103446
0.055495103373231776 0.35172413793103446
0.05543478260869565 0.35172413793103446
0.05537459283387622 0.35172413793103446
0.055314533622559656 0.35172413793103446
0.0552546045503792 0.35172413793103446
0.05519480519480519 0.35172413793103446
0.055135135135135134 0.35172413793103446
0.0550755939524838 0.35172413793103446
0.05501618122977346 0.35172413793103446
0.05495689655172414 0.35172413793103446
0.05489773950484392 0.35172413793103446
0.054838709677419356 0.35172413793103446
0.05477980665950591 0.35172413793103446
0.05472103004291846 0.35172413793103446
0.05466237942122187 0.35172413793103446
0.05460385438972163 0.35172413793103446
0.05454545454545454 0.35172413793103446
0.05448717948717949 0.35172413793103446
0.054429028815368194 0.35172413793103446
0.054371002132196165 0.35172413793103446
0.054313099041533544 0.35172413793103446
0.05425531914893617 0.35172413793103446
0.05419766206163656 0.35172413793103446
0.054140127388535034 0.35172413793103446
0.05408271474019088 0.35172413793103446
0.05402542372881356 0.35172413793103446
0.05396825396825397 0.35172413793103446
0.05391120507399577 0.35172413793103446
0.05385427666314678 0.35172413793103446
0.05379746835443038 0.35172413793103446
0.05374077976817703 0.35172413793103446
0.05368421052631579 0.35172413793103446
0.05362776025236593 0.35172413793103446
0.05357142857142857 0.35172413793103446
0.053515215110178385 0.35172413793103446
0.05345911949685535 0.35172413793103446
0.05340314136125655 0.35172413793103446
0.053347280334728034 0.35172413793103446
0.05329153605015674 0.35172413793103446
0.05323590814196242 0.35172413793103446
0.053180396246089674 0.35172413793103446
0.053125 0.35172413793103446
0.053069719042663895 0.35172413793103446
0.05301455301455302 0.35172413793103446
0.05399792315680166 0.3586206896551724
0.05394190871369295 0.3586206896551724
0.0538860103626943 0.3586206896551724
0.053830227743271224 0.3586206896551724
0.05377456049638056 0.3586206896551724
0.05371900826446281 0.3586206896551724
0.053663570691434466 0.3586206896551724
0.05360824742268041 0.3586206896551724
0.053553038105046344 0.3586206896551724
0.053497942386831275 0.3586206896551724
0.05344295991778006 0.3586206896551724
0.053388090349075976 0.3586206896551724
0.05333333333333334 0.3586206896551724
0.05327868852459016 0.3586206896551724
0.05322415557830092 0.3586206896551724
0.053169734151329244 0.3586206896551724
0.05311542390194075 0.3586206896551724
0.053061224489795916 0.3586206896551724
0.053007135575942915 0.3586206896551724
0.05295315682281059 0.3586206896551724
0.052899287894201424 0.3586206896551724
0.052845528455284556 0.3586206896551724
0.05279187817258883 0.3586206896551724
0.05273833671399594 0.3586206896551724
0.05268490374873354 0.3586206896551724
0.05263157894736842 0.3586206896551724
0.05358948432760364 0.36551724137931035
0.05353535353535353 0.36551724137931035
0.05348133198789102 0.36551724137931035
0.05342741935483871 0.36551724137931035
0.05337361530715005 0.36551724137931035
0.05331991951710262 0.36551724137931035
0.053266331658291456 0.36551724137931035
0.05321285140562249 0.36551724137931035
0.05315947843530592 0.36551724137931035
0.0531062124248497 0.36551724137931035
0.05305305305305305 0.36551724137931035
0.054 0.3724137931034483
0.053946053946053944 0.3724137931034483
0.05389221556886228 0.3724137931034483
0.053838484546360914 0.3724137931034483
0.053784860557768925 0.3724137931034483
0.05373134328358209 0.3724137931034483
0.0536779324055666 0.3724137931034483
0.05362462760675273 0.3724137931034483
0.05357142857142857 0.3724137931034483
0.053518334985133795 0.3724137931034483
0.053465346534653464 0.3724137931034483
0.05341246290801187 0.3724137931034483
0.0533596837944664 0.3724137931034483
0.05330700888450148 0.3724137931034483
0.05325443786982249 0.3724137931034483
0.053201970443349754 0.3724137931034483
0.0531496062992126 0.3724137931034483
0.05309734513274336 0.3724137931034483
0.05304518664047151 0.3724137931034483
0.05299313052011776 0.3724137931034483
0.052941176470588235 0.3724137931034483
0.05288932419196866 0.3724137931034483
0.05283757338551859 0.3724137931034483
0.05278592375366569 0.3724137931034483
0.052734375 0.3724137931034483
0.05268292682926829 0.3724137931034483
0.05263157894736842 0.3724137931034483
0.05258033106134372 0.3724137931034483
0.053501945525291826 0.3793103448275862
0.05344995140913508 0.3793103448275862
0.05339805825242718 0.3793103448275862
0.0533462657613967 0.3793103448275862
0.05329457364341085 0.3793103448275862
0.05324298160696999 0.3793103448275862
0.05319148936170213 0.3793103448275862
0.05314009661835749 0.3793103448275862
0.05308880308880309 0.3793103448275862
0.05303760848601736 0.3793103448275862
0.052986512524084775 0.3793103448275862
0.05293551491819057 0.3793103448275862
0.052884615384615384 0.3793103448275862
0.052833813640730067 0.3793103448275862
0.052783109404990404 0.3793103448275862
0.052732502396931925 0.3793103448275862
0.05268199233716475 0.3793103448275862
0.05263157894736842 0.3793103448275862
0.052581261950286805 0.3793103448275862
0.05253104106972302 0.3793103448275862
0.05248091603053435 0.3793103448275862
0.052430886558627265 0.3793103448275862
0.05238095238095238 0.3793103448275862
0.05233111322549953 0.3793103448275862
0.05228136882129278 0.3793103448275862
0.052231718898385564 0.3793103448275862
0.05218216318785579 0.3793103448275862
0.052132701421800945 0.3793103448275862
0.052083333333333336 0.3793103448275862
0.05203405865657521 0.3793103448275862
0.05198487712665406 0.3793103448275862
0.05193578847969783 0.3793103448275862
0.05188679245283019 0.3793103448275862
0.051837888784165884 0.3793103448275862
0.051789077212806026 0.3793103448275862
0.05174035747883349 0.3793103448275862
0.05169172932330827 0.3793103448275862
0.051643192488262914 0.3793103448275862
0.051594746716697934 0.3793103448275862
0.05154639175257732 0.3793103448275862
0.05149812734082397 0.3793103448275862
0.05144995322731525 0.3793103448275862
0.0514018691588785 0.3793103448275862
0.051353874883286646 0.3793103448275862
0.051305970149253734 0.3793103448275862
0.05125815470643057 0.3793103448275862
0.051210428305400374 0.3793103448275862
0.05116279069767442 0.3793103448275862
0.05111524163568773 0.3793103448275862
0.0510677808727948 0.3793103448275862
0.05102040816326531 0.3793103448275862
0.05097312326227989 0.3793103448275862
0.05092592592592592 0.3793103448275862
0.05087881591119334 0.3793103448275862
0.05083179297597042 0.3793103448275862
0.050784856879039705 0.3793103448275862
0.0507380073800738 0.3793103448275862
0.05069124423963134 0.3793103448275862
0.05064456721915286 0.3793103448275862
0.050597976080956765 0.3793103448275862
0.050551470588235295 0.3793103448275862
0.050505050505050504 0.3793103448275862
0.05045871559633028 0.3793103448275862
0.05041246562786435 0.3793103448275862
0.05036630036630037 0.3793103448275862
0.05032021957913998 0.3793103448275862
0.050274223034734916 0.3793103448275862
0.0502283105022831 0.3793103448275862
0.05018248175182482 0.3793103448275862
0.05013673655423884 0.3793103448275862
0.05009107468123861 0.3793103448275862
0.05004549590536852 0.3793103448275862
0.05 0.3793103448275862
0.049954586739327886 0.3793103448275862
0.0499092558983666 0.3793103448275862
0.04986400725294651 0.3793103448275862
0.049818840579710144 0.3793103448275862
0.049773755656108594 0.3793103448275862
0.04972875226039783 0.3793103448275862
0.04968383017163505 0.3793103448275862
0.04963898916967509 0.3793103448275862
0.04959422903516682 0.3793103448275862
0.04954954954954955 0.3793103448275862
0.04950495049504951 0.3793103448275862
0.04946043165467626 0.3793103448275862
0.04941599281221923 0.3793103448275862
0.04937163375224417 0.3793103448275862
