1.0 0.006896551724137931
1.0 0.013793103448275862
1.0 0.020689655172413793
1.0 0.027586206896551724
1.0 0.034482758620689655
1.0 0.041379310344827586
1.0 0.04827586206896552
1.0 0.05517241379310345
1.0 0.06206896551724138
1.0 0.06896551724137931
1.0 0.07586206896551724
1.0 0.08275862068965517
1.0 0.0896551724137931
1.0 0.09655172413793103
1.0 0.10344827586206896
1.0 0.1103448275862069
1.0 0.11724137931034483
1.0 0.12413793103448276
0.9473684210526315 0.12413793103448276
0.95 0.1310344827586207
0.9523809523809523 0.13793103448275862
0.9545454545454546 0.14482758620689656
0.9130434782608695 0.14482758620689656
0.9166666666666666 0.15172413793103448
0.88 0.15172413793103448
0.8461538461538461 0.15172413793103448
0.8518518518518519 0.15862068965517243
0.8571428571428571 0.16551724137931034
0.8620689655172413 0.1724137931034483
0.8333333333333334 0.1724137931034483
0.8387096774193549 0.1793103448275862
0.84375 0.18620689655172415
0.8484848484848485 0.19310344827586207
0.8529411764705882 0.2
0.8571428571428571 0.20689655172413793
0.8611111111111112 0.21379310344827587
0.8648648648648649 0.2206896551724138
0.8421052631578947 0.2206896551724138
0.8461538461538461 0.22758620689655173
0.825 0.22758620689655173
0.8048780487804879 0.22758620689655173
0.7857142857142857 0.22758620689655173
0.7906976744186046 0.23448275862068965
0.7954545454545454 0.2413793103448276
0.7777777777777778 0.2413793103448276
0.782608695652174 0.2482758620689655
0.7659574468085106 0.2482758620689655
0.7708333333333334 0.25517241379310346
0.7755102040816326 0.2620689655172414
0.78 0.2689655172413793
0.7843137254901961 0.27586206896551724
0.7692307692307693 0.27586206896551724
0.7735849056603774 0.2827586206896552
0.7777777777777778 0.2896551724137931
0.7818181818181819 0.296551724137931
0.7857142857142857 0.30344827586206896
0.7894736842105263 0.3103448275862069
0.7931034482758621 0.31724137931034485
0.7796610169491526 0.31724137931034485
0.7833333333333333 0.32413793103448274
0.7868852459016393 0.3310344827586207
0.7903225806451613 0.33793103448275863
0.7777777777777778 0.33793103448275863
0.78125 0.3448275862068966
0.7846153846153846 0.35172413793103446
0.7878787878787878 0.3586206896551724
0.7910447761194029 0.36551724137931035
0.7941176470588235 0.3724137931034483
0.782608695652174 0.3724137931034483
0.7857142857142857 0.3793103448275862
0.7887323943661971 0.38620689655172413
0.7916666666666666 0.3931034482758621
0.7945205479452054 0.4
0.7972972972972973 0.4068965517241379
0.8 0.41379310344827586
0.8026315789473685 0.4206896551724138
0.7922077922077922 0.4206896551724138
0.7948717948717948 0.42758620689655175
0.7848101265822784 0.42758620689655175
0.775 0.42758620689655175
0.7777777777777778 0.43448275862068964
0.7804878048780488 0.4413793103448276
0.7831325301204819 0.4482758620689655
0.7857142857142857 0.45517241379310347
0.7764705882352941 0.45517241379310347
0.7790697674418605 0.46206896551724136
0.7701149425287356 0.46206896551724136
0.7613636363636364 0.46206896551724136
0.7528089887640449 0.46206896551724136
0.7444444444444445 0.46206896551724136
0.7362637362637363 0.46206896551724136
0.7282608695652174 0.46206896551724136
0.7204301075268817 0.46206896551724136
0.723404255319149 0.4689655172413793
0.7263157894736842 0.47586206896551725
0.7291666666666666 0.4827586206896552
0.7319587628865979 0.4896551724137931
0.7346938775510204 0.496551724137931
0.7272727272727273 0.496551724137931
0.72 0.496551724137931
0.7128712871287128 0.496551724137931
0.7058823529411765 0.496551724137931
0.6990291262135923 0.496551724137931
0.6923076923076923 0.496551724137931
0.6857142857142857 0.496551724137931
0.6792452830188679 0.496551724137931
0.6728971962616822 0.496551724137931
0.6759259259259259 0.503448275862069
0.6788990825688074 0.5103448275862069
0.6727272727272727 0.5103448275862069
0.6666666666666666 0.5103448275862069
0.6607142857142857 0.5103448275862069
0.6548672566371682 0.5103448275862069
0.6491228070175439 0.5103448275862069
0.6434782608695652 0.5103448275862069
0.6379310344827587 0.5103448275862069
0.6324786324786325 0.5103448275862069
0.6271186440677966 0.5103448275862069
0.6302521008403361 0.5172413793103449
0.625 0.5172413793103449
0.628099173553719 0.5241379310344828
0.6229508196721312 0.5241379310344828
0.6178861788617886 0.5241379310344828
0.6129032258064516 0.5241379310344828
0.608 0.5241379310344828
0.6031746031746031 0.5241379310344828
0.5984251968503937 0.5241379310344828
0.59375 0.5241379310344828
0.5891472868217055 0.5241379310344828
0.5846153846153846 0.5241379310344828
0.5801526717557252 0.5241379310344828
0.5757575757575758 0.5241379310344828
0.5789473684210527 0.5310344827586206
0.582089552238806 0.5379310344827586
0.5777777777777777 0.5379310344827586
0.5808823529411765 0.5448275862068965
0.583941605839416 0.5517241379310345
0.5797101449275363 0.5517241379310345
0.5755395683453237 0.5517241379310345
0.5714285714285714 0.5517241379310345
0.5673758865248227 0.5517241379310345
0.5633802816901409 0.5517241379310345
0.5594405594405595 0.5517241379310345
0.5625 0.5586206896551724
0.5655172413793104 0.5655172413793104
0.5684931506849316 0.5724137931034483
0.5714285714285714 0.5793103448275863
0.5743243243243243 0.5862068965517241
0.5704697986577181 0.5862068965517241
0.5666666666666667 0.5862068965517241
0.5629139072847682 0.5862068965517241
0.5592105263157895 0.5862068965517241
0.5555555555555556 0.5862068965517241
0.5584415584415584 0.593103448275862
0.5548387096774193 0.593103448275862
0.5512820512820513 0.593103448275862
0.5477707006369427 0.593103448275862
0.5443037974683544 0.593103448275862
0.5408805031446541 0.593103448275862
0.5375 0.593103448275862
0.5341614906832298 0.593103448275862
0.5308641975308642 0.593103448275862
0.5276073619631901 0.593103448275862
0.524390243902439 0.593103448275862
0.5212121212121212 0.593103448275862
0.5180722891566265 0.593103448275862
0.5149700598802395 0.593103448275862
0.5119047619047619 0.593103448275862
0.5088757396449705 0.593103448275862
0.5117647058823529 0.6
0.5146198830409356 0.6068965517241379
0.5116279069767442 0.6068965517241379
0.5086705202312138 0.6068965517241379
0.5057471264367817 0.6068965517241379
0.5085714285714286 0.6137931034482759
0.5113636363636364 0.6206896551724138
0.5084745762711864 0.6206896551724138
0.5056179775280899 0.6206896551724138
0.5027932960893855 0.6206896551724138
0.5055555555555555 0.6275862068965518
0.5082872928176796 0.6344827586206897
0.510989010989011 0.6413793103448275
0.5136612021857924 0.6482758620689655
0.5163043478260869 0.6551724137931034
0.518918918918919 0.6620689655172414
0.5161290322580645 0.6620689655172414
0.5133689839572193 0.6620689655172414
0.5159574468085106 0.6689655172413793
0.5132275132275133 0.6689655172413793
0.5105263157894737 0.6689655172413793
0.5078534031413613 0.6689655172413793
0.5052083333333334 0.6689655172413793
0.5025906735751295 0.6689655172413793
0.5 0.6689655172413793
0.49743589743589745 0.6689655172413793
0.49489795918367346 0.6689655172413793
0.49238578680203043 0.6689655172413793
0.4898989898989899 0.6689655172413793
0.48743718592964824 0.6689655172413793
0.485 0.6689655172413793
0.48258706467661694 0.6689655172413793
0.4801980198019802 0.6689655172413793
0.47783251231527096 0.6689655172413793
0.47549019607843135 0.6689655172413793
0.47317073170731705 0.6689655172413793
0.470873786407767 0.6689655172413793
0.47342995169082125 0.6758620689655173
0.47596153846153844 0.6827586206896552
0.47368421052631576 0.6827586206896552
0.4714285714285714 0.6827586206896552
0.46919431279620855 0.6827586206896552
0.4669811320754717 0.6827586206896552
0.4647887323943662 0.6827586206896552
0.46261682242990654 0.6827586206896552
0.46511627906976744 0.6896551724137931
0.4675925925925926 0.696551724137931
0.46543778801843316 0.696551724137931
0.463302752293578 0.696551724137931
0.4657534246575342 0.7034482758620689
0.4636363636363636 0.7034482758620689
0.46153846153846156 0.7034482758620689
0.4594594594594595 0.7034482758620689
0.45739910313901344 0.7034482758620689
0.45535714285714285 0.7034482758620689
0.4533333333333333 0.7034482758620689
0.45132743362831856 0.7034482758620689
0.44933920704845814 0.7034482758620689
0.4473684210526316 0.7034482758620689
0.44541484716157204 0.7034482758620689
0.4434782608695652 0.7034482758620689
0.44155844155844154 0.7034482758620689
0.4396551724137931 0.7034482758620689
0.43776824034334766 0.7034482758620689
0.4358974358974359 0.7034482758620689
0.4340425531914894 0.7034482758620689
0.4322033898305085 0.7034482758620689
0.43037974683544306 0.7034482758620689
0.42857142857142855 0.7034482758620689
0.42677824267782427 0.7034482758620689
0.425 0.7034482758620689
0.42323651452282157 0.7034482758620689
0.4214876033057851 0.7034482758620689
0.41975308641975306 0.7034482758620689
0.4180327868852459 0.7034482758620689
0.4163265306122449 0.7034482758620689
0.4186991869918699 0.7103448275862069
0.42105263157894735 0.7172413793103448
0.41935483870967744 0.7172413793103448
0.41767068273092367 0.7172413793103448
0.416 0.7172413793103448
0.41434262948207173 0.7172413793103448
0.4126984126984127 0.7172413793103448
0.41106719367588934 0.7172413793103448
0.41338582677165353 0.7241379310344828
0.4117647058823529 0.7241379310344828
0.41015625 0.7241379310344828
0.4085603112840467 0.7241379310344828
0.4069767441860465 0.7241379310344828
0.40540540540540543 0.7241379310344828
0.40384615384615385 0.7241379310344828
0.40229885057471265 0.7241379310344828
0.40076335877862596 0.7241379310344828
0.39923954372623577 0.7241379310344828
0.3977272727272727 0.7241379310344828
0.4 0.7310344827586207
0.39849624060150374 0.7310344827586207
0.40074906367041196 0.7379310344827587
0.39925373134328357 0.7379310344827587
0.40148698884758366 0.7448275862068966
0.40370370370370373 0.7517241379310344
0.4022140221402214 0.7517241379310344
0.4007352941176471 0.7517241379310344
0.3992673992673993 0.7517241379310344
0.3978102189781022 0.7517241379310344
0.39636363636363636 0.7517241379310344
0.39855072463768115 0.7586206896551724
0.3971119133574007 0.7586206896551724
0.39568345323741005 0.7586206896551724
0.3942652329749104 0.7586206896551724
0.39285714285714285 0.7586206896551724
0.3914590747330961 0.7586206896551724
0.39361702127659576 0.7655172413793103
0.392226148409894 0.7655172413793103
0.3908450704225352 0.7655172413793103
0.3894736842105263 0.7655172413793103
0.3916083916083916 0.7724137931034483
0.39372822299651566 0.7793103448275862
0.3958333333333333 0.7862068965517242
0.39792387543252594 0.7931034482758621
0.39655172413793105 0.7931034482758621
0.3951890034364261 0.7931034482758621
0.3938356164383562 0.7931034482758621
0.3924914675767918 0.7931034482758621
0.391156462585034 0.7931034482758621
0.3898305084745763 0.7931034482758621
0.3885135135135135 0.7931034482758621
0.3872053872053872 0.7931034482758621
0.3859060402684564 0.7931034482758621
0.38461538461538464 0.7931034482758621
0.38333333333333336 0.7931034482758621
0.38205980066445183 0.7931034482758621
0.38079470198675497 0.7931034482758621
0.3795379537953795 0.7931034482758621
0.3782894736842105 0.7931034482758621
0.3770491803278688 0.7931034482758621
0.3758169934640523 0.7931034482758621
0.3745928338762215 0.7931034482758621
0.37337662337662336 0.7931034482758621
0.37216828478964403 0.7931034482758621
0.3709677419354839 0.7931034482758621
0.36977491961414793 0.7931034482758621
0.3685897435897436 0.7931034482758621
0.3706070287539936 0.8
0.36942675159235666 0.8
0.3682539682539683 0.8
0.3670886075949367 0.8
0.3659305993690852 0.8
0.36477987421383645 0.8
0.36363636363636365 0.8
0.3625 0.8
0.3613707165109034 0.8
0.36335403726708076 0.8068965517241379
0.3622291021671827 0.8068965517241379
0.3611111111111111 0.8068965517241379
0.36 0.8068965517241379
0.3588957055214724 0.8068965517241379
0.3577981651376147 0.8068965517241379
0.3597560975609756 0.8137931034482758
0.3586626139817629 0.8137931034482758
0.3575757575757576 0.8137931034482758
0.3564954682779456 0.8137931034482758
0.35542168674698793 0.8137931034482758
0.35435435435435436 0.8137931034482758
0.3532934131736527 0.8137931034482758
0.3522388059701492 0.8137931034482758
0.35119047619047616 0.8137931034482758
0.35311572700296734 0.8206896551724138
0.3520710059171598 0.8206896551724138
0.35103244837758113 0.8206896551724138
0.35 0.8206896551724138
0.3489736070381232 0.8206896551724138
0.347953216374269 0.8206896551724138
0.3469387755102041 0.8206896551724138
0.34593023255813954 0.8206896551724138
0.34492753623188405 0.8206896551724138
0.3439306358381503 0.8206896551724138
0.34293948126801155 0.8206896551724138
0.34195402298850575 0.8206896551724138
0.34097421203438394 0.8206896551724138
0.34 0.8206896551724138
0.33903133903133903 0.8206896551724138
0.3380681818181818 0.8206896551724138
0.3371104815864023 0.8206896551724138
0.3361581920903955 0.8206896551724138
0.3352112676056338 0.8206896551724138
0.3342696629213483 0.8206896551724138
0.3333333333333333 0.8206896551724138
0.3324022346368715 0.8206896551724138
0.33147632311977715 0.8206896551724138
0.33055555555555555 0.8206896551724138
0.3296398891966759 0.8206896551724138
0.3287292817679558 0.8206896551724138
0.3278236914600551 0.8206896551724138
0.3269230769230769 0.8206896551724138
0.32602739726027397 0.8206896551724138
0.3251366120218579 0.8206896551724138
0.3242506811989101 0.8206896551724138
0.3233695652173913 0.8206896551724138
0.3224932249322493 0.8206896551724138
0.3216216216216216 0.8206896551724138
0.32075471698113206 0.8206896551724138
0.31989247311827956 0.8206896551724138
0.3190348525469169 0.8206896551724138
0.3181818181818182 0.8206896551724138
0.31733333333333336 0.8206896551724138
0.31648936170212766 0.8206896551724138
0.3156498673740053 0.8206896551724138
0.3148148148148148 0.8206896551724138
0.31398416886543534 0.8206896551724138
0.3131578947368421 0.8206896551724138
0.3123359580052493 0.8206896551724138
0.31413612565445026 0.8275862068965517
0.3133159268929504 0.8275862068965517
0.3125 0.8275862068965517
0.3116883116883117 0.8275862068965517
0.31088082901554404 0.8275862068965517
0.31007751937984496 0.8275862068965517
0.30927835051546393 0.8275862068965517
0.30848329048843187 0.8275862068965517
0.3076923076923077 0.8275862068965517
0.3069053708439898 0.8275862068965517
0.30612244897959184 0.8275862068965517
0.3053435114503817 0.8275862068965517
0.30456852791878175 0.8275862068965517
0.3037974683544304 0.8275862068965517
0.30303030303030304 0.8275862068965517
0.3022670025188917 0.8275862068965517
0.3015075376884422 0.8275862068965517
0.3007518796992481 0.8275862068965517
0.3 0.8275862068965517
0.29925187032418954 0.8275862068965517
0.29850746268656714 0.8275862068965517
0.2977667493796526 0.8275862068965517
0.297029702970297 0.8275862068965517
0.2962962962962963 0.8275862068965517
0.2955665024630542 0.8275862068965517
0.29484029484029484 0.8275862068965517
0.29411764705882354 0.8275862068965517
0.293398533007335 0.8275862068965517
0.2926829268292683 0.8275862068965517
0.291970802919708 0.8275862068965517
0.2912621359223301 0.8275862068965517
0.29055690072639223 0.8275862068965517
0.2898550724637681 0.8275862068965517
0.2891566265060241 0.8275862068965517
0.28846153846153844 0.8275862068965517
0.28776978417266186 0.8275862068965517
0.28708133971291866 0.8275862068965517
0.2863961813842482 0.8275862068965517
0.2857142857142857 0.8275862068965517
0.2850356294536817 0.8275862068965517
0.2843601895734597 0.8275862068965517
0.28368794326241137 0.8275862068965517
0.2830188679245283 0.8275862068965517
0.2823529411764706 0.8275862068965517
0.28169014084507044 0.8275862068965517
0.2810304449648712 0.8275862068965517
0.2803738317757009 0.8275862068965517
0.27972027972027974 0.8275862068965517
0.27906976744186046 0.8275862068965517
0.27842227378190254 0.8275862068965517
0.2777777777777778 0.8275862068965517
0.27713625866050806 0.8275862068965517
0.2764976958525346 0.8275862068965517
0.27586206896551724 0.8275862068965517
0.27522935779816515 0.8275862068965517
0.2745995423340961 0.8275862068965517
0.273972602739726 0.8275862068965517
0.2733485193621868 0.8275862068965517
0.2727272727272727 0.8275862068965517
0.272108843537415 0.8275862068965517
0.27149321266968324 0.8275862068965517
0.2708803611738149 0.8275862068965517
0.2702702702702703 0.8275862068965517
0.2696629213483146 0.8275862068965517
0.26905829596412556 0.8275862068965517
0.2684563758389262 0.8275862068965517
0.26785714285714285 0.8275862068965517
0.267260579064588 0.8275862068965517
0.26666666666666666 0.8275862068965517
0.2660753880266075 0.8275862068965517
0.26548672566371684 0.8275862068965517
0.26490066225165565 0.8275862068965517
0.2643171806167401 0.8275862068965517
0.26373626373626374 0.8275862068965517
0.2631578947368421 0.8275862068965517
0.26258205689277897 0.8275862068965517
0.26200873362445415 0.8275862068965517
0.26143790849673204 0.8275862068965517
0.2608695652173913 0.8275862068965517
0.2603036876355748 0.8275862068965517
0.2597402597402597 0.8275862068965517
0.2591792656587473 0.8275862068965517
0.25862068965517243 0.8275862068965517
0.25806451612903225 0.8275862068965517
0.2575107296137339 0.8275862068965517
0.2569593147751606 0.8275862068965517
0.2564102564102564 0.8275862068965517
0.255863539445629 0.8275862068965517
0.2553191489361702 0.8275862068965517
0.25477707006369427 0.8275862068965517
0.2542372881355932 0.8275862068965517
0.2536997885835095 0.8275862068965517
0.25316455696202533 0.8275862068965517
0.25263157894736843 0.8275862068965517
0.25210084033613445 0.8275862068965517
0.25157232704402516 0.8275862068965517
0.2510460251046025 0.8275862068965517
0.25052192066805845 0.8275862068965517
0.25 0.8275862068965517
0.2494802494802495 0.8275862068965517
0.24896265560165975 0.8275862068965517
0.2484472049689441 0.8275862068965517
0.24793388429752067 0.8275862068965517
0.24742268041237114 0.8275862068965517
0.24691358024691357 0.8275862068965517
0.2464065708418891 0.8275862068965517
0.2459016393442623 0.8275862068965517
0.24539877300613497 0.8275862068965517
0.24489795918367346 0.8275862068965517
0.24439918533604887 0.8275862068965517
0.24390243902439024 0.8275862068965517
0.2434077079107505 0.8275862068965517
0.242914979757085 0.8275862068965517
0.24242424242424243 0.8275862068965517
0.24193548387096775 0.8275862068965517
0.2414486921529175 0.8275862068965517
0.24096385542168675 0.8275862068965517
0.24048096192384769 0.8275862068965517
0.24 0.8275862068965517
0.23952095808383234 0.8275862068965517
0.23904382470119523 0.8275862068965517
0.23856858846918488 0.8275862068965517
0.23809523809523808 0.8275862068965517
0.2376237623762376 0.8275862068965517
0.23715415019762845 0.8275862068965517
0.23668639053254437 0.8275862068965517
0.23622047244094488 0.8275862068965517
0.2357563850687623 0.8275862068965517
0.23529411764705882 0.8275862068965517
0.23483365949119372 0.8275862068965517
0.234375 0.8275862068965517
0.23391812865497075 0.8275862068965517
0.23346303501945526 0.8275862068965517
0.23300970873786409 0.8275862068965517
0.23255813953488372 0.8275862068965517
0.23210831721470018 0.8275862068965517
0.23166023166023167 0.8275862068965517
0.23121387283236994 0.8275862068965517
0.23076923076923078 0.8275862068965517
0.23032629558541268 0.8275862068965517
0.22988505747126436 0.8275862068965517
0.2294455066921606 0.8275862068965517
0.22900763358778625 0.8275862068965517
0.22857142857142856 0.8275862068965517
0.22813688212927757 0.8275862068965517
0.22770398481973433 0.8275862068965517
0.22727272727272727 0.8275862068965517
0.22684310018903592 0.8275862068965517
0.22641509433962265 0.8275862068965517
0.22598870056497175 0.8275862068965517
0.22556390977443608 0.8275862068965517
0.225140712945591 0.8275862068965517
0.2247191011235955 0.8275862068965517
0.22429906542056074 0.8275862068965517
0.22388059701492538 0.8275862068965517
0.22346368715083798 0.8275862068965517
0.22304832713754646 0.8275862068965517
0.22263450834879406 0.8275862068965517
0.2222222222222222 0.8275862068965517
0.22181146025878004 0.8275862068965517
0.22140221402214022 0.8275862068965517
0.22099447513812154 0.8275862068965517
0.22058823529411764 0.8275862068965517
0.22018348623853212 0.8275862068965517
0.21978021978021978 0.8275862068965517
0.21937842778793418 0.8275862068965517
0.21897810218978103 0.8275862068965517
0.2185792349726776 0.8275862068965517
0.21818181818181817 0.8275862068965517
0.2177858439201452 0.8275862068965517
0.21739130434782608 0.8275862068965517
0.21699819168173598 0.8275862068965517
0.21660649819494585 0.8275862068965517
0.21621621621621623 0.8275862068965517
0.2158273381294964 0.8275862068965517
0.21543985637342908 0.8275862068965517
0.21505376344086022 0.8275862068965517
0.2146690518783542 0.8275862068965517
0.21428571428571427 0.8275862068965517
0.21390374331550802 0.8275862068965517
0.21352313167259787 0.8275862068965517
0.21314387211367672 0.8275862068965517
0.2127659574468085 0.8275862068965517
0.21238938053097345 0.8275862068965517
0.21201413427561838 0.8275862068965517
0.21164021164021163 0.8275862068965517
0.2112676056338028 0.8275862068965517
0.210896309314587 0.8275862068965517
0.21052631578947367 0.8275862068965517
0.21015761821366025 0.8275862068965517
0.2097902097902098 0.8275862068965517
0.2094240837696335 0.8275862068965517
0.20905923344947736 0.8275862068965517
0.20869565217391303 0.8275862068965517
0.20833333333333334 0.8275862068965517
0.20797227036395147 0.8275862068965517
0.20761245674740483 0.8275862068965517
0.20725388601036268 0.8275862068965517
0.20689655172413793 0.8275862068965517
0.20654044750430292 0.8275862068965517
0.20618556701030927 0.8275862068965517
0.2058319039451115 0.8275862068965517
0.2054794520547945 0.8275862068965517
0.20512820512820512 0.8275862068965517
0.20477815699658702 0.8275862068965517
0.20442930153321975 0.8275862068965517
0.20408163265306123 0.8275862068965517
0.2037351443123939 0.8275862068965517
0.2033898305084746 0.8275862068965517
0.20304568527918782 0.8275862068965517
0.20270270270270271 0.8275862068965517
0.20236087689713322 0.8275862068965517
0.20202020202020202 0.8275862068965517
0.20168067226890757 0.8275862068965517
0.20134228187919462 0.8275862068965517
0.20100502512562815 0.8275862068965517
0.20066889632107024 0.8275862068965517
0.2003338898163606 0.8275862068965517
0.2 0.8275862068965517
0.19966722129783693 0.8275862068965517
0.19933554817275748 0.8275862068965517
0.19900497512437812 0.8275862068965517
0.1986754966887417 0.8275862068965517
0.19834710743801653 0.8275862068965517
0.19801980198019803 0.8275862068965517
0.19769357495881384 0.8275862068965517
0.19736842105263158 0.8275862068965517
0.19704433497536947 0.8275862068965517
0.19672131147540983 0.8275862068965517
0.19639934533551553 0.8275862068965517
0.19607843137254902 0.8275862068965517
0.19575856443719414 0.8275862068965517
0.19543973941368079 0.8275862068965517
0.1951219512195122 0.8275862068965517
0.19480519480519481 0.8275862068965517
0.19448946515397084 0.8275862068965517
0.1941747572815534 0.8275862068965517
0.1938610662358643 0.8275862068965517
0.1935483870967742 0.8275862068965517
0.1932367149758454 0.8275862068965517
0.19292604501607716 0.8275862068965517
0.1926163723916533 0.8275862068965517
0.19230769230769232 0.8275862068965517
0.192 0.8275862068965517
0.19169329073482427 0.8275862068965517
0.19138755980861244 0.8275862068965517
0.1910828025477707 0.8275862068965517
0.1907790143084261 0.8275862068965517
0.19047619047619047 0.8275862068965517
0.1901743264659271 0.8275862068965517
0.189873417721519 0.8275862068965517
0.1895734597156398 0.8275862068965517
0.1892744479495268 0.8275862068965517
0.19055118110236222 0.8344827586206897
0.19025157232704404 0.8344827586206897
0.18995290423861852 0.8344827586206897
0.1896551724137931 0.8344827586206897
0.18935837245696402 0.8344827586206897
0.1890625 0.8344827586206897
0.18876755070202808 0.8344827586206897
0.18847352024922118 0.8344827586206897
0.18818040435458788 0.8344827586206897
0.18788819875776397 0.8344827586206897
0.1875968992248062 0.8344827586206897
0.1873065015479876 0.8344827586206897
0.18701700154559506 0.8344827586206897
0.1867283950617284 0.8344827586206897
0.1864406779661017 0.8344827586206897
0.18615384615384614 0.8344827586206897
0.1858678955453149 0.8344827586206897
0.18558282208588958 0.8344827586206897
0.18529862174578868 0.8344827586206897
0.18501529051987767 0.8344827586206897
0.18473282442748093 0.8344827586206897
0.18445121951219512 0.8344827586206897
0.1841704718417047 0.8344827586206897
0.18541033434650456 0.8413793103448276
0.18512898330804248 0.8413793103448276
0.18484848484848485 0.8413793103448276
0.18456883509833585 0.8413793103448276
0.18429003021148035 0.8413793103448276
0.18401206636500755 0.8413793103448276
0.18373493975903615 0.8413793103448276
0.18345864661654135 0.8413793103448276
0.1831831831831832 0.8413793103448276
0.18290854572713644 0.8413793103448276
0.18263473053892215 0.8413793103448276
0.18236173393124067 0.8413793103448276
0.18208955223880596 0.8413793103448276
0.18181818181818182 0.8413793103448276
0.18154761904761904 0.8413793103448276
0.1812778603268945 0.8413793103448276
0.18100890207715134 0.8413793103448276
0.18074074074074073 0.8413793103448276
0.1804733727810651 0.8413793103448276
0.18020679468242246 0.8413793103448276
0.17994100294985252 0.8413793103448276
0.1796759941089838 0.8413793103448276
0.17941176470588235 0.8413793103448276
0.18061674008810572 0.8482758620689655
0.18181818181818182 0.8551724137931035
0.1815519765739385 0.8551724137931035
0.18128654970760233 0.8551724137931035
0.181021897810219 0.8551724137931035
0.18075801749271136 0.8551724137931035
0.1804949053857351 0.8551724137931035
0.18023255813953487 0.8551724137931035
0.1799709724238026 0.8551724137931035
0.17971014492753623 0.8551724137931035
0.17945007235890015 0.8551724137931035
0.1791907514450867 0.8551724137931035
0.17893217893217894 0.8551724137931035
0.18011527377521613 0.8620689655172413
0.18129496402877698 0.8689655172413793
0.1810344827586207 0.8689655172413793
0.18077474892395984 0.8689655172413793
0.18051575931232092 0.8689655172413793
0.18025751072961374 0.8689655172413793
0.18 0.8689655172413793
0.1797432239657632 0.8689655172413793
0.1794871794871795 0.8689655172413793
0.17923186344238975 0.8689655172413793
0.17897727272727273 0.8689655172413793
0.17872340425531916 0.8689655172413793
0.17847025495750707 0.8689655172413793
0.1782178217821782 0.8689655172413793
0.17796610169491525 0.8689655172413793
0.1777150916784203 0.8689655172413793
0.17746478873239438 0.8689655172413793
0.17721518987341772 0.8689655172413793
0.17696629213483145 0.8689655172413793
0.1767180925666199 0.8689655172413793
0.17647058823529413 0.8689655172413793
0.17622377622377622 0.8689655172413793
0.17597765363128492 0.8689655172413793
0.17573221757322174 0.8689655172413793
0.17548746518105848 0.8689655172413793
0.17524339360222532 0.8689655172413793
0.175 0.8689655172413793
0.17475728155339806 0.8689655172413793
0.1745152354570637 0.8689655172413793
0.17427385892116182 0.8689655172413793
0.17403314917127072 0.8689655172413793
0.17379310344827587 0.8689655172413793
0.17355371900826447 0.8689655172413793
0.1733149931224209 0.8689655172413793
0.17307692307692307 0.8689655172413793
0.1728395061728395 0.8689655172413793
0.1726027397260274 0.8689655172413793
0.17236662106703146 0.8689655172413793
0.1721311475409836 0.8689655172413793
0.17189631650750342 0.8689655172413793
0.17166212534059946 0.8689655172413793
0.17142857142857143 0.8689655172413793
0.17119565217391305 0.8689655172413793
0.17096336499321574 0.8689655172413793
0.17073170731707318 0.8689655172413793
0.17185385656292287 0.8758620689655172
0.17162162162162162 0.8758620689655172
0.17139001349527666 0.8758620689655172
0.1711590296495957 0.8758620689655172
0.17227456258411844 0.8827586206896552
0.17204301075268819 0.8827586206896552
0.17181208053691274 0.8827586206896552
0.17158176943699732 0.8827586206896552
0.1713520749665328 0.8827586206896552
0.1711229946524064 0.8827586206896552
0.17089452603471295 0.8827586206896552
0.17066666666666666 0.8827586206896552
0.170439414114514 0.8827586206896552
0.1702127659574468 0.8827586206896552
0.1699867197875166 0.8827586206896552
0.16976127320954906 0.8827586206896552
0.1695364238410596 0.8827586206896552
0.1693121693121693 0.8827586206896552
0.1690885072655218 0.8827586206896552
0.16886543535620052 0.8827586206896552
0.1686429512516469 0.8827586206896552
0.16842105263157894 0.8827586206896552
0.16819973718791065 0.8827586206896552
0.1679790026246719 0.8827586206896552
0.16775884665792923 0.8827586206896552
0.16753926701570682 0.8827586206896552
0.16732026143790849 0.8827586206896552
0.1671018276762402 0.8827586206896552
0.16688396349413298 0.8827586206896552
0.16666666666666666 0.8827586206896552
0.16644993498049415 0.8827586206896552
0.16623376623376623 0.8827586206896552
0.16601815823605706 0.8827586206896552
0.16580310880829016 0.8827586206896552
0.16558861578266496 0.8827586206896552
0.165374677002584 0.8827586206896552
0.16516129032258065 0.8827586206896552
0.16494845360824742 0.8827586206896552
0.16473616473616473 0.8827586206896552
0.16452442159383032 0.8827586206896552
0.1643132220795892 0.8827586206896552
0.1641025641025641 0.8827586206896552
0.16389244558258642 0.8827586206896552
0.1636828644501279 0.8827586206896552
0.16347381864623245 0.8827586206896552
0.16326530612244897 0.8827586206896552
0.16305732484076432 0.8827586206896552
0.1628498727735369 0.8827586206896552
0.16264294790343076 0.8827586206896552
0.16243654822335024 0.8827586206896552
0.16223067173637515 0.8827586206896552
0.1620253164556962 0.8827586206896552
0.16182048040455121 0.8827586206896552
0.16161616161616163 0.8827586206896552
0.1614123581336696 0.8827586206896552
0.16120906801007556 0.8827586206896552
0.1610062893081761 0.8827586206896552
0.16080402010050251 0.8827586206896552
0.1606022584692597 0.8827586206896552
0.16040100250626566 0.8827586206896552
0.16020025031289112 0.8827586206896552
0.16 0.8827586206896552
0.15980024968789014 0.8827586206896552
0.1596009975062344 0.8827586206896552
0.15940224159402241 0.8827586206896552
0.15920398009950248 0.8827586206896552
0.15900621118012423 0.8827586206896552
0.1588089330024814 0.8827586206896552
0.15861214374225527 0.8827586206896552
0.15965346534653466 0.8896551724137931
0.15945611866501855 0.8896551724137931
0.15925925925925927 0.8896551724137931
0.15906288532675708 0.8896551724137931
0.15886699507389163 0.8896551724137931
0.15867158671586715 0.8896551724137931
0.15847665847665848 0.8896551724137931
0.15828220858895706 0.8896551724137931
0.15808823529411764 0.8896551724137931
0.15789473684210525 0.8896551724137931
0.15770171149144255 0.8896551724137931
0.1575091575091575 0.8896551724137931
0.1573170731707317 0.8896551724137931
0.15712545676004872 0.8896551724137931
0.15693430656934307 0.8896551724137931
0.15674362089914945 0.8896551724137931
0.15776699029126215 0.896551724137931
0.15757575757575756 0.896551724137931
0.15738498789346247 0.896551724137931
0.15719467956469166 0.896551724137931
0.1570048309178744 0.896551724137931
0.15681544028950542 0.896551724137931
0.1566265060240964 0.896551724137931
0.15643802647412755 0.896551724137931
0.15625 0.896551724137931
0.15606242496998798 0.896551724137931
0.15587529976019185 0.896551724137931
0.15568862275449102 0.896551724137931
0.15550239234449761 0.896551724137931
0.15531660692951016 0.896551724137931
0.15513126491646778 0.896551724137931
0.15494636471990464 0.896551724137931
0.15476190476190477 0.896551724137931
0.1545778834720571 0.896551724137931
0.1543942992874109 0.896551724137931
0.1542111506524318 0.896551724137931
0.15402843601895735 0.896551724137931
0.15384615384615385 0.896551724137931
0.1536643026004728 0.896551724137931
0.15348288075560804 0.896551724137931
0.15330188679245282 0.896551724137931
0.15312131919905772 0.896551724137931
0.15294117647058825 0.896551724137931
0.15276145710928318 0.896551724137931
0.15258215962441316 0.896551724137931
0.15240328253223914 0.896551724137931
0.1522248243559719 0.896551724137931
0.15204678362573099 0.896551724137931
0.15186915887850466 0.896551724137931
0.1516919486581097 0.896551724137931
0.15151515151515152 0.896551724137931
0.15133876600698487 0.896551724137931
0.1511627906976744 0.896551724137931
0.15098722415795587 0.896551724137931
0.15081206496519722 0.896551724137931
0.15063731170336037 0.896551724137931
0.15046296296296297 0.896551724137931
0.15028901734104047 0.896551724137931
0.15011547344110854 0.896551724137931
0.14994232987312572 0.896551724137931
0.1497695852534562 0.896551724137931
0.14959723820483314 0.896551724137931
0.14942528735632185 0.896551724137931
0.14925373134328357 0.896551724137931
0.14908256880733944 0.896551724137931
0.14891179839633448 0.896551724137931
0.14874141876430205 0.896551724137931
0.14857142857142858 0.896551724137931
0.14840182648401826 0.896551724137931
0.14823261117445838 0.896551724137931
0.1480637813211845 0.896551724137931
0.14789533560864618 0.896551724137931
0.14772727272727273 0.896551724137931
0.14755959137343927 0.896551724137931
0.1473922902494331 0.896551724137931
0.14722536806342015 0.896551724137931
0.14705882352941177 0.896551724137931
0.14689265536723164 0.896551724137931
0.14672686230248308 0.896551724137931
0.14656144306651633 0.896551724137931
0.14752252252252251 0.903448275862069
0.14735658042744657 0.903448275862069
0.14831460674157304 0.9103448275862069
0.14814814814814814 0.9103448275862069
0.14798206278026907 0.9103448275862069
0.14781634938409854 0.9103448275862069
0.1476510067114094 0.9103448275862069
0.14748603351955308 0.9103448275862069
0.1484375 0.9172413793103448
0.14827201783723523 0.9172413793103448
0.14810690423162584 0.9172413793103448
0.14794215795328142 0.9172413793103448
0.14777777777777779 0.9172413793103448
0.14761376248612654 0.9172413793103448
0.14745011086474502 0.9172413793103448
0.14728682170542637 0.9172413793103448
0.14712389380530974 0.9172413793103448
0.14696132596685083 0.9172413793103448
0.1467991169977925 0.9172413793103448
0.1466372657111356 0.9172413793103448
0.14647577092511013 0.9172413793103448
0.14631463146314633 0.9172413793103448
0.14615384615384616 0.9172413793103448
0.145993413830955 0.9172413793103448
0.14583333333333334 0.9172413793103448
0.1456736035049288 0.9172413793103448
0.14551422319474835 0.9172413793103448
0.1453551912568306 0.9172413793103448
0.14519650655021835 0.9172413793103448
0.1450381679389313 0.9172413793103448
0.144880174291939 0.9172413793103448
0.14472252448313383 0.9172413793103448
0.14456521739130435 0.9172413793103448
0.1444082519001086 0.9172413793103448
0.1442516268980477 0.9172413793103448
0.14409534127843987 0.9172413793103448
0.14393939393939395 0.9172413793103448
0.1437837837837838 0.9172413793103448
0.14362850971922247 0.9172413793103448
0.14347357065803668 0.9172413793103448
0.14331896551724138 0.9172413793103448
0.14316469321851452 0.9172413793103448
0.14301075268817204 0.9172413793103448
0.14285714285714285 0.9172413793103448
0.1427038626609442 0.9172413793103448
0.14255091103965703 0.9172413793103448
0.1423982869379015 0.9172413793103448
0.14224598930481283 0.9172413793103448
0.1420940170940171 0.9172413793103448
0.14194236926360726 0.9172413793103448
0.1417910447761194 0.9172413793103448
0.14164004259850904 0.9172413793103448
0.14148936170212767 0.9172413793103448
0.14133900106269925 0.9172413793103448
0.14118895966029724 0.9172413793103448
0.14103923647932132 0.9172413793103448
0.1408898305084746 0.9172413793103448
0.14074074074074075 0.9172413793103448
0.14059196617336153 0.9172413793103448
0.14149947201689547 0.9241379310344827
0.14135021097046413 0.9241379310344827
0.14120126448893572 0.9241379310344827
0.14105263157894737 0.9241379310344827
0.14090431125131442 0.9241379310344827
0.1407563025210084 0.9241379310344827
0.14060860440713535 0.9241379310344827
0.14046121593291405 0.9241379310344827
0.14031413612565444 0.9241379310344827
0.1401673640167364 0.9241379310344827
0.1400208986415883 0.9241379310344827
0.13987473903966596 0.9241379310344827
0.1397288842544317 0.9241379310344827
0.13958333333333334 0.9241379310344827
0.13943808532778357 0.9241379310344827
0.1392931392931393 0.9241379310344827
0.1391484942886812 0.9241379310344827
0.13900414937759337 0.9241379310344827
0.138860103626943 0.9241379310344827
0.13871635610766045 0.9241379310344827
0.13857290589451912 0.9241379310344827
0.1384297520661157 0.9241379310344827
0.13828689370485037 0.9241379310344827
0.13814432989690723 0.9241379310344827
0.1380020597322348 0.9241379310344827
0.13786008230452676 0.9241379310344827
0.13771839671120248 0.9241379310344827
0.1375770020533881 0.9241379310344827
0.13743589743589743 0.9241379310344827
0.13729508196721313 0.9241379310344827
0.13715455475946775 0.9241379310344827
0.13701431492842536 0.9241379310344827
0.13687436159346272 0.9241379310344827
0.13673469387755102 0.9241379310344827
0.1365953109072375 0.9241379310344827
0.1364562118126273 0.9241379310344827
0.1363173957273652 0.9241379310344827
0.13617886178861788 0.9241379310344827
0.13604060913705585 0.9241379310344827
0.1359026369168357 0.9241379310344827
0.13576494427558258 0.9241379310344827
0.13562753036437247 0.9241379310344827
0.13549039433771487 0.9241379310344827
0.13535353535353536 0.9241379310344827
0.13521695257315844 0.9241379310344827
0.1350806451612903 0.9241379310344827
0.13494461228600202 0.9241379310344827
0.13480885311871227 0.9241379310344827
0.13467336683417086 0.9241379310344827
0.13453815261044177 0.9241379310344827
0.13440320962888666 0.9241379310344827
0.1342685370741483 0.9241379310344827
0.13413413413413414 0.9241379310344827
0.134 0.9241379310344827
0.13386613386613386 0.9241379310344827
0.13373253493013973 0.9241379310344827
0.13359920239282153 0.9241379310344827
0.13346613545816732 0.9241379310344827
0.13333333333333333 0.9241379310344827
0.13320079522862824 0.9241379310344827
0.13306852035749753 0.9241379310344827
0.13293650793650794 0.9241379310344827
0.13280475718533202 0.9241379310344827
0.13267326732673268 0.9241379310344827
0.13254203758654798 0.9241379310344827
0.1324110671936759 0.9241379310344827
0.13228035538005922 0.9241379310344827
0.13214990138067062 0.9241379310344827
0.13201970443349753 0.9241379310344827
0.13188976377952755 0.9241379310344827
0.13176007866273354 0.9241379310344827
0.13163064833005894 0.9241379310344827
0.13150147203140333 0.9241379310344827
0.13137254901960785 0.9241379310344827
0.13124387855044076 0.9241379310344827
0.13111545988258316 0.9241379310344827
0.13098729227761485 0.9241379310344827
0.130859375 0.9241379310344827
0.13073170731707318 0.9241379310344827
0.13060428849902533 0.9241379310344827
0.13047711781888996 0.9241379310344827
0.1303501945525292 0.9241379310344827
0.13022351797862003 0.9241379310344827
0.13009708737864079 0.9241379310344827
0.12997090203685743 0.9241379310344827
0.1298449612403101 0.9241379310344827
0.12971926427879962 0.9241379310344827
0.12959381044487428 0.9241379310344827
0.1294685990338164 0.9241379310344827
0.12934362934362933 0.9241379310344827
0.12921890067502412 0.9241379310344827
0.12909441233140656 0.9241379310344827
0.1289701636188643 0.9241379310344827
0.12884615384615383 0.9241379310344827
0.1287223823246878 0.9241379310344827
0.12859884836852206 0.9241379310344827
0.12847555129434324 0.9241379310344827
0.12835249042145594 0.9241379310344827
0.12822966507177033 0.9241379310344827
0.12810707456978968 0.9241379310344827
0.1279847182425979 0.9241379310344827
0.12786259541984732 0.9241379310344827
0.12774070543374644 0.9241379310344827
0.12761904761904763 0.9241379310344827
0.12749762131303521 0.9241379310344827
0.12737642585551331 0.9241379310344827
0.12725546058879392 0.9241379310344827
0.127134724857685 0.9241379310344827
0.12701421800947868 0.9241379310344827
0.1268939393939394 0.9241379310344827
0.12677388836329234 0.9241379310344827
0.1266540642722117 0.9241379310344827
0.12653446647780925 0.9241379310344827
0.12641509433962264 0.9241379310344827
0.12629594721960416 0.9241379310344827
0.12617702448210924 0.9241379310344827
0.12605832549388524 0.9241379310344827
0.12593984962406016 0.9241379310344827
0.12582159624413145 0.9241379310344827
0.12570356472795496 0.9241379310344827
0.12558575445173384 0.9241379310344827
0.1254681647940075 0.9241379310344827
0.1253507951356408 0.9241379310344827
0.1252336448598131 0.9241379310344827
0.12511671335200747 0.9241379310344827
0.125 0.9241379310344827
0.12488350419384903 0.9241379310344827
0.12476722532588454 0.9241379310344827
0.12465116279069767 0.9241379310344827
0.12453531598513011 0.9241379310344827
0.1244196843082637 0.9241379310344827
0.12430426716141002 0.9241379310344827
0.12418906394810009 0.9241379310344827
0.12407407407407407 0.9241379310344827
0.12488436632747456 0.9310344827586207
0.12476894639556377 0.9310344827586207
0.12465373961218837 0.9310344827586207
0.12453874538745388 0.9310344827586207
0.12442396313364056 0.9310344827586207
0.12430939226519337 0.9310344827586207
0.12419503219871206 0.9310344827586207
0.12408088235294118 0.9310344827586207
0.12396694214876033 0.9310344827586207
0.12385321100917432 0.9310344827586207
0.12373968835930339 0.9310344827586207
0.12362637362637363 0.9310344827586207
0.12351326623970722 0.9310344827586207
0.12340036563071298 0.9310344827586207
0.1232876712328767 0.9310344827586207
0.12317518248175183 0.9310344827586207
0.12306289881494986 0.9310344827586207
0.12295081967213115 0.9310344827586207
0.12283894449499545 0.9310344827586207
0.12272727272727273 0.9310344827586207
0.1226158038147139 0.9310344827586207
0.12250453720508167 0.9310344827586207
0.12239347234814144 0.9310344827586207
0.12228260869565218 0.9310344827586207
0.12217194570135746 0.9310344827586207
0.1220614828209765 0.9310344827586207
0.12195121951219512 0.9310344827586207
0.12184115523465704 0.9310344827586207
0.12173128944995491 0.9310344827586207
0.12162162162162163 0.9310344827586207
0.12151215121512152 0.9310344827586207
0.12140287769784172 0.9310344827586207
0.12129380053908356 0.9310344827586207
0.12118491921005387 0.9310344827586207
0.1210762331838565 0.9310344827586207
0.12096774193548387 0.9310344827586207
0.12085944494180842 0.9310344827586207
0.12075134168157424 0.9310344827586207
0.12064343163538874 0.9310344827586207
0.12053571428571429 0.9310344827586207
0.12042818911685994 0.9310344827586207
0.12032085561497326 0.9310344827586207
0.12021371326803205 0.9310344827586207
0.1201067615658363 0.9310344827586207
0.12 0.9310344827586207
0.11989342806394317 0.9310344827586207
0.11978704525288376 0.9310344827586207
0.1196808510638298 0.9310344827586207
0.1195748449955713 0.9310344827586207
0.11946902654867257 0.9310344827586207
0.11936339522546419 0.9310344827586207
0.11925795053003534 0.9310344827586207
0.11915269196822595 0.9310344827586207
0.11904761904761904 0.9310344827586207
0.11894273127753303 0.9310344827586207
0.11883802816901408 0.9310344827586207
0.11873350923482849 0.9310344827586207
0.11862917398945519 0.9310344827586207
0.11852502194907814 0.9310344827586207
0.11842105263157894 0.9310344827586207
0.11831726555652936 0.9310344827586207
0.11821366024518389 0.9310344827586207
0.11811023622047244 0.9310344827586207
0.11800699300699301 0.9310344827586207
0.11790393013100436 0.9310344827586207
0.11780104712041885 0.9310344827586207
0.11769834350479512 0.9310344827586207
0.11759581881533102 0.9310344827586207
0.1174934725848564 0.9310344827586207
0.11739130434782609 0.9310344827586207
0.11728931364031277 0.9310344827586207
0.1171875 0.9310344827586207
0.1170858629661752 0.9310344827586207
0.1169844020797227 0.9310344827586207
0.11688311688311688 0.9310344827586207
0.11678200692041522 0.9310344827586207
0.11668107173725151 0.9310344827586207
0.11658031088082901 0.9310344827586207
0.11647972389991372 0.9310344827586207
0.11637931034482758 0.9310344827586207
0.11627906976744186 0.9310344827586207
0.11617900172117039 0.9310344827586207
0.11607910576096303 0.9310344827586207
0.11597938144329897 0.9310344827586207
0.11587982832618025 0.9310344827586207
0.11663807890222985 0.9379310344827586
0.11653813196229648 0.9379310344827586
0.11643835616438356 0.9379310344827586
0.11633875106929 0.9379310344827586
0.11623931623931624 0.9379310344827586
0.1161400512382579 0.9379310344827586
0.11604095563139932 0.9379310344827586
0.11594202898550725 0.9379310344827586
0.11584327086882454 0.9379310344827586
0.11574468085106383 0.9379310344827586
0.11564625850340136 0.9379310344827586
0.11554800339847068 0.9379310344827586
0.11544991511035653 0.9379310344827586
0.11535199321458864 0.9379310344827586
0.1152542372881356 0.9379310344827586
0.11515664690939881 0.9379310344827586
0.11505922165820642 0.9379310344827586
0.11496196111580727 0.9379310344827586
0.11486486486486487 0.9379310344827586
0.11476793248945148 0.9379310344827586
0.11467116357504216 0.9379310344827586
0.11457455770850884 0.9379310344827586
0.11447811447811448 0.9379310344827586
0.11438183347350715 0.9379310344827586
0.11428571428571428 0.9379310344827586
0.11418975650713686 0.9379310344827586
0.11409395973154363 0.9379310344827586
0.11399832355406538 0.9379310344827586
0.11390284757118928 0.9379310344827586
0.11380753138075314 0.9379310344827586
0.11371237458193979 0.9379310344827586
0.1136173767752715 0.9379310344827586
0.11352253756260434 0.9379310344827586
0.1134278565471226 0.9379310344827586
0.11333333333333333 0.9379310344827586
0.11323896752706078 0.9379310344827586
0.11314475873544093 0.9379310344827586
0.11305070656691604 0.9379310344827586
0.11295681063122924 0.9379310344827586
0.11286307053941909 0.9379310344827586
0.11276948590381426 0.9379310344827586
0.11267605633802817 0.9379310344827586
0.11258278145695365 0.9379310344827586
0.11248966087675766 0.9379310344827586
0.11239669421487604 0.9379310344827586
0.11230388109000826 0.9379310344827586
0.11221122112211221 0.9379310344827586
0.11211871393239901 0.9379310344827586
0.11202635914332784 0.9379310344827586
0.11193415637860082 0.9379310344827586
0.1118421052631579 0.9379310344827586
0.11175020542317174 0.9379310344827586
0.1116584564860427 0.9379310344827586
0.11156685808039377 0.9379310344827586
0.11147540983606558 0.9379310344827586
0.11138411138411139 0.9379310344827586
0.11211129296235679 0.9448275862068966
0.11201962387571546 0.9448275862068966
0.1119281045751634 0.9448275862068966
0.11183673469387755 0.9448275862068966
0.11174551386623165 0.9448275862068966
0.11165444172779136 0.9448275862068966
0.11156351791530944 0.9448275862068966
0.1114727420667209 0.9448275862068966
0.11138211382113822 0.9448275862068966
0.11129163281884646 0.9448275862068966
0.1112012987012987 0.9448275862068966
0.1111111111111111 0.9448275862068966
0.11102106969205834 0.9448275862068966
0.11093117408906883 0.9448275862068966
0.11084142394822007 0.9448275862068966
0.11075181891673404 0.9448275862068966
0.11066235864297254 0.9448275862068966
0.11057304277643261 0.9448275862068966
0.11048387096774194 0.9448275862068966
0.11039484286865431 0.9448275862068966
0.11030595813204509 0.9448275862068966
0.11021721641190668 0.9448275862068966
0.11012861736334405 0.9448275862068966
0.11004016064257029 0.9448275862068966
0.10995184590690209 0.9448275862068966
0.10986367281475541 0.9448275862068966
0.10977564102564102 0.9448275862068966
0.10968775020016013 0.9448275862068966
0.1096 0.9448275862068966
0.10951239008792965 0.9448275862068966
0.10942492012779553 0.9448275862068966
0.10933758978451716 0.9448275862068966
0.10925039872408293 0.9448275862068966
0.10916334661354582 0.9448275862068966
0.10907643312101911 0.9448275862068966
0.10898965791567224 0.9448275862068966
0.10890302066772654 0.9448275862068966
0.10881652104845115 0.9448275862068966
0.10873015873015873 0.9448275862068966
0.10864393338620143 0.9448275862068966
0.10855784469096671 0.9448275862068966
0.10847189231987332 0.9448275862068966
0.10838607594936708 0.9448275862068966
0.108300395256917 0.9448275862068966
0.10821484992101106 0.9448275862068966
0.10812943962115233 0.9448275862068966
0.10804416403785488 0.9448275862068966
0.10795902285263988 0.9448275862068966
0.1078740157480315 0.9448275862068966
0.1077891424075531 0.9448275862068966
0.10770440251572327 0.9448275862068966
0.10761979575805185 0.9448275862068966
0.1075353218210361 0.9448275862068966
0.10745098039215686 0.9448275862068966
0.10736677115987461 0.9448275862068966
0.10728269381362568 0.9448275862068966
0.10719874804381847 0.9448275862068966
0.10711493354182955 0.9448275862068966
0.10703125 0.9448275862068966
0.10694769711163153 0.9448275862068966
0.10686427457098284 0.9448275862068966
0.10678098207326578 0.9448275862068966
0.10669781931464174 0.9448275862068966
0.1066147859922179 0.9448275862068966
0.10653188180404355 0.9448275862068966
0.10644910644910645 0.9448275862068966
0.1063664596273292 0.9448275862068966
0.10628394103956555 0.9448275862068966
0.1062015503875969 0.9448275862068966
0.10611928737412858 0.9448275862068966
0.10603715170278638 0.9448275862068966
0.10595514307811292 0.9448275862068966
0.10587326120556415 0.9448275862068966
0.10579150579150579 0.9448275862068966
0.10570987654320987 0.9448275862068966
0.1056283731688512 0.9448275862068966
0.10554699537750385 0.9448275862068966
0.10546574287913779 0.9448275862068966
0.10538461538461538 0.9448275862068966
0.10530361260568794 0.9448275862068966
0.10522273425499232 0.9448275862068966
0.10514198004604758 0.9448275862068966
0.10506134969325154 0.9448275862068966
0.1049808429118774 0.9448275862068966
0.10490045941807044 0.9448275862068966
0.10482019892884469 0.9448275862068966
0.10474006116207951 0.9448275862068966
0.10466004583651642 0.9448275862068966
0.10458015267175573 0.9448275862068966
0.10450038138825324 0.9448275862068966
0.10442073170731707 0.9448275862068966
0.10434120335110435 0.9448275862068966
0.10426179604261795 0.9448275862068966
0.10418250950570342 0.9448275862068966
0.10410334346504559 0.9448275862068966
0.10402429764616553 0.9448275862068966
0.1039453717754173 0.9448275862068966
0.10386656557998483 0.9448275862068966
0.10378787878787879 0.9448275862068966
0.10370931112793338 0.9448275862068966
0.10363086232980333 0.9448275862068966
0.10355253212396069 0.9448275862068966
0.10347432024169184 0.9448275862068966
0.10339622641509434 0.9448275862068966
0.1033182503770739 0.9448275862068966
0.10324039186134137 0.9448275862068966
0.10316265060240964 0.9448275862068966
0.10308502633559068 0.9448275862068966
0.10300751879699248 0.9448275862068966
0.10293012772351616 0.9448275862068966
0.10285285285285285 0.9448275862068966
0.10277569392348088 0.9448275862068966
0.10269865067466268 0.9448275862068966
0.10262172284644194 0.9448275862068966
0.10254491017964072 0.9448275862068966
0.1024682124158564 0.9448275862068966
0.10239162929745889 0.9448275862068966
0.10231516056758776 0.9448275862068966
0.10223880597014925 0.9448275862068966
0.10216256524981357 0.9448275862068966
0.10208643815201192 0.9448275862068966
0.10201042442293373 0.9448275862068966
0.10193452380952381 0.9448275862068966
0.10185873605947955 0.9448275862068966
0.10178306092124814 0.9448275862068966
0.10170749814402376 0.9448275862068966
0.1016320474777448 0.9448275862068966
0.10155670867309118 0.9448275862068966
0.10148148148148148 0.9448275862068966
0.10140636565507032 0.9448275862068966
0.10133136094674557 0.9448275862068966
0.10125646711012565 0.9448275862068966
0.10118168389955687 0.9448275862068966
0.1018450184501845 0.9517241379310345
0.10176991150442478 0.9517241379310345
0.1016949152542373 0.9517241379310345
0.101620029455081 0.9517241379310345
0.10154525386313466 0.9517241379310345
0.10147058823529412 0.9517241379310345
0.10139603232916973 0.9517241379310345
0.1013215859030837 0.9517241379310345
0.1012472487160675 0.9517241379310345
0.10117302052785923 0.9517241379310345
0.1010989010989011 0.9517241379310345
0.10102489019033675 0.9517241379310345
0.10095098756400878 0.9517241379310345
0.10087719298245613 0.9517241379310345
0.10080350620891161 0.9517241379310345
0.10072992700729927 0.9517241379310345
0.10065645514223195 0.9517241379310345
0.10058309037900874 0.9517241379310345
0.10050983248361253 0.9517241379310345
0.10043668122270742 0.9517241379310345
0.10109090909090909 0.9586206896551724
0.10101744186046512 0.9586206896551724
0.1009440813362382 0.9586206896551724
0.10087082728592163 0.9586206896551724
0.10079767947788253 0.9586206896551724
0.10072463768115943 0.9586206896551724
0.10065170166545981 0.9586206896551724
0.10057887120115774 0.9586206896551724
0.1005061460592914 0.9586206896551724
0.10043352601156069 0.9586206896551724
0.1003610108303249 0.9586206896551724
0.10028860028860029 0.9586206896551724
0.10021629416005767 0.9586206896551724
0.10014409221902017 0.9586206896551724
0.10007199424046076 0.9586206896551724
0.1 0.9586206896551724
0.09992810927390366 0.9586206896551724
0.09985632183908046 0.9586206896551724
0.09978463747307968 0.9586206896551724
0.09971305595408896 0.9586206896551724
0.0996415770609319 0.9586206896551724
0.0995702005730659 0.9586206896551724
0.09949892627057981 0.9586206896551724
0.0994277539341917 0.9586206896551724
0.09935668334524661 0.9586206896551724
0.09928571428571428 0.9586206896551724
0.099214846538187 0.9586206896551724
0.09914407988587731 0.9586206896551724
0.09907341411261582 0.9586206896551724
0.099002849002849 0.9586206896551724
0.09893238434163701 0.9586206896551724
0.09886201991465149 0.9586206896551724
0.09879175550817342 0.9586206896551724
0.09872159090909091 0.9586206896551724
0.09865152590489709 0.9586206896551724
0.09858156028368795 0.9586206896551724
0.09851169383416017 0.9586206896551724
0.09844192634560907 0.9586206896551724
0.0983722576079264 0.9586206896551724
0.0983026874115983 0.9586206896551724
0.09823321554770319 0.9586206896551724
0.0981638418079096 0.9586206896551724
0.09809456598447425 0.9586206896551724
0.09802538787023977 0.9586206896551724
0.09795630725863284 0.9586206896551724
0.09788732394366197 0.9586206896551724
0.09781843771991555 0.9586206896551724
0.09774964838255977 0.9586206896551724
0.09768095572733661 0.9586206896551724
0.0976123595505618 0.9586206896551724
0.09754385964912281 0.9586206896551724
0.09747545582047686 0.9586206896551724
0.09740714786264891 0.9586206896551724
0.09733893557422969 0.9586206896551724
0.09727081875437368 0.9586206896551724
0.0972027972027972 0.9586206896551724
0.09713487071977638 0.9586206896551724
0.09706703910614525 0.9586206896551724
0.09699930216329379 0.9586206896551724
0.09693165969316597 0.9586206896551724
0.09686411149825784 0.9586206896551724
0.0967966573816156 0.9586206896551724
0.09672929714683368 0.9586206896551724
0.09666203059805285 0.9586206896551724
0.0965948575399583 0.9586206896551724
0.09652777777777778 0.9586206896551724
0.09646079111727966 0.9586206896551724
0.09639389736477115 0.9586206896551724
0.09632709632709632 0.9586206896551724
0.09626038781163435 0.9586206896551724
0.09619377162629758 0.9586206896551724
0.09612724757952974 0.9586206896551724
0.09606081548030408 0.9586206896551724
0.09599447513812155 0.9586206896551724
0.09592822636300898 0.9586206896551724
0.09586206896551724 0.9586206896551724
0.0957960027567195 0.9586206896551724
0.09573002754820936 0.9586206896551724
0.0956641431520991 0.9586206896551724
0.09559834938101788 0.9586206896551724
0.09553264604810996 0.9586206896551724
0.09546703296703296 0.9586206896551724
0.09540150995195608 0.9586206896551724
0.0953360768175583 0.9586206896551724
0.09527073337902674 0.9586206896551724
0.09520547945205479 0.9586206896551724
0.09514031485284052 0.9586206896551724
0.09507523939808482 0.9586206896551724
0.09501025290498975 0.9586206896551724
0.09494535519125682 0.9586206896551724
0.09488054607508532 0.9586206896551724
0.09481582537517053 0.9586206896551724
0.09543285616905249 0.9655172413793104
0.09536784741144415 0.9655172413793104
0.09530292716133425 0.9655172413793104
0.09523809523809523 0.9655172413793104
0.09517335146159075 0.9655172413793104
0.09510869565217392 0.9655172413793104
0.09504412763068568 0.9655172413793104
0.09497964721845319 0.9655172413793104
0.09491525423728814 0.9655172413793104
0.0948509485094851 0.9655172413793104
0.0947867298578199 0.9655172413793104
0.09472259810554803 0.9655172413793104
0.09465855307640297 0.9655172413793104
0.0945945945945946 0.9655172413793104
0.09453072248480757 0.9655172413793104
0.09446693657219973 0.9655172413793104
0.09440323668240054 0.9655172413793104
0.09433962264150944 0.9655172413793104
0.09427609427609428 0.9655172413793104
0.09421265141318977 0.9655172413793104
0.0941492938802959 0.9655172413793104
0.09408602150537634 0.9655172413793104
0.09402283411685695 0.9655172413793104
0.09395973154362416 0.9655172413793104
0.09389671361502347 0.9655172413793104
0.0938337801608579 0.9655172413793104
0.09377093101138648 0.9655172413793104
0.09370816599732262 0.9655172413793104
0.09364548494983277 0.9655172413793104
0.09358288770053476 0.9655172413793104
0.09352037408149633 0.9655172413793104
0.09345794392523364 0.9655172413793104
0.0933955970647098 0.9655172413793104
0.09333333333333334 0.9655172413793104
0.09327115256495669 0.9655172413793104
0.09320905459387484 0.9655172413793104
0.09314703925482369 0.9655172413793104
0.09308510638297872 0.9655172413793104
0.09302325581395349 0.9655172413793104
0.09296148738379814 0.9655172413793104
0.09289980092899801 0.9655172413793104
0.09283819628647215 0.9655172413793104
0.0927766732935719 0.9655172413793104
0.09271523178807947 0.9655172413793104
0.09265387160820648 0.9655172413793104
0.09259259259259259 0.9655172413793104
0.09253139458030403 0.9655172413793104
0.09247027741083223 0.9655172413793104
0.0924092409240924 0.9655172413793104
0.09234828496042216 0.9655172413793104
0.0922874093605801 0.9655172413793104
0.0922266139657444 0.9655172413793104
0.09216589861751152 0.9655172413793104
0.09210526315789473 0.9655172413793104
0.09204470742932282 0.9655172413793104
0.09198423127463863 0.9655172413793104
0.09192383453709783 0.9655172413793104
0.09186351706036745 0.9655172413793104
0.09180327868852459 0.9655172413793104
0.09174311926605505 0.9655172413793104
0.091683038637852 0.9655172413793104
0.09162303664921466 0.9655172413793104
0.09156311314584696 0.9655172413793104
0.0915032679738562 0.9655172413793104
0.09144350097975179 0.9655172413793104
0.09138381201044386 0.9655172413793104
0.091324200913242 0.9655172413793104
0.09126466753585398 0.9655172413793104
0.09120521172638436 0.9655172413793104
0.09114583333333333 0.9655172413793104
0.09108653220559532 0.9655172413793104
0.09102730819245773 0.9655172413793104
0.09096816114359974 0.9655172413793104
0.09090909090909091 0.9655172413793104
0.09085009733939 0.9655172413793104
0.0907911802853437 0.9655172413793104
0.09073233959818536 0.9655172413793104
0.09067357512953368 0.9655172413793104
0.09061488673139159 0.9655172413793104
0.09055627425614489 0.9655172413793104
0.09049773755656108 0.9655172413793104
0.09043927648578812 0.9655172413793104
0.09038089089735313 0.9655172413793104
0.09032258064516129 0.9655172413793104
0.09026434558349453 0.9655172413793104
0.09020618556701031 0.9655172413793104
0.0901481004507405 0.9655172413793104
0.09009009009009009 0.9655172413793104
0.09003215434083602 0.9655172413793104
0.08997429305912596 0.9655172413793104
0.0899165061014772 0.9655172413793104
0.08985879332477535 0.9655172413793104
0.08980115458627325 0.9655172413793104
0.08974358974358974 0.9655172413793104
0.08968609865470852 0.9655172413793104
0.08962868117797695 0.9655172413793104
0.08957133717210493 0.9655172413793104
0.08951406649616368 0.9655172413793104
0.08945686900958466 0.9655172413793104
0.08939974457215837 0.9655172413793104
0.08934269304403318 0.9655172413793104
0.08928571428571429 0.9655172413793104
0.08922880815806246 0.9655172413793104
0.08917197452229299 0.9655172413793104
0.08911521323997454 0.9655172413793104
0.089058524173028 0.9655172413793104
0.08900190718372536 0.9655172413793104
0.08894536213468869 0.9655172413793104
0.08888888888888889 0.9655172413793104
0.08883248730964467 0.9655172413793104
0.08877615726062144 0.9655172413793104
0.08871989860583017 0.9655172413793104
0.08866371120962635 0.9655172413793104
0.08860759493670886 0.9655172413793104
0.08855154965211891 0.9655172413793104
0.08849557522123894 0.9655172413793104
0.08843967150979154 0.9655172413793104
0.08838383838383838 0.9655172413793104
0.08832807570977919 0.9655172413793104
0.08827238335435057 0.9655172413793104
0.08821676118462508 0.9655172413793104
0.08816120906801007 0.9655172413793104
0.0881057268722467 0.9655172413793104
0.0880503144654088 0.9655172413793104
0.08799497171590195 0.9655172413793104
0.08793969849246232 0.9655172413793104
0.08788449466415568 0.9655172413793104
0.08782936010037641 0.9655172413793104
0.0877742946708464 0.9655172413793104
0.08771929824561403 0.9655172413793104
0.08766437069505323 0.9655172413793104
0.08760951188986232 0.9655172413793104
0.08755472170106317 0.9655172413793104
0.0875 0.9655172413793104
0.08744534665833854 0.9655172413793104
0.08739076154806492 0.9655172413793104
0.08733624454148471 0.9655172413793104
0.08728179551122195 0.9655172413793104
0.08722741433021806 0.9655172413793104
0.08717310087173101 0.9655172413793104
0.08711885500933417 0.9655172413793104
0.08706467661691543 0.9655172413793104
0.0870105655686762 0.9655172413793104
0.08695652173913043 0.9655172413793104
0.08690254500310367 0.9655172413793104
0.08684863523573201 0.9655172413793104
0.08679479231246125 0.9655172413793104
0.08674101610904585 0.9655172413793104
0.08668730650154799 0.9655172413793104
0.08663366336633663 0.9655172413793104
0.08658008658008658 0.9655172413793104
0.0865265760197775 0.9655172413793104
0.08647313156269303 0.9655172413793104
0.08641975308641975 0.9655172413793104
0.0863664404688464 0.9655172413793104
0.08631319358816276 0.9655172413793104
0.0862600123228589 0.9655172413793104
0.08620689655172414 0.9655172413793104
0.08615384615384615 0.9655172413793104
0.08610086100861009 0.9655172413793104
0.0860479409956976 0.9655172413793104
0.085995085995086 0.9655172413793104
0.08594229588704727 0.9655172413793104
0.08588957055214724 0.9655172413793104
0.08583690987124463 0.9655172413793104
0.0857843137254902 0.9655172413793104
0.08573178199632578 0.9655172413793104
0.08567931456548347 0.9655172413793104
0.0856269113149847 0.9655172413793104
0.08557457212713937 0.9655172413793104
0.0855222968845449 0.9655172413793104
0.08547008547008547 0.9655172413793104
0.08541793776693106 0.9655172413793104
0.08536585365853659 0.9655172413793104
0.08531383302864107 0.9655172413793104
0.08526187576126674 0.9655172413793104
0.0852099817407182 0.9655172413793104
0.0851581508515815 0.9655172413793104
0.0851063829787234 0.9655172413793104
0.0850546780072904 0.9655172413793104
0.08500303582270795 0.9655172413793104
0.08495145631067962 0.9655172413793104
0.08489993935718618 0.9655172413793104
0.08484848484848485 0.9655172413793104
0.08479709267110842 0.9655172413793104
0.0847457627118644 0.9655172413793104
0.08469449485783424 0.9655172413793104
0.08464328899637243 0.9655172413793104
0.08459214501510574 0.9655172413793104
0.08454106280193237 0.9655172413793104
0.08449004224502112 0.9655172413793104
0.08443908323281062 0.9655172413793104
0.08438818565400844 0.9655172413793104
0.08433734939759036 0.9655172413793104
0.08428657435279951 0.9655172413793104
0.0842358604091456 0.9655172413793104
0.0841852074564041 0.9655172413793104
0.08413461538461539 0.9655172413793104
0.08408408408408409 0.9655172413793104
0.08403361344537816 0.9655172413793104
0.08398320335932813 0.9655172413793104
0.08393285371702638 0.9655172413793104
0.08388256440982625 0.9655172413793104
0.08383233532934131 0.9655172413793104
0.08378216636744465 0.9655172413793104
0.08373205741626795 0.9655172413793104
0.08368200836820083 0.9655172413793104
0.08363201911589008 0.9655172413793104
0.08358208955223881 0.9655172413793104
0.08412887828162291 0.9724137931034482
0.08407871198568873 0.9724137931034482
0.08402860548271752 0.9724137931034482
0.08397855866587255 0.9724137931034482
0.08392857142857142 0.9724137931034482
0.08387864366448543 0.9724137931034482
0.08382877526753864 0.9724137931034482
0.08377896613190731 0.9724137931034482
0.083729216152019 0.9724137931034482
0.08367952522255193 0.9724137931034482
0.08362989323843416 0.9724137931034482
0.08358032009484291 0.9724137931034482
0.0835308056872038 0.9724137931034482
0.08348134991119005 0.9724137931034482
0.0834319526627219 0.9724137931034482
0.0833826138379657 0.9724137931034482
0.08333333333333333 0.9724137931034482
0.08328411104548139 0.9724137931034482
0.08323494687131051 0.9724137931034482
0.0831858407079646 0.9724137931034482
0.08313679245283019 0.9724137931034482
0.08308780200353565 0.9724137931034482
0.08303886925795052 0.9724137931034482
0.08298999411418481 0.9724137931034482
0.08294117647058824 0.9724137931034482
0.08289241622574955 0.9724137931034482
0.08284371327849589 0.9724137931034482
0.08279506752789195 0.9724137931034482
0.08274647887323944 0.9724137931034482
0.08269794721407625 0.9724137931034482
0.08264947245017586 0.9724137931034482
0.08260105448154657 0.9724137931034482
0.08255269320843091 0.9724137931034482
0.08250438853130486 0.9724137931034482
0.0824561403508772 0.9724137931034482
0.08240794856808883 0.9724137931034482
0.08235981308411215 0.9724137931034482
0.08231173380035026 0.9724137931034482
0.0822637106184364 0.9724137931034482
0.08221574344023323 0.9724137931034482
0.08216783216783216 0.9724137931034482
0.08211997670355271 0.9724137931034482
0.08207217694994179 0.9724137931034482
0.08202443280977312 0.9724137931034482
0.08197674418604652 0.9724137931034482
0.08192911098198721 0.9724137931034482
0.08188153310104529 0.9724137931034482
0.08183401044689495 0.9724137931034482
0.08178654292343387 0.9724137931034482
0.0817391304347826 0.9724137931034482
0.0816917728852839 0.9724137931034482
0.08164447017950202 0.9724137931034482
0.08159722222222222 0.9724137931034482
0.08155002891844997 0.9724137931034482
0.0815028901734104 0.9724137931034482
0.08145580589254767 0.9724137931034482
0.08140877598152425 0.9724137931034482
0.08136180034622043 0.9724137931034482
0.08131487889273356 0.9724137931034482
0.08126801152737752 0.9724137931034482
0.08122119815668202 0.9724137931034482
0.08117443868739206 0.9724137931034482
0.0811277330264672 0.9724137931034482
0.08108108108108109 0.9724137931034482
0.08103448275862069 0.9724137931034482
0.08098793796668581 0.9724137931034482
0.0809414466130884 0.9724137931034482
0.08089500860585198 0.9724137931034482
0.08084862385321101 0.9724137931034482
0.08080229226361031 0.9724137931034482
0.08075601374570447 0.9724137931034482
0.08070978820835718 0.9724137931034482
0.08066361556064074 0.9724137931034482
0.08061749571183534 0.9724137931034482
0.08057142857142857 0.9724137931034482
0.08052541404911479 0.9724137931034482
0.08047945205479452 0.9724137931034482
0.08043354249857387 0.9724137931034482
0.08038768529076397 0.9724137931034482
0.08034188034188035 0.9724137931034482
0.08029612756264237 0.9724137931034482
0.08025042686397268 0.9724137931034482
0.08020477815699659 0.9724137931034482
0.0801591813530415 0.9724137931034482
0.08011363636363636 0.9724137931034482
0.08006814310051108 0.9724137931034482
0.08002270147559591 0.9724137931034482
0.07997731140102099 0.9724137931034482
0.07993197278911565 0.9724137931034482
0.07988668555240794 0.9724137931034482
0.079841449603624 0.9724137931034482
0.07979626485568761 0.9724137931034482
0.07975113122171945 0.9724137931034482
0.07970604861503675 0.9724137931034482
0.07966101694915254 0.9724137931034482
0.07961603613777526 0.9724137931034482
0.07957110609480812 0.9724137931034482
0.07952622673434856 0.9724137931034482
0.0794813979706877 0.9724137931034482
0.07943661971830986 0.9724137931034482
0.07939189189189189 0.9724137931034482
0.07934721440630275 0.9724137931034482
0.07930258717660292 0.9724137931034482
0.07925801011804384 0.9724137931034482
0.07921348314606741 0.9724137931034482
0.07916900617630544 0.9724137931034482
0.07912457912457913 0.9724137931034482
0.07908020190689849 0.9724137931034482
0.07903587443946189 0.9724137931034482
0.07899159663865546 0.9724137931034482
0.07894736842105263 0.9724137931034482
0.07890318970341355 0.9724137931034482
0.07885906040268456 0.9724137931034482
0.07881498043599776 0.9724137931034482
0.07877094972067039 0.9724137931034482
0.07872696817420435 0.9724137931034482
0.07868303571428571 0.9724137931034482
0.07863915225878416 0.9724137931034482
0.07859531772575251 0.9724137931034482
0.07855153203342619 0.9724137931034482
0.07850779510022271 0.9724137931034482
0.07846410684474124 0.9724137931034482
0.07842046718576196 0.9724137931034482
0.07837687604224569 0.9724137931034482
0.07833333333333334 0.9724137931034482
0.07828983897834536 0.9724137931034482
0.07824639289678136 0.9724137931034482
0.07820299500831947 0.9724137931034482
0.07815964523281596 0.9724137931034482
0.0781163434903047 0.9724137931034482
0.07807308970099668 0.9724137931034482
0.07802988378527947 0.9724137931034482
0.07798672566371681 0.9724137931034482
0.0779436152570481 0.9724137931034482
0.07790055248618785 0.9724137931034482
0.07785753727222529 0.9724137931034482
0.07781456953642384 0.9724137931034482
0.07777164920022063 0.9724137931034482
0.07772877618522601 0.9724137931034482
0.07768595041322314 0.9724137931034482
0.07764317180616741 0.9724137931034482
0.07760044028618603 0.9724137931034482
0.07755775577557755 0.9724137931034482
0.07751511819681144 0.9724137931034482
0.07747252747252747 0.9724137931034482
0.07742998352553541 0.9724137931034482
0.07738748627881449 0.9724137931034482
0.07734503565551289 0.9724137931034482
0.07730263157894737 0.9724137931034482
0.07726027397260274 0.9724137931034482
0.07721796276013143 0.9724137931034482
0.07717569786535304 0.9724137931034482
0.07713347921225383 0.9724137931034482
0.07709130672498633 0.9724137931034482
0.07704918032786885 0.9724137931034482
0.07700709994538503 0.9724137931034482
0.0769650655021834 0.9724137931034482
0.07692307692307693 0.9724137931034482
0.07688113413304253 0.9724137931034482
0.0768392370572207 0.9724137931034482
0.07679738562091504 0.9724137931034482
0.07675557974959173 0.9724137931034482
0.07671381936887922 0.9724137931034482
0.0766721044045677 0.9724137931034482
0.0766304347826087 0.9724137931034482
0.07658881042911461 0.9724137931034482
0.07654723127035831 0.9724137931034482
0.07650569723277266 0.9724137931034482
0.07646420824295011 0.9724137931034482
0.07642276422764227 0.9724137931034482
0.07638136511375948 0.9724137931034482
0.07634001082837033 0.9724137931034482
0.0762987012987013 0.9724137931034482
0.07625743645213628 0.9724137931034482
0.07621621621621621 0.9724137931034482
0.07617504051863858 0.9724137931034482
0.07613390928725702 0.9724137931034482
0.07609282245008095 0.9724137931034482
0.07605177993527508 0.9724137931034482
0.07601078167115903 0.9724137931034482
0.07596982758620689 0.9724137931034482
0.07592891760904685 0.9724137931034482
0.07588805166846072 0.9724137931034482
0.07584722969338353 0.9724137931034482
0.07580645161290323 0.9724137931034482
0.07576571735626007 0.9724137931034482
0.0757250268528464 0.9724137931034482
0.07568438003220612 0.9724137931034482
0.07564377682403434 0.9724137931034482
0.07560321715817694 0.9724137931034482
0.07556270096463022 0.9724137931034482
0.07552222817354044 0.9724137931034482
0.07548179871520343 0.9724137931034482
0.0754414125200642 0.9724137931034482
0.07540106951871657 0.9724137931034482
0.07536076964190272 0.9724137931034482
0.07532051282051282 0.9724137931034482
0.07528029898558462 0.9724137931034482
0.07524012806830309 0.9724137931034482
0.0752 0.9724137931034482
0.07515991471215352 0.9724137931034482
0.07511987213638785 0.9724137931034482
0.07507987220447285 0.9724137931034482
0.07503991484832358 0.9724137931034482
0.075 0.9724137931034482
0.07496012759170653 0.9724137931034482
0.07492029755579172 0.9724137931034482
0.07488050982474774 0.9724137931034482
0.07484076433121019 0.9724137931034482
0.07480106100795755 0.9724137931034482
0.07476139978791092 0.9724137931034482
0.07472178060413355 0.9724137931034482
0.0746822033898305 0.9724137931034482
0.07464266807834834 0.9724137931034482
0.0746031746031746 0.9724137931034482
0.0745637228979376 0.9724137931034482
0.07452431289640592 0.9724137931034482
0.07448494453248812 0.9724137931034482
0.07444561774023231 0.9724137931034482
0.07440633245382586 0.9724137931034482
0.07436708860759493 0.9724137931034482
0.07432788613600422 0.9724137931034482
0.07428872497365648 0.9724137931034482
0.07424960505529225 0.9724137931034482
0.07421052631578948 0.9724137931034482
0.07417148869016307 0.9724137931034482
0.07413249211356467 0.9724137931034482
0.07409353652128219 0.9724137931034482
0.0740546218487395 0.9724137931034482
0.07401574803149606 0.9724137931034482
0.07397691500524659 0.9724137931034482
0.07393812270582066 0.9724137931034482
0.07389937106918239 0.9724137931034482
0.07386066003143006 0.9724137931034482
0.07382198952879582 0.9724137931034482
0.07378335949764521 0.9724137931034482
0.07374476987447699 0.9724137931034482
0.07370622059592263 0.9724137931034482
0.07366771159874608 0.9724137931034482
0.07362924281984334 0.9724137931034482
0.07359081419624217 0.9724137931034482
0.07355242566510173 0.9724137931034482
0.0735140771637122 0.9724137931034482
0.07347576862949452 0.9724137931034482
0.0734375 0.9724137931034482
0.07339927121290994 0.9724137931034482
0.07336108220603538 0.9724137931034482
0.07332293291731669 0.9724137931034482
0.07328482328482329 0.9724137931034482
0.07324675324675324 0.9724137931034482
0.07320872274143302 0.9724137931034482
0.07317073170731707 0.9724137931034482
0.07313278008298756 0.9724137931034482
0.07309486780715396 0.9724137931034482
0.07305699481865285 0.9724137931034482
0.07301916105644744 0.9724137931034482
0.07298136645962733 0.9724137931034482
0.07294361096740817 0.9724137931034482
0.07290589451913133 0.9724137931034482
0.07286821705426356 0.9724137931034482
0.07283057851239669 0.9724137931034482
0.07279297883324728 0.9724137931034482
0.07275541795665634 0.9724137931034482
0.07271789582258896 0.9724137931034482
0.07268041237113403 0.9724137931034482
0.07264296754250386 0.9724137931034482
0.07260556127703399 0.9724137931034482
0.0725681935151827 0.9724137931034482
0.07253086419753087 0.9724137931034482
0.0724935732647815 0.9724137931034482
0.0724563206577595 0.9724137931034482
0.0724191063174114 0.9724137931034482
0.07238193018480493 0.9724137931034482
0.07234479220112879 0.9724137931034482
0.07230769230769231 0.9724137931034482
0.07227063044592516 0.9724137931034482
0.07223360655737705 0.9724137931034482
0.07219662058371736 0.9724137931034482
0.07215967246673491 0.9724137931034482
0.0721227621483376 0.9724137931034482
0.07208588957055215 0.9724137931034482
0.07204905467552376 0.9724137931034482
0.07201225740551584 0.9724137931034482
0.07197549770290965 0.9724137931034482
0.07193877551020408 0.9724137931034482
0.0719020907700153 0.9724137931034482
0.07186544342507645 0.9724137931034482
0.0718288334182374 0.9724137931034482
0.07179226069246436 0.9724137931034482
0.0717557251908397 0.9724137931034482
0.07171922685656154 0.9724137931034482
0.07168276563294357 0.9724137931034482
0.07164634146341463 0.9724137931034482
0.07160995429151853 0.9724137931034482
0.0715736040609137 0.9724137931034482
0.0715372907153729 0.9724137931034482
0.07150101419878296 0.9724137931034482
0.07146477445514444 0.9724137931034482
0.07142857142857142 0.9724137931034482
0.07139240506329114 0.9724137931034482
0.07135627530364372 0.9724137931034482
0.07132018209408195 0.9724137931034482
0.07128412537917088 0.9724137931034482
0.07124810510358767 0.9724137931034482
0.07121212121212121 0.9724137931034482
0.07117617364967188 0.9724137931034482
0.07114026236125126 0.9724137931034482
0.07110438729198185 0.9724137931034482
0.07106854838709678 0.9724137931034482
0.07103274559193955 0.9724137931034482
0.07099697885196375 0.9724137931034482
0.07096124811273276 0.9724137931034482
0.07092555331991952 0.9724137931034482
0.07088989441930618 0.9724137931034482
0.07085427135678392 0.9724137931034482
0.07081868407835258 0.9724137931034482
0.07078313253012049 0.9724137931034482
0.07074761665830406 0.9724137931034482
0.07071213640922769 0.9724137931034482
0.07067669172932331 0.9724137931034482
0.07064128256513026 0.9724137931034482
0.07060590886329494 0.9724137931034482
0.07057057057057058 0.9724137931034482
0.07053526763381691 0.9724137931034482
0.0705 0.9724137931034482
0.0704647676161919 0.9724137931034482
0.07042957042957043 0.9724137931034482
0.07039440838741887 0.9724137931034482
0.07035928143712575 0.9724137931034482
0.07032418952618454 0.9724137931034482
0.07028913260219342 0.9724137931034482
0.07025411061285501 0.9724137931034482
0.07021912350597609 0.9724137931034482
0.07018417122946739 0.9724137931034482
0.07014925373134329 0.9724137931034482
0.07011437095972153 0.9724137931034482
0.07007952286282307 0.9724137931034482
0.07004470938897168 0.9724137931034482
0.07000993048659385 0.9724137931034482
0.06997518610421836 0.9724137931034482
0.06994047619047619 0.9724137931034482
0.06990580069410014 0.9724137931034482
0.06987115956392467 0.9724137931034482
0.06983655274888559 0.9724137931034482
0.06980198019801981 0.9724137931034482
0.06976744186046512 0.9724137931034482
0.06973293768545995 0.9724137931034482
0.06969846762234305 0.9724137931034482
0.06966403162055336 0.9724137931034482
0.06962962962962962 0.9724137931034482
0.06959526159921027 0.9724137931034482
0.06956092747903306 0.9724137931034482
0.0695266272189349 0.9724137931034482
0.06949236076885165 0.9724137931034482
0.06945812807881774 0.9724137931034482
0.06942392909896603 0.9724137931034482
0.06938976377952756 0.9724137931034482
0.06935563207083129 0.9724137931034482
0.06932153392330384 0.9724137931034482
0.06928746928746929 0.9724137931034482
0.06925343811394892 0.9724137931034482
0.06921944035346098 0.9724137931034482
0.06918547595682041 0.9724137931034482
0.0691515448749387 0.9724137931034482
0.06911764705882353 0.9724137931034482
0.06908378245957864 0.9724137931034482
0.06904995102840353 0.9724137931034482
0.06901615271659324 0.9724137931034482
0.06898238747553816 0.9724137931034482
0.06894865525672372 0.9724137931034482
0.0689149560117302 0.9724137931034482
0.06888128969223253 0.9724137931034482
0.06884765625 0.9724137931034482
0.06881405563689605 0.9724137931034482
0.06878048780487805 0.9724137931034482
0.06874695270599708 0.9724137931034482
0.06871345029239766 0.9724137931034482
0.06867998051631759 0.9724137931034482
0.06864654333008763 0.9724137931034482
0.06861313868613139 0.9724137931034482
0.06857976653696499 0.9724137931034482
0.06854642683519689 0.9724137931034482
0.06851311953352769 0.9724137931034482
0.06847984458474989 0.9724137931034482
0.06844660194174758 0.9724137931034482
0.06841339155749636 0.9724137931034482
0.06838021338506305 0.9724137931034482
0.06834706737760543 0.9724137931034482
0.06831395348837209 0.9724137931034482
0.06828087167070218 0.9724137931034482
0.06824782187802517 0.9724137931034482
0.06821480406386067 0.9724137931034482
0.06818181818181818 0.9724137931034482
0.0681488641855969 0.9724137931034482
0.06811594202898551 0.9724137931034482
0.0680830516658619 0.9724137931034482
0.06805019305019305 0.9724137931034482
0.06801736613603473 0.9724137931034482
0.06798457087753135 0.9724137931034482
0.06795180722891567 0.9724137931034482
0.06791907514450866 0.9724137931034482
0.06788637457871931 0.9724137931034482
0.06785370548604427 0.9724137931034482
0.06782106782106782 0.9724137931034482
0.06778846153846153 0.9724137931034482
0.06775588659298415 0.9724137931034482
0.06772334293948126 0.9724137931034482
0.06769083053288526 0.9724137931034482
0.06765834932821498 0.9724137931034482
0.06762589928057554 0.9724137931034482
0.06759348034515819 0.9724137931034482
0.06756109247724006 0.9724137931034482
0.06752873563218391 0.9724137931034482
0.06749640976543801 0.9724137931034482
0.06746411483253588 0.9724137931034482
0.06743185078909612 0.9724137931034482
0.06739961759082218 0.9724137931034482
0.06736741519350214 0.9724137931034482
0.0673352435530086 0.9724137931034482
0.06730310262529833 0.9724137931034482
0.06727099236641221 0.9724137931034482
0.06723891273247497 0.9724137931034482
0.06720686367969494 0.9724137931034482
0.06717484516436398 0.9724137931034482
0.06714285714285714 0.9724137931034482
0.06711089957163256 0.9724137931034482
0.06707897240723121 0.9724137931034482
0.06704707560627675 0.9724137931034482
0.06701520912547529 0.9724137931034482
0.0669833729216152 0.9724137931034482
0.06695156695156695 0.9724137931034482
0.06691979117228286 0.9724137931034482
0.06688804554079697 0.9724137931034482
0.06685633001422475 0.9724137931034482
0.06682464454976303 0.9724137931034482
0.06679298910468973 0.9724137931034482
0.06676136363636363 0.9724137931034482
0.06672976810222432 0.9724137931034482
0.06669820245979187 0.9724137931034482
0.06666666666666667 0.9724137931034482
0.0666351606805293 0.9724137931034482
0.06660368445914029 0.9724137931034482
0.06657223796033994 0.9724137931034482
0.06654082114204814 0.9724137931034482
0.06650943396226415 0.9724137931034482
0.06647807637906648 0.9724137931034482
0.06644674835061264 0.9724137931034482
0.06641544983513896 0.9724137931034482
0.06638418079096045 0.9724137931034482
0.06635294117647059 0.9724137931034482
0.06632173095014111 0.9724137931034482
0.06629055007052186 0.9724137931034482
0.0662593984962406 0.9724137931034482
0.06622827618600281 0.9724137931034482
0.06619718309859154 0.9724137931034482
0.0661661191928672 0.9724137931034482
0.06613508442776736 0.9724137931034482
0.06610407876230662 0.9724137931034482
0.06607310215557638 0.9724137931034482
0.06604215456674473 0.9724137931034482
0.06601123595505617 0.9724137931034482
0.06598034627983154 0.9724137931034482
0.06594948550046772 0.9724137931034482
0.06591865357643759 0.9724137931034482
0.06588785046728972 0.9724137931034482
0.0658570761326483 0.9724137931034482
0.06582633053221289 0.9724137931034482
0.06579561362575828 0.9724137931034482
0.06576492537313433 0.9724137931034482
0.06573426573426573 0.9724137931034482
0.06570363466915191 0.9724137931034482
0.0656730321378668 0.9724137931034482
0.06564245810055866 0.9724137931034482
0.06561191251744998 0.9724137931034482
0.06558139534883721 0.9724137931034482
0.06555090655509066 0.9724137931034482
0.06552044609665428 0.9724137931034482
0.06549001393404552 0.9724137931034482
0.06545961002785515 0.9724137931034482
0.0654292343387471 0.9724137931034482
0.06539888682745826 0.9724137931034482
0.06536856745479833 0.9724137931034482
0.06533827618164968 0.9724137931034482
0.06530801296896711 0.9724137931034482
0.06527777777777778 0.9724137931034482
0.06524757056918093 0.9724137931034482
0.06521739130434782 0.9724137931034482
0.0651872399445215 0.9724137931034482
0.06515711645101664 0.9724137931034482
0.0651270207852194 0.9724137931034482
0.06509695290858726 0.9724137931034482
0.06506691278264883 0.9724137931034482
0.06503690036900368 0.9724137931034482
0.06500691562932227 0.9724137931034482
0.06497695852534562 0.9724137931034482
0.0649470290188853 0.9724137931034482
0.0649171270718232 0.9724137931034482
0.06488725264611137 0.9724137931034482
0.06485740570377185 0.9724137931034482
0.06482758620689655 0.9724137931034482
0.06479779411764706 0.9724137931034482
0.06476802939825448 0.9724137931034482
0.06473829201101929 0.9724137931034482
0.06470858191831115 0.9724137931034482
0.06467889908256881 0.9724137931034482
0.06464924346629987 0.9724137931034482
0.06461961503208066 0.9724137931034482
0.06459001374255612 0.9724137931034482
0.06456043956043957 0.9724137931034482
0.06453089244851258 0.9724137931034482
0.06450137236962489 0.9724137931034482
0.0644718792866941 0.9724137931034482
0.06444241316270567 0.9724137931034482
0.06441297396071266 0.9724137931034482
0.06438356164383562 0.9724137931034482
0.06435417617526244 0.9724137931034482
0.06432481751824817 0.9724137931034482
0.06429548563611491 0.9724137931034482
0.06426618049225159 0.9724137931034482
0.0642369020501139 0.9724137931034482
0.06420765027322405 0.9724137931034482
0.06417842512517069 0.9724137931034482
0.06414922656960874 0.9724137931034482
0.06412005457025921 0.9724137931034482
0.06409090909090909 0.9724137931034482
0.06406179009541117 0.9724137931034482
0.06403269754768393 0.9724137931034482
0.06400363141171131 0.9724137931034482
0.06397459165154265 0.9724137931034482
0.06394557823129252 0.9724137931034482
0.06391659111514053 0.9724137931034482
0.06388763026733121 0.9724137931034482
0.06385869565217392 0.9724137931034482
0.06382978723404255 0.9724137931034482
0.06380090497737556 0.9724137931034482
0.06377204884667571 0.9724137931034482
0.06374321880650995 0.9724137931034482
0.06371441482150926 0.9724137931034482
0.06368563685636856 0.9724137931034482
0.0636568848758465 0.9724137931034482
0.06362815884476535 0.9724137931034482
0.06359945872801083 0.9724137931034482
0.06357078449053201 0.9724137931034482
0.06354213609734115 0.9724137931034482
0.06351351351351352 0.9724137931034482
0.06348491670418731 0.9724137931034482
0.06345634563456345 0.9724137931034482
0.06342780026990553 0.9724137931034482
0.06339928057553956 0.9724137931034482
0.06337078651685393 0.9724137931034482
0.06334231805929919 0.9724137931034482
0.06331387516838796 0.9724137931034482
0.06328545780969479 0.9724137931034482
0.063257065948856 0.9724137931034482
0.06322869955156951 0.9724137931034482
0.0632003585835948 0.9724137931034482
0.06317204301075269 0.9724137931034482
0.06314375279892522 0.9724137931034482
0.06311548791405551 0.9724137931034482
0.06308724832214765 0.9724137931034482
0.06305903398926654 0.9724137931034482
0.06303084488153778 0.9724137931034482
0.06300268096514745 0.9724137931034482
0.06342117016525234 0.9793103448275862
0.06383928571428571 0.9862068965517241
0.06381079875055778 0.9862068965517241
0.06378233719892953 0.9862068965517241
0.0637539010254124 0.9862068965517241
0.06372549019607843 0.9862068965517241
0.06369710467706013 0.9862068965517241
0.06366874443455031 0.9862068965517241
0.06364040943480195 0.9862068965517241
0.06361209964412812 0.9862068965517241
0.06358381502890173 0.9862068965517241
0.06355555555555556 0.9862068965517241
0.06352732119058196 0.9862068965517241
0.06349911190053285 0.9862068965517241
0.06347092765201953 0.9862068965517241
0.06344276841171251 0.9862068965517241
0.06341463414634146 0.9862068965517241
0.06338652482269504 0.9862068965517241
0.06335844040762073 0.9862068965517241
0.0633303808680248 0.9862068965517241
0.06330234617087206 0.9862068965517241
0.06327433628318584 0.9862068965517241
0.06324635117204777 0.9862068965517241
0.06321839080459771 0.9862068965517241
0.06319045514803358 0.9862068965517241
0.06316254416961131 0.9862068965517241
0.0631346578366446 0.9862068965517241
0.06310679611650485 0.9862068965517241
0.06307895897662108 0.9862068965517241
0.06305114638447971 0.9862068965517241
0.06302335830762451 0.9862068965517241
0.06299559471365639 0.9862068965517241
0.06296785557023338 0.9862068965517241
0.06294014084507042 0.9862068965517241
0.06291245050593929 0.9862068965517241
0.06288478452066842 0.9862068965517241
0.06285714285714286 0.9862068965517241
0.06282952548330405 0.9862068965517241
0.06280193236714976 0.9862068965517241
0.06277436347673397 0.9862068965517241
0.06274681878016675 0.9862068965517241
0.06271929824561404 0.9862068965517241
0.06269180184129768 0.9862068965517241
0.06266432953549518 0.9862068965517241
0.06263688129653965 0.9862068965517241
0.06260945709281962 0.9862068965517241
0.06258205689277899 0.9862068965517241
0.06255468066491689 0.9862068965517241
0.06252732837778749 0.9862068965517241
0.0625 0.9862068965517241
0.06247269550021844 0.9862068965517241
0.062445414847161575 0.9862068965517241
0.06241815800960279 0.9862068965517241
0.062390924956369984 0.9862068965517241
0.0623637156563454 0.9862068965517241
0.06233653007846556 0.9862068965517241
0.062309368191721136 0.9862068965517241
0.062282229965156796 0.9862068965517241
0.062255115367871136 0.9862068965517241
0.06222802436901654 0.9862068965517241
0.06220095693779904 0.9862068965517241
0.06217391304347826 0.9862068965517241
0.062146892655367235 0.9862068965517241
0.06211989574283232 0.9862068965517241
0.062092922275293096 0.9862068965517241
0.062065972222222224 0.9862068965517241
0.062039045553145336 0.9862068965517241
0.062012142237640934 0.9862068965517241
0.06198526224534027 0.9862068965517241
0.06195840554592721 0.9862068965517241
0.061931572109138154 0.9862068965517241
0.06190476190476191 0.9862068965517241
0.06187797490263955 0.9862068965517241
0.06185121107266436 0.9862068965517241
0.06182447038478167 0.9862068965517241
0.06179775280898876 0.9862068965517241
0.061771058315334776 0.9862068965517241
0.06174438687392055 0.9862068965517241
0.06171773845489858 0.9862068965517241
0.06169111302847282 0.9862068965517241
0.06166451056489866 0.9862068965517241
0.06163793103448276 0.9862068965517241
0.061611374407582936 0.9862068965517241
0.0615848406546081 0.9862068965517241
0.06155832974601808 0.9862068965517241
0.06153184165232358 0.9862068965517241
0.061505376344086024 0.9862068965517241
0.061478933791917455 0.9862068965517241
0.061452513966480445 0.9862068965517241
0.06142611683848797 0.9862068965517241
0.061399742378703305 0.9862068965517241
0.061373390557939916 0.9862068965517241
0.061347061347061346 0.9862068965517241
0.06132075471698113 0.9862068965517241
0.06129447063866267 0.9862068965517241
0.061268209083119106 0.9862068965517241
0.061241970021413274 0.9862068965517241
0.061215753424657536 0.9862068965517241
0.06118955926401369 0.9862068965517241
0.0611633875106929 0.9862068965517241
0.061137238135955535 0.9862068965517241
0.06111111111111111 0.9862068965517241
0.061085006407518155 0.9862068965517241
0.061058923996584115 0.9862068965517241
0.06103286384976526 0.9862068965517241
0.06100682593856655 0.9862068965517241
0.06098081023454158 0.9862068965517241
0.06095481670929241 0.9862068965517241
0.06092884533446954 0.9862068965517241
0.06090289608177172 0.9862068965517241
0.06087696892294593 0.9862068965517241
0.060851063829787236 0.9862068965517241
0.06082518077413866 0.9862068965517241
0.060799319727891155 0.9862068965517241
0.06077348066298342 0.9862068965517241
0.06074766355140187 0.9862068965517241
0.06072186836518047 0.9862068965517241
0.060696095076400676 0.9862068965517241
0.060670343657191345 0.9862068965517241
0.060644614079728584 0.9862068965517241
0.06061890631623569 0.9862068965517241
0.06059322033898305 0.9862068965517241
0.06056755612028801 0.9862068965517241
0.06054191363251482 0.9862068965517241
0.060516292848074485 0.9862068965517241
0.06049069373942471 0.9862068965517241
0.06046511627906977 0.9862068965517241
0.06043956043956044 0.9862068965517241
0.060414026193493876 0.9862068965517241
0.060388513513513514 0.9862068965517241
0.06036302237230899 0.9862068965517241
0.060337552742616034 0.9862068965517241
0.060312104597216365 0.9862068965517241
0.0602866779089376 0.9862068965517241
0.06026127265065318 0.9862068965517241
0.06023588879528222 0.9862068965517241
0.06021052631578947 0.9862068965517241
0.06018518518518518 0.9862068965517241
0.06015986537652503 0.9862068965517241
0.06013456686291001 0.9862068965517241
0.060109289617486336 0.9862068965517241
0.06008403361344538 0.9862068965517241
0.06005879882402352 0.9862068965517241
0.0600335852225021 0.9862068965517241
0.0600083927822073 0.9862068965517241
0.059983221476510064 0.9862068965517241
0.059958071278826 0.9862068965517241
0.05993294216261526 0.9862068965517241
0.059907834101382486 0.9862068965517241
0.05988274706867672 0.9862068965517241
0.05985768103809125 0.9862068965517241
0.0598326359832636 0.9862068965517241
0.059807611877875366 0.9862068965517241
0.059782608695652176 0.9862068965517241
0.059757626410363564 0.9862068965517241
0.05973266499582289 0.9862068965517241
0.05970772442588727 0.9862068965517241
0.059682804674457426 0.9862068965517241
0.05965790571547768 0.9862068965517241
0.05963302752293578 0.9862068965517241
0.05960817007086286 0.9862068965517241
0.059583333333333335 0.9862068965517241
0.059558517284464804 0.9862068965517241
0.059533721898417984 0.9862068965517241
0.059508947149396585 0.9862068965517241
0.05948419301164726 0.9862068965517241
0.05945945945945946 0.9862068965517241
0.05943474646716542 0.9862068965517241
0.059410054009140005 0.9862068965517241
0.059385382059800665 0.9862068965517241
0.0593607305936073 0.9862068965517241
0.05933609958506224 0.9862068965517241
0.059311489008710076 0.9862068965517241
0.059286898839137646 0.9862068965517241
0.059262329050973894 0.9862068965517241
0.05923777961888981 0.9862068965517241
0.05921325051759834 0.9862068965517241
0.0591887417218543 0.9862068965517241
0.059164253206454284 0.9862068965517241
0.05913978494623656 0.9862068965517241
0.05911533691608103 0.9862068965517241
0.05909090909090909 0.9862068965517241
0.0590665014456836 0.9862068965517241
0.05904211395540875 0.9862068965517241
0.059017746595130004 0.9862068965517241
0.05899339933993399 0.9862068965517241
0.058969072164948455 0.9862068965517241
0.05894476504534213 0.9862068965517241
0.05892047795632468 0.9862068965517241
0.05889621087314662 0.9862068965517241
0.05887196377109922 0.9862068965517241
0.0588477366255144 0.9862068965517241
0.058823529411764705 0.9862068965517241
0.05879934210526316 0.9862068965517241
0.05877517468146321 0.9862068965517241
0.05875102711585867 0.9862068965517241
