1.0 0.006666666666666667
1.0 0.013333333333333334
1.0 0.02
1.0 0.02666666666666667
1.0 0.03333333333333333
1.0 0.04
1.0 0.04666666666666667
1.0 0.05333333333333334
1.0 0.06
0.9 0.06
0.9090909090909091 0.06666666666666667
0.9166666666666666 0.07333333333333333
0.9230769230769231 0.08
0.9285714285714286 0.08666666666666667
0.9333333333333333 0.09333333333333334
0.9375 0.1
0.9411764705882353 0.10666666666666667
0.9444444444444444 0.11333333333333333
0.9473684210526315 0.12
0.9 0.12
0.9047619047619048 0.12666666666666668
0.8636363636363636 0.12666666666666668
0.8260869565217391 0.12666666666666668
0.8333333333333334 0.13333333333333333
0.84 0.14
0.8461538461538461 0.14666666666666667
0.8518518518518519 0.15333333333333332
0.8571428571428571 0.16
0.8620689655172413 0.16666666666666666
0.8666666666666667 0.17333333333333334
0.8709677419354839 0.18
0.875 0.18666666666666668
0.8787878787878788 0.19333333333333333
0.8823529411764706 0.2
0.8857142857142857 0.20666666666666667
0.8888888888888888 0.21333333333333335
0.8918918918918919 0.22
0.8947368421052632 0.22666666666666666
0.8974358974358975 0.23333333333333334
0.9 0.24
0.9024390243902439 0.24666666666666667
0.9047619047619048 0.25333333333333335
0.8837209302325582 0.25333333333333335
0.8863636363636364 0.26
0.8666666666666667 0.26
0.8695652173913043 0.26666666666666666
0.8723404255319149 0.2733333333333333
0.8541666666666666 0.2733333333333333
0.8367346938775511 0.2733333333333333
0.82 0.2733333333333333
0.8235294117647058 0.28
0.8076923076923077 0.28
0.8113207547169812 0.2866666666666667
0.7962962962962963 0.2866666666666667
0.7818181818181819 0.2866666666666667
0.7678571428571429 0.2866666666666667
0.7543859649122807 0.2866666666666667
0.7413793103448276 0.2866666666666667
0.7288135593220338 0.2866666666666667
0.7166666666666667 0.2866666666666667
0.7213114754098361 0.29333333333333333
0.7258064516129032 0.3
0.7301587301587301 0.30666666666666664
0.71875 0.30666666666666664
0.7076923076923077 0.30666666666666664
0.696969696969697 0.30666666666666664
0.7014925373134329 0.31333333333333335
0.7058823529411765 0.32
0.7101449275362319 0.32666666666666666
0.7 0.32666666666666666
0.704225352112676 0.3333333333333333
0.7083333333333334 0.34
0.7123287671232876 0.3466666666666667
0.7162162162162162 0.35333333333333333
0.72 0.36
0.7236842105263158 0.36666666666666664
0.7272727272727273 0.37333333333333335
0.7307692307692307 0.38
0.7341772151898734 0.38666666666666666
0.7375 0.3933333333333333
0.7407407407407407 0.4
0.7439024390243902 0.4066666666666667
0.7469879518072289 0.41333333333333333
0.75 0.42
0.7529411764705882 0.4266666666666667
0.7558139534883721 0.43333333333333335
0.7586206896551724 0.44
0.7613636363636364 0.44666666666666666
0.7640449438202247 0.4533333333333333
0.7666666666666667 0.46
0.7692307692307693 0.4666666666666667
0.7717391304347826 0.47333333333333333
0.7634408602150538 0.47333333333333333
0.7553191489361702 0.47333333333333333
0.7473684210526316 0.47333333333333333
0.7395833333333334 0.47333333333333333
0.7319587628865979 0.47333333333333333
0.7244897959183674 0.47333333333333333
0.7171717171717171 0.47333333333333333
0.71 0.47333333333333333
0.7029702970297029 0.47333333333333333
0.696078431372549 0.47333333333333333
0.6893203883495146 0.47333333333333333
0.6826923076923077 0.47333333333333333
0.6761904761904762 0.47333333333333333
0.6698113207547169 0.47333333333333333
0.6728971962616822 0.48
0.6666666666666666 0.48
0.6605504587155964 0.48
0.6545454545454545 0.48
0.6576576576576577 0.4866666666666667
0.6517857142857143 0.4866666666666667
0.6460176991150443 0.4866666666666667
0.6403508771929824 0.4866666666666667
0.6347826086956522 0.4866666666666667
0.6293103448275862 0.4866666666666667
0.6239316239316239 0.4866666666666667
0.6271186440677966 0.49333333333333335
0.6302521008403361 0.5
0.625 0.5
0.6198347107438017 0.5
0.6147540983606558 0.5
0.6097560975609756 0.5
0.6048387096774194 0.5
0.6 0.5
0.5952380952380952 0.5
0.5905511811023622 0.5
0.5859375 0.5
0.5813953488372093 0.5
0.5769230769230769 0.5
0.5725190839694656 0.5
0.5681818181818182 0.5
0.5639097744360902 0.5
0.5671641791044776 0.5066666666666667
0.562962962962963 0.5066666666666667
0.5588235294117647 0.5066666666666667
0.5547445255474452 0.5066666666666667
0.5507246376811594 0.5066666666666667
0.5539568345323741 0.5133333333333333
0.55 0.5133333333333333
0.5460992907801419 0.5133333333333333
0.5422535211267606 0.5133333333333333
0.5384615384615384 0.5133333333333333
0.5347222222222222 0.5133333333333333
0.5310344827586206 0.5133333333333333
0.5273972602739726 0.5133333333333333
0.5238095238095238 0.5133333333333333
0.527027027027027 0.52
0.5302013422818792 0.5266666666666666
0.5333333333333333 0.5333333333333333
0.5364238410596026 0.54
0.5394736842105263 0.5466666666666666
0.5359477124183006 0.5466666666666666
0.5324675324675324 0.5466666666666666
0.5290322580645161 0.5466666666666666
0.5256410256410257 0.5466666666666666
0.5222929936305732 0.5466666666666666
0.5189873417721519 0.5466666666666666
0.5157232704402516 0.5466666666666666
0.5125 0.5466666666666666
0.5093167701863354 0.5466666666666666
0.5061728395061729 0.5466666666666666
0.5030674846625767 0.5466666666666666
0.5 0.5466666666666666
0.49696969696969695 0.5466666666666666
0.4939759036144578 0.5466666666666666
0.49101796407185627 0.5466666666666666
0.4880952380952381 0.5466666666666666
0.48520710059171596 0.5466666666666666
0.4823529411764706 0.5466666666666666
0.4853801169590643 0.5533333333333333
0.4883720930232558 0.56
0.4913294797687861 0.5666666666666667
0.4942528735632184 0.5733333333333334
0.49714285714285716 0.58
0.4943181818181818 0.58
0.4915254237288136 0.58
0.4887640449438202 0.58
0.4860335195530726 0.58
0.48333333333333334 0.58
0.48066298342541436 0.58
0.4835164835164835 0.5866666666666667
0.4808743169398907 0.5866666666666667
0.4782608695652174 0.5866666666666667
0.4756756756756757 0.5866666666666667
0.4731182795698925 0.5866666666666667
0.47058823529411764 0.5866666666666667
0.46808510638297873 0.5866666666666667
0.4656084656084656 0.5866666666666667
0.4631578947368421 0.5866666666666667
0.4607329842931937 0.5866666666666667
0.4635416666666667 0.5933333333333334
0.46632124352331605 0.6
0.4639175257731959 0.6
0.4666666666666667 0.6066666666666667
0.4642857142857143 0.6066666666666667
0.4619289340101523 0.6066666666666667
0.4595959595959596 0.6066666666666667
0.457286432160804 0.6066666666666667
0.455 0.6066666666666667
0.4527363184079602 0.6066666666666667
0.4504950495049505 0.6066666666666667
0.4482758620689655 0.6066666666666667
0.45098039215686275 0.6133333333333333
0.45365853658536587 0.62
0.4563106796116505 0.6266666666666667
0.45410628019323673 0.6266666666666667
0.4519230769230769 0.6266666666666667
0.45454545454545453 0.6333333333333333
0.4523809523809524 0.6333333333333333
0.45023696682464454 0.6333333333333333
0.4481132075471698 0.6333333333333333
0.4460093896713615 0.6333333333333333
0.4439252336448598 0.6333333333333333
0.4418604651162791 0.6333333333333333
0.4398148148148148 0.6333333333333333
0.4377880184331797 0.6333333333333333
0.43577981651376146 0.6333333333333333
0.4337899543378995 0.6333333333333333
0.4318181818181818 0.6333333333333333
0.4298642533936652 0.6333333333333333
0.42792792792792794 0.6333333333333333
0.4260089686098655 0.6333333333333333
0.42410714285714285 0.6333333333333333
0.4222222222222222 0.6333333333333333
0.42035398230088494 0.6333333333333333
0.4185022026431718 0.6333333333333333
0.4166666666666667 0.6333333333333333
0.4148471615720524 0.6333333333333333
0.41304347826086957 0.6333333333333333
0.41125541125541126 0.6333333333333333
0.40948275862068967 0.6333333333333333
0.40772532188841204 0.6333333333333333
0.405982905982906 0.6333333333333333
0.40425531914893614 0.6333333333333333
0.4067796610169492 0.64
0.4050632911392405 0.64
0.40756302521008403 0.6466666666666666
0.40585774058577406 0.6466666666666666
0.4041666666666667 0.6466666666666666
0.4024896265560166 0.6466666666666666
0.40082644628099173 0.6466666666666666
0.3991769547325103 0.6466666666666666
0.3975409836065574 0.6466666666666666
0.39591836734693875 0.6466666666666666
0.3943089430894309 0.6466666666666666
0.39271255060728744 0.6466666666666666
0.3911290322580645 0.6466666666666666
0.3895582329317269 0.6466666666666666
0.388 0.6466666666666666
0.38645418326693226 0.6466666666666666
0.38492063492063494 0.6466666666666666
0.383399209486166 0.6466666666666666
0.38188976377952755 0.6466666666666666
0.3803921568627451 0.6466666666666666
0.37890625 0.6466666666666666
0.377431906614786 0.6466666666666666
0.375968992248062 0.6466666666666666
0.3745173745173745 0.6466666666666666
0.3730769230769231 0.6466666666666666
0.3716475095785441 0.6466666666666666
0.3702290076335878 0.6466666666666666
0.3688212927756654 0.6466666666666666
0.36742424242424243 0.6466666666666666
0.3660377358490566 0.6466666666666666
0.36466165413533835 0.6466666666666666
0.36329588014981273 0.6466666666666666
0.3619402985074627 0.6466666666666666
0.36059479553903345 0.6466666666666666
0.3592592592592593 0.6466666666666666
0.35793357933579334 0.6466666666666666
0.35661764705882354 0.6466666666666666
0.3553113553113553 0.6466666666666666
0.354014598540146 0.6466666666666666
0.3527272727272727 0.6466666666666666
0.35144927536231885 0.6466666666666666
0.35018050541516244 0.6466666666666666
0.3489208633093525 0.6466666666666666
0.34767025089605735 0.6466666666666666
0.3464285714285714 0.6466666666666666
0.34519572953736655 0.6466666666666666
0.34397163120567376 0.6466666666666666
0.34275618374558303 0.6466666666666666
0.3415492957746479 0.6466666666666666
0.34035087719298246 0.6466666666666666
0.33916083916083917 0.6466666666666666
0.33797909407665505 0.6466666666666666
0.3368055555555556 0.6466666666666666
0.3356401384083045 0.6466666666666666
0.33448275862068966 0.6466666666666666
0.3333333333333333 0.6466666666666666
0.3321917808219178 0.6466666666666666
0.3310580204778157 0.6466666666666666
0.3299319727891156 0.6466666666666666
0.3288135593220339 0.6466666666666666
0.3277027027027027 0.6466666666666666
0.3265993265993266 0.6466666666666666
0.32550335570469796 0.6466666666666666
0.32441471571906355 0.6466666666666666
0.3233333333333333 0.6466666666666666
0.3222591362126246 0.6466666666666666
0.3211920529801324 0.6466666666666666
0.3201320132013201 0.6466666666666666
0.3190789473684211 0.6466666666666666
0.3180327868852459 0.6466666666666666
0.31699346405228757 0.6466666666666666
0.31596091205211724 0.6466666666666666
0.3181818181818182 0.6533333333333333
0.31715210355987056 0.6533333333333333
0.3161290322580645 0.6533333333333333
0.31511254019292606 0.6533333333333333
0.3141025641025641 0.6533333333333333
0.31309904153354634 0.6533333333333333
0.31210191082802546 0.6533333333333333
0.3111111111111111 0.6533333333333333
0.310126582278481 0.6533333333333333
0.30914826498422715 0.6533333333333333
0.3081761006289308 0.6533333333333333
0.3072100313479624 0.6533333333333333
0.30625 0.6533333333333333
0.3052959501557632 0.6533333333333333
0.30434782608695654 0.6533333333333333
0.30340557275541796 0.6533333333333333
0.30246913580246915 0.6533333333333333
0.30153846153846153 0.6533333333333333
0.3006134969325153 0.6533333333333333
0.2996941896024465 0.6533333333333333
0.29878048780487804 0.6533333333333333
0.2978723404255319 0.6533333333333333
0.296969696969697 0.6533333333333333
0.29607250755287007 0.6533333333333333
0.29518072289156627 0.6533333333333333
0.29429429429429427 0.6533333333333333
0.2934131736526946 0.6533333333333333
0.29253731343283584 0.6533333333333333
0.2916666666666667 0.6533333333333333
0.29080118694362017 0.6533333333333333
0.28994082840236685 0.6533333333333333
0.2890855457227139 0.6533333333333333
0.28823529411764703 0.6533333333333333
0.2873900293255132 0.6533333333333333
0.28654970760233917 0.6533333333333333
0.2857142857142857 0.6533333333333333
0.28488372093023256 0.6533333333333333
0.28405797101449276 0.6533333333333333
0.2832369942196532 0.6533333333333333
0.2824207492795389 0.6533333333333333
0.28160919540229884 0.6533333333333333
0.2808022922636103 0.6533333333333333
0.28 0.6533333333333333
0.2792022792022792 0.6533333333333333
0.2784090909090909 0.6533333333333333
0.2776203966005666 0.6533333333333333
0.2768361581920904 0.6533333333333333
0.27605633802816903 0.6533333333333333
0.2752808988764045 0.6533333333333333
0.27450980392156865 0.6533333333333333
0.2737430167597765 0.6533333333333333
0.27298050139275765 0.6533333333333333
0.2722222222222222 0.6533333333333333
0.27146814404432135 0.6533333333333333
0.27071823204419887 0.6533333333333333
0.2699724517906336 0.6533333333333333
0.2692307692307692 0.6533333333333333
0.2684931506849315 0.6533333333333333
0.2677595628415301 0.6533333333333333
0.2670299727520436 0.6533333333333333
0.26902173913043476 0.66
0.2682926829268293 0.66
0.2702702702702703 0.6666666666666666
0.2722371967654987 0.6733333333333333
0.271505376344086 0.6733333333333333
0.2734584450402145 0.68
0.27540106951871657 0.6866666666666666
0.27466666666666667 0.6866666666666666
0.2765957446808511 0.6933333333333334
0.27586206896551724 0.6933333333333334
0.2777777777777778 0.7
0.2770448548812665 0.7
0.27631578947368424 0.7
0.2755905511811024 0.7
0.27486910994764396 0.7
0.2741514360313316 0.7
0.2734375 0.7
0.2727272727272727 0.7
0.27202072538860106 0.7
0.2713178294573643 0.7
0.2706185567010309 0.7
0.2699228791773779 0.7
0.2692307692307692 0.7
0.26854219948849106 0.7
0.26785714285714285 0.7
0.26717557251908397 0.7
0.26649746192893403 0.7
0.26582278481012656 0.7
0.26515151515151514 0.7
0.26448362720403024 0.7
0.2638190954773869 0.7
0.2656641604010025 0.7066666666666667
0.265 0.7066666666666667
0.26433915211970077 0.7066666666666667
0.263681592039801 0.7066666666666667
0.2630272952853598 0.7066666666666667
0.2623762376237624 0.7066666666666667
0.2617283950617284 0.7066666666666667
0.26108374384236455 0.7066666666666667
0.26044226044226043 0.7066666666666667
0.2622549019607843 0.7133333333333334
0.26405867970660146 0.72
0.2658536585365854 0.7266666666666667
0.26520681265206814 0.7266666666666667
0.2645631067961165 0.7266666666666667
0.2639225181598063 0.7266666666666667
0.2632850241545894 0.7266666666666667
0.26265060240963856 0.7266666666666667
0.2620192307692308 0.7266666666666667
0.26139088729016785 0.7266666666666667
0.2607655502392344 0.7266666666666667
0.26014319809069214 0.7266666666666667
0.25952380952380955 0.7266666666666667
0.2589073634204275 0.7266666666666667
0.25829383886255924 0.7266666666666667
0.2576832151300236 0.7266666666666667
0.25707547169811323 0.7266666666666667
0.2564705882352941 0.7266666666666667
0.25586854460093894 0.7266666666666667
0.25526932084309134 0.7266666666666667
0.2546728971962617 0.7266666666666667
0.2564102564102564 0.7333333333333333
0.2558139534883721 0.7333333333333333
0.25754060324825984 0.74
0.25925925925925924 0.7466666666666667
0.26096997690531176 0.7533333333333333
0.2626728110599078 0.76
0.26436781609195403 0.7666666666666667
0.26605504587155965 0.7733333333333333
0.26773455377574373 0.78
0.2694063926940639 0.7866666666666666
0.27107061503416857 0.7933333333333333
0.2727272727272727 0.8
0.272108843537415 0.8
0.27149321266968324 0.8
0.2708803611738149 0.8
0.2702702702702703 0.8
0.2696629213483146 0.8
0.26905829596412556 0.8
0.2684563758389262 0.8
0.26785714285714285 0.8
0.267260579064588 0.8
0.26666666666666666 0.8
0.2660753880266075 0.8
0.26548672566371684 0.8
0.26490066225165565 0.8
0.2643171806167401 0.8
0.26373626373626374 0.8
0.2631578947368421 0.8
0.26258205689277897 0.8
0.26200873362445415 0.8
0.26143790849673204 0.8
0.2608695652173913 0.8
0.26247288503253796 0.8066666666666666
0.2619047619047619 0.8066666666666666
0.2634989200863931 0.8133333333333334
0.2629310344827586 0.8133333333333334
0.2623655913978495 0.8133333333333334
0.26180257510729615 0.8133333333333334
0.26124197002141325 0.8133333333333334
0.2606837606837607 0.8133333333333334
0.2601279317697228 0.8133333333333334
0.25957446808510637 0.8133333333333334
0.25902335456475584 0.8133333333333334
0.2584745762711864 0.8133333333333334
0.25792811839323465 0.8133333333333334
0.25738396624472576 0.8133333333333334
0.25684210526315787 0.8133333333333334
0.25630252100840334 0.8133333333333334
0.2557651991614256 0.8133333333333334
0.25523012552301255 0.8133333333333334
0.2567849686847599 0.82
0.25833333333333336 0.8266666666666667
0.2598752598752599 0.8333333333333334
0.26141078838174275 0.84
0.2629399585921325 0.8466666666666667
0.2644628099173554 0.8533333333333334
0.26597938144329897 0.86
0.2674897119341564 0.8666666666666667
0.26899383983572894 0.8733333333333333
0.27049180327868855 0.88
0.26993865030674846 0.88
0.2693877551020408 0.88
0.26883910386965376 0.88
0.2682926829268293 0.88
0.26774847870182555 0.88
0.26720647773279355 0.88
0.26666666666666666 0.88
0.2661290322580645 0.88
0.2655935613682093 0.88
0.26506024096385544 0.88
0.26452905811623245 0.88
0.264 0.88
0.2634730538922156 0.88
0.26294820717131473 0.88
0.2624254473161034 0.88
0.2619047619047619 0.88
0.2613861386138614 0.88
0.2608695652173913 0.88
0.2603550295857988 0.88
0.25984251968503935 0.88
0.2593320235756385 0.88
0.25882352941176473 0.88
0.2583170254403131 0.88
0.2578125 0.88
0.2573099415204678 0.88
0.25680933852140075 0.88
0.2563106796116505 0.88
0.2558139534883721 0.88
0.2553191489361702 0.88
0.2548262548262548 0.88
0.2543352601156069 0.88
0.25384615384615383 0.88
0.2533589251439539 0.88
0.25287356321839083 0.88
0.25239005736137665 0.88
0.25190839694656486 0.88
0.25142857142857145 0.88
0.2509505703422053 0.88
0.2504743833017078 0.88
0.25 0.88
0.2495274102079395 0.88
0.2490566037735849 0.88
0.24858757062146894 0.88
0.24812030075187969 0.88
0.24765478424015008 0.88
0.24719101123595505 0.88
0.2467289719626168 0.88
0.2462686567164179 0.88
0.24581005586592178 0.88
0.24535315985130113 0.88
0.24489795918367346 0.88
0.24444444444444444 0.88
0.24399260628465805 0.88
0.24354243542435425 0.88
0.2430939226519337 0.88
0.2426470588235294 0.88
0.24220183486238533 0.88
0.24175824175824176 0.88
0.2413162705667276 0.88
0.24087591240875914 0.88
0.24043715846994534 0.88
0.24 0.88
0.2413793103448276 0.8866666666666667
0.24094202898550723 0.8866666666666667
0.24050632911392406 0.8866666666666667
0.24007220216606498 0.8866666666666667
0.23963963963963963 0.8866666666666667
0.2392086330935252 0.8866666666666667
0.23877917414721722 0.8866666666666667
0.23835125448028674 0.8866666666666667
0.23792486583184258 0.8866666666666667
0.2375 0.8866666666666667
0.23707664884135474 0.8866666666666667
0.23665480427046262 0.8866666666666667
0.23623445825932504 0.8866666666666667
0.23581560283687944 0.8866666666666667
0.23539823008849559 0.8866666666666667
0.23498233215547704 0.8866666666666667
0.2345679012345679 0.8866666666666667
0.23415492957746478 0.8866666666666667
0.23374340949033393 0.8866666666666667
0.23333333333333334 0.8866666666666667
0.2329246935201401 0.8866666666666667
0.23251748251748253 0.8866666666666667
0.23211169284467714 0.8866666666666667
0.23170731707317074 0.8866666666666667
0.23130434782608697 0.8866666666666667
0.2309027777777778 0.8866666666666667
0.23050259965337955 0.8866666666666667
0.2301038062283737 0.8866666666666667
0.229706390328152 0.8866666666666667
0.2293103448275862 0.8866666666666667
0.2289156626506024 0.8866666666666667
0.22852233676975944 0.8866666666666667
0.2281303602058319 0.8866666666666667
0.22773972602739725 0.8866666666666667
0.22735042735042735 0.8866666666666667
0.22696245733788395 0.8866666666666667
0.22657580919931858 0.8866666666666667
0.2261904761904762 0.8866666666666667
0.22580645161290322 0.8866666666666667
0.22542372881355932 0.8866666666666667
0.22673434856175972 0.8933333333333333
0.22635135135135134 0.8933333333333333
0.22596964586846544 0.8933333333333333
0.2255892255892256 0.8933333333333333
0.22521008403361345 0.8933333333333333
0.22483221476510068 0.8933333333333333
0.22445561139028475 0.8933333333333333
0.22408026755852842 0.8933333333333333
0.22370617696160267 0.8933333333333333
0.22333333333333333 0.8933333333333333
0.22296173044925124 0.8933333333333333
0.22259136212624583 0.8933333333333333
0.2222222222222222 0.8933333333333333
0.22185430463576158 0.8933333333333333
0.22148760330578512 0.8933333333333333
0.22112211221122113 0.8933333333333333
0.22075782537067545 0.8933333333333333
0.22039473684210525 0.8933333333333333
0.2200328407224959 0.8933333333333333
0.21967213114754097 0.8933333333333333
0.2193126022913257 0.8933333333333333
0.21895424836601307 0.8933333333333333
0.21859706362153344 0.8933333333333333
0.2182410423452769 0.8933333333333333
0.21788617886178863 0.8933333333333333
0.21753246753246752 0.8933333333333333
0.2171799027552674 0.8933333333333333
0.2168284789644013 0.8933333333333333
0.21647819063004847 0.8933333333333333
0.2161290322580645 0.8933333333333333
0.21578099838969403 0.8933333333333333
0.21543408360128619 0.8933333333333333
0.21508828250401285 0.8933333333333333
0.21474358974358973 0.8933333333333333
0.2144 0.8933333333333333
0.21405750798722045 0.8933333333333333
0.21371610845295055 0.8933333333333333
0.21337579617834396 0.8933333333333333
0.21303656597774245 0.8933333333333333
0.2126984126984127 0.8933333333333333
0.21236133122028525 0.8933333333333333
0.2120253164556962 0.8933333333333333
0.21169036334913113 0.8933333333333333
0.2113564668769716 0.8933333333333333
0.2110236220472441 0.8933333333333333
0.21069182389937108 0.8933333333333333
0.21036106750392464 0.8933333333333333
0.21003134796238246 0.8933333333333333
0.20970266040688576 0.8933333333333333
0.209375 0.8933333333333333
0.20904836193447737 0.8933333333333333
0.2087227414330218 0.8933333333333333
0.208398133748056 0.8933333333333333
0.2080745341614907 0.8933333333333333
0.20775193798449612 0.8933333333333333
0.20743034055727555 0.8933333333333333
0.2071097372488408 0.8933333333333333
0.20679012345679013 0.8933333333333333
0.20647149460708783 0.8933333333333333
0.20615384615384616 0.8933333333333333
0.20583717357910905 0.8933333333333333
0.20552147239263804 0.8933333333333333
0.20520673813169985 0.8933333333333333
0.20489296636085627 0.8933333333333333
0.20458015267175572 0.8933333333333333
0.20426829268292682 0.8933333333333333
0.2039573820395738 0.8933333333333333
0.20364741641337386 0.8933333333333333
0.20333839150227617 0.8933333333333333
0.20303030303030303 0.8933333333333333
0.2027231467473525 0.8933333333333333
0.20241691842900303 0.8933333333333333
0.20211161387631976 0.8933333333333333
0.20180722891566266 0.8933333333333333
0.20150375939849624 0.8933333333333333
0.2012012012012012 0.8933333333333333
0.20089955022488756 0.8933333333333333
0.20059880239520958 0.8933333333333333
0.20029895366218237 0.8933333333333333
0.2 0.8933333333333333
0.19970193740685543 0.8933333333333333
0.19940476190476192 0.8933333333333333
0.19910846953937592 0.8933333333333333
0.19881305637982197 0.8933333333333333
0.1985185185185185 0.8933333333333333
0.19822485207100593 0.8933333333333333
0.19793205317577547 0.8933333333333333
0.1976401179941003 0.8933333333333333
0.19734904270986744 0.8933333333333333
0.19705882352941176 0.8933333333333333
0.19676945668135096 0.8933333333333333
0.19648093841642228 0.8933333333333333
0.19619326500732065 0.8933333333333333
0.195906432748538 0.8933333333333333
0.19562043795620437 0.8933333333333333
0.19533527696793002 0.8933333333333333
0.1950509461426492 0.8933333333333333
0.19476744186046513 0.8933333333333333
0.19448476052249636 0.8933333333333333
0.19420289855072465 0.8933333333333333
0.1939218523878437 0.8933333333333333
0.1936416184971098 0.8933333333333333
0.19336219336219337 0.8933333333333333
0.1930835734870317 0.8933333333333333
0.19280575539568345 0.8933333333333333
0.1925287356321839 0.8933333333333333
0.19225251076040173 0.8933333333333333
0.19197707736389685 0.8933333333333333
0.1917024320457797 0.8933333333333333
0.19142857142857142 0.8933333333333333
0.19115549215406563 0.8933333333333333
0.1908831908831909 0.8933333333333333
0.1906116642958748 0.8933333333333333
0.1903409090909091 0.8933333333333333
0.1900709219858156 0.8933333333333333
0.18980169971671387 0.8933333333333333
0.18953323903818953 0.8933333333333333
0.18926553672316385 0.8933333333333333
0.18899858956276447 0.8933333333333333
0.18873239436619718 0.8933333333333333
0.18846694796061886 0.8933333333333333
0.18820224719101122 0.8933333333333333
0.1879382889200561 0.8933333333333333
0.1876750700280112 0.8933333333333333
0.1874125874125874 0.8933333333333333
0.1871508379888268 0.8933333333333333
0.18688981868898186 0.8933333333333333
0.18662952646239556 0.8933333333333333
0.18636995827538247 0.8933333333333333
0.18611111111111112 0.8933333333333333
0.18585298196948682 0.8933333333333333
0.18559556786703602 0.8933333333333333
0.18533886583679116 0.8933333333333333
0.1850828729281768 0.8933333333333333
0.18482758620689654 0.8933333333333333
0.18457300275482094 0.8933333333333333
0.1843191196698762 0.8933333333333333
0.18406593406593408 0.8933333333333333
0.18381344307270234 0.8933333333333333
0.18356164383561643 0.8933333333333333
0.18331053351573187 0.8933333333333333
0.1830601092896175 0.8933333333333333
0.18281036834924966 0.8933333333333333
0.18256130790190736 0.8933333333333333
0.18231292517006803 0.8933333333333333
0.18206521739130435 0.8933333333333333
0.18181818181818182 0.8933333333333333
0.18157181571815717 0.8933333333333333
0.18132611637347767 0.8933333333333333
0.1810810810810811 0.8933333333333333
0.18083670715249664 0.8933333333333333
0.18059299191374664 0.8933333333333333
0.180349932705249 0.8933333333333333
0.18010752688172044 0.8933333333333333
0.17986577181208055 0.8933333333333333
0.17962466487935658 0.8933333333333333
0.17938420348058903 0.8933333333333333
0.17914438502673796 0.8933333333333333
0.17890520694259013 0.8933333333333333
0.17866666666666667 0.8933333333333333
0.17842876165113183 0.8933333333333333
0.17819148936170212 0.8933333333333333
0.17795484727755645 0.8933333333333333
0.17771883289124668 0.8933333333333333
0.17748344370860927 0.8933333333333333
0.17724867724867724 0.8933333333333333
0.17701453104359313 0.8933333333333333
0.17678100263852242 0.8933333333333333
0.17654808959156784 0.8933333333333333
0.1763157894736842 0.8933333333333333
0.17608409986859397 0.8933333333333333
0.17585301837270342 0.8933333333333333
0.17562254259501967 0.8933333333333333
0.17539267015706805 0.8933333333333333
0.17516339869281045 0.8933333333333333
0.17493472584856398 0.8933333333333333
0.17470664928292046 0.8933333333333333
0.17447916666666666 0.8933333333333333
0.17425227568270482 0.8933333333333333
0.17402597402597403 0.8933333333333333
0.17380025940337224 0.8933333333333333
0.17357512953367876 0.8933333333333333
0.17335058214747737 0.8933333333333333
0.1731266149870801 0.8933333333333333
0.17290322580645162 0.8933333333333333
0.17268041237113402 0.8933333333333333
0.17245817245817247 0.8933333333333333
0.17223650385604114 0.8933333333333333
0.17201540436456997 0.8933333333333333
0.1717948717948718 0.8933333333333333
0.17157490396927016 0.8933333333333333
0.17135549872122763 0.8933333333333333
0.17113665389527458 0.8933333333333333
0.17091836734693877 0.8933333333333333
0.17070063694267515 0.8933333333333333
0.17048346055979643 0.8933333333333333
0.17026683608640406 0.8933333333333333
0.1700507614213198 0.8933333333333333
0.16983523447401774 0.8933333333333333
0.16962025316455695 0.8933333333333333
0.16940581542351454 0.8933333333333333
0.1691919191919192 0.8933333333333333
0.16897856242118536 0.8933333333333333
0.16876574307304787 0.8933333333333333
0.16855345911949685 0.8933333333333333
0.16834170854271358 0.8933333333333333
0.16813048933500627 0.8933333333333333
0.16791979949874686 0.8933333333333333
0.1677096370463079 0.8933333333333333
0.1675 0.8933333333333333
0.16729088639200998 0.8933333333333333
0.16708229426433915 0.8933333333333333
0.16687422166874222 0.8933333333333333
0.16666666666666666 0.8933333333333333
0.16645962732919253 0.8933333333333333
0.1662531017369727 0.8933333333333333
0.16604708798017348 0.8933333333333333
0.16584158415841585 0.8933333333333333
0.16563658838071693 0.8933333333333333
0.1654320987654321 0.8933333333333333
0.16522811344019728 0.8933333333333333
0.16502463054187191 0.8933333333333333
0.16482164821648215 0.8933333333333333
0.16461916461916462 0.8933333333333333
0.16441717791411042 0.8933333333333333
0.1642156862745098 0.8933333333333333
0.16401468788249693 0.8933333333333333
0.16381418092909536 0.8933333333333333
0.16361416361416362 0.8933333333333333
0.16341463414634147 0.8933333333333333
0.16321559074299635 0.8933333333333333
0.1630170316301703 0.8933333333333333
0.16281895504252733 0.8933333333333333
0.16262135922330098 0.8933333333333333
0.16242424242424242 0.8933333333333333
0.162227602905569 0.8933333333333333
0.16203143893591293 0.8933333333333333
0.16183574879227053 0.8933333333333333
0.16164053075995174 0.8933333333333333
0.1614457831325301 0.8933333333333333
0.16125150421179302 0.8933333333333333
0.16105769230769232 0.8933333333333333
0.1608643457382953 0.8933333333333333
0.1606714628297362 0.8933333333333333
0.16047904191616766 0.8933333333333333
0.16028708133971292 0.8933333333333333
0.16009557945041816 0.8933333333333333
0.15990453460620524 0.8933333333333333
0.15971394517282478 0.8933333333333333
0.1595238095238095 0.8933333333333333
0.15933412604042807 0.8933333333333333
0.15914489311163896 0.8933333333333333
0.15895610913404506 0.8933333333333333
0.15876777251184834 0.8933333333333333
0.15857988165680473 0.8933333333333333
0.15839243498817968 0.8933333333333333
0.15820543093270367 0.8933333333333333
0.1580188679245283 0.8933333333333333
0.15783274440518258 0.8933333333333333
0.15764705882352942 0.8933333333333333
0.15746180963572268 0.8933333333333333
0.1572769953051643 0.8933333333333333
0.1570926143024619 0.8933333333333333
0.15690866510538642 0.8933333333333333
0.1567251461988304 0.8933333333333333
0.15654205607476634 0.8933333333333333
0.15635939323220538 0.8933333333333333
0.1561771561771562 0.8933333333333333
0.1559953434225844 0.8933333333333333
0.1558139534883721 0.8933333333333333
0.15563298490127758 0.8933333333333333
0.1554524361948956 0.8933333333333333
0.1552723059096176 0.8933333333333333
0.1550925925925926 0.8933333333333333
0.15491329479768787 0.8933333333333333
0.15473441108545036 0.8933333333333333
0.15455594002306805 0.8933333333333333
0.1543778801843318 0.8933333333333333
0.15420023014959724 0.8933333333333333
0.15402298850574714 0.8933333333333333
0.15384615384615385 0.8933333333333333
0.1536697247706422 0.8933333333333333
0.15349369988545247 0.8933333333333333
0.15331807780320367 0.8933333333333333
0.15314285714285714 0.8933333333333333
0.15296803652968036 0.8933333333333333
0.15279361459521096 0.8933333333333333
0.15261958997722094 0.8933333333333333
0.15244596131968147 0.8933333333333333
0.15227272727272728 0.8933333333333333
0.15209988649262202 0.8933333333333333
0.15192743764172337 0.8933333333333333
0.15175537938844846 0.8933333333333333
0.1515837104072398 0.8933333333333333
0.15141242937853108 0.8933333333333333
0.15124153498871332 0.8933333333333333
0.15107102593010147 0.8933333333333333
0.15090090090090091 0.8933333333333333
0.15073115860517436 0.8933333333333333
0.15056179775280898 0.8933333333333333
0.15039281705948374 0.8933333333333333
0.15134529147982062 0.9
0.1511758118701008 0.9
0.15100671140939598 0.9
0.15083798882681565 0.9
0.15066964285714285 0.9
0.1505016722408027 0.9
0.15033407572383073 0.9
0.15016685205784205 0.9
0.15 0.9
0.14983351831298558 0.9
0.14966740576496673 0.9
0.14950166112956811 0.9
0.1504424778761062 0.9066666666666666
0.15027624309392265 0.9066666666666666
0.15121412803532008 0.9133333333333333
0.15104740904079383 0.9133333333333333
0.15088105726872247 0.9133333333333333
0.15071507150715072 0.9133333333333333
0.15054945054945054 0.9133333333333333
0.150384193194292 0.9133333333333333
0.15021929824561403 0.9133333333333333
0.15005476451259583 0.9133333333333333
0.14989059080962802 0.9133333333333333
0.14972677595628414 0.9133333333333333
0.14956331877729256 0.9133333333333333
0.14940021810250817 0.9133333333333333
0.14923747276688454 0.9133333333333333
0.14907508161044614 0.9133333333333333
0.14891304347826087 0.9133333333333333
0.1487513572204126 0.9133333333333333
0.14859002169197397 0.9133333333333333
0.14842903575297942 0.9133333333333333
0.14826839826839827 0.9133333333333333
0.14810810810810812 0.9133333333333333
0.14794816414686826 0.9133333333333333
0.14778856526429343 0.9133333333333333
0.1476293103448276 0.9133333333333333
0.147470398277718 0.9133333333333333
0.14731182795698924 0.9133333333333333
0.14715359828141783 0.9133333333333333
0.14699570815450644 0.9133333333333333
0.14683815648445875 0.9133333333333333
0.14668094218415417 0.9133333333333333
0.146524064171123 0.9133333333333333
0.14636752136752137 0.9133333333333333
0.14621131270010673 0.9133333333333333
0.1460554371002132 0.9133333333333333
0.14589989350372737 0.9133333333333333
0.14574468085106382 0.9133333333333333
0.14558979808714134 0.9133333333333333
0.1454352441613588 0.9133333333333333
0.14528101802757157 0.9133333333333333
0.1451271186440678 0.9133333333333333
0.14497354497354498 0.9133333333333333
0.14482029598308668 0.9133333333333333
0.1446673706441394 0.9133333333333333
0.14451476793248946 0.9133333333333333
0.14436248682824027 0.9133333333333333
0.14526315789473684 0.92
0.14511041009463724 0.92
0.14495798319327732 0.92
0.14480587618048268 0.92
0.14465408805031446 0.92
0.14450261780104712 0.92
0.14435146443514643 0.92
0.14420062695924765 0.92
0.1440501043841336 0.92
0.14389989572471323 0.92
0.14375 0.92
0.14360041623309053 0.92
0.14345114345114346 0.92
0.14330218068535824 0.92
0.14315352697095435 0.92
0.14300518134715026 0.92
0.14285714285714285 0.92
0.14270941054808686 0.92
0.14256198347107438 0.92
0.14241486068111456 0.92
0.1422680412371134 0.92
0.14212152420185376 0.92
0.1419753086419753 0.92
0.14182939362795477 0.92
0.14168377823408623 0.92
0.14153846153846153 0.92
0.1413934426229508 0.92
0.14124872057318322 0.92
0.1411042944785276 0.92
0.14096016343207354 0.92
0.14081632653061224 0.92
0.14067278287461774 0.92
0.14052953156822812 0.92
0.14038657171922686 0.92
0.1402439024390244 0.92
0.1401015228426396 0.92
0.13995943204868155 0.92
0.1398176291793313 0.92
0.1396761133603239 0.92
0.13953488372093023 0.92
0.1393939393939394 0.92
0.13925327951564076 0.92
0.13911290322580644 0.92
0.13897280966767372 0.92
0.13883299798792756 0.92
0.13869346733668342 0.92
0.13855421686746988 0.92
0.13841524573721165 0.92
0.13827655310621242 0.92
0.13813813813813813 0.92
0.138 0.92
0.13786213786213786 0.92
0.1377245508982036 0.92
0.13758723828514458 0.92
0.13745019920318724 0.92
0.1373134328358209 0.92
0.13717693836978131 0.92
0.13704071499503476 0.92
0.13690476190476192 0.92
0.13676907829534193 0.92
0.13663366336633664 0.92
0.13649851632047477 0.92
0.13636363636363635 0.92
0.1362290227048371 0.92
0.13609467455621302 0.92
0.13596059113300493 0.92
0.13582677165354332 0.92
0.13569321533923304 0.92
0.13555992141453832 0.92
0.13542688910696762 0.92
0.13529411764705881 0.92
0.13516160626836435 0.92
0.1350293542074364 0.92
0.1348973607038123 0.92
0.134765625 0.92
0.13463414634146342 0.92
0.13450292397660818 0.92
0.13437195715676728 0.92
0.13424124513618677 0.92
0.13411078717201166 0.92
0.13398058252427184 0.92
0.1338506304558681 0.92
0.13372093023255813 0.92
0.1335914811229429 0.92
0.13346228239845262 0.92
0.13333333333333333 0.92
0.13320463320463322 0.92
0.133076181292189 0.92
0.1329479768786127 0.92
0.13282001924927817 0.92
0.1326923076923077 0.92
0.13256484149855907 0.92
0.1324376199616123 0.92
0.13231064237775647 0.92
0.13218390804597702 0.92
0.1320574162679426 0.92
0.13193116634799235 0.92
0.1318051575931232 0.92
0.1316793893129771 0.92
0.1315538608198284 0.92
0.13142857142857142 0.92
0.1313035204567079 0.92
0.1311787072243346 0.92
0.13105413105413105 0.92
0.13092979127134724 0.92
0.13080568720379146 0.92
0.13068181818181818 0.92
0.130558183538316 0.92
0.13043478260869565 0.92
0.13031161473087818 0.92
0.13018867924528302 0.92
0.13006597549481622 0.92
0.12994350282485875 0.92
0.12982126058325494 0.92
0.12969924812030076 0.92
0.1295774647887324 0.92
0.1294559099437148 0.92
0.12933458294283037 0.92
0.12921348314606743 0.92
0.12909260991580918 0.92
0.12897196261682242 0.92
0.12885154061624648 0.92
0.1287313432835821 0.92
0.12861136999068035 0.92
0.12849162011173185 0.92
0.1283720930232558 0.92
0.12825278810408922 0.92
0.12813370473537605 0.92
0.1280148423005566 0.92
0.1278962001853568 0.92
0.12777777777777777 0.92
0.1276595744680851 0.92
0.12754158964879853 0.92
0.12742382271468145 0.92
0.1282287822878229 0.9266666666666666
0.12811059907834102 0.9266666666666666
0.1279926335174954 0.9266666666666666
0.12787488500459981 0.9266666666666666
0.12775735294117646 0.9266666666666666
0.12764003673094582 0.9266666666666666
0.12844036697247707 0.9333333333333333
0.12923923006416133 0.94
0.13003663003663005 0.9466666666666667
0.12991765782250686 0.9466666666666667
0.12979890310786105 0.9466666666666667
0.12968036529680366 0.9466666666666667
0.12956204379562045 0.9466666666666667
0.12944393801276208 0.9466666666666667
0.12932604735883424 0.9466666666666667
0.1292083712465878 0.9466666666666667
0.1290909090909091 0.9466666666666667
0.12897366030881016 0.9466666666666667
0.12885662431941924 0.9466666666666667
0.128739800543971 0.9466666666666667
0.1286231884057971 0.9466666666666667
0.12850678733031673 0.9466666666666667
0.12839059674502712 0.9466666666666667
0.12827461607949414 0.9466666666666667
0.12815884476534295 0.9466666666666667
0.12804328223624886 0.9466666666666667
0.12792792792792793 0.9466666666666667
0.1278127812781278 0.9466666666666667
0.12769784172661872 0.9466666666666667
0.1275831087151842 0.9466666666666667
0.12746858168761221 0.9466666666666667
0.1273542600896861 0.9466666666666667
0.12724014336917563 0.9466666666666667
0.12712623097582812 0.9466666666666667
0.12701252236135957 0.9466666666666667
0.12689901697944594 0.9466666666666667
0.12678571428571428 0.9466666666666667
0.12667261373773417 0.9466666666666667
0.1265597147950089 0.9466666666666667
0.12644701691896706 0.9466666666666667
0.12633451957295375 0.9466666666666667
0.12622222222222224 0.9466666666666667
0.1261101243339254 0.9466666666666667
0.12599822537710736 0.9466666666666667
0.12588652482269502 0.9466666666666667
0.12577502214348982 0.9466666666666667
0.1256637168141593 0.9466666666666667
0.125552608311229 0.9466666666666667
0.1254416961130742 0.9466666666666667
0.12533097969991175 0.9466666666666667
0.12522045855379188 0.9466666666666667
0.12511013215859032 0.9466666666666667
0.125 0.9466666666666667
0.1248900615655233 0.9466666666666667
0.12478031634446397 0.9466666666666667
0.12467076382791922 0.9466666666666667
0.12456140350877193 0.9466666666666667
0.12445223488168274 0.9466666666666667
0.1243432574430823 0.9466666666666667
0.1242344706911636 0.9466666666666667
0.12412587412587413 0.9466666666666667
0.1240174672489083 0.9466666666666667
0.12390924956369982 0.9466666666666667
0.12380122057541412 0.9466666666666667
0.12369337979094076 0.9466666666666667
0.12358572671888599 0.9466666666666667
0.12347826086956522 0.9466666666666667
0.12337098175499565 0.9466666666666667
0.1232638888888889 0.9466666666666667
0.12315698178664354 0.9466666666666667
0.12305025996533796 0.9466666666666667
0.12294372294372294 0.9466666666666667
0.12283737024221453 0.9466666666666667
0.12273120138288678 0.9466666666666667
0.1226252158894646 0.9466666666666667
0.12251941328731665 0.9466666666666667
0.12241379310344827 0.9466666666666667
0.1223083548664944 0.9466666666666667
0.12220309810671257 0.9466666666666667
0.12209802235597593 0.9466666666666667
0.12199312714776632 0.9466666666666667
0.12188841201716738 0.9466666666666667
0.12178387650085763 0.9466666666666667
0.12167952013710369 0.9466666666666667
0.12157534246575342 0.9466666666666667
0.12147134302822926 0.9466666666666667
0.12136752136752137 0.9466666666666667
0.12126387702818105 0.9466666666666667
0.12116040955631399 0.9466666666666667
0.12105711849957375 0.9466666666666667
0.12095400340715502 0.9466666666666667
0.12085106382978723 0.9466666666666667
0.12074829931972789 0.9466666666666667
0.12064570943075616 0.9466666666666667
0.12054329371816638 0.9466666666666667
0.12044105173876166 0.9466666666666667
0.12033898305084746 0.9466666666666667
0.12023708721422523 0.9466666666666667
0.12013536379018612 0.9466666666666667
0.12003381234150465 0.9466666666666667
0.11993243243243243 0.9466666666666667
0.11983122362869199 0.9466666666666667
0.11973018549747048 0.9466666666666667
0.11962931760741365 0.9466666666666667
0.11952861952861953 0.9466666666666667
0.11942809083263246 0.9466666666666667
0.11932773109243698 0.9466666666666667
0.11922753988245172 0.9466666666666667
0.11912751677852348 0.9466666666666667
0.11902766135792121 0.9466666666666667
0.11892797319932999 0.9466666666666667
0.11882845188284519 0.9466666666666667
0.11872909698996656 0.9466666666666667
0.11862990810359231 0.9466666666666667
0.11853088480801335 0.9466666666666667
0.11843202668890743 0.9466666666666667
0.11833333333333333 0.9466666666666667
0.11823480432972523 0.9466666666666667
0.11813643926788686 0.9466666666666667
0.11803823773898586 0.9466666666666667
0.11794019933554817 0.9466666666666667
0.11784232365145228 0.9466666666666667
0.11774461028192372 0.9466666666666667
0.11764705882352941 0.9466666666666667
0.11754966887417219 0.9466666666666667
0.11745244003308519 0.9466666666666667
0.11735537190082644 0.9466666666666667
0.11725846407927333 0.9466666666666667
0.11716171617161716 0.9466666666666667
0.1170651277823578 0.9466666666666667
0.11696869851729819 0.9466666666666667
0.1168724279835391 0.9466666666666667
0.11677631578947369 0.9466666666666667
0.11668036154478226 0.9466666666666667
0.11658456486042693 0.9466666666666667
0.11648892534864644 0.9466666666666667
0.11639344262295082 0.9466666666666667
0.1162981162981163 0.9466666666666667
0.11620294599018004 0.9466666666666667
0.116107931316435 0.9466666666666667
0.11601307189542484 0.9466666666666667
0.11591836734693878 0.9466666666666667
0.11582381729200653 0.9466666666666667
0.11572942135289324 0.9466666666666667
0.11563517915309446 0.9466666666666667
0.11554109031733116 0.9466666666666667
0.11544715447154472 0.9466666666666667
0.11535337124289195 0.9466666666666667
0.11525974025974026 0.9466666666666667
0.1151662611516626 0.9466666666666667
0.11507293354943274 0.9466666666666667
0.11497975708502024 0.9466666666666667
0.11488673139158576 0.9466666666666667
0.11479385610347616 0.9466666666666667
0.1147011308562197 0.9466666666666667
0.11460855528652139 0.9466666666666667
0.11451612903225807 0.9466666666666667
0.11442385173247381 0.9466666666666667
0.1143317230273752 0.9466666666666667
0.11423974255832663 0.9466666666666667
0.11414790996784566 0.9466666666666667
0.1140562248995984 0.9466666666666667
0.11396468699839486 0.9466666666666667
0.11387329591018444 0.9466666666666667
0.11378205128205128 0.9466666666666667
0.11369095276220977 0.9466666666666667
0.1136 0.9466666666666667
0.1135091926458833 0.9466666666666667
0.1134185303514377 0.9466666666666667
0.11332801276935354 0.9466666666666667
0.11323763955342903 0.9466666666666667
0.11314741035856574 0.9466666666666667
0.11305732484076433 0.9466666666666667
0.11296738265712013 0.9466666666666667
0.11287758346581876 0.9466666666666667
0.11278792692613185 0.9466666666666667
0.1126984126984127 0.9466666666666667
0.11260904044409199 0.9466666666666667
0.11251980982567353 0.9466666666666667
0.11243072050673 0.9466666666666667
0.11234177215189874 0.9466666666666667
0.11225296442687747 0.9466666666666667
0.11216429699842022 0.9466666666666667
0.11207576953433307 0.9466666666666667
0.11198738170347003 0.9466666666666667
0.11189913317572892 0.9466666666666667
0.11181102362204724 0.9466666666666667
0.11172305271439811 0.9466666666666667
0.11163522012578617 0.9466666666666667
0.11154752553024352 0.9466666666666667
0.11145996860282574 0.9466666666666667
0.11137254901960784 0.9466666666666667
0.11128526645768025 0.9466666666666667
0.11119812059514488 0.9466666666666667
0.1111111111111111 0.9466666666666667
0.11102423768569195 0.9466666666666667
0.1109375 0.9466666666666667
0.11085089773614364 0.9466666666666667
0.11076443057722309 0.9466666666666667
0.11067809820732658 0.9466666666666667
0.11059190031152648 0.9466666666666667
0.11050583657587548 0.9466666666666667
0.1104199066874028 0.9466666666666667
0.11033411033411034 0.9466666666666667
0.11024844720496894 0.9466666666666667
0.11016291698991466 0.9466666666666667
0.11007751937984496 0.9466666666666667
0.10999225406661503 0.9466666666666667
0.10990712074303406 0.9466666666666667
0.10982211910286156 0.9466666666666667
0.10973724884080371 0.9466666666666667
0.10965250965250965 0.9466666666666667
0.1095679012345679 0.9466666666666667
0.1094834232845027 0.9466666666666667
0.10939907550077041 0.9466666666666667
0.10931485758275597 0.9466666666666667
0.10923076923076923 0.9466666666666667
0.10914681014604151 0.9466666666666667
0.10906298003072197 0.9466666666666667
0.10897927858787414 0.9466666666666667
0.10889570552147239 0.9466666666666667
0.10881226053639846 0.9466666666666667
0.10872894333843798 0.9466666666666667
0.10864575363427698 0.9466666666666667
0.10856269113149847 0.9466666666666667
0.10847975553857907 0.9466666666666667
0.1083969465648855 0.9466666666666667
0.10831426392067124 0.9466666666666667
0.10823170731707317 0.9466666666666667
0.10814927646610815 0.9466666666666667
0.1080669710806697 0.9466666666666667
0.10798479087452471 0.9466666666666667
0.10790273556231003 0.9466666666666667
0.10782080485952923 0.9466666666666667
0.10773899848254932 0.9466666666666667
0.10765731614859743 0.9466666666666667
0.10757575757575757 0.9466666666666667
0.10749432248296745 0.9466666666666667
0.10741301059001512 0.9466666666666667
0.1073318216175359 0.9466666666666667
0.10725075528700906 0.9466666666666667
0.10716981132075472 0.9466666666666667
0.10708898944193061 0.9466666666666667
0.10700828937452901 0.9466666666666667
0.10692771084337349 0.9466666666666667
0.10684725357411588 0.9466666666666667
0.10676691729323308 0.9466666666666667
0.10668670172802404 0.9466666666666667
0.1066066066066066 0.9466666666666667
0.10652663165791448 0.9466666666666667
0.10644677661169415 0.9466666666666667
0.10636704119850188 0.9466666666666667
0.1062874251497006 0.9466666666666667
0.10620792819745699 0.9466666666666667
0.10612855007473841 0.9466666666666667
0.10604929051530994 0.9466666666666667
0.10597014925373134 0.9466666666666667
0.1058911260253542 0.9466666666666667
0.10581222056631892 0.9466666666666667
0.10573343261355175 0.9466666666666667
0.1056547619047619 0.9466666666666667
0.10557620817843866 0.9466666666666667
0.10549777117384844 0.9466666666666667
0.10541945063103192 0.9466666666666667
0.10534124629080119 0.9466666666666667
0.10526315789473684 0.9466666666666667
0.10518518518518519 0.9466666666666667
0.10510732790525537 0.9466666666666667
0.10502958579881656 0.9466666666666667
0.1049519586104952 0.9466666666666667
0.10487444608567208 0.9466666666666667
0.1047970479704797 0.9466666666666667
0.10471976401179942 0.9466666666666667
0.10464259395725865 0.9466666666666667
0.10456553755522828 0.9466666666666667
0.10448859455481972 0.9466666666666667
0.10441176470588236 0.9466666666666667
0.10433504775900074 0.9466666666666667
0.10425844346549193 0.9466666666666667
0.10418195157740279 0.9466666666666667
0.10410557184750734 0.9466666666666667
0.10402930402930403 0.9466666666666667
0.10395314787701318 0.9466666666666667
0.10387710314557425 0.9466666666666667
0.10380116959064327 0.9466666666666667
0.10372534696859022 0.9466666666666667
0.10364963503649635 0.9466666666666667
0.10357403355215171 0.9466666666666667
0.10349854227405247 0.9466666666666667
0.10342316096139839 0.9466666666666667
0.10334788937409024 0.9466666666666667
0.10327272727272727 0.9466666666666667
0.10319767441860465 0.9466666666666667
0.10312273057371096 0.9466666666666667
0.10304789550072568 0.9466666666666667
0.10297316896301668 0.9466666666666667
0.10289855072463767 0.9466666666666667
0.10282404055032585 0.9466666666666667
0.10274963820549927 0.9466666666666667
0.10267534345625452 0.9466666666666667
0.10260115606936417 0.9466666666666667
0.10252707581227437 0.9466666666666667
0.10245310245310245 0.9466666666666667
0.10237923576063446 0.9466666666666667
0.10230547550432277 0.9466666666666667
0.10223182145428365 0.9466666666666667
0.10287769784172662 0.9533333333333334
0.10352264557872035 0.96
0.10344827586206896 0.96
0.10337401292175162 0.96
0.10329985652797705 0.96
0.1032258064516129 0.96
0.10315186246418338 0.96
0.10307802433786686 0.96
0.10300429184549356 0.96
0.10293066476054324 0.96
0.10285714285714286 0.96
0.10278372591006424 0.96
0.10271041369472182 0.96
0.10263720598717035 0.96
0.10256410256410256 0.96
0.10249110320284698 0.96
0.10241820768136557 0.96
0.1023454157782516 0.96
0.10227272727272728 0.96
0.1022001419446416 0.96
0.10212765957446808 0.96
0.10205527994330262 0.96
0.10198300283286119 0.96
0.10191082802547771 0.96
0.10183875530410184 0.96
0.10176678445229682 0.96
0.1016949152542373 0.96
0.10162314749470713 0.96
0.10155148095909731 0.96
0.1014799154334038 0.96
0.10140845070422536 0.96
0.10133708655876143 0.96
0.10126582278481013 0.96
0.10119465917076599 0.96
0.10112359550561797 0.96
0.10105263157894737 0.96
0.10098176718092566 0.96
0.10091100210231255 0.96
0.10084033613445378 0.96
0.10076976906927922 0.96
0.1006993006993007 0.96
0.10062893081761007 0.96
0.1005586592178771 0.96
0.10048848569434753 0.96
0.100418410041841 0.96
0.10034843205574913 0.96
0.10027855153203342 0.96
0.10020876826722339 0.96
0.10013908205841446 0.96
0.10006949270326616 0.96
0.1 0.96
0.09993060374739764 0.96
0.09986130374479889 0.96
0.0997920997920998 0.96
0.0997229916897507 0.96
0.09965397923875433 0.96
0.0995850622406639 0.96
0.0995162404975812 0.96
0.09944751381215469 0.96
0.09937888198757763 0.96
0.0993103448275862 0.96
0.09924190213645762 0.96
0.09917355371900827 0.96
0.09910529938059189 0.96
0.09903713892709766 0.96
0.09896907216494845 0.96
0.0989010989010989 0.96
0.09883321894303362 0.96
0.09876543209876543 0.96
0.09869773817683344 0.96
0.09863013698630137 0.96
0.09856262833675565 0.96
0.09849521203830369 0.96
0.09842788790157211 0.96
0.09836065573770492 0.96
0.09829351535836177 0.96
0.09822646657571624 0.96
0.09815950920245399 0.96
0.09809264305177112 0.96
0.0987066031313819 0.9666666666666667
0.09863945578231292 0.9666666666666667
0.09857239972807613 0.9666666666666667
0.09850543478260869 0.9666666666666667
0.09843856076035302 0.9666666666666667
0.09837177747625508 0.9666666666666667
0.09830508474576272 0.9666666666666667
0.09823848238482384 0.9666666666666667
0.0981719702098849 0.9666666666666667
0.09810554803788904 0.9666666666666667
0.09803921568627451 0.9666666666666667
0.09797297297297297 0.9666666666666667
0.09790681971640783 0.9666666666666667
0.09784075573549257 0.9666666666666667
0.09777478084962914 0.9666666666666667
0.0977088948787062 0.9666666666666667
0.09764309764309764 0.9666666666666667
0.09757738896366083 0.9666666666666667
0.09751176866173504 0.9666666666666667
0.09744623655913978 0.9666666666666667
0.09738079247817327 0.9666666666666667
0.09731543624161074 0.9666666666666667
0.09725016767270288 0.9666666666666667
0.09718498659517426 0.9666666666666667
0.0971198928332217 0.9666666666666667
0.09705488621151272 0.9666666666666667
0.09698996655518395 0.9666666666666667
0.09692513368983957 0.9666666666666667
0.09686038744154976 0.9666666666666667
0.09679572763684913 0.9666666666666667
0.09673115410273515 0.9666666666666667
0.09666666666666666 0.9666666666666667
0.0966022651565623 0.9666666666666667
0.09653794940079893 0.9666666666666667
0.09647371922821024 0.9666666666666667
0.09640957446808511 0.9666666666666667
0.09634551495016612 0.9666666666666667
0.09628154050464807 0.9666666666666667
0.0962176509621765 0.9666666666666667
0.09615384615384616 0.9666666666666667
0.09609012591119948 0.9666666666666667
0.09602649006622517 0.9666666666666667
0.09596293845135671 0.9666666666666667
0.0958994708994709 0.9666666666666667
0.09583608724388631 0.9666666666666667
0.09577278731836196 0.9666666666666667
0.09570957095709572 0.9666666666666667
0.09564643799472296 0.9666666666666667
0.0955833882663151 0.9666666666666667
0.09552042160737813 0.9666666666666667
0.09545753785385122 0.9666666666666667
0.09539473684210527 0.9666666666666667
0.09533201840894148 0.9666666666666667
0.09526938239159001 0.9666666666666667
0.09520682862770848 0.9666666666666667
0.09514435695538058 0.9666666666666667
0.09508196721311475 0.9666666666666667
0.09501965923984272 0.9666666666666667
0.09495743287491815 0.9666666666666667
0.09489528795811518 0.9666666666666667
0.09483322432962721 0.9666666666666667
0.09477124183006536 0.9666666666666667
0.09470934030045722 0.9666666666666667
0.09464751958224543 0.9666666666666667
0.09458577951728636 0.9666666666666667
0.09452411994784876 0.9666666666666667
0.09446254071661238 0.9666666666666667
0.09440104166666667 0.9666666666666667
0.09433962264150944 0.9666666666666667
0.09427828348504551 0.9666666666666667
0.09421702404158544 0.9666666666666667
0.09415584415584416 0.9666666666666667
0.09409474367293964 0.9666666666666667
0.0940337224383917 0.9666666666666667
0.09397278029812055 0.9666666666666667
0.0939119170984456 0.9666666666666667
0.09385113268608414 0.9666666666666667
0.09379042690815007 0.9666666666666667
0.09372979961215255 0.9666666666666667
0.09366925064599484 0.9666666666666667
0.09360877985797289 0.9666666666666667
0.0935483870967742 0.9666666666666667
0.09348807221147647 0.9666666666666667
0.09342783505154639 0.9666666666666667
0.09336767546683837 0.9666666666666667
0.0933075933075933 0.9666666666666667
0.0932475884244373 0.9666666666666667
0.09318766066838047 0.9666666666666667
0.09312780989081568 0.9666666666666667
0.09306803594351733 0.9666666666666667
0.09300833867864015 0.9666666666666667
0.09294871794871795 0.9666666666666667
0.09288917360666239 0.9666666666666667
0.09282970550576185 0.9666666666666667
0.0927703134996801 0.9666666666666667
0.09271099744245524 0.9666666666666667
0.0926517571884984 0.9666666666666667
0.09259259259259259 0.9666666666666667
0.09253350350989151 0.9666666666666667
0.09247448979591837 0.9666666666666667
0.09241555130656469 0.9666666666666667
0.09235668789808917 0.9666666666666667
0.09229789942711648 0.9666666666666667
0.09223918575063614 0.9666666666666667
0.09218054672600128 0.9666666666666667
0.09212198221092757 0.9666666666666667
0.09206349206349207 0.9666666666666667
0.09200507614213198 0.9666666666666667
0.09194673430564362 0.9666666666666667
0.09188846641318124 0.9666666666666667
0.09183027232425586 0.9666666666666667
0.09177215189873418 0.9666666666666667
0.09171410499683745 0.9666666666666667
0.09165613147914033 0.9666666666666667
0.0915982312065698 0.9666666666666667
0.09154040404040405 0.9666666666666667
0.0914826498422713 0.9666666666666667
0.0914249684741488 0.9666666666666667
0.09136735979836169 0.9666666666666667
0.09130982367758186 0.9666666666666667
0.09125235997482693 0.9666666666666667
0.09119496855345911 0.9666666666666667
0.09113764927718417 0.9666666666666667
0.09108040201005026 0.9666666666666667
0.09102322661644696 0.9666666666666667
0.09096612296110414 0.9666666666666667
0.09090909090909091 0.9666666666666667
0.09085213032581453 0.9666666666666667
0.09079524107701942 0.9666666666666667
0.09073842302878599 0.9666666666666667
0.0906816760475297 0.9666666666666667
0.090625 0.9666666666666667
0.0905683947532792 0.9666666666666667
0.09051186017478152 0.9666666666666667
0.09045539613225202 0.9666666666666667
0.09039900249376559 0.9666666666666667
0.09034267912772585 0.9666666666666667
0.09028642590286426 0.9666666666666667
0.09023024268823895 0.9666666666666667
0.09017412935323384 0.9666666666666667
0.09011808576755749 0.9666666666666667
0.09006211180124224 0.9666666666666667
0.09000620732464308 0.9666666666666667
0.08995037220843673 0.9666666666666667
0.08989460632362058 0.9666666666666667
0.08983890954151177 0.9666666666666667
0.08978328173374613 0.9666666666666667
0.08972772277227722 0.9666666666666667
0.08967223252937538 0.9666666666666667
0.0896168108776267 0.9666666666666667
0.08956145768993205 0.9666666666666667
0.08950617283950617 0.9666666666666667
0.08945095619987661 0.9666666666666667
0.08939580764488286 0.9666666666666667
0.0893407270486753 0.9666666666666667
0.08928571428571429 0.9666666666666667
0.08923076923076922 0.9666666666666667
0.08917589175891759 0.9666666666666667
0.08912108174554395 0.9666666666666667
0.08906633906633907 0.9666666666666667
0.08901166359729895 0.9666666666666667
0.08895705521472393 0.9666666666666667
0.08890251379521766 0.9666666666666667
0.08884803921568628 0.9666666666666667
0.08879363135333741 0.9666666666666667
0.08873929008567931 0.9666666666666667
0.08868501529051988 0.9666666666666667
0.08863080684596578 0.9666666666666667
0.0885766646304215 0.9666666666666667
0.08852258852258853 0.9666666666666667
0.08846857840146431 0.9666666666666667
0.08841463414634146 0.9666666666666667
0.08836075563680683 0.9666666666666667
0.08830694275274056 0.9666666666666667
0.08825319537431528 0.9666666666666667
0.08819951338199514 0.9666666666666667
0.08814589665653495 0.9666666666666667
0.08809234507897934 0.9666666666666667
0.0880388585306618 0.9666666666666667
0.08798543689320389 0.9666666666666667
0.08793208004851426 0.9666666666666667
0.08787878787878788 0.9666666666666667
0.08782556026650515 0.9666666666666667
0.08777239709443099 0.9666666666666667
0.08771929824561403 0.9666666666666667
0.08766626360338574 0.9666666666666667
0.08761329305135952 0.9666666666666667
0.08756038647342995 0.9666666666666667
0.08750754375377187 0.9666666666666667
0.08745476477683957 0.9666666666666667
0.08740204942736589 0.9666666666666667
0.08734939759036145 0.9666666666666667
0.08729680915111379 0.9666666666666667
0.08724428399518652 0.9666666666666667
0.08719182200841852 0.9666666666666667
0.08713942307692307 0.9666666666666667
0.08708708708708708 0.9666666666666667
0.08703481392557023 0.9666666666666667
0.08698260347930414 0.9666666666666667
0.08693045563549161 0.9666666666666667
0.08687837028160575 0.9666666666666667
0.08682634730538923 0.9666666666666667
0.08677438659485338 0.9666666666666667
0.0867224880382775 0.9666666666666667
0.08667065152420801 0.9666666666666667
0.08661887694145759 0.9666666666666667
0.08656716417910448 0.9666666666666667
0.08651551312649165 0.9666666666666667
0.086463923673226 0.9666666666666667
0.0864123957091776 0.9666666666666667
0.08636092912447886 0.9666666666666667
0.08630952380952381 0.9666666666666667
0.08625817965496728 0.9666666666666667
0.08620689655172414 0.9666666666666667
0.08615567439096851 0.9666666666666667
0.08610451306413301 0.9666666666666667
0.08605341246290801 0.9666666666666667
0.08600237247924081 0.9666666666666667
0.08595139300533491 0.9666666666666667
0.08590047393364929 0.9666666666666667
0.08584961515689757 0.9666666666666667
0.08579881656804733 0.9666666666666667
0.08574807806031934 0.9666666666666667
0.08569739952718676 0.9666666666666667
0.08564678086237448 0.9666666666666667
0.08559622195985832 0.9666666666666667
0.0855457227138643 0.9666666666666667
0.08549528301886793 0.9666666666666667
0.0854449027695934 0.9666666666666667
0.08539458186101295 0.9666666666666667
0.08534432018834609 0.9666666666666667
0.08529411764705883 0.9666666666666667
0.08524397413286303 0.9666666666666667
0.08519388954171563 0.9666666666666667
0.08514386376981797 0.9666666666666667
0.08509389671361503 0.9666666666666667
0.08504398826979472 0.9666666666666667
0.08499413833528723 0.9666666666666667
0.0849443468072642 0.9666666666666667
0.08489461358313817 0.9666666666666667
0.08484493856056173 0.9666666666666667
0.0847953216374269 0.9666666666666667
0.0847457627118644 0.9666666666666667
0.084696261682243 0.9666666666666667
0.0846468184471687 0.9666666666666667
0.08459743290548424 0.9666666666666667
0.08454810495626822 0.9666666666666667
0.0844988344988345 0.9666666666666667
0.0844496214327315 0.9666666666666667
0.08440046565774156 0.9666666666666667
0.08435136707388016 0.9666666666666667
0.08430232558139535 0.9666666666666667
0.084253341080767 0.9666666666666667
0.08420441347270616 0.9666666666666667
0.08415554265815438 0.9666666666666667
0.08410672853828306 0.9666666666666667
0.08405797101449275 0.9666666666666667
0.08400926998841252 0.9666666666666667
0.08396062536189924 0.9666666666666667
0.08391203703703703 0.9666666666666667
0.08386350491613649 0.9666666666666667
0.0838150289017341 0.9666666666666667
0.08376660889659157 0.9666666666666667
0.08371824480369515 0.9666666666666667
0.08366993652625505 0.9666666666666667
0.08362168396770472 0.9666666666666667
0.08357348703170028 0.9666666666666667
0.08352534562211981 0.9666666666666667
0.08347725964306275 0.9666666666666667
0.08342922899884925 0.9666666666666667
0.08338125359401956 0.9666666666666667
0.08333333333333333 0.9666666666666667
0.0832854681217691 0.9666666666666667
0.08323765786452354 0.9666666666666667
0.0831899024670109 0.9666666666666667
0.08314220183486239 0.9666666666666667
0.0830945558739255 0.9666666666666667
0.08304696449026346 0.9666666666666667
0.08299942759015455 0.9666666666666667
0.08295194508009153 0.9666666666666667
0.08290451686678102 0.9666666666666667
0.08285714285714285 0.9666666666666667
0.08280982295830953 0.9666666666666667
0.08276255707762557 0.9666666666666667
0.08271534512264689 0.9666666666666667
0.08266818700114024 0.9666666666666667
0.08262108262108261 0.9666666666666667
0.08257403189066059 0.9666666666666667
0.08252703471826978 0.9666666666666667
0.08248009101251422 0.9666666666666667
0.0824332006822058 0.9666666666666667
0.08238636363636363 0.9666666666666667
0.08233957978421351 0.9666666666666667
0.08229284903518728 0.9666666666666667
0.08281338627339761 0.9733333333333334
0.08276643990929705 0.9733333333333334
0.08328611898016997 0.98
0.08323895809739525 0.98
0.0831918505942275 0.98
0.0831447963800905 0.98
0.08309779536461277 0.98
0.08305084745762711 0.98
0.08300395256916997 0.98
0.08295711060948081 0.98
0.0829103214890017 0.98
0.08286358511837655 0.98
0.0828169014084507 0.98
0.08277027027027027 0.98
0.0827236916150816 0.98
0.08267716535433071 0.98
0.08263069139966273 0.98
0.08258426966292134 0.98
0.08253790005614824 0.98
0.08249158249158249 0.98
0.08244531688166012 0.98
0.08239910313901345 0.98
0.08235294117647059 0.98
0.08230683090705487 0.98
0.08226077224398433 0.98
0.08221476510067115 0.98
0.08216880939072108 0.98
0.08212290502793296 0.98
0.08207705192629816 0.98
0.08203125 0.98
0.08198549916341327 0.98
0.08193979933110368 0.98
0.0818941504178273 0.98
0.08184855233853007 0.98
0.08180300500834725 0.98
0.0817575083426029 0.98
0.08171206225680934 0.98
0.08166666666666667 0.98
0.08162132148806218 0.98
0.08157602663706992 0.98
0.08153078202995008 0.98
0.08148558758314856 0.98
0.0814404432132964 0.98
0.08139534883720931 0.98
0.0813503043718871 0.98
0.08130530973451328 0.98
0.0812603648424544 0.98
0.08121546961325966 0.98
0.0811706239646604 0.98
0.08112582781456953 0.98
0.08108108108108109 0.98
0.08103638368246968 0.98
0.08099173553719008 0.98
0.08094713656387666 0.98
0.08090258668134287 0.98
0.08085808580858085 0.98
0.08081363386476086 0.98
0.08076923076923077 0.98
0.08072487644151564 0.98
0.08068057080131723 0.98
0.08063631376851343 0.98
0.0805921052631579 0.98
0.08054794520547945 0.98
0.08050383351588171 0.98
0.08045977011494253 0.98
0.08041575492341356 0.98
0.0803717878622198 0.98
0.08032786885245902 0.98
0.08028399781540142 0.98
0.08024017467248909 0.98
0.08019639934533551 0.98
0.08015267175572519 0.98
0.08010899182561308 0.98
0.08006535947712418 0.98
0.08002177463255307 0.98
0.07997823721436344 0.98
0.0799347471451876 0.98
0.07989130434782608 0.98
0.07984790874524715 0.98
0.07980456026058631 0.98
0.07976125881714596 0.98
0.0797180043383948 0.98
0.07967479674796749 0.98
0.07963163596966413 0.98
0.07958852192744992 0.98
0.07954545454545454 0.98
0.07950243374797188 0.98
0.07945945945945945 0.98
0.07941653160453808 0.98
0.07937365010799136 0.98
0.07933081489476525 0.98
0.07928802588996764 0.98
0.07924528301886792 0.98
0.07920258620689655 0.98
0.0791599353796446 0.98
0.07911733046286329 0.98
0.07907477138246369 0.98
0.07903225806451612 0.98
0.07898979043524987 0.98
0.07894736842105263 0.98
0.07890499194847021 0.98
0.078862660944206 0.98
0.07882037533512064 0.98
0.07877813504823152 0.98
0.07873594001071238 0.98
0.07869379014989293 0.98
0.07865168539325842 0.98
0.0786096256684492 0.98
0.07856761090326028 0.98
0.07852564102564102 0.98
0.0784837159636946 0.98
0.0784418356456777 0.98
0.0784 0.98
0.07835820895522388 0.98
0.07831646244006393 0.98
0.07827476038338659 0.98
0.07823310271420969 0.98
0.07819148936170213 0.98
0.07814992025518341 0.98
0.07810839532412327 0.98
0.07806691449814127 0.98
0.07802547770700637 0.98
0.0779840848806366 0.98
0.07794273594909862 0.98
0.07790143084260731 0.98
0.07786016949152542 0.98
0.07781895182636316 0.98
0.07777777777777778 0.98
0.07773664727657324 0.98
0.0776955602536998 0.98
0.07765451664025357 0.98
0.07761351636747624 0.98
0.07757255936675461 0.98
0.07753164556962025 0.98
0.07749077490774908 0.98
0.07744994731296101 0.98
0.07740916271721959 0.98
0.07736842105263157 0.98
0.0773277222514466 0.98
0.07728706624605679 0.98
0.07724645296899632 0.98
0.07720588235294118 0.98
0.07716535433070866 0.98
0.07712486883525708 0.98
0.07708442579968537 0.98
0.0770440251572327 0.98
0.07700366684127816 0.98
0.07696335078534032 0.98
0.07692307692307693 0.98
0.07688284518828452 0.98
0.07684265551489806 0.98
0.0768025078369906 0.98
0.07676240208877284 0.98
0.0767223382045929 0.98
0.07668231611893583 0.98
0.07664233576642336 0.98
0.07660239708181345 0.98
0.0765625 0.98
0.07652264445601249 0.98
0.0764828303850156 0.98
0.07644305772230889 0.98
0.07640332640332641 0.98
0.07636363636363637 0.98
0.0763239875389408 0.98
0.07628437986507525 0.98
0.0762448132780083 0.98
0.07620528771384137 0.98
0.07616580310880829 0.98
0.07612635939927499 0.98
0.07608695652173914 0.98
0.0760475944128298 0.98
0.07600827300930714 0.98
0.07596899224806201 0.98
0.0759297520661157 0.98
0.07589055240061951 0.98
0.07585139318885449 0.98
0.07581227436823104 0.98
0.07577319587628865 0.98
0.07573415765069552 0.98
0.0756951596292482 0.98
0.07565620174987134 0.98
0.07561728395061729 0.98
0.07557840616966581 0.98
0.07553956834532374 0.98
0.07550077041602465 0.98
0.07546201232032854 0.98
0.07542329399692149 0.98
0.07538461538461538 0.98
0.07534597642234751 0.98
0.07530737704918032 0.98
0.07526881720430108 0.98
0.0752302968270215 0.98
0.07519181585677749 0.98
0.07515337423312883 0.98
0.07511497189575882 0.98
0.07507660878447395 0.98
0.07503828483920368 0.98
0.075 0.98
0.07496175420703723 0.98
0.07492354740061162 0.98
0.0748853795211411 0.98
0.07484725050916496 0.98
0.07480916030534351 0.98
0.07477110885045778 0.98
0.07473309608540925 0.98
0.07469512195121951 0.98
0.07465718638902996 0.98
0.07461928934010152 0.98
0.0745814307458143 0.98
0.07454361054766734 0.98
0.07450582868727826 0.98
0.07446808510638298 0.98
0.07443037974683545 0.98
0.07439271255060728 0.98
0.07435508345978756 0.98
0.0743174924165824 0.98
0.07427993936331481 0.98
0.07424242424242425 0.98
0.07420494699646643 0.98
0.07416750756811302 0.98
0.07413010590015129 0.98
0.07409274193548387 0.98
0.07405541561712846 0.98
0.07401812688821752 0.98
0.07398087569199799 0.98
0.07394366197183098 0.98
0.07390648567119155 0.98
0.07386934673366834 0.98
0.07383224510296334 0.98
0.07379518072289157 0.98
0.07375815353738083 0.98
0.07372116349047142 0.98
0.07368421052631578 0.98
0.07364729458917836 0.98
0.07361041562343515 0.98
0.07357357357357357 0.98
0.0735367683841921 0.98
0.0735 0.98
0.0734632683658171 0.98
0.07342657342657342 0.98
0.07338991512730904 0.98
0.07335329341317365 0.98
0.07331670822942643 0.98
0.0732801595214357 0.98
0.07324364723467862 0.98
0.07320717131474104 0.98
0.07317073170731707 0.98
0.07313432835820896 0.98
0.0730979612133267 0.98
0.07306163021868788 0.98
0.07302533532041729 0.98
0.07298907646474677 0.98
0.07295285359801489 0.98
0.07291666666666667 0.98
0.07288051561725335 0.98
0.07284440039643211 0.98
0.07280832095096583 0.98
0.07277227722772277 0.98
0.0727362691736764 0.98
0.07270029673590504 0.98
0.0726643598615917 0.98
0.07262845849802371 0.98
0.0725925925925926 0.98
0.07255676209279369 0.98
0.07252096694622595 0.98
0.07248520710059171 0.98
0.0724494825036964 0.98
0.07241379310344828 0.98
0.0723781388478582 0.98
0.07234251968503937 0.98
0.07230693556320708 0.98
0.07227138643067847 0.98
0.07223587223587223 0.98
0.07220039292730845 0.98
0.07216494845360824 0.98
0.07212953876349362 0.98
0.07209416380578715 0.98
0.07205882352941176 0.98
0.0720235178833905 0.98
0.07198824681684624 0.98
0.07195301027900147 0.98
0.07191780821917808 0.98
0.07188264058679707 0.98
0.0718475073313783 0.98
0.0718124084025403 0.98
0.07177734375 0.98
0.07174231332357248 0.98
0.07170731707317073 0.98
0.07167235494880546 0.98
0.07163742690058479 0.98
0.07160253287871407 0.98
0.07156767283349562 0.98
0.07153284671532846 0.98
0.07149805447470817 0.98
0.07146329606222654 0.98
0.07142857142857142 0.98
0.07139388052452647 0.98
0.07135922330097087 0.98
0.07132459970887918 0.98
0.07129000969932105 0.98
0.07125545322346098 0.98
0.07122093023255814 0.98
0.0711864406779661 0.98
0.07115198451113262 0.98
0.07111756168359942 0.98
0.07108317214700194 0.98
0.07104881585306912 0.98
0.07101449275362319 0.98
0.07098020280057943 0.98
0.07094594594594594 0.98
0.07091172214182344 0.98
0.07087753134040502 0.98
0.0708433734939759 0.98
0.0708092485549133 0.98
0.07077515647568608 0.98
0.07074109720885467 0.98
0.0707070707070707 0.98
0.07067307692307692 0.98
0.07063911580970687 0.98
0.07060518731988473 0.98
0.07057129140662506 0.98
0.07053742802303263 0.98
0.07050359712230216 0.98
0.07046979865771812 0.98
0.07043603258265453 0.98
0.07040229885057471 0.98
0.07036859741503111 0.98
0.07033492822966507 0.98
0.0703012912482066 0.98
0.07026768642447419 0.98
0.07023411371237458 0.98
0.07020057306590258 0.98
0.07016706443914081 0.98
0.07013358778625954 0.98
0.07010014306151645 0.98
0.07006673021925644 0.98
0.07003334921391138 0.98
0.07 0.98
0.06996668253212755 0.98
0.06993339676498572 0.98
0.06990014265335236 0.98
0.06986692015209126 0.98
0.06983372921615202 0.98
0.0698005698005698 0.98
0.06976744186046512 0.98
0.06973434535104364 0.98
0.06970128022759602 0.98
0.06966824644549763 0.98
0.06963524396020843 0.98
0.06960227272727272 0.98
0.06956933270231898 0.98
0.0695364238410596 0.98
0.06950354609929078 0.98
0.06947069943289225 0.98
0.06943788379782712 0.98
0.06940509915014165 0.98
0.06937234544596507 0.98
0.06933962264150943 0.98
0.06930693069306931 0.98
0.06927426955702168 0.98
0.06924163918982572 0.98
0.0692090395480226 0.98
0.0691764705882353 0.98
0.06914393226716839 0.98
0.0691114245416079 0.98
0.06907894736842106 0.98
0.06904650070455613 0.98
0.06901408450704226 0.98
0.0689816987329892 0.98
0.06894934333958724 0.98
0.06891701828410689 0.98
0.06888472352389878 0.98
0.06885245901639345 0.98
0.06882022471910113 0.98
0.0687880205896116 0.98
0.06875584658559401 0.98
0.06872370266479663 0.98
0.06869158878504673 0.98
0.06865950490425035 0.98
0.06862745098039216 0.98
0.06859542697153523 0.98
0.06856343283582089 0.98
0.06853146853146853 0.98
0.0684995340167754 0.98
0.06846762925011644 0.98
0.06843575418994413 0.98
0.06840390879478828 0.98
0.06837209302325581 0.98
0.06834030683403068 0.98
0.0683085501858736 0.98
0.06827682303762192 0.98
0.06824512534818941 0.98
0.06821345707656612 0.98
0.06818181818181818 0.98
0.06815020862308763 0.98
0.06811862835959222 0.98
0.06808707735062529 0.98
0.06805555555555555 0.98
0.06802406293382693 0.98
0.06799259944495838 0.98
0.06796116504854369 0.98
0.06792975970425139 0.98
0.06789838337182448 0.98
0.06786703601108034 0.98
0.06783571758191048 0.98
0.06780442804428044 0.98
0.0677731673582296 0.98
0.06774193548387097 0.98
0.06771073238139107 0.98
0.06767955801104972 0.98
0.06764841233317993 0.98
0.06761729530818768 0.98
0.06758620689655172 0.98
0.06755514705882353 0.98
0.06752411575562701 0.98
0.0674931129476584 0.98
0.06746213859568609 0.98
0.06743119266055046 0.98
0.06740027510316368 0.98
0.06736938588450962 0.98
0.0673385249656436 0.98
0.0673076923076923 0.98
0.06727688787185354 0.98
0.06724611161939616 0.98
0.06721536351165981 0.98
0.06718464351005485 0.98
0.06715395157606213 0.98
0.06712328767123288 0.98
0.0670926517571885 0.98
0.06706204379562043 0.98
0.06703146374829001 0.98
0.06700091157702825 0.98
0.06697038724373576 0.98
0.06693989071038252 0.98
0.06690942193900774 0.98
0.06687898089171974 0.98
0.06684856753069578 0.98
0.06681818181818182 0.98
0.0667878237164925 0.98
0.0667574931880109 0.98
0.06672719019518839 0.98
0.06669691470054447 0.98
0.06666666666666667 0.98
0.06663644605621033 0.98
0.0666062528318985 0.98
0.06657608695652174 0.98
0.06654594839293798 0.98
0.0665158371040724 0.98
0.06648575305291723 0.98
0.06645569620253164 0.98
0.06642566651604158 0.98
0.06639566395663957 0.98
0.06636568848758465 0.98
0.06633574007220217 0.98
0.06630581867388363 0.98
0.06627592425608657 0.98
0.06624605678233439 0.98
0.06621621621621622 0.98
0.06618640252138676 0.98
0.06615661566156615 0.98
0.06612685560053981 0.98
0.06609712230215828 0.98
0.06606741573033707 0.98
0.0660377358490566 0.98
0.06600808262236192 0.98
0.06597845601436265 0.98
0.06594885598923284 0.98
0.06591928251121076 0.98
0.06588973554459883 0.98
0.06586021505376344 0.98
0.06583072100313479 0.98
0.06580125335720681 0.98
0.06577181208053691 0.98
0.06574239713774598 0.98
0.0657130084935181 0.98
0.06568364611260054 0.98
0.06565430995980348 0.98
0.065625 0.98
0.06559571619812583 0.98
0.0655664585191793 0.98
0.06553722692822113 0.98
0.06550802139037433 0.98
0.06547884187082405 0.98
0.06544968833481746 0.98
0.06542056074766354 0.98
0.0653914590747331 0.98
0.06536238328145842 0.98
0.06533333333333333 0.98
0.06530430919591293 0.98
0.0652753108348135 0.98
0.06524633821571238 0.98
0.06521739130434782 0.98
0.06518847006651884 0.98
0.06515957446808511 0.98
0.06513070447496677 0.98
0.06510186005314438 0.98
0.0650730411686587 0.98
0.06504424778761062 0.98
0.06501547987616099 0.98
0.0649867374005305 0.98
0.06495802032699956 0.98
0.06492932862190813 0.98
0.06490066225165562 0.98
0.0648720211827008 0.98
0.06484340538156154 0.98
0.06481481481481481 0.98
0.06478624944909651 0.98
0.06475770925110132 0.98
0.06472919418758256 0.98
0.06470070422535211 0.98
0.06467223933128025 0.98
0.06464379947229551 0.98
0.06461538461538462 0.98
0.06458699472759227 0.98
0.06455862977602109 0.98
0.06453028972783142 0.98
0.06450197455024133 0.98
0.06447368421052632 0.98
0.06444541867601929 0.98
0.06441717791411043 0.98
0.06438896189224705 0.98
0.06436077057793345 0.98
0.06433260393873086 0.98
0.06430446194225722 0.98
0.06427634455618715 0.98
0.06424825174825174 0.98
0.06422018348623854 0.98
0.06419213973799126 0.98
0.06416412047140986 0.98
0.06413612565445026 0.98
0.0641081552551243 0.98
0.06408020924149957 0.98
0.06405228758169934 0.98
0.06402439024390244 0.98
0.06399651719634306 0.98
0.0639686684073107 0.98
0.06394084384515007 0.98
0.06391304347826086 0.98
0.06388526727509779 0.98
0.06385751520417028 0.98
0.06382978723404255 0.98
0.06380208333333333 0.98
0.06377440347071583 0.98
0.06374674761491761 0.98
0.06371911573472042 0.98
0.06369150779896014 0.98
0.06366392377652663 0.98
0.06363636363636363 0.98
0.06360882734746863 0.98
0.06358131487889274 0.98
0.06355382619974059 0.98
0.06352636127917027 0.98
0.06349892008639309 0.98
0.06347150259067358 0.98
0.0634441087613293 0.98
0.06341673856773081 0.98
0.06338939197930142 0.98
0.06336206896551724 0.98
0.06333476949590694 0.98
0.06330749354005168 0.98
0.06328024106758502 0.98
0.06325301204819277 0.98
0.06322580645161291 0.98
0.06319862424763542 0.98
0.06317146540610227 0.98
0.06314432989690721 0.98
0.0631172176899957 0.98
0.06309012875536481 0.98
0.06306306306306306 0.98
0.0630360205831904 0.98
0.06300900128589798 0.98
0.06298200514138817 0.98
0.06295503211991435 0.98
0.06292808219178082 0.98
0.06290115532734275 0.98
0.06287425149700598 0.98
0.06284737067122702 0.98
0.06282051282051282 0.98
0.06279367791542076 0.98
0.0627668659265585 0.98
0.06274007682458387 0.98
0.06271331058020478 0.98
0.0626865671641791 0.98
0.06265984654731457 0.98
0.06263314870046868 0.98
0.06260647359454855 0.98
0.06257982120051085 0.98
0.0625531914893617 0.98
0.06252658443215653 0.98
0.0625 0.98
0.0624734381640459 0.98
0.062446898895497024 0.98
0.062420382165605096 0.98
0.06239388794567063 0.98
0.06236741620704285 0.98
0.062340966921119595 0.98
0.06231454005934718 0.98
0.06228813559322034 0.98
0.062261753494282084 0.98
0.06223539373412362 0.98
0.06220905628438426 0.98
0.06218274111675127 0.98
0.06215644820295983 0.98
0.0621301775147929 0.98
0.062103929024081114 0.98
0.0620777027027027 0.98
0.06205149852258337 0.98
0.0620253164556962 0.98
0.061999156474061574 0.98
0.06197301854974705 0.98
0.061946902654867256 0.98
0.061920808761583825 0.98
0.061894736842105266 0.98
0.06186868686868687 0.98
0.06184265881363063 0.98
0.06181665264928511 0.98
0.0617906683480454 0.98
0.061764705882352944 0.98
0.061738765224695506 0.98
0.061712846347607056 0.98
0.061686949223667645 0.98
0.06166107382550336 0.98
0.061635220125786164 0.98
0.06160938809723386 0.98
0.06158357771260997 0.98
0.06155778894472362 0.98
0.06153202176642947 0.98
0.06150627615062761 0.98
0.06148055207026349 0.98
0.06145484949832776 0.98
0.06142916840785625 0.98
0.06140350877192982 0.98
0.061377870563674324 0.98
0.06135225375626043 0.98
0.06132665832290363 0.98
0.061301084236864055 0.98
0.06127553147144644 0.98
0.06125 0.98
0.061224489795918366 0.98
0.06119900083263947 0.98
0.06117353308364544 0.98
0.061148086522462564 0.98
0.061122661122661126 0.98
0.06109725685785536 0.98
0.06107187370170337 0.98
0.061046511627906974 0.98
0.06102117061021171 0.98
0.06099585062240664 0.98
0.06097055163832435 0.98
0.060945273631840796 0.98
0.060920016576875256 0.98
0.060894780447390225 0.98
0.06086956521739131 0.98
0.06084437086092715 0.98
0.06081919735208937 0.98
0.060794044665012405 0.98
0.0607689127738735 0.98
0.06074380165289256 0.98
0.06071871127633209 0.98
0.06069364161849711 0.98
0.06066859265373504 0.98
0.06064356435643564 0.98
0.060618556701030925 0.98
0.060593569661995056 0.98
0.06056860321384425 0.98
0.06054365733113674 0.98
0.06051873198847262 0.98
0.06049382716049383 0.98
0.060468942821883996 0.98
0.06044407894736842 0.98
0.06041923551171394 0.98
0.06039441248972884 0.98
0.060369609856262836 0.98
0.0603448275862069 0.98
0.06032006565449323 0.98
0.06029532403609516 0.98
0.06027060270602706 0.98
0.06024590163934426 0.98
0.06022122081114297 0.98
0.060196560196560195 0.98
0.06017191977077364 0.98
0.060147299509001634 0.98
0.06012269938650307 0.98
0.06009811937857727 0.98
0.060073559460563954 0.98
0.06004901960784314 0.98
0.06002449979583503 0.98
0.06 0.98
0.05997552019583843 0.98
0.0599510603588907 0.98
0.059926620464737054 0.98
0.05990220048899755 0.98
0.059877800407331976 0.98
0.05985342019543974 0.98
0.05982905982905983 0.98
0.05980471928397071 0.98
