1.0 0.006666666666666667
0.5 0.006666666666666667
0.3333333333333333 0.006666666666666667
0.25 0.006666666666666667
0.4 0.013333333333333334
0.3333333333333333 0.013333333333333334
0.2857142857142857 0.013333333333333334
0.375 0.02
0.4444444444444444 0.02666666666666667
0.5 0.03333333333333333
0.45454545454545453 0.03333333333333333
0.5 0.04
0.5384615384615384 0.04666666666666667
0.5 0.04666666666666667
0.5333333333333333 0.05333333333333334
0.5 0.05333333333333334
0.47058823529411764 0.05333333333333334
0.4444444444444444 0.05333333333333334
0.42105263157894735 0.05333333333333334
0.4 0.05333333333333334
0.38095238095238093 0.05333333333333334
0.36363636363636365 0.05333333333333334
0.34782608695652173 0.05333333333333334
0.3333333333333333 0.05333333333333334
0.32 0.05333333333333334
0.3076923076923077 0.05333333333333334
0.2962962962962963 0.05333333333333334
0.2857142857142857 0.05333333333333334
0.27586206896551724 0.05333333333333334
0.26666666666666666 0.05333333333333334
0.2903225806451613 0.06
0.28125 0.06
0.2727272727272727 0.06
0.2647058823529412 0.06
0.2571428571428571 0.06
0.25 0.06
0.24324324324324326 0.06
0.23684210526315788 0.06
0.23076923076923078 0.06
0.225 0.06
0.24390243902439024 0.06666666666666667
0.2619047619047619 0.07333333333333333
0.27906976744186046 0.08
0.29545454545454547 0.08666666666666667
0.3111111111111111 0.09333333333333334
0.32608695652173914 0.1
0.3191489361702128 0.1
0.3125 0.1
0.32653061224489793 0.10666666666666667
0.34 0.11333333333333333
0.35294117647058826 0.12
0.36538461538461536 0.12666666666666668
0.37735849056603776 0.13333333333333333
0.3888888888888889 0.14
0.4 0.14666666666666667
0.4107142857142857 0.15333333333333332
0.42105263157894735 0.16
0.41379310344827586 0.16
0.423728813559322 0.16666666666666666
0.4166666666666667 0.16666666666666666
0.4098360655737705 0.16666666666666666
0.4032258064516129 0.16666666666666666
0.3968253968253968 0.16666666666666666
0.390625 0.16666666666666666
0.38461538461538464 0.16666666666666666
0.3787878787878788 0.16666666666666666
0.373134328358209 0.16666666666666666
0.36764705882352944 0.16666666666666666
0.36231884057971014 0.16666666666666666
0.35714285714285715 0.16666666666666666
0.352112676056338 0.16666666666666666
0.3472222222222222 0.16666666666666666
0.3424657534246575 0.16666666666666666
0.33783783783783783 0.16666666666666666
0.3333333333333333 0.16666666666666666
0.32894736842105265 0.16666666666666666
0.3246753246753247 0.16666666666666666
0.32051282051282054 0.16666666666666666
0.31645569620253167 0.16666666666666666
0.3125 0.16666666666666666
0.30864197530864196 0.16666666666666666
0.3048780487804878 0.16666666666666666
0.30120481927710846 0.16666666666666666
0.2976190476190476 0.16666666666666666
0.29411764705882354 0.16666666666666666
0.3023255813953488 0.17333333333333334
0.2988505747126437 0.17333333333333334
0.29545454545454547 0.17333333333333334
0.29213483146067415 0.17333333333333334
0.28888888888888886 0.17333333333333334
0.2857142857142857 0.17333333333333334
0.2826086956521739 0.17333333333333334
0.27956989247311825 0.17333333333333334
0.2765957446808511 0.17333333333333334
0.2736842105263158 0.17333333333333334
0.2708333333333333 0.17333333333333334
0.26804123711340205 0.17333333333333334
0.2653061224489796 0.17333333333333334
0.26262626262626265 0.17333333333333334
0.26 0.17333333333333334
0.25742574257425743 0.17333333333333334
0.2549019607843137 0.17333333333333334
0.2524271844660194 0.17333333333333334
0.25 0.17333333333333334
0.24761904761904763 0.17333333333333334
0.24528301886792453 0.17333333333333334
0.24299065420560748 0.17333333333333334
0.24074074074074073 0.17333333333333334
0.23853211009174313 0.17333333333333334
0.23636363636363636 0.17333333333333334
0.23423423423423423 0.17333333333333334
0.23214285714285715 0.17333333333333334
0.23008849557522124 0.17333333333333334
0.22807017543859648 0.17333333333333334
0.22608695652173913 0.17333333333333334
0.22413793103448276 0.17333333333333334
0.2222222222222222 0.17333333333333334
0.22033898305084745 0.17333333333333334
0.2184873949579832 0.17333333333333334
0.21666666666666667 0.17333333333333334
0.21487603305785125 0.17333333333333334
0.21311475409836064 0.17333333333333334
0.21138211382113822 0.17333333333333334
0.20967741935483872 0.17333333333333334
0.208 0.17333333333333334
0.20634920634920634 0.17333333333333334
0.2047244094488189 0.17333333333333334
0.203125 0.17333333333333334
0.20155038759689922 0.17333333333333334
0.2 0.17333333333333334
0.1984732824427481 0.17333333333333334
0.19696969696969696 0.17333333333333334
0.19548872180451127 0.17333333333333334
0.19402985074626866 0.17333333333333334
0.1925925925925926 0.17333333333333334
0.19117647058823528 0.17333333333333334
0.1897810218978102 0.17333333333333334
0.18840579710144928 0.17333333333333334
0.18705035971223022 0.17333333333333334
0.18571428571428572 0.17333333333333334
0.18439716312056736 0.17333333333333334
0.19014084507042253 0.18
0.1888111888111888 0.18
0.1875 0.18
0.18620689655172415 0.18
0.18493150684931506 0.18
0.19047619047619047 0.18666666666666668
0.19594594594594594 0.19333333333333333
0.19463087248322147 0.19333333333333333
0.19333333333333333 0.19333333333333333
0.1986754966887417 0.2
0.19736842105263158 0.2
0.19607843137254902 0.2
0.19480519480519481 0.2
0.1935483870967742 0.2
0.19230769230769232 0.2
0.1910828025477707 0.2
0.189873417721519 0.2
0.18867924528301888 0.2
0.1875 0.2
0.18633540372670807 0.2
0.18518518518518517 0.2
0.18404907975460122 0.2
0.18292682926829268 0.2
0.18181818181818182 0.2
0.18072289156626506 0.2
0.17964071856287425 0.2
0.17857142857142858 0.2
0.17751479289940827 0.2
0.17647058823529413 0.2
0.17543859649122806 0.2
0.18023255813953487 0.20666666666666667
0.1791907514450867 0.20666666666666667
0.1781609195402299 0.20666666666666667
0.17714285714285713 0.20666666666666667
0.17613636363636365 0.20666666666666667
0.1751412429378531 0.20666666666666667
0.17415730337078653 0.20666666666666667
0.17318435754189945 0.20666666666666667
0.17222222222222222 0.20666666666666667
0.1712707182320442 0.20666666666666667
0.17032967032967034 0.20666666666666667
0.16939890710382513 0.20666666666666667
0.16847826086956522 0.20666666666666667
0.16756756756756758 0.20666666666666667
0.16666666666666666 0.20666666666666667
0.1657754010695187 0.20666666666666667
0.16489361702127658 0.20666666666666667
0.164021164021164 0.20666666666666667
0.1631578947368421 0.20666666666666667
0.16230366492146597 0.20666666666666667
0.16145833333333334 0.20666666666666667
0.16062176165803108 0.20666666666666667
0.15979381443298968 0.20666666666666667
0.15897435897435896 0.20666666666666667
0.16326530612244897 0.21333333333333335
0.16243654822335024 0.21333333333333335
0.16161616161616163 0.21333333333333335
0.16080402010050251 0.21333333333333335
0.16 0.21333333333333335
0.15920398009950248 0.21333333333333335
0.15841584158415842 0.21333333333333335
0.15763546798029557 0.21333333333333335
0.1568627450980392 0.21333333333333335
0.15609756097560976 0.21333333333333335
0.1553398058252427 0.21333333333333335
0.15458937198067632 0.21333333333333335
0.15384615384615385 0.21333333333333335
0.15311004784688995 0.21333333333333335
0.1523809523809524 0.21333333333333335
0.15165876777251186 0.21333333333333335
0.1509433962264151 0.21333333333333335
0.15492957746478872 0.22
0.1588785046728972 0.22666666666666666
0.16279069767441862 0.23333333333333334
0.16203703703703703 0.23333333333333334
0.16129032258064516 0.23333333333333334
0.16055045871559634 0.23333333333333334
0.1598173515981735 0.23333333333333334
0.1590909090909091 0.23333333333333334
0.1583710407239819 0.23333333333333334
0.15765765765765766 0.23333333333333334
0.15695067264573992 0.23333333333333334
0.15625 0.23333333333333334
0.16 0.24
0.1592920353982301 0.24
0.15859030837004406 0.24
0.15789473684210525 0.24
0.1572052401746725 0.24
0.1565217391304348 0.24
0.15584415584415584 0.24
0.15517241379310345 0.24
0.15450643776824036 0.24
0.15384615384615385 0.24
0.15319148936170213 0.24
0.15254237288135594 0.24
0.1518987341772152 0.24
0.15126050420168066 0.24
0.1506276150627615 0.24
0.15 0.24
0.14937759336099585 0.24
0.1487603305785124 0.24
0.14814814814814814 0.24
0.14754098360655737 0.24
0.1469387755102041 0.24
0.14634146341463414 0.24
0.145748987854251 0.24
0.14516129032258066 0.24
0.14457831325301204 0.24
0.144 0.24
0.14342629482071714 0.24
0.14285714285714285 0.24
0.1422924901185771 0.24
0.14566929133858267 0.24666666666666667
0.1450980392156863 0.24666666666666667
0.1484375 0.25333333333333335
0.14785992217898833 0.25333333333333335
0.14728682170542637 0.25333333333333335
0.14671814671814673 0.25333333333333335
0.14615384615384616 0.25333333333333335
0.14559386973180077 0.25333333333333335
0.1450381679389313 0.25333333333333335
0.1444866920152091 0.25333333333333335
0.14393939393939395 0.25333333333333335
0.14339622641509434 0.25333333333333335
0.14285714285714285 0.25333333333333335
0.14232209737827714 0.25333333333333335
0.1417910447761194 0.25333333333333335
0.1412639405204461 0.25333333333333335
0.14074074074074075 0.25333333333333335
0.14022140221402213 0.25333333333333335
0.13970588235294118 0.25333333333333335
0.14285714285714285 0.26
0.14233576642335766 0.26
0.14181818181818182 0.26
0.14130434782608695 0.26
0.1444043321299639 0.26666666666666666
0.14388489208633093 0.26666666666666666
0.14336917562724014 0.26666666666666666
0.14285714285714285 0.26666666666666666
0.1423487544483986 0.26666666666666666
0.14184397163120568 0.26666666666666666
0.1413427561837456 0.26666666666666666
0.14084507042253522 0.26666666666666666
0.14035087719298245 0.26666666666666666
0.13986013986013987 0.26666666666666666
0.13937282229965156 0.26666666666666666
0.1388888888888889 0.26666666666666666
0.1384083044982699 0.26666666666666666
0.13793103448275862 0.26666666666666666
0.13745704467353953 0.26666666666666666
0.136986301369863 0.26666666666666666
0.13651877133105803 0.26666666666666666
0.1360544217687075 0.26666666666666666
0.13559322033898305 0.26666666666666666
0.13513513513513514 0.26666666666666666
0.13468013468013468 0.26666666666666666
0.1342281879194631 0.26666666666666666
0.13377926421404682 0.26666666666666666
0.13333333333333333 0.26666666666666666
0.132890365448505 0.26666666666666666
0.13245033112582782 0.26666666666666666
0.132013201320132 0.26666666666666666
0.13157894736842105 0.26666666666666666
0.13114754098360656 0.26666666666666666
0.13071895424836602 0.26666666666666666
0.13029315960912052 0.26666666666666666
0.1331168831168831 0.2733333333333333
0.13268608414239483 0.2733333333333333
0.13225806451612904 0.2733333333333333
0.13183279742765272 0.2733333333333333
0.13141025641025642 0.2733333333333333
0.13099041533546327 0.2733333333333333
0.1305732484076433 0.2733333333333333
0.13015873015873017 0.2733333333333333
0.12974683544303797 0.2733333333333333
0.12933753943217666 0.2733333333333333
0.1289308176100629 0.2733333333333333
0.12852664576802508 0.2733333333333333
0.128125 0.2733333333333333
0.1277258566978193 0.2733333333333333
0.12732919254658384 0.2733333333333333
0.12693498452012383 0.2733333333333333
0.12654320987654322 0.2733333333333333
0.12615384615384614 0.2733333333333333
0.12576687116564417 0.2733333333333333
0.12538226299694188 0.2733333333333333
0.125 0.2733333333333333
0.12462006079027356 0.2733333333333333
0.12424242424242424 0.2733333333333333
0.12386706948640483 0.2733333333333333
0.12349397590361445 0.2733333333333333
0.12312312312312312 0.2733333333333333
0.12275449101796407 0.2733333333333333
0.12238805970149254 0.2733333333333333
0.12202380952380952 0.2733333333333333
0.12166172106824925 0.2733333333333333
0.12130177514792899 0.2733333333333333
0.12094395280235988 0.2733333333333333
0.12058823529411765 0.2733333333333333
0.12023460410557185 0.2733333333333333
0.11988304093567251 0.2733333333333333
0.119533527696793 0.2733333333333333
0.11918604651162791 0.2733333333333333
0.11884057971014493 0.2733333333333333
0.11849710982658959 0.2733333333333333
0.11815561959654179 0.2733333333333333
0.11781609195402298 0.2733333333333333
0.1174785100286533 0.2733333333333333
0.11714285714285715 0.2733333333333333
0.1168091168091168 0.2733333333333333
0.11647727272727272 0.2733333333333333
0.11614730878186968 0.2733333333333333
0.11581920903954802 0.2733333333333333
0.11549295774647887 0.2733333333333333
0.1151685393258427 0.2733333333333333
0.11484593837535013 0.2733333333333333
0.11452513966480447 0.2733333333333333
0.11420612813370473 0.2733333333333333
0.11388888888888889 0.2733333333333333
0.11357340720221606 0.2733333333333333
0.1132596685082873 0.2733333333333333
0.11294765840220386 0.2733333333333333
0.11263736263736264 0.2733333333333333
0.11232876712328767 0.2733333333333333
0.11202185792349727 0.2733333333333333
0.11171662125340599 0.2733333333333333
0.11141304347826086 0.2733333333333333
0.1111111111111111 0.2733333333333333
0.11081081081081082 0.2733333333333333
0.1105121293800539 0.2733333333333333
0.11021505376344086 0.2733333333333333
0.10991957104557641 0.2733333333333333
0.10962566844919786 0.2733333333333333
0.10933333333333334 0.2733333333333333
0.10904255319148937 0.2733333333333333
0.10875331564986737 0.2733333333333333
0.10846560846560846 0.2733333333333333
0.10817941952506596 0.2733333333333333
0.10789473684210527 0.2733333333333333
0.10761154855643044 0.2733333333333333
0.10732984293193717 0.2733333333333333
0.10704960835509138 0.2733333333333333
0.10677083333333333 0.2733333333333333
0.10649350649350649 0.2733333333333333
0.10621761658031088 0.2733333333333333
0.10594315245478036 0.2733333333333333
0.1056701030927835 0.2733333333333333
0.10539845758354756 0.2733333333333333
0.10512820512820513 0.2733333333333333
0.10485933503836317 0.2733333333333333
0.10459183673469388 0.2733333333333333
0.10432569974554708 0.2733333333333333
0.10406091370558376 0.2733333333333333
0.10379746835443038 0.2733333333333333
0.10353535353535354 0.2733333333333333
0.10327455919395466 0.2733333333333333
0.10301507537688442 0.2733333333333333
0.10275689223057644 0.2733333333333333
0.1025 0.2733333333333333
0.10224438902743142 0.2733333333333333
0.10199004975124377 0.2733333333333333
0.10173697270471464 0.2733333333333333
0.10148514851485149 0.2733333333333333
0.10123456790123457 0.2733333333333333
0.10098522167487685 0.2733333333333333
0.10319410319410319 0.28
0.10294117647058823 0.28
0.10268948655256724 0.28
0.1024390243902439 0.28
0.10218978102189781 0.28
0.10194174757281553 0.28
0.1016949152542373 0.28
0.10144927536231885 0.28
0.10120481927710843 0.28
0.10096153846153846 0.28
0.10071942446043165 0.28
0.10047846889952153 0.28
0.10023866348448687 0.28
0.1 0.28
0.1021377672209026 0.2866666666666667
0.1018957345971564 0.2866666666666667
0.1016548463356974 0.2866666666666667
0.10377358490566038 0.29333333333333333
0.10352941176470588 0.29333333333333333
0.10328638497652583 0.29333333333333333
0.10304449648711944 0.29333333333333333
0.102803738317757 0.29333333333333333
0.10256410256410256 0.29333333333333333
0.10232558139534884 0.29333333333333333
0.10208816705336426 0.29333333333333333
0.10185185185185185 0.29333333333333333
0.10161662817551963 0.29333333333333333
0.10138248847926268 0.29333333333333333
0.10114942528735632 0.29333333333333333
0.10091743119266056 0.29333333333333333
0.10068649885583524 0.29333333333333333
0.10273972602739725 0.3
0.10250569476082004 0.3
0.10227272727272728 0.3
0.10204081632653061 0.3
0.10180995475113122 0.3
0.10158013544018059 0.3
0.10135135135135136 0.3
0.10112359550561797 0.3
0.10089686098654709 0.3
0.10067114093959731 0.3
0.10044642857142858 0.3
0.10022271714922049 0.3
0.1 0.3
0.09977827050997783 0.3
0.09955752212389381 0.3
0.09933774834437085 0.3
0.09911894273127753 0.3
0.0989010989010989 0.3
0.09868421052631579 0.3
0.09846827133479212 0.3
0.0982532751091703 0.3
0.09803921568627451 0.3
0.09782608695652174 0.3
0.09761388286334056 0.3
0.09740259740259741 0.3
0.09719222462203024 0.3
0.09698275862068965 0.3
0.0967741935483871 0.3
0.09656652360515021 0.3
0.09635974304068523 0.3
0.09615384615384616 0.3
0.09594882729211088 0.3
0.09574468085106383 0.3
0.09554140127388536 0.3
0.09533898305084745 0.3
0.09513742071881606 0.3
0.0949367088607595 0.3
0.09473684210526316 0.3
0.09453781512605042 0.3
0.09433962264150944 0.3
0.09414225941422594 0.3
0.09394572025052192 0.3
0.09375 0.3
0.09355509355509356 0.3
0.09336099585062241 0.3
0.09316770186335403 0.3
0.09297520661157024 0.3
0.09278350515463918 0.3
0.09259259259259259 0.3
0.0944558521560575 0.30666666666666664
0.09631147540983606 0.31333333333333335
0.09815950920245399 0.32
0.1 0.32666666666666666
0.09979633401221996 0.32666666666666666
0.09959349593495935 0.32666666666666666
0.09939148073022312 0.32666666666666666
0.09919028340080972 0.32666666666666666
0.09898989898989899 0.32666666666666666
0.09879032258064516 0.32666666666666666
0.09859154929577464 0.32666666666666666
0.09839357429718876 0.32666666666666666
0.09819639278557114 0.32666666666666666
0.098 0.32666666666666666
0.09780439121756487 0.32666666666666666
0.09760956175298804 0.32666666666666666
0.09741550695825049 0.32666666666666666
0.09722222222222222 0.32666666666666666
0.09702970297029703 0.32666666666666666
0.09683794466403162 0.32666666666666666
0.09664694280078895 0.32666666666666666
0.09645669291338582 0.32666666666666666
0.0962671905697446 0.32666666666666666
0.09607843137254903 0.32666666666666666
0.09784735812133072 0.3333333333333333
0.09765625 0.3333333333333333
0.09746588693957114 0.3333333333333333
0.09727626459143969 0.3333333333333333
0.0970873786407767 0.3333333333333333
0.09689922480620156 0.3333333333333333
0.09671179883945841 0.3333333333333333
0.09652509652509653 0.3333333333333333
0.09633911368015415 0.3333333333333333
0.09615384615384616 0.3333333333333333
0.09596928982725528 0.3333333333333333
0.09578544061302682 0.3333333333333333
0.09560229445506692 0.3333333333333333
0.09541984732824428 0.3333333333333333
0.09523809523809523 0.3333333333333333
0.09505703422053231 0.3333333333333333
0.09487666034155598 0.3333333333333333
0.0946969696969697 0.3333333333333333
0.0945179584120983 0.3333333333333333
0.09433962264150944 0.3333333333333333
0.09416195856873823 0.3333333333333333
0.09398496240601503 0.3333333333333333
0.09380863039399624 0.3333333333333333
0.09363295880149813 0.3333333333333333
0.09345794392523364 0.3333333333333333
0.09328358208955224 0.3333333333333333
0.0931098696461825 0.3333333333333333
0.09293680297397769 0.3333333333333333
0.09276437847866419 0.3333333333333333
0.09259259259259259 0.3333333333333333
0.09242144177449169 0.3333333333333333
0.09225092250922509 0.3333333333333333
0.09208103130755065 0.3333333333333333
0.09191176470588236 0.3333333333333333
0.09174311926605505 0.3333333333333333
0.09157509157509157 0.3333333333333333
0.09140767824497258 0.3333333333333333
0.09306569343065693 0.34
0.09289617486338798 0.34
0.09272727272727273 0.34
0.0925589836660617 0.34
0.09239130434782608 0.34
0.0922242314647378 0.34
0.09205776173285199 0.34
0.0918918918918919 0.34
0.09172661870503597 0.34
0.09156193895870736 0.34
0.0913978494623656 0.34
0.09123434704830054 0.34
0.09107142857142857 0.34
0.09090909090909091 0.34
0.09074733096085409 0.34
0.0905861456483126 0.34
0.09042553191489362 0.34
0.09026548672566372 0.34
0.09010600706713781 0.34
0.08994708994708994 0.34
0.0897887323943662 0.34
0.08963093145869948 0.34
0.08947368421052632 0.34
0.0893169877408056 0.34
0.08916083916083917 0.34
0.08900523560209424 0.34
0.08885017421602788 0.34
0.08869565217391304 0.34
0.08854166666666667 0.34
0.08838821490467938 0.34
0.08823529411764706 0.34
0.08808290155440414 0.34
0.08793103448275862 0.34
0.08777969018932874 0.34
0.08762886597938144 0.34
0.08747855917667238 0.34
0.08732876712328767 0.34
0.08717948717948718 0.34
0.08703071672354949 0.34
0.0868824531516184 0.34
0.08673469387755102 0.34
0.0865874363327674 0.34
0.08644067796610169 0.34
0.08629441624365482 0.34
0.08614864864864864 0.34
0.08600337268128162 0.34
0.08585858585858586 0.34
0.08571428571428572 0.34
0.08557046979865772 0.34
0.08542713567839195 0.34
0.08528428093645485 0.34
0.08514190317195326 0.34
0.085 0.34
0.08485856905158069 0.34
0.08471760797342193 0.34
0.0845771144278607 0.34
0.08443708609271523 0.34
0.08429752066115702 0.34
0.08415841584158416 0.34
0.08401976935749589 0.34
0.08388157894736842 0.34
0.08374384236453201 0.34
0.08360655737704918 0.34
0.08346972176759411 0.34
0.08333333333333333 0.34
0.08319738988580751 0.34
0.08306188925081433 0.34
0.08292682926829269 0.34
0.08279220779220779 0.34
0.08265802269043761 0.34
0.0825242718446602 0.34
0.08239095315024232 0.34
0.08225806451612903 0.34
0.0821256038647343 0.34
0.0819935691318328 0.34
0.08186195826645265 0.34
0.08173076923076923 0.34
0.0816 0.34
0.08146964856230032 0.34
0.08133971291866028 0.34
0.08121019108280254 0.34
0.08267090620031796 0.3466666666666667
0.08253968253968254 0.3466666666666667
0.08240887480190175 0.3466666666666667
0.08227848101265822 0.3466666666666667
0.08214849921011058 0.3466666666666667
0.08201892744479496 0.3466666666666667
0.08346456692913386 0.35333333333333333
0.08333333333333333 0.35333333333333333
0.08320251177394035 0.35333333333333333
0.08307210031347963 0.35333333333333333
0.08294209702660407 0.35333333333333333
0.0828125 0.35333333333333333
0.08268330733229329 0.35333333333333333
0.08255451713395638 0.35333333333333333
0.08242612752721618 0.35333333333333333
0.08229813664596274 0.35333333333333333
0.08217054263565891 0.35333333333333333
0.08204334365325078 0.35333333333333333
0.08191653786707882 0.35333333333333333
0.08179012345679013 0.35333333333333333
0.08166409861325115 0.35333333333333333
0.08153846153846153 0.35333333333333333
0.08294930875576037 0.36
0.08282208588957055 0.36
0.08422664624808576 0.36666666666666664
0.08409785932721713 0.36666666666666664
0.08396946564885496 0.36666666666666664
0.08384146341463415 0.36666666666666664
0.0852359208523592 0.37333333333333335
0.0851063829787234 0.37333333333333335
0.08497723823975721 0.37333333333333335
0.08484848484848485 0.37333333333333335
0.08472012102874432 0.37333333333333335
0.08459214501510574 0.37333333333333335
0.08446455505279035 0.37333333333333335
0.08433734939759036 0.37333333333333335
0.08421052631578947 0.37333333333333335
0.08408408408408409 0.37333333333333335
0.08395802098950525 0.37333333333333335
0.08383233532934131 0.37333333333333335
0.08370702541106129 0.37333333333333335
0.08358208955223881 0.37333333333333335
0.08345752608047691 0.37333333333333335
0.08333333333333333 0.37333333333333335
0.08320950965824665 0.37333333333333335
0.0830860534124629 0.37333333333333335
0.08296296296296296 0.37333333333333335
0.08284023668639054 0.37333333333333335
0.0827178729689808 0.37333333333333335
0.08259587020648967 0.37333333333333335
0.08247422680412371 0.37333333333333335
0.08235294117647059 0.37333333333333335
0.08223201174743025 0.37333333333333335
0.08211143695014662 0.37333333333333335
0.08199121522693997 0.37333333333333335
0.08187134502923976 0.37333333333333335
0.08175182481751825 0.37333333333333335
0.08163265306122448 0.37333333333333335
0.08151382823871907 0.37333333333333335
0.08139534883720931 0.37333333333333335
0.08127721335268505 0.37333333333333335
0.08115942028985507 0.37333333333333335
0.08104196816208394 0.37333333333333335
0.08092485549132948 0.37333333333333335
0.08080808080808081 0.37333333333333335
0.08069164265129683 0.37333333333333335
0.08057553956834532 0.37333333333333335
0.08045977011494253 0.37333333333333335
0.08034433285509325 0.37333333333333335
0.08022922636103152 0.37333333333333335
0.08011444921316166 0.37333333333333335
0.08 0.37333333333333335
0.07988587731811697 0.37333333333333335
0.07977207977207977 0.37333333333333335
0.07965860597439545 0.37333333333333335
0.07954545454545454 0.37333333333333335
0.07943262411347518 0.37333333333333335
0.07932011331444759 0.37333333333333335
0.07920792079207921 0.37333333333333335
0.08050847457627118 0.38
0.08039492242595205 0.38
0.08028169014084507 0.38
0.08157524613220815 0.38666666666666666
0.08146067415730338 0.38666666666666666
0.08134642356241234 0.38666666666666666
0.08123249299719888 0.38666666666666666
0.08111888111888112 0.38666666666666666
0.08100558659217877 0.38666666666666666
0.08089260808926081 0.38666666666666666
0.0807799442896936 0.38666666666666666
0.08066759388038942 0.38666666666666666
0.08055555555555556 0.38666666666666666
0.08044382801664356 0.38666666666666666
0.08033240997229917 0.38666666666666666
0.08022130013831259 0.38666666666666666
0.08011049723756906 0.38666666666666666
0.08 0.38666666666666666
0.07988980716253444 0.38666666666666666
0.07977991746905089 0.38666666666666666
0.07967032967032966 0.38666666666666666
0.07956104252400549 0.38666666666666666
0.07945205479452055 0.38666666666666666
0.07934336525307797 0.38666666666666666
0.07923497267759563 0.38666666666666666
0.0791268758526603 0.38666666666666666
0.07901907356948229 0.38666666666666666
0.07891156462585033 0.38666666666666666
0.07880434782608696 0.38666666666666666
0.07869742198100407 0.38666666666666666
0.07859078590785908 0.38666666666666666
0.07848443843031123 0.38666666666666666
0.07837837837837838 0.38666666666666666
0.07827260458839407 0.38666666666666666
0.07816711590296496 0.38666666666666666
0.07806191117092867 0.38666666666666666
0.07795698924731183 0.38666666666666666
0.07785234899328859 0.38666666666666666
0.0777479892761394 0.38666666666666666
0.07764390896921017 0.38666666666666666
0.07754010695187166 0.38666666666666666
0.0774365821094793 0.38666666666666666
0.07733333333333334 0.38666666666666666
0.07723035952063914 0.38666666666666666
0.07712765957446809 0.38666666666666666
0.07702523240371846 0.38666666666666666
0.07692307692307693 0.38666666666666666
0.0781456953642384 0.3933333333333333
0.07804232804232804 0.3933333333333333
0.07793923381770146 0.3933333333333333
0.079155672823219 0.4
0.07905138339920949 0.4
0.08026315789473684 0.4066666666666667
0.08015768725361366 0.4066666666666667
0.08005249343832022 0.4066666666666667
0.0799475753604194 0.4066666666666667
0.07984293193717278 0.4066666666666667
0.07973856209150326 0.4066666666666667
0.07963446475195822 0.4066666666666667
0.07953063885267275 0.4066666666666667
0.07942708333333333 0.4066666666666667
0.07932379713914174 0.4066666666666667
0.07922077922077922 0.4066666666666667
0.07911802853437094 0.4066666666666667
0.07901554404145078 0.4066666666666667
0.08020698576972833 0.41333333333333333
0.08010335917312661 0.41333333333333333
0.08129032258064516 0.42
0.08118556701030928 0.42
0.08108108108108109 0.42
0.08097686375321336 0.42
0.08087291399229782 0.42
0.08076923076923077 0.42
0.08066581306017925 0.42
0.08056265984654731 0.42
0.08045977011494253 0.42
0.08035714285714286 0.42
0.08025477707006369 0.42
0.08015267175572519 0.42
0.08005082592121983 0.42
0.0799492385786802 0.42
0.07984790874524715 0.42
0.07974683544303797 0.42
0.07964601769911504 0.42
0.07954545454545454 0.42
0.07944514501891552 0.42
0.07934508816120907 0.42
0.07924528301886792 0.42
0.07914572864321608 0.42
0.07904642409033877 0.42
0.07894736842105263 0.42
0.07884856070087609 0.42
0.07875 0.42
0.07865168539325842 0.42
0.07855361596009976 0.42
0.0784557907845579 0.42
0.07835820895522388 0.42
0.0782608695652174 0.42
0.07816377171215881 0.42
0.07806691449814127 0.42
0.07797029702970297 0.42
0.07787391841779975 0.42
0.07777777777777778 0.42
0.07768187422934648 0.42
0.07758620689655173 0.42
0.07749077490774908 0.42
0.0773955773955774 0.42
0.07730061349693251 0.42
0.07720588235294118 0.42
0.07711138310893513 0.42
0.07701711491442542 0.42
0.07692307692307693 0.42
0.07682926829268293 0.42
0.07673568818514007 0.42
0.07664233576642336 0.42
0.07654921020656136 0.42
0.07645631067961164 0.42
0.07636363636363637 0.42
0.07627118644067797 0.42
0.0761789600967352 0.42
0.07608695652173914 0.42
0.07599517490952955 0.42
0.07590361445783132 0.42
0.07581227436823104 0.42
0.07572115384615384 0.42
0.07563025210084033 0.42
0.07553956834532374 0.42
0.07544910179640718 0.42
0.07535885167464115 0.42
0.07526881720430108 0.42
0.07517899761336516 0.42
0.07508939213349225 0.42
0.075 0.42
0.07491082045184304 0.42
0.07482185273159145 0.42
0.07473309608540925 0.42
0.07464454976303317 0.42
0.07455621301775148 0.42
0.07446808510638298 0.42
0.0743801652892562 0.42
0.07429245283018868 0.42
0.07420494699646643 0.42
0.07411764705882352 0.42
0.07403055229142186 0.42
0.07394366197183098 0.42
0.0738569753810082 0.42
0.07377049180327869 0.42
0.07368421052631578 0.42
0.07359813084112149 0.42
0.073512252042007 0.42
0.07342657342657342 0.42
0.07334109429569266 0.42
0.07325581395348837 0.42
0.07317073170731707 0.42
0.07308584686774942 0.42
0.07300115874855156 0.42
0.07291666666666667 0.42
0.07283236994219654 0.42
0.07274826789838337 0.42
0.0726643598615917 0.42
0.07258064516129033 0.42
0.07249712313003452 0.42
0.07241379310344828 0.42
0.07233065442020666 0.42
0.07224770642201835 0.42
0.07216494845360824 0.42
0.07208237986270023 0.42
0.072 0.42
0.07191780821917808 0.42
0.07183580387685291 0.42
0.07175398633257403 0.42
0.07167235494880546 0.42
0.0715909090909091 0.42
0.07150964812712826 0.42
0.07142857142857142 0.42
0.07134767836919592 0.42
0.07126696832579185 0.42
0.0711864406779661 0.42
0.07110609480812641 0.42
0.07102593010146561 0.42
0.07094594594594594 0.42
0.07086614173228346 0.42
0.07078651685393259 0.42
0.0707070707070707 0.42
0.07062780269058296 0.42
0.07054871220604703 0.42
0.07046979865771812 0.42
0.07039106145251396 0.42
0.0703125 0.42
0.07023411371237458 0.42
0.07015590200445435 0.42
0.07007786429365963 0.42
0.07 0.42
0.06992230854605994 0.42
0.06984478935698447 0.42
0.06976744186046512 0.42
0.06969026548672566 0.42
0.06961325966850829 0.42
0.0695364238410596 0.42
0.06945975744211687 0.42
0.06938325991189427 0.42
0.06930693069306931 0.42
0.06923076923076923 0.42
0.06915477497255763 0.42
0.06907894736842106 0.42
0.06900328587075576 0.42
0.06892778993435449 0.42
0.06885245901639345 0.42
0.06877729257641921 0.42
0.06870229007633588 0.42
0.06862745098039216 0.42
0.06855277475516866 0.42
0.06847826086956521 0.42
0.06840390879478828 0.42
0.06832971800433839 0.42
0.06825568797399784 0.42
0.06818181818181818 0.42
0.0681081081081081 0.42
0.06803455723542116 0.42
0.06796116504854369 0.42
0.06788793103448276 0.42
0.06781485468245425 0.42
0.06774193548387097 0.42
0.06766917293233082 0.42
0.06759656652360516 0.42
0.06752411575562701 0.42
0.06745182012847965 0.42
0.06737967914438503 0.42
0.0673076923076923 0.42
0.0672358591248666 0.42
0.06716417910447761 0.42
0.0670926517571885 0.42
0.06702127659574468 0.42
0.0669500531349628 0.42
0.06687898089171974 0.42
0.06680805938494168 0.42
0.06673728813559322 0.42
0.06666666666666667 0.42
0.06659619450317125 0.42
0.0665258711721225 0.42
0.06645569620253164 0.42
0.06638566912539515 0.42
0.06631578947368422 0.42
0.06624605678233439 0.42
0.0661764705882353 0.42
0.06610703043022036 0.42
0.0660377358490566 0.42
0.06596858638743455 0.42
0.06589958158995816 0.42
0.06583072100313479 0.42
0.06576200417536535 0.42
0.06569343065693431 0.42
0.065625 0.42
0.06555671175858481 0.42
0.06548856548856549 0.42
0.06542056074766354 0.42
0.06535269709543569 0.42
0.06528497409326425 0.42
0.06521739130434782 0.42
0.06514994829369183 0.42
0.06508264462809918 0.42
0.06501547987616099 0.42
0.06494845360824743 0.42
0.06488156539649846 0.42
0.06481481481481481 0.42
0.06474820143884892 0.42
0.0646817248459959 0.42
0.06461538461538462 0.42
0.06454918032786885 0.42
0.06448311156601842 0.42
0.06441717791411043 0.42
0.06435137895812053 0.42
0.06428571428571428 0.42
0.06422018348623854 0.42
0.06415478615071284 0.42
0.06408952187182096 0.42
0.06402439024390244 0.42
0.06395939086294417 0.42
0.06389452332657201 0.42
0.06382978723404255 0.42
0.06376518218623482 0.42
0.06370070778564206 0.42
0.06363636363636363 0.42
0.06357214934409687 0.42
0.06350806451612903 0.42
0.06445115810674723 0.4266666666666667
0.06438631790744467 0.4266666666666667
0.06532663316582915 0.43333333333333335
0.06526104417670683 0.43333333333333335
0.06519558676028084 0.43333333333333335
0.06613226452905811 0.44
0.06606606606606606 0.44
0.066 0.44
0.06593406593406594 0.44
0.0658682634730539 0.44
0.06580259222333001 0.44
0.06573705179282868 0.44
0.06567164179104477 0.44
0.06560636182902585 0.44
0.06554121151936444 0.44
0.06547619047619048 0.44
0.06541129831516353 0.44
0.06534653465346535 0.44
0.06528189910979229 0.44
0.06521739130434782 0.44
0.06515301085883514 0.44
0.0650887573964497 0.44
0.06502463054187192 0.44
0.06496062992125984 0.44
0.06489675516224189 0.44
0.06483300589390963 0.44
0.0647693817468106 0.44
0.06470588235294118 0.44
0.06464250734573947 0.44
0.06457925636007827 0.44
0.06451612903225806 0.44
0.064453125 0.44
0.06439024390243903 0.44
0.06432748538011696 0.44
0.06426484907497566 0.44
0.06420233463035019 0.44
0.0641399416909621 0.44
0.06407766990291262 0.44
0.06401551891367604 0.44
0.06395348837209303 0.44
0.06389157792836399 0.44
0.06382978723404255 0.44
0.06376811594202898 0.44
0.0637065637065637 0.44
0.06364513018322084 0.44
0.06358381502890173 0.44
0.06352261790182868 0.44
0.06346153846153846 0.44
0.06340057636887608 0.44
0.06333973128598848 0.44
0.06327900287631831 0.44
0.06321839080459771 0.44
0.06315789473684211 0.44
0.06309751434034416 0.44
0.06303724928366762 0.44
0.06297709923664122 0.44
0.06291706387035272 0.44
0.06285714285714286 0.44
0.06279733587059944 0.44
0.06273764258555133 0.44
0.06267806267806268 0.44
0.06261859582542695 0.44
0.06255924170616113 0.44
0.0625 0.44
0.06244087038789026 0.44
0.062381852551984876 0.44
0.06232294617563739 0.44
0.062264150943396226 0.44
0.06220546654099906 0.44
0.062146892655367235 0.44
0.062088428974600186 0.44
0.06203007518796992 0.44
0.061971830985915494 0.44
0.06191369606003752 0.44
0.061855670103092786 0.44
0.06179775280898876 0.44
0.0617399438727783 0.44
0.0616822429906542 0.44
0.06162464985994398 0.44
0.061567164179104475 0.44
0.06150978564771668 0.44
0.061452513966480445 0.44
0.061395348837209304 0.44
0.06133828996282528 0.44
0.06128133704735376 0.44
0.061224489795918366 0.44
0.061167747914735865 0.44
0.06111111111111111 0.44
0.06105457909343201 0.44
0.06099815157116451 0.44
0.060941828254847646 0.44
0.06088560885608856 0.44
0.060829493087557605 0.44
0.06077348066298342 0.44
0.06071757129714812 0.44
0.06066176470588235 0.44
0.06060606060606061 0.44
0.060550458715596334 0.44
0.06049495875343722 0.44
0.06043956043956044 0.44
0.06038426349496798 0.44
0.0603290676416819 0.44
0.06027397260273973 0.44
0.060218978102189784 0.44
0.0601640838650866 0.44
0.060109289617486336 0.44
0.06005459508644222 0.44
0.06 0.44
0.05994550408719346 0.44
0.05989110707803993 0.44
0.05983680870353581 0.44
0.059782608695652176 0.44
0.05972850678733032 0.44
0.059674502712477394 0.44
0.05962059620596206 0.44
0.05956678700361011 0.44
0.059513074842200184 0.44
0.05945945945945946 0.44
0.0594059405940594 0.44
0.05935251798561151 0.44
0.05929919137466307 0.44
0.059245960502693 0.44
0.059192825112107626 0.44
0.05913978494623656 0.44
0.05908683974932856 0.44
0.059033989266547404 0.44
0.058981233243967826 0.44
0.05892857142857143 0.44
0.058876003568242644 0.44
0.058823529411764705 0.44
0.058771148708815675 0.44
0.05871886120996441 0.44
0.058666666666666666 0.44
0.0586145648312611 0.44
0.05856255545696539 0.44
0.05851063829787234 0.44
0.05845881310894597 0.44
0.0584070796460177 0.44
0.058355437665782495 0.44
0.05830388692579505 0.44
0.05825242718446602 0.44
0.0582010582010582 0.44
0.05814977973568282 0.44
0.058098591549295774 0.44
0.05804749340369393 0.44
0.05799648506151142 0.44
0.05794556628621598 0.44
0.05789473684210526 0.44
0.057843996494303246 0.44
0.05779334500875657 0.44
0.05774278215223097 0.44
0.057692307692307696 0.44
0.05764192139737991 0.44
0.05759162303664921 0.44
0.05754141238012206 0.44
0.05749128919860627 0.44
0.057441253263707574 0.44
0.057391304347826085 0.44
0.05734144222415291 0.44
0.057291666666666664 0.44
0.05724197745013009 0.44
0.05719237435008666 0.44
0.05714285714285714 0.44
0.05709342560553633 0.44
0.05704407951598963 0.44
0.05699481865284974 0.44
0.056945642795513375 0.44
0.056896551724137934 0.44
0.056847545219638244 0.44
0.05679862306368331 0.44
0.05674978503869303 0.44
0.05670103092783505 0.44
0.05665236051502146 0.44
0.05660377358490566 0.44
0.056555269922879174 0.44
0.05650684931506849 0.44
0.05645851154833191 0.44
0.05641025641025641 0.44
0.05636208368915457 0.44
0.05631399317406143 0.44
0.056265984654731455 0.44
0.056218057921635436 0.44
0.05617021276595745 0.44
0.05612244897959184 0.44
0.056074766355140186 0.44
0.05602716468590832 0.44
0.05597964376590331 0.44
0.05593220338983051 0.44
0.0558848433530906 0.44
0.05583756345177665 0.44
0.055790363482671176 0.44
0.05574324324324324 0.44
0.05569620253164557 0.44
0.05564924114671164 0.44
0.05560235888795282 0.44
0.05555555555555555 0.44
0.05550883095037847 0.44
0.05546218487394958 0.44
0.055415617128463476 0.44
0.05536912751677853 0.44
0.055322715842414084 0.44
0.05527638190954774 0.44
0.055230125523012555 0.44
0.05518394648829431 0.44
0.05513784461152882 0.44
0.05509181969949917 0.44
0.05504587155963303 0.44
0.055 0.44
0.054954204829308906 0.44
0.05490848585690516 0.44
0.05486284289276808 0.44
0.054817275747508304 0.44
0.054771784232365145 0.44
0.05472636815920398 0.44
0.05468102734051367 0.44
0.054635761589403975 0.44
0.05459057071960298 0.44
0.05454545454545454 0.44
0.054500412881915775 0.44
0.054455445544554455 0.44
0.05441055234954658 0.44
0.054365733113673806 0.44
0.05432098765432099 0.44
0.054276315789473686 0.44
0.054231717337715694 0.44
0.054187192118226604 0.44
0.054142739950779326 0.44
0.054098360655737705 0.44
0.05405405405405406 0.44
0.054009819967266774 0.44
0.05396565821749796 0.44
0.05392156862745098 0.44
0.053877551020408164 0.44
0.053833605220228384 0.44
0.05378973105134474 0.44
0.05374592833876222 0.44
0.05370219690805533 0.44
0.05365853658536585 0.44
0.05361494719740049 0.44
0.05357142857142857 0.44
0.0535279805352798 0.44
0.05348460291734198 0.44
0.05344129554655871 0.44
0.05339805825242718 0.44
0.05335489086499596 0.44
0.05331179321486268 0.44
0.053268765133171914 0.44
0.0532258064516129 0.44
0.0531829170024174 0.44
0.05314009661835749 0.44
0.05309734513274336 0.44
0.05305466237942122 0.44
0.05301204819277108 0.44
0.052969502407704656 0.44
0.05292702485966319 0.44
0.052884615384615384 0.44
0.05284227381905524 0.44
0.0528 0.44
0.05275779376498801 0.44
0.052715654952076675 0.44
0.052673583399840386 0.44
0.05263157894736842 0.44
0.05258964143426295 0.44
0.052547770700636945 0.44
0.05250596658711217 0.44
0.05246422893481717 0.44
0.05242255758538523 0.44
0.05238095238095238 0.44
0.052339413164155434 0.44
0.05229793977812995 0.44
0.052256532066508314 0.44
0.05221518987341772 0.44
0.05217391304347826 0.44
0.052132701421800945 0.44
0.05209155485398579 0.44
0.052050473186119876 0.44
0.05200945626477541 0.44
0.05196850393700787 0.44
0.05192761605035405 0.44
0.05188679245283019 0.44
0.051846032992930086 0.44
0.05180533751962323 0.44
0.05176470588235294 0.44
0.05172413793103448 0.44
0.05168363351605325 0.44
0.051643192488262914 0.44
0.05160281469898358 0.44
0.0515625 0.44
0.05152224824355972 0.44
0.0514820592823713 0.44
0.05144193296960249 0.44
0.0514018691588785 0.44
0.051361867704280154 0.44
0.05132192846034215 0.44
0.05128205128205128 0.44
0.05124223602484472 0.44
0.05120248254460822 0.44
0.05116279069767442 0.44
0.05112316034082107 0.44
0.05108359133126935 0.44
0.05104408352668213 0.44
0.05100463678516229 0.44
0.050965250965250966 0.44
0.05092592592592592 0.44
0.05088666152659985 0.44
0.05084745762711865 0.44
0.050808314087759814 0.44
0.05076923076923077 0.44
0.05073020753266718 0.44
0.05069124423963134 0.44
0.05065234075211052 0.44
0.05061349693251534 0.44
0.05057471264367816 0.44
0.05053598774885146 0.44
0.0504973221117062 0.44
0.05045871559633028 0.44
0.05042016806722689 0.44
0.050381679389312976 0.44
0.05034324942791762 0.44
0.05030487804878049 0.44
0.05026656511805026 0.44
0.0502283105022831 0.44
0.050190114068441066 0.44
0.05015197568389058 0.44
0.05011389521640091 0.44
0.05007587253414264 0.44
0.050037907505686124 0.44
0.05 0.44
0.04996214988644966 0.44
0.049924357034795766 0.44
0.049886621315192746 0.44
0.04984894259818731 0.44
0.04981132075471698 0.44
0.049773755656108594 0.44
0.04973624717407687 0.44
0.04969879518072289 0.44
0.04966139954853273 0.44
0.04962406015037594 0.44
0.049586776859504134 0.44
0.04954954954954955 0.44
0.04951237809452363 0.44
0.049475262368815595 0.44
0.04943820224719101 0.44
0.04940119760479042 0.44
0.0493642483171279 0.44
0.04932735426008968 0.44
0.04929051530993279 0.44
0.049253731343283584 0.44
0.049217002237136466 0.44
0.04918032786885246 0.44
0.049143708116157855 0.44
0.049107142857142856 0.44
0.04907063197026022 0.44
0.04903417533432392 0.44
0.04899777282850779 0.44
0.04896142433234421 0.44
0.04892512972572276 0.44
0.04888888888888889 0.44
0.04885270170244264 0.44
0.04881656804733728 0.44
0.04878048780487805 0.44
0.04874446085672083 0.44
0.04870848708487085 0.44
0.048672566371681415 0.44
0.04863669859985262 0.44
0.048600883652430045 0.44
0.04856512141280353 0.44
0.04852941176470588 0.44
0.048493754592211606 0.44
0.048458149779735685 0.44
0.04842259721203228 0.44
0.04838709677419355 0.44
0.04835164835164835 0.44
0.048316251830161056 0.44
0.048280907095830286 0.44
0.04824561403508772 0.44
0.04821037253469686 0.44
0.04817518248175182 0.44
0.04814004376367615 0.44
0.048104956268221574 0.44
0.04806991988346686 0.44
0.048034934497816595 0.44
0.048 0.44
0.04796511627906977 0.44
0.04793028322440087 0.44
0.047895500725689405 0.44
0.047860768672951415 0.44
0.04782608695652174 0.44
0.04779145546705286 0.44
0.04775687409551375 0.44
0.04772234273318872 0.44
0.0476878612716763 0.44
0.047653429602888084 0.44
0.047619047619047616 0.44
0.047584715212689255 0.44
0.04755043227665706 0.44
0.047516198704103674 0.44
0.04748201438848921 0.44
0.04744787922358016 0.44
0.04741379310344827 0.44
0.04737975592246949 0.44
0.047345767575322814 0.44
0.047311827956989246 0.44
0.04727793696275072 0.44
0.047244094488188976 0.44
0.04721030042918455 0.44
0.04717655468191565 0.44
0.047142857142857146 0.44
0.047109207708779445 0.44
0.047075606276747506 0.44
0.047042052744119746 0.44
0.04700854700854701 0.44
0.04697508896797153 0.44
0.04694167852062589 0.44
0.046908315565031986 0.44
0.046875 0.44
0.0468417317246274 0.44
0.04680851063829787 0.44
0.04677533664068037 0.44
0.046742209631728045 0.44
0.04670912951167728 0.44
0.04667609618104668 0.44
0.046643109540636045 0.44
0.046610169491525424 0.44
0.0465772759350741 0.44
0.0465444287729196 0.44
0.046511627906976744 0.44
0.04647887323943662 0.44
0.04644616467276566 0.44
0.046413502109704644 0.44
0.046380885453267746 0.44
0.046348314606741575 0.44
0.04631578947368421 0.44
0.04628330995792426 0.44
0.046250875963559916 0.44
0.046218487394957986 0.44
0.04618614415675298 0.44
0.046153846153846156 0.44
0.04612159329140461 0.44
0.046089385474860335 0.44
0.046057222609909285 0.44
0.04602510460251046 0.44
0.045993031358885016 0.44
0.04596100278551532 0.44
0.04592901878914405 0.44
0.0458970792767733 0.44
0.04586518415566365 0.44
0.04583333333333333 0.44
0.04580152671755725 0.44
0.04576976421636616 0.44
0.04573804573804574 0.44
0.045706371191135735 0.44
0.045674740484429065 0.44
0.04564315352697095 0.44
0.04561161022805805 0.44
0.04558011049723757 0.44
0.045548654244306416 0.44
0.04551724137931035 0.44
0.04548587181254307 0.44
0.045454545454545456 0.44
0.04542326221610461 0.44
0.0453920220082531 0.44
0.04536082474226804 0.44
0.04532967032967033 0.44
0.045298558682223745 0.44
0.04526748971193416 0.44
0.045236463331048665 0.44
0.045205479452054796 0.44
0.045174537987679675 0.44
0.04514363885088919 0.44
0.045112781954887216 0.44
0.045081967213114756 0.44
0.04505119453924915 0.44
0.045020463847203276 0.44
0.044989775051124746 0.44
0.04495912806539509 0.44
0.044928522804629 0.44
0.044897959183673466 0.44
0.04486743711760707 0.44
0.04483695652173913 0.44
0.04480651731160896 0.44
0.04477611940298507 0.44
0.04474576271186441 0.44
0.044715447154471545 0.44
0.04468517264725796 0.44
0.044654939106901215 0.44
0.04462474645030426 0.44
0.0445945945945946 0.44
0.04456448345712356 0.44
0.044534412955465584 0.44
0.044504383007417395 0.44
0.0444743935309973 0.44
