206.0 5716.0
206.0 569.0
3454.0 5716.0
3454.0 93.0
3454.0 569.0
3454.0 2673.0
149.0 93.0
317.0 93.0
317.0 2738.0
10294.0 93.0
456.0 5716.0
456.0 569.0
3463.0 3317.0
3463.0 3318.0
3463.0 3084.0
3463.0 3316.0
3463.0 1469.0
3463.0 3454.0
2253.0 2971.0
231.0 93.0
231.0 569.0
187.0 93.0
187.0 569.0
5716.0 2673.0
5716.0 569.0
5716.0 885.0
2430.0 1094.0
5513.0 569.0
1469.0 569.0
6683.0 93.0
106.0 93.0
1170.0 569.0
1170.0 795.0
1520.0 93.0
3316.0 569.0
3316.0 5716.0
5683.0 2971.0
5683.0 795.0
5683.0 1691.0
2171.0 93.0
102.0 569.0
3616.0 116.0
3084.0 5716.0
3084.0 569.0
11881.0 93.0
11881.0 569.0
10228.0 93.0
10228.0 569.0
5505.0 93.0
207.0 11516.0
207.0 149.0
207.0 449.0
207.0 5920.0
207.0 740.0
207.0 4478.0
207.0 5512.0
207.0 231.0
207.0 7230.0
207.0 96.0
207.0 166.0
207.0 1520.0
207.0 3616.0
207.0 108.0
207.0 1555.0
207.0 107.0
207.0 105.0
207.0 6269.0
207.0 97.0
207.0 10316.0
207.0 1170.0
207.0 2559.0
207.0 182.0
207.0 6683.0
207.0 525.0
207.0 2171.0
207.0 534.0
207.0 106.0
207.0 3454.0
207.0 10294.0
207.0 2233.0
207.0 10228.0
207.0 3318.0
207.0 10229.0
207.0 3084.0
207.0 206.0
207.0 3138.0
207.0 396.0
206.0 11516.0
206.0 149.0
206.0 11881.0
206.0 449.0
206.0 157.0
206.0 740.0
206.0 456.0
206.0 10228.0
206.0 231.0
206.0 2233.0
206.0 317.0
206.0 2253.0
206.0 4990.0
206.0 176.0
206.0 4667.0
206.0 108.0
206.0 1962.0
206.0 96.0
206.0 6269.0
206.0 2554.0
206.0 10316.0
206.0 5512.0
206.0 2625.0
206.0 2559.0
206.0 5538.0
206.0 2171.0
206.0 524.0
206.0 525.0
206.0 6360.0
206.0 13517.0
206.0 106.0
206.0 105.0
206.0 537.0
206.0 11623.0
206.0 3454.0
206.0 10294.0
206.0 3317.0
206.0 534.0
206.0 1416.0
206.0 3318.0
206.0 593.0
206.0 97.0
206.0 1502.0
206.0 6683.0
206.0 3435.0
206.0 1255.0
206.0 5513.0
206.0 3494.0
206.0 3087.0
206.0 102.0
206.0 3138.0
2625.0 885.0
157.0 5716.0
157.0 569.0
3129.0 2971.0
3138.0 93.0
2554.0 93.0
2554.0 569.0
1982.0 5716.0
1982.0 569.0
1982.0 2971.0
10229.0 93.0
11087.0 5716.0
11087.0 569.0
185.0 93.0
185.0 569.0
6269.0 3000.0
6269.0 93.0
1416.0 93.0
5516.0 93.0
537.0 93.0
537.0 2971.0
537.0 795.0
537.0 885.0
537.0 2673.0
537.0 1691.0
3318.0 5716.0
3318.0 569.0
534.0 93.0
534.0 5716.0
534.0 1691.0
166.0 1094.0
449.0 93.0
449.0 569.0
449.0 1094.0
13719.0 5716.0
13719.0 569.0
525.0 93.0
4667.0 93.0
1502.0 116.0
524.0 93.0
524.0 569.0
524.0 5716.0
524.0 2673.0
3494.0 93.0
97.0 93.0
97.0 2971.0
97.0 1094.0
97.0 3000.0
96.0 93.0
96.0 2971.0
7230.0 3000.0
7230.0 795.0
7230.0 2971.0
5512.0 93.0
1962.0 93.0
11516.0 93.0
105.0 569.0
10316.0 93.0
4478.0 93.0
740.0 93.0
740.0 885.0
740.0 569.0
331.0 1691.0
331.0 569.0
331.0 93.0
108.0 93.0
1555.0 885.0
1555.0 569.0
3087.0 93.0
93.0 569.0
93.0 2738.0
93.0 2985.0
93.0 5182.0
93.0 795.0
93.0 1094.0
985.0 93.0
985.0 885.0
985.0 2971.0
985.0 2738.0
985.0 795.0
985.0 1094.0
569.0 5716.0
569.0 93.0
569.0 1691.0
569.0 1094.0
569.0 885.0
569.0 116.0
569.0 2738.0
569.0 2985.0
569.0 3000.0
569.0 2673.0
182.0 93.0
5538.0 93.0
5538.0 569.0
2233.0 569.0
6360.0 93.0
6360.0 569.0
2772.0 885.0
593.0 93.0
593.0 2971.0
5050.0 93.0
5050.0 2971.0
1255.0 569.0
396.0 93.0
396.0 1691.0
3317.0 5716.0
3317.0 569.0
169.0 5716.0
169.0 93.0
169.0 569.0
11623.0 93.0
107.0 93.0
107.0 569.0
107.0 5716.0
107.0 795.0
4990.0 5716.0
4990.0 569.0
176.0 569.0
5920.0 1691.0
3435.0 569.0
5551.0 5716.0
5551.0 569.0
11797.0 5716.0
11797.0 569.0
401.0 1094.0
3454.0 107.0
3454.0 3084.0
3454.0 105.0
3454.0 5505.0
3454.0 3316.0
3454.0 206.0
3454.0 185.0
3454.0 96.0
3454.0 2772.0
3454.0 187.0
3454.0 2171.0
3454.0 331.0
3454.0 182.0
3454.0 3317.0
3454.0 5516.0
3454.0 3318.0
3454.0 2554.0
3454.0 102.0
206.0 351.0
351.0 93.0
206.0 166.0
207.0 93.0
5683.0 3000.0
2673.0 116.0
2673.0 5716.0
2673.0 795.0
2673.0 1094.0
2673.0 2971.0
2673.0 2985.0
2673.0 569.0
5683.0 885.0
5505.0 1094.0
1555.0 5716.0
207.0 4667.0
206.0 1555.0
537.0 116.0
5050.0 2673.0
3454.0 231.0
3454.0 2233.0
3454.0 1555.0
2112.0 2673.0
206.0 2112.0
206.0 4819.0
206.0 1564.0
206.0 10423.0
10423.0 93.0
1564.0 1094.0
149.0 151.0
149.0 157.0
149.0 96.0
149.0 164.0
149.0 165.0
149.0 83.0
149.0 169.0
149.0 172.0
149.0 176.0
149.0 179.0
149.0 182.0
149.0 185.0
149.0 194.0
149.0 106.0
149.0 199.0
149.0 206.0
149.0 219.0
149.0 107.0
442.0 93.0
442.0 569.0
1720.0 372.0
1720.0 1469.0
279.0 885.0
279.0 2738.0
279.0 795.0
2911.0 116.0
2911.0 93.0
2911.0 2971.0
2911.0 2985.0
2911.0 795.0
2911.0 3000.0
818.0 3000.0
3127.0 885.0
3426.0 3427.0
3426.0 3433.0
3426.0 3437.0
3426.0 3438.0
3426.0 3453.0
3426.0 3454.0
3426.0 3464.0
3426.0 1449.0
4323.0 165.0
4323.0 1163.0
4323.0 151.0
4323.0 3435.0
4323.0 1469.0
4323.0 524.0
4323.0 1164.0
4323.0 1167.0
4323.0 4336.0
4323.0 199.0
2753.0 93.0
4911.0 93.0
3006.0 795.0
3006.0 1094.0
3006.0 2971.0
5059.0 524.0
5059.0 206.0
2436.0 5182.0
5504.0 3317.0
5504.0 5505.0
5504.0 206.0
5504.0 3433.0
5504.0 1513.0
5504.0 157.0
5504.0 2171.0
5504.0 2233.0
5504.0 106.0
5504.0 3454.0
5504.0 199.0
5504.0 105.0
5504.0 5515.0
5504.0 5516.0
5504.0 3318.0
5504.0 96.0
5504.0 4667.0
216.0 569.0
216.0 93.0
2483.0 2738.0
3467.0 5716.0
3467.0 795.0
5403.0 93.0
5403.0 885.0
3123.0 1094.0
3123.0 2971.0
3123.0 795.0
3887.0 1691.0
486.0 93.0
6339.0 524.0
6339.0 4288.0
6384.0 885.0
6392.0 524.0
6392.0 206.0
825.0 885.0
124.0 2985.0
124.0 2971.0
4119.0 2738.0
874.0 2738.0
874.0 885.0
3216.0 885.0
7364.0 206.0
7364.0 1255.0
7364.0 173.0
7364.0 407.0
7364.0 216.0
7364.0 537.0
4986.0 93.0
2117.0 1094.0
317.0 2186.0
317.0 1614.0
317.0 5738.0
317.0 449.0
317.0 1442.0
317.0 7866.0
317.0 5573.0
317.0 54.0
317.0 1566.0
317.0 3006.0
317.0 2002.0
317.0 483.0
317.0 271.0
317.0 963.0
317.0 3979.0
317.0 6166.0
317.0 715.0
317.0 3959.0
317.0 1101.0
317.0 2559.0
317.0 1105.0
317.0 525.0
317.0 1489.0
317.0 534.0
317.0 2654.0
317.0 1179.0
317.0 7122.0
317.0 4636.0
317.0 194.0
317.0 3084.0
317.0 206.0
317.0 2991.0
317.0 2998.0
317.0 563.0
317.0 107.0
317.0 278.0
317.0 2890.0
317.0 396.0
317.0 580.0
317.0 2149.0
317.0 524.0
317.0 3020.0
2689.0 5716.0
2689.0 569.0
8006.0 93.0
2259.0 2673.0
2731.0 3437.0
2731.0 3438.0
2731.0 3453.0
2731.0 3454.0
2731.0 3464.0
2731.0 1449.0
3147.0 93.0
2780.0 93.0
2780.0 569.0
2780.0 2971.0
2780.0 2985.0
2780.0 5716.0
2780.0 795.0
2780.0 2673.0
2780.0 3000.0
2780.0 1094.0
37.0 2738.0
2854.0 93.0
2109.0 885.0
8705.0 2971.0
3991.0 795.0
3991.0 2738.0
285.0 2738.0
285.0 885.0
4367.0 5182.0
4367.0 885.0
1687.0 569.0
1687.0 2971.0
1785.0 5182.0
1785.0 2971.0
9785.0 2777.0
9785.0 206.0
2717.0 93.0
1794.0 1691.0
5793.0 2673.0
4114.0 2738.0
1282.0 569.0
4339.0 3437.0
4339.0 3438.0
4339.0 3453.0
4339.0 3454.0
4339.0 3464.0
4339.0 1449.0
7416.0 93.0
2186.0 1691.0
2186.0 2673.0
1456.0 2971.0
10294.0 96.0
10294.0 66.0
456.0 740.0
456.0 3069.0
456.0 231.0
456.0 5538.0
456.0 54.0
456.0 672.0
456.0 685.0
456.0 169.0
456.0 7212.0
456.0 108.0
456.0 1555.0
456.0 96.0
456.0 105.0
456.0 2171.0
456.0 10316.0
456.0 179.0
456.0 180.0
456.0 4478.0
456.0 6683.0
456.0 4336.0
456.0 106.0
456.0 10294.0
456.0 2233.0
456.0 170.0
456.0 5551.0
456.0 4457.0
456.0 2554.0
456.0 1255.0
456.0 4187.0
456.0 216.0
456.0 278.0
456.0 710.0
456.0 83.0
456.0 1509.0
456.0 102.0
4865.0 93.0
3614.0 1094.0
2703.0 569.0
1101.0 93.0
1101.0 1691.0
1101.0 1094.0
552.0 885.0
9554.0 2971.0
2972.0 795.0
2972.0 2971.0
2972.0 885.0
1219.0 93.0
1219.0 2971.0
1219.0 795.0
3463.0 10773.0
6008.0 93.0
6008.0 885.0
996.0 2738.0
2809.0 93.0
10921.0 1255.0
10921.0 206.0
10921.0 219.0
10921.0 524.0
10921.0 740.0
10921.0 5505.0
2457.0 885.0
9487.0 5862.0
9487.0 5481.0
9487.0 5315.0
9487.0 3123.0
9487.0 5596.0
9487.0 5948.0
9487.0 5873.0
9487.0 1193.0
9487.0 3856.0
9487.0 1037.0
9487.0 4636.0
9487.0 320.0
9487.0 1654.0
9487.0 7024.0
9487.0 4263.0
9487.0 206.0
2253.0 698.0
2253.0 278.0
2253.0 1783.0
2253.0 179.0
231.0 1614.0
231.0 2589.0
231.0 6852.0
231.0 2233.0
231.0 456.0
231.0 5708.0
231.0 656.0
231.0 5516.0
231.0 672.0
231.0 5564.0
231.0 4667.0
231.0 963.0
231.0 1555.0
231.0 3773.0
231.0 96.0
231.0 2956.0
231.0 105.0
231.0 342.0
231.0 5538.0
231.0 186.0
231.0 11087.0
231.0 106.0
231.0 11092.0
231.0 5740.0
231.0 1509.0
6278.0 93.0
485.0 2971.0
2724.0 2971.0
2724.0 2738.0
3428.0 1094.0
3428.0 2971.0
187.0 449.0
187.0 524.0
187.0 11092.0
187.0 3454.0
187.0 2233.0
187.0 105.0
187.0 43.0
6906.0 11325.0
6906.0 1974.0
1534.0 93.0
606.0 1691.0
606.0 2971.0
606.0 93.0
606.0 795.0
1654.0 2673.0
1654.0 2971.0
1654.0 1094.0
1654.0 795.0
5984.0 5716.0
5984.0 795.0
5984.0 1691.0
5984.0 885.0
5984.0 569.0
5984.0 1094.0
1178.0 799.0
1178.0 682.0
1178.0 525.0
10154.0 885.0
2100.0 93.0
938.0 93.0
938.0 885.0
5716.0 1972.0
5716.0 2808.0
5716.0 11779.0
5716.0 991.0
5716.0 1167.0
5716.0 11780.0
5716.0 456.0
5716.0 10861.0
5716.0 11781.0
5716.0 1659.0
5716.0 7063.0
5716.0 6633.0
5716.0 164.0
5716.0 6347.0
5716.0 475.0
5716.0 436.0
5716.0 3427.0
5716.0 685.0
5716.0 3979.0
5716.0 1781.0
5716.0 1437.0
5716.0 7083.0
5716.0 43.0
5716.0 5360.0
5716.0 342.0
5716.0 4794.0
5716.0 6621.0
5716.0 2970.0
5716.0 1485.0
5716.0 4800.0
5716.0 3453.0
5716.0 701.0
5716.0 8449.0
5716.0 6202.0
5716.0 534.0
5716.0 3454.0
5716.0 10564.0
5716.0 1503.0
5716.0 858.0
5716.0 426.0
5716.0 2942.0
5716.0 3705.0
5716.0 4284.0
5716.0 868.0
5716.0 7394.0
5716.0 206.0
5716.0 3544.0
5716.0 3730.0
5716.0 5560.0
5716.0 11790.0
5716.0 1008.0
5716.0 2054.0
5716.0 2762.0
5716.0 2716.0
5716.0 3925.0
5716.0 3006.0
5716.0 219.0
5716.0 1345.0
5716.0 4040.0
5716.0 278.0
5716.0 4994.0
5716.0 1442.0
5716.0 823.0
5716.0 3598.0
5716.0 3745.0
5716.0 5984.0
7965.0 1691.0
7965.0 2985.0
7965.0 3000.0
483.0 2738.0
483.0 1691.0
483.0 569.0
483.0 1094.0
483.0 93.0
483.0 2985.0
483.0 795.0
483.0 3000.0
483.0 885.0
5596.0 2673.0
3132.0 93.0
3132.0 885.0
3784.0 93.0
6389.0 885.0
6389.0 2971.0
4187.0 1691.0
885.0 93.0
885.0 569.0
885.0 2971.0
885.0 2738.0
885.0 5716.0
885.0 1691.0
885.0 1094.0
1005.0 93.0
2430.0 151.0
2430.0 2117.0
2430.0 1164.0
2430.0 1167.0
2430.0 6472.0
2430.0 2983.0
2430.0 1469.0
2430.0 2984.0
2430.0 12058.0
2430.0 172.0
2430.0 2523.0
2430.0 1904.0
2430.0 964.0
2430.0 401.0
2430.0 7122.0
2430.0 3127.0
2430.0 1163.0
2430.0 4336.0
2430.0 524.0
2430.0 1113.0
2430.0 8449.0
2430.0 199.0
2430.0 1503.0
2430.0 1255.0
2430.0 4187.0
2430.0 715.0
2430.0 2716.0
2430.0 2962.0
2430.0 278.0
2430.0 213.0
5220.0 885.0
1437.0 5716.0
698.0 1094.0
698.0 569.0
698.0 2985.0
698.0 1691.0
1163.0 569.0
2676.0 885.0
5513.0 165.0
5513.0 1721.0
5513.0 206.0
5513.0 1901.0
5513.0 524.0
5513.0 4434.0
5513.0 456.0
5513.0 108.0
5513.0 278.0
5513.0 179.0
5513.0 1170.0
5513.0 6057.0
5672.0 795.0
5672.0 1691.0
5672.0 2971.0
6633.0 5716.0
781.0 2809.0
781.0 206.0
781.0 1167.0
781.0 1469.0
781.0 271.0
781.0 604.0
781.0 1123.0
781.0 1193.0
2935.0 795.0
1469.0 96.0
1469.0 3237.0
1469.0 2118.0
1469.0 1928.0
1469.0 164.0
1469.0 888.0
1469.0 845.0
1469.0 793.0
1469.0 2210.0
1469.0 963.0
1469.0 2012.0
1469.0 1246.0
1469.0 1962.0
1469.0 819.0
1469.0 2559.0
1469.0 5665.0
1469.0 3706.0
1469.0 351.0
1469.0 715.0
1469.0 2854.0
1469.0 42.0
1469.0 3126.0
1469.0 3327.0
1469.0 2430.0
1469.0 4313.0
1469.0 396.0
12397.0 96.0
12397.0 1255.0
12397.0 2171.0
12397.0 3318.0
12397.0 219.0
12397.0 8474.0
12397.0 206.0
12397.0 199.0
1094.0 93.0
1094.0 569.0
1094.0 2673.0
1094.0 3000.0
1094.0 2985.0
1094.0 795.0
1094.0 885.0
1094.0 2971.0
1094.0 1691.0
2112.0 1167.0
2112.0 456.0
2112.0 6072.0
2112.0 3818.0
2112.0 2109.0
2112.0 633.0
2112.0 2686.0
2112.0 749.0
2112.0 1305.0
2112.0 1513.0
2112.0 6384.0
2112.0 659.0
2112.0 620.0
2112.0 3841.0
2112.0 4736.0
2112.0 3705.0
2112.0 827.0
2112.0 5734.0
2112.0 2120.0
2112.0 191.0
2112.0 193.0
2112.0 2589.0
2112.0 1851.0
2112.0 3988.0
2112.0 6618.0
2112.0 206.0
2112.0 1530.0
2112.0 4816.0
2112.0 1574.0
2112.0 6369.0
2112.0 278.0
2112.0 1448.0
2112.0 2625.0
6683.0 1160.0
6683.0 206.0
6683.0 4336.0
6683.0 199.0
6683.0 219.0
6683.0 179.0
9303.0 1691.0
9303.0 2673.0
3856.0 93.0
3294.0 278.0
3294.0 124.0
3294.0 563.0
3294.0 1123.0
4621.0 795.0
4628.0 795.0
2467.0 885.0
2470.0 795.0
2470.0 885.0
4993.0 524.0
4993.0 963.0
4993.0 96.0
4993.0 5505.0
4993.0 1255.0
12797.0 2283.0
173.0 569.0
3476.0 2971.0
4887.0 93.0
4920.0 885.0
6621.0 5716.0
1692.0 116.0
106.0 5505.0
106.0 149.0
106.0 96.0
106.0 6269.0
106.0 456.0
106.0 199.0
106.0 5512.0
106.0 2633.0
106.0 672.0
106.0 3512.0
106.0 3614.0
106.0 7643.0
106.0 4667.0
106.0 8456.0
106.0 1861.0
106.0 173.0
106.0 7436.0
106.0 819.0
106.0 179.0
106.0 182.0
106.0 2171.0
106.0 194.0
106.0 1120.0
106.0 42.0
106.0 3318.0
106.0 3991.0
106.0 7063.0
106.0 1255.0
106.0 1982.0
106.0 1160.0
106.0 3494.0
106.0 8221.0
407.0 93.0
407.0 569.0
407.0 2673.0
407.0 2985.0
407.0 5716.0
407.0 795.0
407.0 1094.0
407.0 3000.0
2764.0 2738.0
2764.0 885.0
1170.0 107.0
1170.0 184.0
1170.0 4667.0
1170.0 96.0
1170.0 2171.0
1170.0 1692.0
1170.0 108.0
1170.0 2729.0
1170.0 331.0
1170.0 105.0
1170.0 401.0
1170.0 537.0
1170.0 2233.0
1170.0 13004.0
1170.0 3318.0
1170.0 106.0
1170.0 8474.0
3062.0 93.0
3104.0 569.0
9339.0 885.0
7228.0 524.0
7228.0 206.0
3237.0 885.0
3242.0 885.0
5883.0 206.0
11868.0 2985.0
1193.0 93.0
1193.0 795.0
1193.0 1691.0
1193.0 1094.0
1193.0 2971.0
1193.0 2673.0
1520.0 1448.0
1520.0 2527.0
1520.0 186.0
1520.0 3784.0
1520.0 7188.0
1520.0 2976.0
1520.0 4220.0
1520.0 1120.0
1520.0 3129.0
3893.0 569.0
3893.0 795.0
8210.0 165.0
8210.0 206.0
8210.0 1120.0
8210.0 42.0
8210.0 785.0
3316.0 468.0
3316.0 412.0
3316.0 231.0
3316.0 164.0
3316.0 397.0
3316.0 3427.0
3316.0 3429.0
3316.0 7965.0
3316.0 5505.0
3316.0 3827.0
3316.0 2002.0
3316.0 2012.0
3316.0 43.0
3316.0 2554.0
3316.0 452.0
3316.0 185.0
3316.0 4994.0
3316.0 372.0
3316.0 559.0
3316.0 534.0
3316.0 2854.0
3316.0 4636.0
3316.0 3084.0
3316.0 698.0
3316.0 561.0
3316.0 577.0
3316.0 564.0
3316.0 565.0
3316.0 5050.0
3316.0 488.0
3316.0 191.0
3316.0 5560.0
3316.0 102.0
4928.0 569.0
4928.0 795.0
4928.0 1691.0
4928.0 1094.0
4928.0 2738.0
4928.0 885.0
4928.0 2673.0
2971.0 93.0
2971.0 1094.0
2971.0 569.0
2971.0 2985.0
2971.0 116.0
2971.0 5182.0
2971.0 5716.0
2971.0 795.0
2971.0 1691.0
2971.0 885.0
2971.0 2673.0
2971.0 3000.0
2991.0 2971.0
2991.0 795.0
13402.0 206.0
3730.0 5716.0
13522.0 524.0
13522.0 206.0
394.0 885.0
13553.0 569.0
5683.0 11779.0
5683.0 456.0
5683.0 7024.0
5683.0 7655.0
5683.0 2942.0
5683.0 4817.0
5683.0 802.0
5683.0 964.0
5683.0 580.0
5683.0 186.0
5683.0 4263.0
5683.0 106.0
5683.0 2762.0
5683.0 3555.0
5683.0 4636.0
5683.0 50.0
5683.0 206.0
5683.0 5873.0
5683.0 629.0
5683.0 5315.0
5683.0 981.0
5683.0 419.0
5683.0 1193.0
5683.0 1037.0
5683.0 2937.0
5683.0 3887.0
5683.0 1924.0
5683.0 3979.0
5683.0 604.0
5683.0 3046.0
5683.0 524.0
5683.0 4368.0
5683.0 2741.0
5683.0 6145.0
5683.0 3730.0
5683.0 107.0
5683.0 278.0
5683.0 710.0
5683.0 2777.0
5683.0 1654.0
5683.0 1509.0
5683.0 537.0
5683.0 2186.0
5683.0 3123.0
5683.0 7219.0
5683.0 5862.0
5683.0 464.0
5683.0 473.0
5683.0 2002.0
5683.0 1345.0
5683.0 1861.0
5683.0 2698.0
5683.0 4336.0
5683.0 534.0
5683.0 216.0
5683.0 2081.0
5683.0 449.0
5683.0 1687.0
5683.0 2746.0
5683.0 4769.0
5683.0 2809.0
5683.0 2925.0
5683.0 6191.0
5683.0 2935.0
5683.0 1469.0
5683.0 271.0
5683.0 500.0
5683.0 828.0
5683.0 5948.0
5683.0 193.0
5683.0 2776.0
5683.0 5402.0
5683.0 858.0
5683.0 1721.0
5683.0 5379.0
5683.0 5620.0
5683.0 2655.0
5683.0 1160.0
5683.0 5740.0
5683.0 102.0
10321.0 96.0
6851.0 93.0
555.0 569.0
555.0 795.0
1737.0 795.0
1737.0 2971.0
506.0 151.0
506.0 1167.0
506.0 633.0
506.0 6000.0
506.0 1901.0
506.0 1785.0
506.0 2953.0
506.0 604.0
506.0 1587.0
506.0 1163.0
506.0 4336.0
506.0 524.0
506.0 715.0
506.0 199.0
506.0 2983.0
506.0 6618.0
506.0 1164.0
506.0 213.0
5003.0 2118.0
5003.0 1187.0
5003.0 3476.0
5003.0 3428.0
5003.0 715.0
5003.0 56.0
5003.0 524.0
5003.0 456.0
5003.0 199.0
5003.0 206.0
5003.0 4457.0
5003.0 219.0
5003.0 4729.0
5003.0 6684.0
5003.0 2246.0
5003.0 606.0
5003.0 579.0
2879.0 569.0
1245.0 93.0
9456.0 151.0
9456.0 5505.0
9456.0 96.0
9456.0 3467.0
9456.0 740.0
9456.0 231.0
9456.0 3429.0
9456.0 3435.0
9456.0 4817.0
9456.0 108.0
9456.0 1555.0
9456.0 401.0
9456.0 3453.0
9456.0 604.0
9456.0 105.0
9456.0 2554.0
9456.0 1167.0
9456.0 1163.0
9456.0 3316.0
9456.0 3433.0
9456.0 4336.0
9456.0 524.0
9456.0 3438.0
9456.0 2171.0
9456.0 715.0
9456.0 3454.0
9456.0 2233.0
9456.0 199.0
9456.0 3317.0
9456.0 3318.0
9456.0 4667.0
9456.0 3084.0
9456.0 1164.0
9456.0 3138.0
9456.0 216.0
9456.0 5512.0
9456.0 3437.0
9456.0 1255.0
9456.0 3464.0
9456.0 1449.0
9456.0 102.0
164.0 1094.0
164.0 5716.0
164.0 93.0
164.0 569.0
2940.0 93.0
2940.0 2971.0
2940.0 2673.0
2940.0 2985.0
2940.0 795.0
3429.0 5716.0
3429.0 569.0
1952.0 1094.0
2017.0 456.0
2017.0 121.0
2017.0 4237.0
2017.0 105.0
2017.0 180.0
2017.0 4794.0
2017.0 187.0
2017.0 1389.0
2017.0 604.0
2017.0 426.0
2017.0 206.0
2017.0 985.0
2017.0 1502.0
2962.0 795.0
3841.0 116.0
2171.0 2917.0
2171.0 96.0
2171.0 2233.0
2171.0 3427.0
2171.0 166.0
2171.0 176.0
2171.0 173.0
2171.0 108.0
2171.0 3453.0
2171.0 604.0
2171.0 105.0
2171.0 165.0
2171.0 4336.0
2171.0 2759.0
2171.0 106.0
2171.0 3454.0
2171.0 3437.0
2171.0 2554.0
2171.0 3138.0
2171.0 5512.0
2171.0 271.0
2171.0 1607.0
2171.0 8503.0
2171.0 1255.0
2171.0 2780.0
4483.0 5505.0
4483.0 2117.0
4483.0 96.0
4483.0 1982.0
4483.0 740.0
4483.0 1503.0
4483.0 5512.0
4483.0 5516.0
4483.0 3318.0
4483.0 685.0
4483.0 176.0
4483.0 4865.0
4483.0 3437.0
4483.0 3453.0
4483.0 105.0
4483.0 1587.0
4483.0 514.0
4483.0 3316.0
4483.0 4994.0
4483.0 3438.0
4483.0 3429.0
4483.0 456.0
4483.0 2780.0
4483.0 3454.0
4483.0 2233.0
4483.0 2742.0
4483.0 199.0
4483.0 3317.0
4483.0 3084.0
4483.0 194.0
4483.0 3138.0
4483.0 407.0
4483.0 216.0
4483.0 3006.0
4483.0 107.0
4483.0 3464.0
4483.0 179.0
4483.0 1449.0
4483.0 3494.0
2120.0 2971.0
1593.0 2971.0
3049.0 569.0
8449.0 5716.0
102.0 6269.0
102.0 456.0
102.0 4667.0
102.0 1901.0
102.0 105.0
102.0 3433.0
102.0 10294.0
102.0 199.0
102.0 4636.0
102.0 206.0
102.0 5505.0
102.0 96.0
102.0 740.0
102.0 1187.0
102.0 231.0
102.0 516.0
102.0 3512.0
102.0 165.0
102.0 166.0
102.0 7212.0
102.0 3435.0
102.0 5531.0
102.0 3316.0
102.0 3318.0
102.0 4119.0
102.0 537.0
102.0 700.0
102.0 3428.0
102.0 483.0
102.0 1861.0
102.0 10691.0
102.0 157.0
102.0 401.0
102.0 3453.0
102.0 2727.0
102.0 2554.0
102.0 5596.0
102.0 593.0
102.0 534.0
102.0 3454.0
102.0 3991.0
102.0 872.0
102.0 1255.0
102.0 2430.0
102.0 449.0
102.0 1982.0
102.0 2746.0
102.0 2676.0
102.0 1782.0
102.0 164.0
102.0 83.0
102.0 176.0
102.0 1555.0
102.0 107.0
102.0 10316.0
102.0 179.0
102.0 2559.0
102.0 4478.0
102.0 2729.0
102.0 2171.0
102.0 194.0
102.0 2233.0
102.0 1851.0
102.0 97.0
102.0 1449.0
102.0 1448.0
412.0 569.0
7866.0 2673.0
11779.0 5716.0
11779.0 93.0
7655.0 2738.0
3616.0 1972.0
3616.0 2117.0
3616.0 96.0
3616.0 3428.0
3616.0 7965.0
3616.0 8456.0
3616.0 1861.0
3616.0 271.0
3616.0 604.0
3616.0 1503.0
3616.0 257.0
3616.0 2554.0
3616.0 563.0
3616.0 1502.0
3616.0 88.0
2602.0 116.0
2602.0 93.0
2602.0 1094.0
2602.0 2971.0
2602.0 2673.0
827.0 1094.0
186.0 93.0
186.0 1094.0
186.0 2971.0
186.0 3000.0
186.0 885.0
186.0 2673.0
186.0 569.0
2969.0 2985.0
2969.0 569.0
33.0 569.0
3647.0 116.0
2654.0 2971.0
1120.0 885.0
6291.0 93.0
6291.0 5182.0
227.0 166.0
227.0 606.0
227.0 199.0
227.0 206.0
3084.0 468.0
3084.0 1513.0
3084.0 12521.0
3084.0 199.0
3084.0 1659.0
3084.0 231.0
3084.0 2483.0
3084.0 13004.0
3084.0 317.0
3084.0 2682.0
3084.0 3427.0
3084.0 7965.0
3084.0 3689.0
3084.0 169.0
3084.0 176.0
3084.0 1555.0
3084.0 2012.0
3084.0 3453.0
3084.0 105.0
3084.0 2554.0
3084.0 187.0
3084.0 3316.0
3084.0 4994.0
3084.0 559.0
3084.0 194.0
3084.0 10154.0
3084.0 2233.0
3084.0 3317.0
3084.0 3318.0
3084.0 5560.0
3084.0 561.0
3084.0 577.0
3084.0 564.0
3084.0 1449.0
12116.0 93.0
12116.0 885.0
1604.0 449.0
1604.0 3753.0
1604.0 938.0
1604.0 54.0
1604.0 4886.0
1604.0 685.0
1604.0 4636.0
1604.0 7805.0
1604.0 2527.0
1604.0 6166.0
1604.0 1101.0
1604.0 2559.0
1604.0 1590.0
1604.0 524.0
1604.0 4800.0
1604.0 701.0
1604.0 6202.0
1604.0 3536.0
1604.0 3544.0
1604.0 4040.0
1604.0 4187.0
1604.0 1612.0
1604.0 1535.0
1628.0 885.0
4816.0 1691.0
4816.0 2971.0
4816.0 795.0
1244.0 795.0
1244.0 2971.0
1244.0 3000.0
1244.0 2738.0
1246.0 1691.0
1246.0 1094.0
578.0 456.0
578.0 83.0
578.0 604.0
578.0 524.0
578.0 50.0
578.0 206.0
11881.0 1513.0
11881.0 449.0
11881.0 524.0
11881.0 1555.0
11881.0 740.0
11881.0 456.0
11881.0 176.0
11881.0 534.0
11881.0 231.0
11881.0 2233.0
11881.0 105.0
11881.0 199.0
11881.0 206.0
8503.0 569.0
4989.0 165.0
4989.0 7212.0
4989.0 206.0
4989.0 524.0
4989.0 96.0
4989.0 2171.0
4989.0 219.0
4989.0 3037.0
4989.0 3318.0
2956.0 795.0
2956.0 885.0
3478.0 1094.0
3478.0 2673.0
3286.0 1457.0
3286.0 206.0
3286.0 1469.0
3046.0 93.0
3046.0 795.0
3046.0 2971.0
2970.0 5716.0
2970.0 2971.0
2970.0 2985.0
10228.0 206.0
10228.0 525.0
10228.0 2952.0
10228.0 537.0
10228.0 199.0
2035.0 93.0
6164.0 1094.0
4313.0 2673.0
7089.0 1094.0
710.0 116.0
710.0 93.0
710.0 795.0
710.0 2971.0
710.0 2985.0
710.0 2673.0
1442.0 5716.0
1442.0 885.0
1442.0 2971.0
5738.0 93.0
5738.0 2971.0
5738.0 2985.0
2808.0 5716.0
2808.0 885.0
2808.0 569.0
3753.0 885.0
1185.0 5716.0
1185.0 93.0
1185.0 1094.0
1185.0 569.0
883.0 1691.0
3069.0 5716.0
3069.0 1094.0
3069.0 93.0
3069.0 569.0
5505.0 2992.0
5505.0 1625.0
5505.0 3316.0
5505.0 4636.0
5505.0 3433.0
5505.0 524.0
5505.0 157.0
5505.0 1255.0
5505.0 3138.0
5505.0 2118.0
5505.0 740.0
5505.0 108.0
5505.0 656.0
5505.0 2780.0
5505.0 176.0
5505.0 122.0
5505.0 194.0
5505.0 13004.0
5505.0 96.0
5505.0 3454.0
5505.0 672.0
5505.0 105.0
5505.0 3318.0
5505.0 1246.0
5505.0 3494.0
5505.0 196.0
3706.0 885.0
5519.0 685.0
5519.0 2762.0
5519.0 206.0
5519.0 1513.0
5519.0 449.0
5519.0 1164.0
5519.0 185.0
5519.0 524.0
5519.0 96.0
5519.0 271.0
5519.0 6202.0
5519.0 537.0
5519.0 278.0
5519.0 4444.0
5519.0 54.0
5519.0 475.0
2727.0 2971.0
559.0 885.0
1783.0 5182.0
1783.0 795.0
1783.0 2738.0
1783.0 1094.0
8497.0 2673.0
2746.0 2738.0
5708.0 569.0
2931.0 795.0
2931.0 2971.0
785.0 2971.0
5811.0 93.0
4434.0 93.0
