3455 3316
3455 3436
3455 3084
3455 963
3455 388
3455 604
3455 3317
3455 3318
3455 7295
3436 3316
3436 2171
3436 3441
3436 3091
3436 3109
3436 13004
3436 3317
3436 220
3436 3453
3436 3455
3436 199
3436 3459
3436 105
3436 3318
3436 1449
3436 7965
3436 96
3436 138
3455 8394
3455 4422
3455 8395
3455 5067
3455 5068
3455 8396
3455 2302
3455 8397
3455 8398
3455 8399
3455 5082
3455 8400
3455 1766
3455 5063
3455 8401
3455 5084
3455 8402
3436 3427
3436 5716
3436 1064
3436 2233
3436 3461
3436 3466
3436 653
3436 9747
3436 5292
3436 401
3436 2449
3436 4592
3436 73
3436 4502
3436 9312
3436 336
8394 1790
8395 1298
8395 8479
8395 3323
8395 3455
8395 403
8399 7
3441 3317
3441 3084
3441 3318
3441 3091
3441 3316
3441 3436
8394 5981
3466 3317
3466 3084
3466 3318
3466 3316
8402 6329
8402 1865
8402 6892
8402 76
8402 10298
8402 3455
8402 3592
3441 5081
3459 3317
3459 3084
3459 3318
3459 3316
3459 3453
3459 3436
3466 569
8400 165
5082 5059
5082 1258
5082 1742
5082 9483
5082 2155
5082 9152
5082 9484
5082 3455
5082 7285
5084 3
5084 5059
5084 9387
5084 3455
5084 1882
5084 1881
3459 4705
3459 7184
8394 6329
8394 3591
8394 6892
8394 4698
8394 3455
8399 414
3441 8356
3459 4994
3459 2762
8394 50
3466 3436
8398 402
8398 9936
8398 1865
8398 235
8398 10577
8398 10578
8398 3607
8398 4459
8398 3455
8398 1882
8398 6678
8399 9941
8399 3594
8399 148
8399 144
8399 13334
8399 10298
8399 3455
8399 3626
3441 3
8396 10337
7295 165
7295 1499
7295 8732
7295 11243
7295 10947
7295 4187
7295 4536
7295 819
7295 11981
7295 374
7295 1642
7295 1470
7295 6280
3091 8231
3091 3084
3091 6430
3091 181
3091 4801
3091 3083
3091 5218
3091 3318
3091 187
3091 3316
3091 7965
3091 5246
3091 2554
3091 2171
3091 740
3091 9349
3091 3436
3091 3441
3459 653
8396 1143
8400 5638
8400 148
8400 5832
8400 5143
8400 10034
8400 5833
8400 3323
8400 3324
8400 5831
8400 3605
8400 4459
8400 3455
5068 620
5068 633
3461 3084
3461 15075
3461 3318
3461 3317
3461 3316
3461 54
5067 3605
5067 5059
5067 1873
5067 6329
5067 8003
5067 4266
5067 6892
5067 76
5067 3592
5067 1524
5067 12152
5067 8245
5067 3455
5067 3626
1766 15510
1766 4547
1766 3045
1766 9349
1766 9460
1766 15844
1766 3212
1766 8388
8401 5638
8401 3605
8401 10071
8401 698
8401 6329
8401 1865
8401 3594
8401 8572
8401 8852
8401 1428
8401 11507
8401 13836
8401 3455
8401 12648
8401 3626
3466 7102
5084 1287
5084 2283
5084 12298
5084 4668
5084 1271
9747 401
9747 506
9747 185
7295 12743
13004 3084
13004 167
13004 5505
13004 93
13004 1381
13004 3436
13004 97
13004 6640
13004 5509
13004 159
13004 108
13004 160
13004 1170
13004 3317
13004 107
13004 3453
13004 199
13004 105
13004 1416
5292 524
5292 10247
5292 8196
5292 6178
5292 643
5292 4328
2449 11376
2449 3184
2449 6661
2449 6329
2449 6861
2449 1874
2449 2437
2449 10977
2449 3436
5063 5059
5063 2757
5063 3455
5063 10746
5063 7567
5063 11358
5063 10686
5063 6136
5063 5550
5063 5527
5063 5833
5063 8277
5063 3293
5063 1180
5063 3592
7295 2808
7295 15304
7295 3455
7295 1074
3453 3427
3453 3084
3453 5716
3453 3316
3453 3436
3453 185
3453 96
3453 2171
3453 740
3453 4801
3453 3459
3453 569
3453 4994
3453 3550
3453 2233
3453 13004
3453 105
3453 164
3453 3318
3453 4636
3453 4990
3453 102
3459 4801
3459 1064
8396 6606
2302 14468
2302 7089
2302 7255
2302 10141
2302 110
2302 2363
2302 1295
2302 14213
2302 2520
2302 1296
3091 164
2449 1297
7295 1481
5063 713
3316 468
3316 2187
3316 64
3316 3504
3316 412
3316 231
3316 308
3316 164
3316 6482
3316 7231
3316 397
3316 3427
3316 569
3316 3429
3316 5716
3316 7965
3316 5505
3316 3827
3316 2002
3316 2012
3316 865
3316 1649
3316 43
3316 2554
3316 68
3316 452
3316 7475
3316 7493
3316 185
3316 4994
3316 372
3316 559
3316 534
3316 7159
3316 2854
3316 4636
3316 4204
3316 3084
3316 698
3316 561
3316 577
3316 4952
3316 564
3316 565
3316 5050
3316 488
3316 191
3316 5560
3316 102
5068 8558
5068 5737
3461 4639
3461 210
3461 13854
3461 4214
3461 3057
3461 1206
8396 12907
8396 1865
8396 148
8396 1732
8396 3323
8396 5831
8396 4459
8396 3440
8396 3455
8396 10777
8396 11225
8396 5143
8396 5833
8396 3607
2302 2355
3317 157
3317 96
3317 740
3317 7475
3317 231
3317 3467
3317 13004
3317 5516
3317 164
3317 3427
3317 685
3317 5716
3317 7965
3317 169
3317 3827
3317 4636
3317 8456
3317 176
3317 6083
3317 1555
3317 2012
3317 5504
3317 3453
3317 1649
3317 105
3317 3083
3317 2554
3317 7810
3317 5635
3317 5665
3317 3436
3317 8231
3317 4994
3317 187
3317 2171
3317 2117
3317 701
3317 3049
3317 9349
3317 5050
3317 2433
3317 2233
3317 6093
3317 3463
3317 3318
3317 8598
3317 2370
3317 2620
3317 935
3317 12936
3317 5560
3317 3091
3317 3449
3317 569
3317 3456
3317 1449
3317 13479
3317 3744
5068 869
8397 4793
8397 684
8397 1460
8397 10921
8397 995
8397 4811
8397 8449
8397 3585
8397 1489
8397 4040
8397 6337
8397 949
5292 569
3461 3436
3461 3453
3316 5520
3316 6083
3316 1555
3316 105
3316 2233
3316 6093
3317 7693
3317 268
3317 5520
3316 2713
3316 9349
8397 8216
8397 618
8397 6208
8397 4539
3453 3461
5068 4433
3316 487
3316 1645
7295 685
7295 1394
3317 534
3318 5505
3318 100
3318 1513
3318 175
3318 753
3318 5504
3318 96
3318 7693
3318 412
3318 199
3318 3098
3318 161
3318 771
3318 5400
3318 231
3318 8691
3318 12397
3318 3427
3318 685
3318 5716
3318 7965
3318 3689
3318 3435
3318 4329
3318 173
3318 271
3318 2703
3318 6083
3318 1555
3318 2012
3318 4785
3318 865
3318 498
3318 1649
3318 2713
3318 105
3318 389
3318 5520
3318 6781
3318 2554
3318 1210
3318 86
3318 184
3318 3433
3318 5665
3318 8231
3318 4994
3318 2171
3318 701
3318 1222
3318 9349
3318 122
3318 7706
3318 7914
3318 3454
3318 2233
3318 6093
3318 3317
3318 2086
3318 283
3318 10871
3318 169
3318 3084
3318 206
3318 207
3318 3829
3318 10322
3318 208
3318 5560
3318 10237
3318 3091
3318 217
3318 1170
3318 569
3318 106
3318 3219
3318 107
3318 4626
3318 3456
3318 8474
3318 102
3091 388
3091 8525
3453 653
13004 414
3317 151
3317 2713
3317 97
7295 12530
3317 7366
3317 487
3317 1645
5068 148
5068 1732
5068 3323
5068 524
5068 4445
5068 939
5068 9483
5068 2759
5068 3626
5068 2429
5068 5143
5068 76
5068 3455
5068 3605
5068 5059
5068 6861
5068 6892
5068 1612
3453 963
3461 7391
5081 9470
1766 3
1766 1865
1766 1732
1766 2254
1766 1720
1766 9483
1766 6892
1766 3536
1766 3592
1766 3455
1766 6877
1766 5059
1766 3594
1766 3698
15304 7295
3318 5481
3318 13006
3318 268
9747 3
9747 524
9747 13027
9747 2429
9747 3440
9747 2430
9747 11711
9747 1105
9747 9307
9747 4698
9747 102
9747 3436
3318 10294
3318 10321
3318 10316
3317 3446
3317 3433
220 236
220 2055
220 6451
220 149
220 480
220 3057
220 3436
220 648
220 3485
220 7667
220 1501
220 1650
220 1875
220 39
220 15773
220 11565
13004 96
13004 5003
13004 106
5292 3172
5292 4019
5292 10577
5292 3436
4592 227
4592 6802
4592 1195
4592 6403
4592 2163
4592 4641
4592 10475
4592 9571
4592 604
4592 4046
4592 7899
4592 4197
4592 14213
3316 1455
9747 765
3084 2187
3084 468
3084 6451
3084 5565
3084 447
3084 1513
3084 2897
3084 12521
3084 6066
3084 199
3084 1659
3084 2176
3084 231
3084 2483
3084 13004
3084 6093
3084 317
3084 2682
3084 5525
3084 7552
3084 5628
3084 2335
3084 3427
3084 5716
3084 7965
3084 3689
3084 169
3084 308
3084 176
3084 6083
3084 1555
3084 2012
3084 4785
3084 3453
3084 2125
3084 1649
3084 105
3084 3083
3084 2373
3084 2554
3084 187
3084 1182
3084 3316
3084 7542
3084 3436
3084 8231
3084 4994
3084 3575
3084 559
3084 7545
3084 9349
3084 309
3084 194
3084 5218
3084 12310
3084 10154
3084 2233
3084 11867
3084 3317
3084 1767
3084 3318
3084 3
3084 2734
3084 11434
3084 207
3084 5968
3084 2323
3084 6100
3084 5560
3084 6130
3084 561
3084 577
3084 3091
3084 564
3084 569
3084 1449
4422 7918
4422 5946
4422 8743
4422 8745
4422 8371
4422 8746
4422 5894
4422 8749
4422 8757
4422 8759
4422 4421
3453 831
3453 9884
3453 401
3318 1976
3318 4949
4592 5870
9470 5081
5292 12779
5292 14610
2302 1872
2302 582
2302 1732
2302 13929
2302 2336
2302 3485
2302 2251
2302 2249
2302 76
2302 3455
2302 328
3318 185
3318 4636
3318 487
3318 7366
3318 1645
3317 4667
8852 951
3316 1887
3316 2914
3316 449
3316 4762
3316 1183
3316 8274
3316 582
3316 1803
3316 10055
3316 328
3316 7810
3316 826
3316 1182
3316 689
3316 3324
3316 2759
3316 420
3316 4019
3316 3317
3316 9858
3316 2992
3316 7383
220 1136
5292 985
5081 3441
3084 2655
4422 8755
3318 3467
3318 3429
3318 3446
3453 10917
3453 2417
3084 5520
220 4554
3316 2118
3316 6633
3316 291
3316 1222
8388 1803
8388 1766
3317 1055
3317 449
3317 1120
3317 21
3317 4928
3317 2702
3317 6269
3317 2322
3317 7628
3317 3316
3317 190
3317 2759
3317 1115
3317 106
3317 4019
3317 2602
3317 985
3317 11790
3317 11290
3317 7636
3317 892
3317 1156
4502 7398
4502 1182
4502 4286
4502 14631
4502 1195
4502 582
4502 3103
4502 9855
4502 3073
4502 1440
4502 54
4502 5642
4502 7899
4502 1075
2302 1691
3084 4925
220 2008
220 11611
220 499
220 442
13836 8401
3084 4969
3084 593
7965 9268
7965 8475
7965 1659
7965 4197
7965 475
7965 3429
7965 3616
7965 5239
7965 3768
7965 1691
7965 5124
7965 3977
7965 43
7965 2657
7965 8449
7965 2780
7965 1116
7965 2985
7965 2762
7965 268
7965 5560
7965 3000
7965 107
7965 11801
7965 710
7965 11802
220 3085
220 118
8397 3
8397 21
8397 10979
8397 1742
8397 3455
8397 2715
8397 2286
8397 8177
8397 2368
3316 3094
3316 4555
3316 2236
13004 1339
3084 2713
10316 93
10316 96
3084 487
3084 1645
3084 216
3318 151
3318 4667
8572 8401
8572 10149
8572 11855
1449 3315
1449 176
1449 105
1449 3427
1449 3316
1449 3436
1449 4994
1449 199
1449 3317
1449 3318
1449 3084
1449 569
1449 102
4502 70
4502 4573
3084 3467
3084 3429
3084 3446
3084 3433
3084 3449
13836 5861
13836 507
7965 819
10321 5259
10321 96
8397 13198
15304 1113
2302 2380
3318 449
3318 456
3318 121
3318 6482
3318 176
3318 7810
3318 1101
3318 2723
3318 7628
3318 1727
3318 190
3318 3216
3318 534
3318 4995
3318 6894
3318 5554
3318 1160
3605 6283
10316 107
220 1449
4502 3348
3318 3103
3318 3867
8745 4422
7965 11793
7965 2940
3084 5261
7965 585
7965 157
7965 6883
7965 5404
7965 5564
7965 169
7965 9809
7965 486
7965 495
7965 2723
7965 3781
7965 4434
7965 11796
7965 11797
7965 5549
7965 11087
7965 5551
7965 563
7965 653
7965 906
5081 5059
5081 715
5081 1865
5081 6553
5081 1873
10321 107
10746 3057
10746 9323
1335 140
8555 165
8852 8401
8852 9156
220 8418
220 126
220 9915
220 1114
220 2123
220 1067
220 1158
220 627
220 326
220 5227
220 327
220 1527
220 787
220 6136
220 1469
220 397
11507 605
3427 412
3427 2192
3427 3098
3427 6629
3427 1659
3427 2686
3427 5516
3427 6416
3427 2931
3427 1680
3427 8531
3427 5716
3427 2941
3427 2942
3427 795
3427 9668
3427 271
3427 1803
3427 108
3427 1781
3427 4994
3427 2955
3427 3453
3427 1173
3427 3478
3427 105
3427 3426
3427 124
3427 3458
3427 15065
3427 8274
3427 3433
3427 984
3427 11183
3427 2970
3427 2171
3427 3153
3427 11332
3427 2225
3427 3283
3427 701
3427 2734
3427 192
3427 2233
3427 13216
3427 3432
3427 4569
3427 3300
3427 10322
3427 8147
3427 1255
3427 3449
3427 569
3427 219
3427 3219
3427 5554
3427 4588
3427 1449
3293 3168
4592 3436
4592 6537
4592 6860
4592 6862
4592 1298
1449 2928
1449 367
1449 2671
3084 3935
3084 565
3084 2558
3084 3615
3084 173
3084 5527
3084 6087
3084 6090
3084 3057
3084 12525
3084 3017
4422 2561
4422 4687
4422 4392
4422 5597
4422 2125
4422 5611
4422 6678
4422 2052
4422 3692
4422 8744
4422 3968
4422 1156
4422 48
4422 8747
4422 8748
4422 6329
4422 4220
4422 8479
4422 3935
4422 892
4422 2318
4422 2646
4422 2830
4422 2880
4422 7973
4422 3455
4422 5956
4422 8750
4422 8751
4422 2595
4422 6704
4422 8752
4422 5115
4422 8756
4422 8758
4422 6892
4422 285
4422 286
4422 8760
4422 1882
8479 3093
3427 3893
3427 7939
220 569
220 3061
3592 6031
4592 1100
6063 102
3084 1514
3084 1423
4422 8754
15510 604
15510 1766
15510 2553
4502 1472
4502 715
4502 784
4502 115
9312 11378
9312 6458
9312 13834
9312 1134
9312 7938
9312 10283
9312 13038
9312 3436
9312 9311
9312 373
9312 10528
9312 6477
9312 337
9312 7354
9312 4872
9312 8736
9312 1250
9312 12604
9312 8129
9312 8139
9312 1353
9312 8234
9312 7290
9312 9529
9312 7355
9312 11309
9312 7356
9312 13911
9312 7981
9312 1934
9312 7359
9312 7360
9312 7796
9312 1249
9312 8121
9312 10308
9312 7350
9312 10530
9312 14858
9312 7553
199 7515
199 6873
199 10311
199 5505
199 100
199 1304
199 11516
199 149
199 11881
199 157
199 10287
199 5520
199 9456
199 740
199 3092
199 5523
199 3445
199 3098
199 5512
199 771
199 2130
199 231
199 8484
199 6683
199 13004
199 5515
199 5516
199 184
199 1950
199 12397
199 3427
199 5716
199 168
199 5564
199 4667
199 3090
199 1803
199 108
199 1924
199 1555
199 5504
199 12452
199 96
199 105
199 6269
199 3083
199 6752
199 2554
199 10316
199 182
199 4478
199 5538
199 3458
199 1679
199 13266
199 3436
199 185
199 4994
199 11623
199 187
199 2171
199 6360
199 159
199 11087
199 106
199 4995
199 10294
199 2233
199 11797
199 10228
199 3105
199 3318
199 1416
199 169
199 11694
199 3087
199 10321
199 227
199 3084
199 5551
199 97
199 216
199 5510
199 5003
199 11092
199 1514
199 1255
199 1449
199 3494
199 5562
199 6970
3293 5063
3293 7567
3293 1881
10316 158
4592 1182
4592 1231
4592 1050
4592 525
4592 5138
4592 9280
4592 5015
4592 10756
4592 13552
4592 13984
11790 5716
1064 13164
1064 715
1064 524
1064 5555
1064 2017
1064 2053
1064 10812
1064 5445
4422 8739
4422 8740
4422 6099
4422 8741
4422 8742
4422 8335
4422 8753
15773 4794
15773 220
5525 2554
5525 4483
8746 4422
14213 1045
14213 6348
14213 4592
14213 2302
14213 1050
2363 9401
2363 10182
2363 10183
2363 2302
3427 15735
3427 471
3427 4949
4502 3
4502 3619
4502 6166
14468 196
14468 2302
14468 4830
14468 7048
10321 158
5059 207
5059 175
5059 5074
5059 524
5059 332
5059 206
1449 2186
