1.0 0.00909090909090909
1.0 0.01818181818181818
1.0 0.02727272727272727
1.0 0.03636363636363636
1.0 0.045454545454545456
1.0 0.05454545454545454
1.0 0.06363636363636363
1.0 0.07272727272727272
1.0 0.08181818181818182
1.0 0.09090909090909091
1.0 0.1
1.0 0.10909090909090909
1.0 0.11818181818181818
1.0 0.12727272727272726
1.0 0.13636363636363635
1.0 0.14545454545454545
0.9411764705882353 0.14545454545454545
0.9444444444444444 0.15454545454545454
0.8947368421052632 0.15454545454545454
0.85 0.15454545454545454
0.8095238095238095 0.15454545454545454
0.7727272727272727 0.15454545454545454
0.7391304347826086 0.15454545454545454
0.75 0.16363636363636364
0.72 0.16363636363636364
0.6923076923076923 0.16363636363636364
0.6666666666666666 0.16363636363636364
0.6428571428571429 0.16363636363636364
0.6206896551724138 0.16363636363636364
0.6 0.16363636363636364
0.6129032258064516 0.17272727272727273
0.625 0.18181818181818182
0.6060606060606061 0.18181818181818182
0.5882352941176471 0.18181818181818182
0.6 0.19090909090909092
0.6111111111111112 0.2
0.6216216216216216 0.20909090909090908
0.631578947368421 0.21818181818181817
0.6410256410256411 0.22727272727272727
0.625 0.22727272727272727
0.6341463414634146 0.23636363636363636
0.6428571428571429 0.24545454545454545
0.627906976744186 0.24545454545454545
0.6363636363636364 0.2545454545454545
0.6444444444444445 0.2636363636363636
0.6521739130434783 0.2727272727272727
0.6595744680851063 0.2818181818181818
0.6666666666666666 0.2909090909090909
0.673469387755102 0.3
0.66 0.3
0.6470588235294118 0.3
0.6346153846153846 0.3
0.6226415094339622 0.3
0.6111111111111112 0.3
0.6 0.3
0.5892857142857143 0.3
0.5789473684210527 0.3
0.5689655172413793 0.3
0.559322033898305 0.3
0.55 0.3
0.5573770491803278 0.3090909090909091
0.5645161290322581 0.3181818181818182
0.5714285714285714 0.32727272727272727
0.578125 0.33636363636363636
0.5846153846153846 0.34545454545454546
0.5909090909090909 0.35454545454545455
0.5970149253731343 0.36363636363636365
0.6029411764705882 0.37272727272727274
0.6086956521739131 0.38181818181818183
0.6142857142857143 0.39090909090909093
0.6197183098591549 0.4
0.6111111111111112 0.4
0.6164383561643836 0.4090909090909091
0.6216216216216216 0.41818181818181815
0.6266666666666667 0.42727272727272725
0.631578947368421 0.43636363636363634
0.6363636363636364 0.44545454545454544
0.6410256410256411 0.45454545454545453
0.6455696202531646 0.4636363636363636
0.65 0.4727272727272727
0.654320987654321 0.4818181818181818
0.6463414634146342 0.4818181818181818
0.6385542168674698 0.4818181818181818
0.6309523809523809 0.4818181818181818
0.6235294117647059 0.4818181818181818
0.6162790697674418 0.4818181818181818
0.6091954022988506 0.4818181818181818
0.6022727272727273 0.4818181818181818
0.5955056179775281 0.4818181818181818
0.5888888888888889 0.4818181818181818
0.5824175824175825 0.4818181818181818
0.5760869565217391 0.4818181818181818
0.5698924731182796 0.4818181818181818
0.574468085106383 0.4909090909090909
0.5789473684210527 0.5
0.5729166666666666 0.5
0.5773195876288659 0.509090909090909
0.5816326530612245 0.5181818181818182
0.5858585858585859 0.5272727272727272
0.58 0.5272727272727272
0.5742574257425742 0.5272727272727272
0.5686274509803921 0.5272727272727272
0.5631067961165048 0.5272727272727272
0.5576923076923077 0.5272727272727272
0.5523809523809524 0.5272727272727272
0.5471698113207547 0.5272727272727272
0.5420560747663551 0.5272727272727272
0.5370370370370371 0.5272727272727272
0.5321100917431193 0.5272727272727272
0.5272727272727272 0.5272727272727272
0.5225225225225225 0.5272727272727272
0.5178571428571429 0.5272727272727272
0.5132743362831859 0.5272727272727272
0.5087719298245614 0.5272727272727272
0.5043478260869565 0.5272727272727272
0.5 0.5272727272727272
0.49572649572649574 0.5272727272727272
0.4915254237288136 0.5272727272727272
0.48739495798319327 0.5272727272727272
0.48333333333333334 0.5272727272727272
0.4793388429752066 0.5272727272727272
0.47540983606557374 0.5272727272727272
0.4715447154471545 0.5272727272727272
0.46774193548387094 0.5272727272727272
0.464 0.5272727272727272
0.4603174603174603 0.5272727272727272
0.4566929133858268 0.5272727272727272
0.4609375 0.5363636363636364
0.4573643410852713 0.5363636363636364
0.45384615384615384 0.5363636363636364
0.45038167938931295 0.5363636363636364
0.44696969696969696 0.5363636363636364
0.44360902255639095 0.5363636363636364
0.44029850746268656 0.5363636363636364
0.43703703703703706 0.5363636363636364
0.4338235294117647 0.5363636363636364
0.4306569343065693 0.5363636363636364
0.427536231884058 0.5363636363636364
0.4244604316546763 0.5363636363636364
0.42142857142857143 0.5363636363636364
0.41843971631205673 0.5363636363636364
0.4154929577464789 0.5363636363636364
0.4125874125874126 0.5363636363636364
0.4097222222222222 0.5363636363636364
0.4068965517241379 0.5363636363636364
0.4041095890410959 0.5363636363636364
0.40816326530612246 0.5454545454545454
0.41216216216216217 0.5545454545454546
0.40939597315436244 0.5545454545454546
0.41333333333333333 0.5636363636363636
0.4105960264900662 0.5636363636363636
0.4144736842105263 0.5727272727272728
0.41830065359477125 0.5818181818181818
0.42207792207792205 0.5909090909090909
0.4258064516129032 0.6
0.42948717948717946 0.6090909090909091
0.43312101910828027 0.6181818181818182
0.43670886075949367 0.6272727272727273
0.44025157232704404 0.6363636363636364
0.44375 0.6454545454545455
0.4472049689440994 0.6545454545454545
0.4444444444444444 0.6545454545454545
0.44171779141104295 0.6545454545454545
0.43902439024390244 0.6545454545454545
0.43636363636363634 0.6545454545454545
0.43373493975903615 0.6545454545454545
0.4311377245508982 0.6545454545454545
0.42857142857142855 0.6545454545454545
0.4260355029585799 0.6545454545454545
0.4235294117647059 0.6545454545454545
0.42105263157894735 0.6545454545454545
0.4186046511627907 0.6545454545454545
0.4161849710982659 0.6545454545454545
0.41379310344827586 0.6545454545454545
0.4114285714285714 0.6545454545454545
0.4090909090909091 0.6545454545454545
0.4067796610169492 0.6545454545454545
0.4044943820224719 0.6545454545454545
0.4022346368715084 0.6545454545454545
0.4 0.6545454545454545
0.39779005524861877 0.6545454545454545
0.3956043956043956 0.6545454545454545
0.39344262295081966 0.6545454545454545
0.391304347826087 0.6545454545454545
0.3891891891891892 0.6545454545454545
0.3870967741935484 0.6545454545454545
0.3850267379679144 0.6545454545454545
0.3829787234042553 0.6545454545454545
0.38095238095238093 0.6545454545454545
0.37894736842105264 0.6545454545454545
0.38219895287958117 0.6636363636363637
0.3802083333333333 0.6636363636363637
0.37823834196891193 0.6636363636363637
0.37628865979381443 0.6636363636363637
0.37435897435897436 0.6636363636363637
0.37244897959183676 0.6636363636363637
0.37055837563451777 0.6636363636363637
0.37373737373737376 0.6727272727272727
0.37185929648241206 0.6727272727272727
0.37 0.6727272727272727
0.3681592039800995 0.6727272727272727
0.36633663366336633 0.6727272727272727
0.3645320197044335 0.6727272727272727
0.3627450980392157 0.6727272727272727
0.36097560975609755 0.6727272727272727
0.3592233009708738 0.6727272727272727
0.357487922705314 0.6727272727272727
0.3557692307692308 0.6727272727272727
0.35406698564593303 0.6727272727272727
0.3523809523809524 0.6727272727272727
0.35071090047393366 0.6727272727272727
0.3490566037735849 0.6727272727272727
0.352112676056338 0.6818181818181818
0.35514018691588783 0.6909090909090909
0.35348837209302325 0.6909090909090909
0.35185185185185186 0.6909090909090909
0.35023041474654376 0.6909090909090909
0.3486238532110092 0.6909090909090909
0.3470319634703196 0.6909090909090909
0.34545454545454546 0.6909090909090909
0.3438914027149321 0.6909090909090909
0.34234234234234234 0.6909090909090909
0.34080717488789236 0.6909090909090909
0.3392857142857143 0.6909090909090909
0.3377777777777778 0.6909090909090909
0.336283185840708 0.6909090909090909
0.33480176211453744 0.6909090909090909
0.3333333333333333 0.6909090909090909
0.3318777292576419 0.6909090909090909
0.3347826086956522 0.7
0.3333333333333333 0.7
0.33189655172413796 0.7
0.33047210300429186 0.7
0.32905982905982906 0.7
0.3276595744680851 0.7
0.326271186440678 0.7
0.32489451476793246 0.7
0.3235294117647059 0.7
0.32217573221757323 0.7
0.32083333333333336 0.7
0.31950207468879666 0.7
0.3181818181818182 0.7
0.3168724279835391 0.7
0.3155737704918033 0.7
0.3142857142857143 0.7
0.3130081300813008 0.7
0.3117408906882591 0.7
0.31048387096774194 0.7
0.3092369477911647 0.7
0.308 0.7
0.30677290836653387 0.7
0.30952380952380953 0.7090909090909091
0.308300395256917 0.7090909090909091
0.30708661417322836 0.7090909090909091
0.3058823529411765 0.7090909090909091
0.3046875 0.7090909090909091
0.30739299610894943 0.7181818181818181
0.3062015503875969 0.7181818181818181
0.3088803088803089 0.7272727272727273
0.3076923076923077 0.7272727272727273
0.3065134099616858 0.7272727272727273
0.3053435114503817 0.7272727272727273
0.3041825095057034 0.7272727272727273
0.30303030303030304 0.7272727272727273
0.3018867924528302 0.7272727272727273
0.3007518796992481 0.7272727272727273
0.299625468164794 0.7272727272727273
0.29850746268656714 0.7272727272727273
0.29739776951672864 0.7272727272727273
0.2962962962962963 0.7272727272727273
0.2952029520295203 0.7272727272727273
0.29411764705882354 0.7272727272727273
0.29304029304029305 0.7272727272727273
0.291970802919708 0.7272727272727273
0.2909090909090909 0.7272727272727273
0.2898550724637681 0.7272727272727273
0.2924187725631769 0.7363636363636363
0.29136690647482016 0.7363636363636363
0.2903225806451613 0.7363636363636363
0.2892857142857143 0.7363636363636363
0.28825622775800713 0.7363636363636363
0.2872340425531915 0.7363636363636363
0.2862190812720848 0.7363636363636363
0.2852112676056338 0.7363636363636363
0.28421052631578947 0.7363636363636363
0.28321678321678323 0.7363636363636363
0.28222996515679444 0.7363636363636363
0.28125 0.7363636363636363
0.2837370242214533 0.7454545454545455
0.2827586206896552 0.7454545454545455
0.281786941580756 0.7454545454545455
0.2808219178082192 0.7454545454545455
0.27986348122866894 0.7454545454545455
0.2789115646258503 0.7454545454545455
0.27796610169491526 0.7454545454545455
0.27702702702702703 0.7454545454545455
0.2760942760942761 0.7454545454545455
0.2751677852348993 0.7454545454545455
0.27759197324414714 0.7545454545454545
0.27666666666666667 0.7545454545454545
0.27906976744186046 0.7636363636363637
0.2781456953642384 0.7636363636363637
0.27722772277227725 0.7636363636363637
0.27631578947368424 0.7636363636363637
0.2754098360655738 0.7636363636363637
0.27450980392156865 0.7636363636363637
0.2736156351791531 0.7636363636363637
0.2727272727272727 0.7636363636363637
0.27184466019417475 0.7636363636363637
0.2709677419354839 0.7636363636363637
0.27009646302250806 0.7636363636363637
0.2692307692307692 0.7636363636363637
0.268370607028754 0.7636363636363637
0.267515923566879 0.7636363636363637
0.26666666666666666 0.7636363636363637
0.26582278481012656 0.7636363636363637
0.26498422712933756 0.7636363636363637
0.2641509433962264 0.7636363636363637
0.26332288401253917 0.7636363636363637
0.2625 0.7636363636363637
0.2616822429906542 0.7636363636363637
0.2608695652173913 0.7636363636363637
0.26006191950464397 0.7636363636363637
0.25925925925925924 0.7636363636363637
0.25846153846153846 0.7636363636363637
0.25766871165644173 0.7636363636363637
0.25688073394495414 0.7636363636363637
0.25609756097560976 0.7636363636363637
0.2553191489361702 0.7636363636363637
0.2545454545454545 0.7636363636363637
0.2537764350453172 0.7636363636363637
0.25301204819277107 0.7636363636363637
0.25225225225225223 0.7636363636363637
0.25149700598802394 0.7636363636363637
0.2507462686567164 0.7636363636363637
0.25 0.7636363636363637
0.24925816023738873 0.7636363636363637
0.2485207100591716 0.7636363636363637
0.24778761061946902 0.7636363636363637
0.24705882352941178 0.7636363636363637
0.24633431085043989 0.7636363636363637
0.24561403508771928 0.7636363636363637
0.24489795918367346 0.7636363636363637
0.2441860465116279 0.7636363636363637
0.24347826086956523 0.7636363636363637
0.24277456647398843 0.7636363636363637
0.2420749279538905 0.7636363636363637
0.2413793103448276 0.7636363636363637
0.24068767908309455 0.7636363636363637
0.24 0.7636363636363637
0.23931623931623933 0.7636363636363637
0.23863636363636365 0.7636363636363637
0.23796033994334279 0.7636363636363637
0.23728813559322035 0.7636363636363637
0.23661971830985915 0.7636363636363637
0.23595505617977527 0.7636363636363637
0.23529411764705882 0.7636363636363637
0.2346368715083799 0.7636363636363637
0.233983286908078 0.7636363636363637
0.23333333333333334 0.7636363636363637
0.23268698060941828 0.7636363636363637
0.23204419889502761 0.7636363636363637
0.23140495867768596 0.7636363636363637
0.23076923076923078 0.7636363636363637
0.23013698630136986 0.7636363636363637
0.22950819672131148 0.7636363636363637
0.22888283378746593 0.7636363636363637
0.22826086956521738 0.7636363636363637
0.22764227642276422 0.7636363636363637
0.22702702702702704 0.7636363636363637
0.22641509433962265 0.7636363636363637
0.22580645161290322 0.7636363636363637
0.225201072386059 0.7636363636363637
0.22459893048128343 0.7636363636363637
0.224 0.7636363636363637
0.22340425531914893 0.7636363636363637
0.22281167108753316 0.7636363636363637
0.2222222222222222 0.7636363636363637
0.22163588390501318 0.7636363636363637
0.22105263157894736 0.7636363636363637
0.2204724409448819 0.7636363636363637
0.2198952879581152 0.7636363636363637
0.2193211488250653 0.7636363636363637
0.21875 0.7636363636363637
0.21818181818181817 0.7636363636363637
0.21761658031088082 0.7636363636363637
0.21705426356589147 0.7636363636363637
0.21649484536082475 0.7636363636363637
0.2159383033419023 0.7636363636363637
0.2153846153846154 0.7636363636363637
0.21483375959079284 0.7636363636363637
0.21428571428571427 0.7636363636363637
0.21374045801526717 0.7636363636363637
0.2131979695431472 0.7636363636363637
0.21265822784810126 0.7636363636363637
0.21212121212121213 0.7636363636363637
0.21158690176322417 0.7636363636363637
0.21105527638190955 0.7636363636363637
0.21052631578947367 0.7636363636363637
0.21 0.7636363636363637
0.20947630922693267 0.7636363636363637
0.208955223880597 0.7636363636363637
0.20843672456575682 0.7636363636363637
0.2079207920792079 0.7636363636363637
0.2074074074074074 0.7636363636363637
0.20689655172413793 0.7636363636363637
0.20884520884520885 0.7727272727272727
0.20833333333333334 0.7727272727272727
0.21026894865525672 0.7818181818181819
0.2097560975609756 0.7818181818181819
0.20924574209245742 0.7818181818181819
0.2087378640776699 0.7818181818181819
0.20823244552058112 0.7818181818181819
0.20772946859903382 0.7818181818181819
0.20722891566265061 0.7818181818181819
0.20673076923076922 0.7818181818181819
0.20623501199040767 0.7818181818181819
0.20574162679425836 0.7818181818181819
0.2052505966587112 0.7818181818181819
0.20476190476190476 0.7818181818181819
0.2042755344418052 0.7818181818181819
0.2037914691943128 0.7818181818181819
0.2033096926713948 0.7818181818181819
0.2028301886792453 0.7818181818181819
0.2023529411764706 0.7818181818181819
0.20187793427230047 0.7818181818181819
0.20140515222482436 0.7818181818181819
0.20093457943925233 0.7818181818181819
0.20046620046620048 0.7818181818181819
0.2 0.7818181818181819
0.19953596287703015 0.7818181818181819
0.19907407407407407 0.7818181818181819
0.19861431870669746 0.7818181818181819
0.19815668202764977 0.7818181818181819
0.19770114942528735 0.7818181818181819
0.19724770642201836 0.7818181818181819
0.19679633867276888 0.7818181818181819
0.1963470319634703 0.7818181818181819
0.1958997722095672 0.7818181818181819
0.19545454545454546 0.7818181818181819
0.19501133786848074 0.7818181818181819
0.19457013574660634 0.7818181818181819
0.19413092550790068 0.7818181818181819
0.19369369369369369 0.7818181818181819
0.19325842696629214 0.7818181818181819
0.19282511210762332 0.7818181818181819
0.19239373601789708 0.7818181818181819
0.19196428571428573 0.7818181818181819
0.1915367483296214 0.7818181818181819
0.19111111111111112 0.7818181818181819
0.19068736141906872 0.7818181818181819
0.1902654867256637 0.7818181818181819
0.18984547461368653 0.7818181818181819
0.1894273127753304 0.7818181818181819
0.189010989010989 0.7818181818181819
0.18859649122807018 0.7818181818181819
0.18818380743982493 0.7818181818181819
0.18777292576419213 0.7818181818181819
0.18736383442265794 0.7818181818181819
0.18695652173913044 0.7818181818181819
0.18655097613882862 0.7818181818181819
0.18614718614718614 0.7818181818181819
0.1857451403887689 0.7818181818181819
0.1853448275862069 0.7818181818181819
0.18494623655913978 0.7818181818181819
0.18454935622317598 0.7818181818181819
0.1841541755888651 0.7818181818181819
0.18376068376068377 0.7818181818181819
0.18336886993603413 0.7818181818181819
0.1829787234042553 0.7818181818181819
0.18259023354564755 0.7818181818181819
0.18220338983050846 0.7818181818181819
0.18181818181818182 0.7818181818181819
0.18143459915611815 0.7818181818181819
0.18105263157894738 0.7818181818181819
0.18067226890756302 0.7818181818181819
0.18029350104821804 0.7818181818181819
0.1799163179916318 0.7818181818181819
0.17954070981210857 0.7818181818181819
0.17916666666666667 0.7818181818181819
0.1787941787941788 0.7818181818181819
0.17842323651452283 0.7818181818181819
0.17805383022774326 0.7818181818181819
0.17768595041322313 0.7818181818181819
0.177319587628866 0.7818181818181819
0.17695473251028807 0.7818181818181819
0.17659137577002054 0.7818181818181819
0.1762295081967213 0.7818181818181819
0.17586912065439672 0.7818181818181819
0.17551020408163265 0.7818181818181819
0.17515274949083504 0.7818181818181819
0.17479674796747968 0.7818181818181819
0.1744421906693712 0.7818181818181819
0.17408906882591094 0.7818181818181819
0.17373737373737375 0.7818181818181819
0.17338709677419356 0.7818181818181819
0.17303822937625754 0.7818181818181819
0.17269076305220885 0.7818181818181819
0.17234468937875752 0.7818181818181819
0.172 0.7818181818181819
0.17165668662674652 0.7818181818181819
0.17330677290836655 0.7909090909090909
0.1749502982107356 0.8
0.1746031746031746 0.8
0.17425742574257425 0.8
0.17391304347826086 0.8
0.17357001972386588 0.8
0.1732283464566929 0.8
0.17288801571709234 0.8
0.17254901960784313 0.8
0.17221135029354206 0.8
0.171875 0.8
0.17153996101364521 0.8
0.17120622568093385 0.8
0.170873786407767 0.8
0.17054263565891473 0.8
0.1702127659574468 0.8
0.16988416988416988 0.8
0.16955684007707128 0.8
0.16923076923076924 0.8
0.1689059500959693 0.8
0.1685823754789272 0.8
0.1682600382409178 0.8
0.16793893129770993 0.8
0.1676190476190476 0.8
0.16730038022813687 0.8
0.16698292220113853 0.8
0.16666666666666666 0.8
0.166351606805293 0.8
0.1660377358490566 0.8
0.1657250470809793 0.8
0.16541353383458646 0.8
0.1651031894934334 0.8
0.1647940074906367 0.8
0.16448598130841122 0.8
0.16417910447761194 0.8
0.16387337057728119 0.8
0.16356877323420074 0.8
0.16326530612244897 0.8
0.16296296296296298 0.8
0.16266173752310537 0.8
0.16420664206642066 0.8090909090909091
0.16390423572744015 0.8090909090909091
0.1636029411764706 0.8090909090909091
0.163302752293578 0.8090909090909091
0.163003663003663 0.8090909090909091
0.16270566727605118 0.8090909090909091
0.1624087591240876 0.8090909090909091
0.1621129326047359 0.8090909090909091
0.1618181818181818 0.8090909090909091
0.16152450090744103 0.8090909090909091
0.161231884057971 0.8090909090909091
0.1609403254972875 0.8090909090909091
0.16064981949458484 0.8090909090909091
0.16036036036036036 0.8090909090909091
0.16007194244604317 0.8090909090909091
0.15978456014362658 0.8090909090909091
0.15949820788530467 0.8090909090909091
0.1592128801431127 0.8090909090909091
0.15892857142857142 0.8090909090909091
0.1586452762923351 0.8090909090909091
0.1583629893238434 0.8090909090909091
0.15808170515097691 0.8090909090909091
0.15780141843971632 0.8090909090909091
0.15752212389380532 0.8090909090909091
0.15724381625441697 0.8090909090909091
0.15696649029982362 0.8090909090909091
0.15669014084507044 0.8090909090909091
0.15641476274165203 0.8090909090909091
0.156140350877193 0.8090909090909091
0.15586690017513136 0.8090909090909091
0.1555944055944056 0.8090909090909091
0.15532286212914484 0.8090909090909091
0.15505226480836237 0.8090909090909091
0.15478260869565216 0.8090909090909091
0.1545138888888889 0.8090909090909091
0.15424610051993068 0.8090909090909091
0.15397923875432526 0.8090909090909091
0.153713298791019 0.8090909090909091
0.15344827586206897 0.8090909090909091
0.153184165232358 0.8090909090909091
0.15292096219931273 0.8090909090909091
0.15265866209262435 0.8090909090909091
0.1523972602739726 0.8090909090909091
0.15213675213675212 0.8090909090909091
0.15187713310580206 0.8090909090909091
0.151618398637138 0.8090909090909091
0.15136054421768708 0.8090909090909091
0.15110356536502548 0.8090909090909091
0.15084745762711865 0.8090909090909091
0.1505922165820643 0.8090909090909091
0.15033783783783783 0.8090909090909091
0.15008431703204048 0.8090909090909091
0.14983164983164984 0.8090909090909091
0.1495798319327731 0.8090909090909091
0.1493288590604027 0.8090909090909091
0.1490787269681742 0.8090909090909091
0.1488294314381271 0.8090909090909091
0.14858096828046743 0.8090909090909091
0.14833333333333334 0.8090909090909091
0.1480865224625624 0.8090909090909091
0.1478405315614618 0.8090909090909091
0.14759535655058043 0.8090909090909091
0.14735099337748345 0.8090909090909091
0.14710743801652892 0.8090909090909091
0.14686468646864687 0.8090909090909091
0.14662273476112025 0.8090909090909091
0.14638157894736842 0.8090909090909091
0.14614121510673234 0.8090909090909091
0.14590163934426228 0.8090909090909091
0.14566284779050737 0.8090909090909091
0.1454248366013072 0.8090909090909091
0.14518760195758565 0.8090909090909091
0.1449511400651466 0.8090909090909091
0.14634146341463414 0.8181818181818182
0.1461038961038961 0.8181818181818182
0.1458670988654781 0.8181818181818182
0.14563106796116504 0.8181818181818182
0.14539579967689822 0.8181818181818182
0.14516129032258066 0.8181818181818182
0.14492753623188406 0.8181818181818182
0.14469453376205788 0.8181818181818182
0.14446227929373998 0.8181818181818182
0.14423076923076922 0.8181818181818182
0.144 0.8181818181818182
0.14376996805111822 0.8181818181818182
0.14354066985645933 0.8181818181818182
0.14331210191082802 0.8181818181818182
0.14308426073131955 0.8181818181818182
0.14285714285714285 0.8181818181818182
0.14263074484944532 0.8181818181818182
0.14240506329113925 0.8181818181818182
0.14218009478672985 0.8181818181818182
0.14195583596214512 0.8181818181818182
0.14173228346456693 0.8181818181818182
0.14150943396226415 0.8181818181818182
0.141287284144427 0.8181818181818182
0.14106583072100312 0.8181818181818182
0.14084507042253522 0.8181818181818182
0.140625 0.8181818181818182
0.14040561622464898 0.8181818181818182
0.14018691588785046 0.8181818181818182
0.13996889580093314 0.8181818181818182
0.13975155279503104 0.8181818181818182
0.13953488372093023 0.8181818181818182
0.1393188854489164 0.8181818181818182
0.1391035548686244 0.8181818181818182
0.1388888888888889 0.8181818181818182
0.1386748844375963 0.8181818181818182
0.13846153846153847 0.8181818181818182
0.1382488479262673 0.8181818181818182
0.13803680981595093 0.8181818181818182
0.13782542113323124 0.8181818181818182
0.13761467889908258 0.8181818181818182
0.13740458015267176 0.8181818181818182
0.13719512195121952 0.8181818181818182
0.136986301369863 0.8181818181818182
0.13677811550151975 0.8181818181818182
0.13657056145675264 0.8181818181818182
0.13636363636363635 0.8181818181818182
0.1361573373676248 0.8181818181818182
0.13595166163141995 0.8181818181818182
0.13574660633484162 0.8181818181818182
0.1355421686746988 0.8181818181818182
0.13533834586466165 0.8181818181818182
0.13513513513513514 0.8181818181818182
0.13493253373313344 0.8181818181818182
0.1347305389221557 0.8181818181818182
0.13452914798206278 0.8181818181818182
0.13432835820895522 0.8181818181818182
0.13412816691505217 0.8181818181818182
0.13392857142857142 0.8181818181818182
0.1337295690936107 0.8181818181818182
0.13353115727002968 0.8181818181818182
0.13333333333333333 0.8181818181818182
0.13313609467455623 0.8181818181818182
0.1329394387001477 0.8181818181818182
0.13274336283185842 0.8181818181818182
0.1325478645066274 0.8181818181818182
0.1323529411764706 0.8181818181818182
0.13215859030837004 0.8181818181818182
0.13196480938416422 0.8181818181818182
0.13177159590043924 0.8181818181818182
0.13157894736842105 0.8181818181818182
0.13138686131386862 0.8181818181818182
0.13119533527696792 0.8181818181818182
0.13100436681222707 0.8181818181818182
0.1308139534883721 0.8181818181818182
0.13062409288824384 0.8181818181818182
0.13043478260869565 0.8181818181818182
0.13024602026049203 0.8181818181818182
0.13005780346820808 0.8181818181818182
0.12987012987012986 0.8181818181818182
0.12968299711815562 0.8181818181818182
0.12949640287769784 0.8181818181818182
0.12931034482758622 0.8181818181818182
0.1291248206599713 0.8181818181818182
0.12893982808022922 0.8181818181818182
0.12875536480686695 0.8181818181818182
0.12857142857142856 0.8181818181818182
0.12838801711840228 0.8181818181818182
0.1282051282051282 0.8181818181818182
0.12802275960170698 0.8181818181818182
0.1278409090909091 0.8181818181818182
0.1276595744680851 0.8181818181818182
0.1274787535410765 0.8181818181818182
0.1272984441301273 0.8181818181818182
0.1271186440677966 0.8181818181818182
0.12693935119887165 0.8181818181818182
0.1267605633802817 0.8181818181818182
0.12658227848101267 0.8181818181818182
0.12640449438202248 0.8181818181818182
0.12622720897615708 0.8181818181818182
0.12605042016806722 0.8181818181818182
0.1258741258741259 0.8181818181818182
0.12569832402234637 0.8181818181818182
0.12552301255230125 0.8181818181818182
0.12534818941504178 0.8181818181818182
0.12517385257301808 0.8181818181818182
0.125 0.8181818181818182
0.12482662968099861 0.8181818181818182
0.12465373961218837 0.8181818181818182
0.12448132780082988 0.8181818181818182
0.12430939226519337 0.8181818181818182
0.12413793103448276 0.8181818181818182
0.12396694214876033 0.8181818181818182
0.12379642365887207 0.8181818181818182
0.12362637362637363 0.8181818181818182
0.12345679012345678 0.8181818181818182
0.1232876712328767 0.8181818181818182
0.12311901504787962 0.8181818181818182
0.12295081967213115 0.8181818181818182
0.12278308321964529 0.8181818181818182
0.1226158038147139 0.8181818181818182
0.12244897959183673 0.8181818181818182
0.12228260869565218 0.8181818181818182
0.12211668928086838 0.8181818181818182
0.12195121951219512 0.8181818181818182
0.12178619756427606 0.8181818181818182
0.12162162162162163 0.8181818181818182
0.1214574898785425 0.8181818181818182
0.12129380053908356 0.8181818181818182
0.12113055181695828 0.8181818181818182
0.12096774193548387 0.8181818181818182
0.12080536912751678 0.8181818181818182
0.12064343163538874 0.8181818181818182
0.12048192771084337 0.8181818181818182
0.12165775401069519 0.8272727272727273
0.12283044058744993 0.8363636363636363
0.12266666666666666 0.8363636363636363
0.12250332889480692 0.8363636363636363
0.12234042553191489 0.8363636363636363
0.12217795484727756 0.8363636363636363
0.1220159151193634 0.8363636363636363
0.12185430463576159 0.8363636363636363
0.12169312169312169 0.8363636363636363
0.1215323645970938 0.8363636363636363
0.12137203166226913 0.8363636363636363
0.12121212121212122 0.8363636363636363
0.12105263157894737 0.8363636363636363
0.12089356110381078 0.8363636363636363
0.12073490813648294 0.8363636363636363
0.12057667103538663 0.8363636363636363
0.12041884816753927 0.8363636363636363
0.12026143790849673 0.8363636363636363
0.12010443864229765 0.8363636363636363
0.11994784876140809 0.8363636363636363
0.11979166666666667 0.8363636363636363
0.11963589076723016 0.8363636363636363
0.11948051948051948 0.8363636363636363
0.11932555123216602 0.8363636363636363
0.11917098445595854 0.8363636363636363
0.11901681759379043 0.8363636363636363
0.11886304909560723 0.8363636363636363
0.11870967741935484 0.8363636363636363
0.11855670103092783 0.8363636363636363
0.11840411840411841 0.8363636363636363
0.11825192802056556 0.8363636363636363
0.11810012836970475 0.8363636363636363
0.11794871794871795 0.8363636363636363
0.117797695262484 0.8363636363636363
0.11764705882352941 0.8363636363636363
0.11749680715197956 0.8363636363636363
0.11734693877551021 0.8363636363636363
0.11719745222929936 0.8363636363636363
0.11704834605597965 0.8363636363636363
0.11689961880559085 0.8363636363636363
0.116751269035533 0.8363636363636363
0.11660329531051965 0.8363636363636363
0.11645569620253164 0.8363636363636363
0.11757269279393173 0.8454545454545455
0.11742424242424243 0.8454545454545455
0.11727616645649433 0.8454545454545455
0.11712846347607053 0.8454545454545455
0.1169811320754717 0.8454545454545455
0.11683417085427136 0.8454545454545455
0.11668757841907151 0.8454545454545455
0.11654135338345864 0.8454545454545455
0.11639549436795996 0.8454545454545455
0.11625 0.8454545454545455
0.11610486891385768 0.8454545454545455
0.11596009975062344 0.8454545454545455
0.11581569115815692 0.8454545454545455
0.11567164179104478 0.8454545454545455
0.115527950310559 0.8454545454545455
0.11538461538461539 0.8454545454545455
0.11524163568773234 0.8454545454545455
0.1150990099009901 0.8454545454545455
0.11495673671199011 0.8454545454545455
0.11481481481481481 0.8454545454545455
0.11467324290998766 0.8454545454545455
0.1145320197044335 0.8454545454545455
0.11439114391143912 0.8454545454545455
0.11425061425061425 0.8454545454545455
0.11411042944785275 0.8454545454545455
0.11397058823529412 0.8454545454545455
0.11383108935128519 0.8454545454545455
0.1136919315403423 0.8454545454545455
0.11355311355311355 0.8454545454545455
0.11341463414634147 0.8454545454545455
0.11327649208282582 0.8454545454545455
0.11313868613138686 0.8454545454545455
0.11300121506682867 0.8454545454545455
0.11286407766990292 0.8454545454545455
0.11272727272727273 0.8454545454545455
0.11259079903147699 0.8454545454545455
0.1124546553808948 0.8454545454545455
0.11231884057971014 0.8454545454545455
0.11218335343787696 0.8454545454545455
0.11204819277108434 0.8454545454545455
0.11191335740072202 0.8454545454545455
0.11177884615384616 0.8454545454545455
0.11164465786314526 0.8454545454545455
0.11151079136690648 0.8454545454545455
0.11137724550898204 0.8454545454545455
0.11124401913875598 0.8454545454545455
0.1111111111111111 0.8454545454545455
0.11097852028639618 0.8454545454545455
0.11084624553039332 0.8454545454545455
0.11071428571428571 0.8454545454545455
0.11058263971462545 0.8454545454545455
0.11045130641330166 0.8454545454545455
0.1103202846975089 0.8454545454545455
0.11018957345971564 0.8454545454545455
0.11005917159763313 0.8454545454545455
0.1099290780141844 0.8454545454545455
0.10979929161747344 0.8454545454545455
0.10966981132075472 0.8454545454545455
0.10954063604240283 0.8454545454545455
0.10941176470588235 0.8454545454545455
0.10928319623971798 0.8454545454545455
0.10915492957746478 0.8454545454545455
0.10902696365767878 0.8454545454545455
0.10889929742388758 0.8454545454545455
0.10877192982456141 0.8454545454545455
0.10864485981308411 0.8454545454545455
0.10851808634772463 0.8454545454545455
0.10839160839160839 0.8454545454545455
0.10826542491268917 0.8454545454545455
0.10813953488372093 0.8454545454545455
0.10801393728222997 0.8454545454545455
0.10788863109048724 0.8454545454545455
0.10776361529548088 0.8454545454545455
0.1076388888888889 0.8454545454545455
0.10751445086705202 0.8454545454545455
0.10739030023094688 0.8454545454545455
0.10726643598615918 0.8454545454545455
0.10714285714285714 0.8454545454545455
0.10701956271576525 0.8454545454545455
0.10689655172413794 0.8454545454545455
0.10677382319173363 0.8454545454545455
0.10665137614678899 0.8454545454545455
0.10652920962199312 0.8454545454545455
0.10640732265446225 0.8454545454545455
0.10628571428571429 0.8454545454545455
0.10616438356164383 0.8454545454545455
0.10604332953249715 0.8454545454545455
0.10592255125284739 0.8454545454545455
0.10580204778156997 0.8454545454545455
0.10568181818181818 0.8454545454545455
0.10556186152099886 0.8454545454545455
0.1054421768707483 0.8454545454545455
0.10532276330690826 0.8454545454545455
0.10520361990950226 0.8454545454545455
0.10508474576271186 0.8454545454545455
0.10496613995485328 0.8454545454545455
0.10484780157835401 0.8454545454545455
0.10472972972972973 0.8454545454545455
0.1046119235095613 0.8454545454545455
0.10449438202247191 0.8454545454545455
0.10437710437710437 0.8454545454545455
0.10426008968609865 0.8454545454545455
0.10414333706606943 0.8454545454545455
0.1040268456375839 0.8454545454545455
0.10391061452513967 0.8454545454545455
0.10379464285714286 0.8454545454545455
0.10367892976588629 0.8454545454545455
0.10356347438752785 0.8454545454545455
0.10344827586206896 0.8454545454545455
0.10333333333333333 0.8454545454545455
0.10321864594894561 0.8454545454545455
0.10310421286031042 0.8454545454545455
0.10299003322259136 0.8454545454545455
0.10287610619469026 0.8454545454545455
0.10276243093922652 0.8454545454545455
0.10264900662251655 0.8454545454545455
0.10253583241455347 0.8454545454545455
0.10242290748898679 0.8454545454545455
0.10231023102310231 0.8454545454545455
0.1021978021978022 0.8454545454545455
0.10208562019758508 0.8454545454545455
0.10197368421052631 0.8454545454545455
0.10186199342825848 0.8454545454545455
0.10175054704595186 0.8454545454545455
0.10163934426229508 0.8454545454545455
0.10152838427947598 0.8454545454545455
0.10141766630316248 0.8454545454545455
0.10130718954248366 0.8454545454545455
0.10119695321001088 0.8454545454545455
0.10108695652173913 0.8454545454545455
0.10097719869706841 0.8454545454545455
0.10086767895878525 0.8454545454545455
0.10075839653304441 0.8454545454545455
0.10064935064935066 0.8454545454545455
0.10054054054054054 0.8454545454545455
0.10043196544276457 0.8454545454545455
0.10032362459546926 0.8454545454545455
0.10021551724137931 0.8454545454545455
0.10010764262648009 0.8454545454545455
0.1 0.8454545454545455
0.09989258861439312 0.8454545454545455
0.09978540772532189 0.8454545454545455
0.09967845659163987 0.8454545454545455
0.09957173447537473 0.8454545454545455
0.09946524064171124 0.8454545454545455
0.09935897435897435 0.8454545454545455
0.09925293489861259 0.8454545454545455
0.09914712153518124 0.8454545454545455
0.09904153354632587 0.8454545454545455
0.09893617021276596 0.8454545454545455
0.09883103081827843 0.8454545454545455
0.09872611464968153 0.8454545454545455
0.09862142099681867 0.8454545454545455
0.09851694915254237 0.8454545454545455
0.09841269841269841 0.8454545454545455
0.09830866807610994 0.8454545454545455
0.09820485744456177 0.8454545454545455
0.0981012658227848 0.8454545454545455
0.09799789251844046 0.8454545454545455
0.09789473684210526 0.8454545454545455
0.09779179810725552 0.8454545454545455
0.0976890756302521 0.8454545454545455
0.09758656873032528 0.8454545454545455
0.09748427672955975 0.8454545454545455
0.09738219895287958 0.8454545454545455
0.09728033472803348 0.8454545454545455
0.09717868338557993 0.8454545454545455
0.09707724425887265 0.8454545454545455
0.09697601668404589 0.8454545454545455
0.096875 0.8454545454545455
0.0967741935483871 0.8454545454545455
0.09667359667359668 0.8454545454545455
0.09657320872274143 0.8454545454545455
0.09647302904564316 0.8454545454545455
0.09637305699481866 0.8454545454545455
0.09627329192546584 0.8454545454545455
0.09617373319544985 0.8454545454545455
0.09607438016528926 0.8454545454545455
0.09597523219814241 0.8454545454545455
0.09587628865979382 0.8454545454545455
0.09577754891864057 0.8454545454545455
0.09567901234567901 0.8454545454545455
0.09558067831449127 0.8454545454545455
0.09548254620123203 0.8454545454545455
0.09538461538461539 0.8454545454545455
0.09528688524590163 0.8454545454545455
0.09518935516888434 0.8454545454545455
0.0950920245398773 0.8454545454545455
0.09499489274770173 0.8454545454545455
0.09489795918367347 0.8454545454545455
0.09480122324159021 0.8454545454545455
0.09470468431771895 0.8454545454545455
0.09460834181078331 0.8454545454545455
0.09451219512195122 0.8454545454545455
0.09441624365482233 0.8454545454545455
0.09432048681541583 0.8454545454545455
0.09422492401215805 0.8454545454545455
0.09412955465587045 0.8454545454545455
0.09403437815975733 0.8454545454545455
0.09393939393939393 0.8454545454545455
0.09384460141271443 0.8454545454545455
0.09375 0.8454545454545455
0.09365558912386707 0.8454545454545455
0.09356136820925554 0.8454545454545455
0.09346733668341708 0.8454545454545455
0.09337349397590361 0.8454545454545455
0.09327983951855567 0.8454545454545455
0.09318637274549098 0.8454545454545455
0.09309309309309309 0.8454545454545455
0.093 0.8454545454545455
0.09290709290709291 0.8454545454545455
0.09281437125748503 0.8454545454545455
0.09272183449651047 0.8454545454545455
0.09262948207171315 0.8454545454545455
0.09253731343283582 0.8454545454545455
0.09244532803180915 0.8454545454545455
0.09235352532274081 0.8454545454545455
0.09226190476190477 0.8454545454545455
0.09217046580773043 0.8454545454545455
0.09207920792079208 0.8454545454545455
0.09198813056379822 0.8454545454545455
0.09189723320158102 0.8454545454545455
0.09180651530108588 0.8454545454545455
0.09171597633136094 0.8454545454545455
0.0916256157635468 0.8454545454545455
0.09153543307086615 0.8454545454545455
0.09144542772861357 0.8454545454545455
0.09135559921414538 0.8454545454545455
0.09126594700686948 0.8454545454545455
0.09117647058823529 0.8454545454545455
0.0910871694417238 0.8454545454545455
0.09099804305283757 0.8454545454545455
0.09090909090909091 0.8454545454545455
0.0908203125 0.8454545454545455
0.09073170731707317 0.8454545454545455
0.09064327485380116 0.8454545454545455
0.09055501460564752 0.8454545454545455
0.09046692607003891 0.8454545454545455
0.09037900874635568 0.8454545454545455
0.09029126213592233 0.8454545454545455
0.09020368574199807 0.8454545454545455
0.09011627906976744 0.8454545454545455
0.09002904162633107 0.8454545454545455
0.08994197292069632 0.8454545454545455
0.08985507246376812 0.8454545454545455
0.08976833976833977 0.8454545454545455
0.08968177434908389 0.8454545454545455
0.08959537572254335 0.8454545454545455
0.08950914340712224 0.8454545454545455
0.08942307692307692 0.8454545454545455
0.0893371757925072 0.8454545454545455
0.0892514395393474 0.8454545454545455
0.08916586768935762 0.8454545454545455
0.08908045977011494 0.8454545454545455
0.08899521531100478 0.8454545454545455
0.08891013384321224 0.8454545454545455
0.08882521489971347 0.8454545454545455
0.08874045801526717 0.8454545454545455
0.0886558627264061 0.8454545454545455
0.08857142857142856 0.8454545454545455
0.08848715509039011 0.8454545454545455
0.08840304182509506 0.8454545454545455
0.08831908831908832 0.8454545454545455
0.08823529411764706 0.8454545454545455
0.0881516587677725 0.8454545454545455
0.08806818181818182 0.8454545454545455
0.0879848628192999 0.8454545454545455
0.0888468809073724 0.8545454545454545
0.08876298394711993 0.8545454545454545
0.08962264150943396 0.8636363636363636
0.09048067860508954 0.8727272727272727
0.0903954802259887 0.8727272727272727
0.09125117591721543 0.8818181818181818
0.09210526315789473 0.8909090909090909
0.09295774647887324 0.9
0.09287054409005628 0.9
0.09278350515463918 0.9
0.09269662921348315 0.9
0.09260991580916744 0.9
0.09252336448598131 0.9
0.09243697478991597 0.9
0.09235074626865672 0.9
0.09226467847157502 0.9
0.09217877094972067 0.9
0.09209302325581395 0.9
0.09200743494423792 0.9
0.09192200557103064 0.9
0.09183673469387756 0.9
0.0917516218721038 0.9
0.09166666666666666 0.9
0.09158186864014801 0.9
0.09149722735674677 0.9
0.09141274238227147 0.9
0.09132841328413284 0.9
0.0912442396313364 0.9
0.09116022099447514 0.9
0.09107635694572216 0.9
0.09099264705882353 0.9
0.09090909090909091 0.9
0.0908256880733945 0.9
0.09074243813015583 0.9
0.09065934065934066 0.9
0.09057639524245197 0.9
0.09049360146252285 0.9
0.09041095890410959 0.9
0.09032846715328467 0.9
0.0902461257976299 0.9
0.09016393442622951 0.9
0.09008189262966333 0.9
0.09 0.9
0.08991825613079019 0.9
0.08983666061705989 0.9
0.08975521305530372 0.9
0.08967391304347826 0.9
0.08959276018099548 0.9
0.08951175406871609 0.9
0.08943089430894309 0.9
0.08935018050541517 0.9
0.08926961226330027 0.9
0.0891891891891892 0.9
0.0891089108910891 0.9
0.08902877697841727 0.9
0.0889487870619946 0.9
0.08886894075403949 0.9
0.08878923766816144 0.9
0.08870967741935484 0.9
0.08863025962399283 0.9
0.0885509838998211 0.9
0.08847184986595175 0.9
0.08839285714285715 0.9
0.08831400535236396 0.9
0.08823529411764706 0.9
0.0881567230632235 0.9
0.08807829181494661 0.9
0.088 0.9
0.08792184724689166 0.9
0.0878438331854481 0.9
0.08776595744680851 0.9
0.08768821966341896 0.9
0.08761061946902655 0.9
0.08753315649867374 0.9
0.08745583038869258 0.9
0.08737864077669903 0.9
0.0873015873015873 0.9
0.08722466960352424 0.9
0.08714788732394366 0.9
0.0870712401055409 0.9
0.08699472759226713 0.9
0.08691834942932397 0.9
0.0868421052631579 0.9
0.08676599474145487 0.9
0.08669001751313485 0.9
0.08661417322834646 0.9
0.08741258741258741 0.9090909090909091
0.08733624454148471 0.9090909090909091
0.08726003490401396 0.9090909090909091
0.08718395815170009 0.9090909090909091
0.08710801393728224 0.9090909090909091
0.08703220191470844 0.9090909090909091
0.08695652173913043 0.9090909090909091
0.08688097306689835 0.9090909090909091
0.08680555555555555 0.9090909090909091
0.08673026886383348 0.9090909090909091
0.08665511265164645 0.9090909090909091
0.08658008658008658 0.9090909090909091
0.08650519031141868 0.9090909090909091
0.08643042350907519 0.9090909090909091
0.08635578583765112 0.9090909090909091
0.08628127696289906 0.9090909090909091
0.08620689655172414 0.9090909090909091
0.08613264427217916 0.9090909090909091
0.08605851979345955 0.9090909090909091
0.08598452278589853 0.9090909090909091
0.0859106529209622 0.9090909090909091
0.08583690987124463 0.9090909090909091
0.08576329331046312 0.9090909090909091
0.0856898029134533 0.9090909090909091
0.08561643835616438 0.9090909090909091
0.0855431993156544 0.9090909090909091
0.08547008547008547 0.9090909090909091
0.08539709649871904 0.9090909090909091
0.08532423208191127 0.9090909090909091
0.08525149190110827 0.9090909090909091
0.08517887563884156 0.9090909090909091
0.0851063829787234 0.9090909090909091
0.08503401360544217 0.9090909090909091
0.08496176720475786 0.9090909090909091
0.08488964346349745 0.9090909090909091
0.08481764206955046 0.9090909090909091
0.0847457627118644 0.9090909090909091
0.0846740050804403 0.9090909090909091
0.08460236886632826 0.9090909090909091
0.08453085376162299 0.9090909090909091
0.08445945945945946 0.9090909090909091
0.08438818565400844 0.9090909090909091
0.08431703204047218 0.9090909090909091
0.08424599831508003 0.9090909090909091
0.08417508417508418 0.9090909090909091
0.08410428931875526 0.9090909090909091
0.08403361344537816 0.9090909090909091
0.08396305625524769 0.9090909090909091
0.08389261744966443 0.9090909090909091
0.08382229673093043 0.9090909090909091
0.08375209380234507 0.9090909090909091
0.08368200836820083 0.9090909090909091
0.08361204013377926 0.9090909090909091
0.0835421888053467 0.9090909090909091
0.08347245409015025 0.9090909090909091
0.08340283569641367 0.9090909090909091
0.08333333333333333 0.9090909090909091
0.08326394671107411 0.9090909090909091
0.08319467554076539 0.9090909090909091
0.0831255195344971 0.9090909090909091
0.08305647840531562 0.9090909090909091
0.08298755186721991 0.9090909090909091
0.08291873963515754 0.9090909090909091
0.08285004142502071 0.9090909090909091
0.08278145695364239 0.9090909090909091
0.0827129859387924 0.9090909090909091
0.08264462809917356 0.9090909090909091
0.08257638315441784 0.9090909090909091
0.08250825082508251 0.9090909090909091
0.08244023083264633 0.9090909090909091
0.08237232289950576 0.9090909090909091
0.0823045267489712 0.9090909090909091
0.08305921052631579 0.9181818181818182
0.08299096138044372 0.9181818181818182
0.08292282430213464 0.9181818181818182
0.08285479901558655 0.9181818181818182
0.08278688524590164 0.9181818181818182
0.08271908271908272 0.9181818181818182
0.08265139116202946 0.9181818181818182
0.08258381030253475 0.9181818181818182
0.08251633986928104 0.9181818181818182
0.08244897959183674 0.9181818181818182
0.08238172920065252 0.9181818181818182
0.08231458842705787 0.9181818181818182
0.08224755700325732 0.9181818181818182
0.0821806346623271 0.9181818181818182
0.08211382113821138 0.9181818181818182
0.08204711616571893 0.9181818181818182
0.08198051948051949 0.9181818181818182
0.08191403081914031 0.9181818181818182
0.08184764991896272 0.9181818181818182
0.08178137651821862 0.9181818181818182
0.08171521035598706 0.9181818181818182
0.08164915117219078 0.9181818181818182
0.0815831987075929 0.9181818181818182
0.08151735270379339 0.9181818181818182
0.0814516129032258 0.9181818181818182
0.08138597904915391 0.9181818181818182
0.08132045088566828 0.9181818181818182
0.08125502815768303 0.9181818181818182
0.08118971061093247 0.9181818181818182
0.08112449799196787 0.9181818181818182
0.08105939004815409 0.9181818181818182
0.0809943865276664 0.9181818181818182
0.08092948717948718 0.9181818181818182
0.08086469175340272 0.9181818181818182
0.0808 0.9181818181818182
0.08073541167066348 0.9181818181818182
0.08067092651757188 0.9181818181818182
0.08060654429369513 0.9181818181818182
0.08054226475279107 0.9181818181818182
0.0804780876494024 0.9181818181818182
0.0804140127388535 0.9181818181818182
0.08035003977724742 0.9181818181818182
0.08028616852146264 0.9181818181818182
0.08022239872915012 0.9181818181818182
0.08015873015873017 0.9181818181818182
0.08009516256938938 0.9181818181818182
0.08003169572107766 0.9181818181818182
0.07996832937450514 0.9181818181818182
0.07990506329113924 0.9181818181818182
0.07984189723320158 0.9181818181818182
0.07977883096366509 0.9181818181818182
0.07971586424625099 0.9181818181818182
0.07965299684542587 0.9181818181818182
0.07959022852639874 0.9181818181818182
0.07952755905511812 0.9181818181818182
0.07946498819826908 0.9181818181818182
0.07940251572327044 0.9181818181818182
0.0793401413982718 0.9181818181818182
0.07927786499215071 0.9181818181818182
0.0792156862745098 0.9181818181818182
0.07915360501567398 0.9181818181818182
0.07909162098668755 0.9181818181818182
0.07902973395931143 0.9181818181818182
0.07896794370602032 0.9181818181818182
0.07890625 0.9181818181818182
0.07884465261514442 0.9181818181818182
0.07878315132605304 0.9181818181818182
0.07872174590802807 0.9181818181818182
0.07866043613707165 0.9181818181818182
0.07859922178988327 0.9181818181818182
0.07853810264385692 0.9181818181818182
0.07847707847707848 0.9181818181818182
0.07841614906832298 0.9181818181818182
0.07835531419705198 0.9181818181818182
0.07829457364341086 0.9181818181818182
0.07823392718822618 0.9181818181818182
0.0781733746130031 0.9181818181818182
0.07811291569992267 0.9181818181818182
0.07805255023183925 0.9181818181818182
0.077992277992278 0.9181818181818182
0.0779320987654321 0.9181818181818182
0.07787201233616037 0.9181818181818182
0.07781201848998459 0.9181818181818182
0.07775211701308699 0.9181818181818182
0.07769230769230769 0.9181818181818182
0.07763259031514219 0.9181818181818182
0.07757296466973887 0.9181818181818182
0.07751343054489639 0.9181818181818182
0.07745398773006135 0.9181818181818182
0.07739463601532567 0.9181818181818182
0.0773353751914242 0.9181818181818182
0.0772762050497322 0.9181818181818182
0.077217125382263 0.9181818181818182
0.07715813598166539 0.9181818181818182
0.07709923664122137 0.9181818181818182
0.07704042715484363 0.9181818181818182
0.07698170731707317 0.9181818181818182
0.07692307692307693 0.9181818181818182
0.07686453576864535 0.9181818181818182
0.07680608365019011 0.9181818181818182
0.07674772036474165 0.9181818181818182
0.07668944570994685 0.9181818181818182
0.07663125948406677 0.9181818181818182
0.07657316148597422 0.9181818181818182
0.07651515151515151 0.9181818181818182
0.07645722937168811 0.9181818181818182
0.07639939485627836 0.9181818181818182
0.07634164777021919 0.9181818181818182
0.07628398791540786 0.9181818181818182
0.07622641509433963 0.9181818181818182
0.07616892911010557 0.9181818181818182
0.07611152976639035 0.9181818181818182
0.07605421686746988 0.9181818181818182
0.07599699021820917 0.9181818181818182
0.07593984962406015 0.9181818181818182
0.07588279489105935 0.9181818181818182
0.07582582582582582 0.9181818181818182
0.07576894223555888 0.9181818181818182
0.07571214392803598 0.9181818181818182
0.07565543071161049 0.9181818181818182
0.07559880239520958 0.9181818181818182
0.07554225878833208 0.9181818181818182
0.07548579970104634 0.9181818181818182
0.07542942494398805 0.9181818181818182
0.07537313432835821 0.9181818181818182
0.07531692766592095 0.9181818181818182
0.07526080476900149 0.9181818181818182
0.07520476545048399 0.9181818181818182
0.07514880952380952 0.9181818181818182
0.07509293680297398 0.9181818181818182
0.075037147102526 0.9181818181818182
0.07498144023756496 0.9181818181818182
0.07492581602373888 0.9181818181818182
0.0748702742772424 0.9181818181818182
0.07481481481481482 0.9181818181818182
0.07475943745373798 0.9181818181818182
0.07470414201183433 0.9181818181818182
0.07464892830746489 0.9181818181818182
0.07459379615952733 0.9181818181818182
0.07453874538745388 0.9181818181818182
0.07448377581120944 0.9181818181818182
0.07442888725128961 0.9181818181818182
0.0743740795287187 0.9181818181818182
0.07431935246504782 0.9181818181818182
0.07426470588235294 0.9181818181818182
0.07421013960323292 0.9181818181818182
0.07415565345080763 0.9181818181818182
0.07410124724871607 0.9181818181818182
0.07404692082111437 0.9181818181818182
0.073992673992674 0.9181818181818182
0.0739385065885798 0.9181818181818182
0.07388441843452817 0.9181818181818182
0.07383040935672515 0.9181818181818182
0.07450693937180423 0.9272727272727272
0.07445255474452554 0.9272727272727272
0.07439824945295405 0.9272727272727272
0.07434402332361516 0.9272727272727272
0.07428987618353969 0.9272727272727272
0.07423580786026202 0.9272727272727272
0.07418181818181818 0.9272727272727272
0.07412790697674419 0.9272727272727272
0.07407407407407407 0.9272727272727272
0.07402031930333818 0.9272727272727272
0.07396664249456128 0.9272727272727272
0.07391304347826087 0.9272727272727272
0.07385952208544533 0.9272727272727272
0.07380607814761216 0.9272727272727272
0.0737527114967462 0.9272727272727272
0.07369942196531792 0.9272727272727272
0.0736462093862816 0.9272727272727272
0.0735930735930736 0.9272727272727272
0.07354001441961067 0.9272727272727272
0.07348703170028818 0.9272727272727272
0.0734341252699784 0.9272727272727272
0.07338129496402877 0.9272727272727272
0.07332854061826025 0.9272727272727272
0.07327586206896551 0.9272727272727272
0.0732232591529074 0.9272727272727272
0.07317073170731707 0.9272727272727272
0.07311827956989247 0.9272727272727272
0.07306590257879657 0.9272727272727272
0.07301360057265568 0.9272727272727272
0.07296137339055794 0.9272727272727272
0.07290922087205147 0.9272727272727272
0.07285714285714286 0.9272727272727272
0.0728051391862955 0.9272727272727272
0.07275320970042796 0.9272727272727272
0.07270135424091233 0.9272727272727272
0.07264957264957266 0.9272727272727272
0.07259786476868327 0.9272727272727272
0.07254623044096728 0.9272727272727272
0.07249466950959488 0.9272727272727272
0.07244318181818182 0.9272727272727272
0.0723917672107878 0.9272727272727272
0.07234042553191489 0.9272727272727272
0.07228915662650602 0.9272727272727272
0.07223796033994334 0.9272727272727272
0.07218683651804671 0.9272727272727272
0.07213578500707214 0.9272727272727272
0.07208480565371024 0.9272727272727272
0.07203389830508475 0.9272727272727272
0.07198306280875089 0.9272727272727272
0.07193229901269393 0.9272727272727272
0.07188160676532769 0.9272727272727272
0.07183098591549296 0.9272727272727272
0.07178043631245602 0.9272727272727272
0.07172995780590717 0.9272727272727272
0.07167955024595925 0.9272727272727272
0.07162921348314606 0.9272727272727272
0.07157894736842105 0.9272727272727272
0.07152875175315568 0.9272727272727272
0.07147862648913805 0.9272727272727272
0.07142857142857142 0.9272727272727272
0.07137858642407278 0.9272727272727272
0.07132867132867132 0.9272727272727272
0.07127882599580712 0.9272727272727272
0.0712290502793296 0.9272727272727272
0.07117934403349616 0.9272727272727272
0.07112970711297072 0.9272727272727272
0.0710801393728223 0.9272727272727272
0.07103064066852367 0.9272727272727272
0.0709812108559499 0.9272727272727272
0.07093184979137691 0.9272727272727272
0.07088255733148019 0.9272727272727272
0.07083333333333333 0.9272727272727272
0.07078417765440666 0.9272727272727272
0.07073509015256588 0.9272727272727272
0.07068607068607069 0.9272727272727272
0.07063711911357341 0.9272727272727272
0.07058823529411765 0.9272727272727272
0.07053941908713693 0.9272727272727272
0.07049067035245335 0.9272727272727272
0.07044198895027624 0.9272727272727272
0.07039337474120083 0.9272727272727272
0.0703448275862069 0.9272727272727272
0.07029634734665748 0.9272727272727272
0.07024793388429752 0.9272727272727272
0.07019958706125258 0.9272727272727272
0.07015130674002751 0.9272727272727272
0.07010309278350516 0.9272727272727272
0.07005494505494506 0.9272727272727272
0.07000686341798215 0.9272727272727272
0.06995884773662552 0.9272727272727272
0.06991089787525702 0.9272727272727272
0.06986301369863014 0.9272727272727272
0.06981519507186858 0.9272727272727272
0.06976744186046512 0.9272727272727272
0.06971975393028025 0.9272727272727272
0.06967213114754098 0.9272727272727272
0.0696245733788396 0.9272727272727272
0.06957708049113233 0.9272727272727272
0.06952965235173825 0.9272727272727272
0.06948228882833787 0.9272727272727272
0.06943498978897208 0.9272727272727272
0.06938775510204082 0.9272727272727272
0.06934058463630184 0.9272727272727272
0.06929347826086957 0.9272727272727272
0.06924643584521385 0.9272727272727272
0.06919945725915876 0.9272727272727272
0.06915254237288136 0.9272727272727272
0.06910569105691057 0.9272727272727272
0.06905890318212593 0.9272727272727272
0.06901217861975643 0.9272727272727272
0.06896551724137931 0.9272727272727272
0.06891891891891892 0.9272727272727272
0.0688723835246455 0.9272727272727272
0.06882591093117409 0.9272727272727272
0.06877950101146325 0.9272727272727272
0.06873315363881402 0.9272727272727272
0.06868686868686869 0.9272727272727272
0.06864064602960969 0.9272727272727272
0.06859448554135844 0.9272727272727272
0.06854838709677419 0.9272727272727272
0.06850235057085292 0.9272727272727272
0.06845637583892618 0.9272727272727272
0.06841046277665996 0.9272727272727272
0.06836461126005362 0.9272727272727272
0.06831882116543872 0.9272727272727272
0.06827309236947791 0.9272727272727272
0.06822742474916388 0.9272727272727272
0.06818181818181818 0.9272727272727272
0.06813627254509018 0.9272727272727272
0.06809078771695594 0.9272727272727272
0.06804536357571714 0.9272727272727272
0.068 0.9272727272727272
0.06795469686875416 0.9272727272727272
0.06790945406125166 0.9272727272727272
0.06786427145708583 0.9272727272727272
0.0678191489361702 0.9272727272727272
0.06777408637873754 0.9272727272727272
0.06772908366533864 0.9272727272727272
0.0676841406768414 0.9272727272727272
0.06763925729442971 0.9272727272727272
0.06759443339960239 0.9272727272727272
0.06754966887417219 0.9272727272727272
0.06750496360026473 0.9272727272727272
0.06746031746031746 0.9272727272727272
0.06741573033707865 0.9272727272727272
0.06737120211360634 0.9272727272727272
0.06732673267326733 0.9272727272727272
0.06728232189973615 0.9272727272727272
0.06723796967699407 0.9272727272727272
0.06719367588932806 0.9272727272727272
0.06714944042132982 0.9272727272727272
0.06710526315789474 0.9272727272727272
0.0670611439842209 0.9272727272727272
0.06701708278580815 0.9272727272727272
0.066973079448457 0.9272727272727272
0.06692913385826772 0.9272727272727272
0.06688524590163934 0.9272727272727272
0.06684141546526867 0.9272727272727272
0.06679764243614932 0.9272727272727272
0.06675392670157068 0.9272727272727272
0.06671026814911707 0.9272727272727272
0.06666666666666667 0.9272727272727272
0.06662312214239059 0.9272727272727272
0.06657963446475196 0.9272727272727272
0.06653620352250489 0.9272727272727272
0.06649282920469361 0.9272727272727272
0.06644951140065146 0.9272727272727272
0.06640625 0.9272727272727272
0.06636304489264802 0.9272727272727272
0.06631989596879063 0.9272727272727272
0.06627680311890838 0.9272727272727272
0.06623376623376623 0.9272727272727272
0.06619078520441272 0.9272727272727272
0.06614785992217899 0.9272727272727272
0.0661049902786779 0.9272727272727272
0.06606217616580311 0.9272727272727272
0.06601941747572816 0.9272727272727272
0.06597671410090557 0.9272727272727272
0.06593406593406594 0.9272727272727272
0.06589147286821706 0.9272727272727272
0.065848934796643 0.9272727272727272
0.06580645161290323 0.9272727272727272
0.06576402321083172 0.9272727272727272
0.06572164948453608 0.9272727272727272
0.06567933032839665 0.9272727272727272
0.06563706563706563 0.9272727272727272
0.06559485530546624 0.9272727272727272
0.06555269922879177 0.9272727272727272
0.06551059730250482 0.9272727272727272
0.06546854942233633 0.9272727272727272
0.0654265554842848 0.9272727272727272
0.06538461538461539 0.9272727272727272
0.06534272901985906 0.9272727272727272
0.06530089628681178 0.9272727272727272
0.06525911708253358 0.9272727272727272
0.06521739130434782 0.9272727272727272
0.06517571884984026 0.9272727272727272
0.06513409961685823 0.9272727272727272
0.0650925335035099 0.9272727272727272
0.06505102040816327 0.9272727272727272
0.06500956022944551 0.9272727272727272
0.06496815286624204 0.9272727272727272
0.06492679821769573 0.9272727272727272
0.0648854961832061 0.9272727272727272
0.06484424666242848 0.9272727272727272
0.06480304955527319 0.9272727272727272
0.06476190476190476 0.9272727272727272
0.06472081218274112 0.9272727272727272
0.06467977171845275 0.9272727272727272
0.06463878326996197 0.9272727272727272
0.06459784673844206 0.9272727272727272
0.06455696202531645 0.9272727272727272
0.06451612903225806 0.9272727272727272
0.06447534766118837 0.9272727272727272
0.06443461781427669 0.9272727272727272
0.06439393939393939 0.9272727272727272
0.06435331230283911 0.9272727272727272
0.06431273644388398 0.9272727272727272
0.06427221172022685 0.9272727272727272
0.06423173803526448 0.9272727272727272
0.06419131529263687 0.9272727272727272
0.06415094339622641 0.9272727272727272
0.06411062225015714 0.9272727272727272
0.06407035175879397 0.9272727272727272
0.064030131826742 0.9272727272727272
0.06398996235884567 0.9272727272727272
0.06394984326018809 0.9272727272727272
0.06390977443609022 0.9272727272727272
0.06386975579211021 0.9272727272727272
0.06382978723404255 0.9272727272727272
0.06378986866791744 0.9272727272727272
0.06375 0.9272727272727272
0.0637101811367895 0.9272727272727272
0.06367041198501873 0.9272727272727272
0.06363069245165315 0.9272727272727272
0.06359102244389027 0.9272727272727272
0.06355140186915888 0.9272727272727272
0.06351183063511831 0.9272727272727272
0.06347230864965775 0.9272727272727272
0.06343283582089553 0.9272727272727272
0.06339341205717837 0.9272727272727272
0.06335403726708075 0.9272727272727272
0.0633147113594041 0.9272727272727272
0.06327543424317618 0.9272727272727272
0.06323620582765034 0.9272727272727272
0.06319702602230483 0.9272727272727272
0.06315789473684211 0.9272727272727272
0.06311881188118812 0.9272727272727272
0.06307977736549165 0.9272727272727272
0.0630407911001236 0.9272727272727272
0.06300185299567634 0.9272727272727272
0.06296296296296296 0.9272727272727272
0.06292412091301666 0.9272727272727272
0.06288532675709001 0.9272727272727272
0.06284658040665435 0.9272727272727272
0.06280788177339902 0.9272727272727272
0.06276923076923077 0.9272727272727272
0.06273062730627306 0.9272727272727272
0.0626920712968654 0.9272727272727272
0.06265356265356266 0.9272727272727272
0.06261510128913444 0.9272727272727272
0.06257668711656442 0.9272727272727272
0.06253832004904966 0.9272727272727272
0.0625 0.9272727272727272
0.062461726883037354 0.9272727272727272
0.06242350061199511 0.9272727272727272
0.062385321100917435 0.9272727272727272
0.06234718826405868 0.9272727272727272
0.06230910201588271 0.9272727272727272
0.06227106227106227 0.9272727272727272
0.06223306894447834 0.9272727272727272
0.06219512195121951 0.9272727272727272
0.062157221206581355 0.9272727272727272
0.06211936662606577 0.9272727272727272
0.0620815581253804 0.9272727272727272
0.06204379562043796 0.9272727272727272
0.06200607902735562 0.9272727272727272
0.061968408262454436 0.9272727272727272
0.061930783242258654 0.9272727272727272
0.061893203883495146 0.9272727272727272
0.061855670103092786 0.9272727272727272
0.06181818181818182 0.9272727272727272
0.061780738946093275 0.9272727272727272
0.06174334140435835 0.9272727272727272
0.06170598911070781 0.9272727272727272
0.06166868198307134 0.9272727272727272
0.06163141993957704 0.9272727272727272
0.06159420289855073 0.9272727272727272
0.06155703077851539 0.9272727272727272
0.061519903498190594 0.9272727272727272
0.06148282097649186 0.9272727272727272
0.06144578313253012 0.9272727272727272
0.061408789885611076 0.9272727272727272
0.061371841155234655 0.9272727272727272
0.06133493686109441 0.9272727272727272
0.06129807692307692 0.9272727272727272
0.06126126126126126 0.9272727272727272
0.061224489795918366 0.9272727272727272
0.0611877624475105 0.9272727272727272
0.06115107913669065 0.9272727272727272
0.06111443978430198 0.9272727272727272
0.06107784431137724 0.9272727272727272
0.06104129263913824 0.9272727272727272
0.061004784688995214 0.9272727272727272
0.06096832038254633 0.9272727272727272
0.06093189964157706 0.9272727272727272
0.0608955223880597 0.9272727272727272
0.060859188544152745 0.9272727272727272
0.06082289803220036 0.9272727272727272
0.060786650774731825 0.9272727272727272
0.06075044669446099 0.9272727272727272
0.060714285714285714 0.9272727272727272
0.06067816775728733 0.9272727272727272
0.06064209274673008 0.9272727272727272
0.061200237670825906 0.9363636363636364
0.06116389548693587 0.9363636363636364
0.06112759643916914 0.9363636363636364
0.06109134045077105 0.9363636363636364
0.06105512744516894 0.9363636363636364
0.06101895734597156 0.9363636363636364
0.06098283007696862 0.9363636363636364
0.06094674556213018 0.9363636363636364
0.06091070372560615 0.9363636363636364
0.060874704491725766 0.9363636363636364
0.060838747784997045 0.9363636363636364
0.06080283353010626 0.9363636363636364
0.0607669616519174 0.9363636363636364
0.0607311320754717 0.9363636363636364
0.06069534472598703 0.9363636363636364
0.06065959952885748 0.9363636363636364
0.06062389640965274 0.9363636363636364
0.060588235294117644 0.9363636363636364
0.06055261610817166 0.9363636363636364
0.060517038777908344 0.9363636363636364
0.060481503229594835 0.9363636363636364
0.06044600938967136 0.9363636363636364
0.06041055718475073 0.9363636363636364
0.06037514654161782 0.9363636363636364
0.06033977738722906 0.9363636363636364
0.06030444964871194 0.9363636363636364
0.06026916325336454 0.9363636363636364
0.06023391812865497 0.9363636363636364
0.06019871420222092 0.9363636363636364
0.06016355140186916 0.9363636363636364
0.060128429655575015 0.9363636363636364
0.060093348891481914 0.9363636363636364
0.060058309037900874 0.9363636363636364
0.060023310023310024 0.9363636363636364
0.05998835177635411 0.9363636363636364
0.059953434225844 0.9363636363636364
0.05991855730075625 0.9363636363636364
0.05988372093023256 0.9363636363636364
0.05984892504357931 0.9363636363636364
0.05981416957026713 0.9363636363636364
0.05977945443993035 0.9363636363636364
0.05974477958236659 0.9363636363636364
0.059710144927536235 0.9363636363636364
0.059675550405561995 0.9363636363636364
0.059640995946728434 0.9363636363636364
0.05960648148148148 0.9363636363636364
0.059572006940427996 0.9363636363636364
0.05953757225433526 0.9363636363636364
0.05950317735413056 0.9363636363636364
0.059468822170900694 0.9363636363636364
0.05943450663589152 0.9363636363636364
0.059400230680507496 0.9363636363636364
0.05936599423631124 0.9363636363636364
0.05933179723502304 0.9363636363636364
0.059297639608520435 0.9363636363636364
0.059263521288837745 0.9363636363636364
0.05922944220816561 0.9363636363636364
0.05919540229885058 0.9363636363636364
0.0591614014933946 0.9363636363636364
0.05912743972445465 0.9363636363636364
0.05909351692484223 0.9363636363636364
0.059059633027522936 0.9363636363636364
0.05902578796561605 0.9363636363636364
0.05899198167239404 0.9363636363636364
0.0589582140812822 0.9363636363636364
0.05892448512585812 0.9363636363636364
0.05889079473985134 0.9363636363636364
0.05885714285714286 0.9363636363636364
0.058823529411764705 0.9363636363636364
0.05878995433789954 0.9363636363636364
0.058756417569880204 0.9363636363636364
0.05872291904218928 0.9363636363636364
0.05868945868945869 0.9363636363636364
0.058656036446469245 0.9363636363636364
0.058622652248150255 0.9363636363636364
0.05858930602957907 0.9363636363636364
0.05855599772598067 0.9363636363636364
0.058522727272727275 0.9363636363636364
0.05848949460533787 0.9363636363636364
0.058456299659477864 0.9363636363636364
0.058423142370958595 0.9363636363636364
0.05839002267573696 0.9363636363636364
0.058356940509915016 0.9363636363636364
0.058323895809739526 0.9363636363636364
0.058290888511601587 0.9363636363636364
0.0582579185520362 0.9363636363636364
0.05822498586772187 0.9363636363636364
0.05819209039548023 0.9363636363636364
0.05815923207227555 0.9363636363636364
0.05812641083521445 0.9363636363636364
0.0580936266215454 0.9363636363636364
0.0580608793686584 0.9363636363636364
0.05802816901408451 0.9363636363636364
0.05799549549549549 0.9363636363636364
0.057962858750703436 0.9363636363636364
0.05793025871766029 0.9363636363636364
0.05789769533445756 0.9363636363636364
0.05786516853932584 0.9363636363636364
0.05783267827063447 0.9363636363636364
0.057800224466891134 0.9363636363636364
0.05776780706674145 0.9363636363636364
0.05773542600896861 0.9363636363636364
0.057703081232493 0.9363636363636364
0.05767077267637178 0.9363636363636364
0.05763850027979855 0.9363636363636364
0.05760626398210291 0.9363636363636364
0.05757406372275014 0.9363636363636364
0.057541899441340784 0.9363636363636364
0.057509771077610274 0.9363636363636364
0.05747767857142857 0.9363636363636364
0.05744562186279978 0.9363636363636364
0.05741360089186176 0.9363636363636364
0.05738161559888579 0.9363636363636364
0.05734966592427617 0.9363636363636364
0.057317751808569836 0.9363636363636364
0.05728587319243604 0.9363636363636364
0.05725403001667593 0.9363636363636364
0.05722222222222222 0.9363636363636364
0.05719044975013881 0.9363636363636364
0.05715871254162042 0.9363636363636364
0.05712701053799223 0.9363636363636364
0.05709534368070954 0.9363636363636364
0.05706371191135734 0.9363636363636364
0.05703211517165006 0.9363636363636364
0.0570005534034311 0.9363636363636364
0.056969026548672565 0.9363636363636364
0.056937534549474846 0.9363636363636364
0.0569060773480663 0.9363636363636364
0.05687465488680287 0.9363636363636364
0.05684326710816777 0.9363636363636364
0.0568119139547711 0.9363636363636364
0.056780595369349506 0.9363636363636364
0.05674931129476584 0.9363636363636364
0.05671806167400881 0.9363636363636364
0.056686846450192625 0.9363636363636364
0.05665566556655666 0.9363636363636364
0.056624518966465094 0.9363636363636364
0.056593406593406594 0.9363636363636364
0.05656232839099396 0.9363636363636364
0.05653128430296377 0.9363636363636364
0.05650027427317608 0.9363636363636364
0.05646929824561404 0.9363636363636364
0.056438356164383564 0.9363636363636364
0.05640744797371303 0.9363636363636364
0.05637657361795293 0.9363636363636364
0.056345733041575495 0.9363636363636364
0.056314926189174414 0.9363636363636364
0.05628415300546448 0.9363636363636364
0.056253413435281265 0.9363636363636364
0.056222707423580785 0.9363636363636364
0.05619203491543917 0.9363636363636364
0.05616139585605234 0.9363636363636364
0.0561307901907357 0.9363636363636364
0.056100217864923745 0.9363636363636364
0.05606967882416984 0.9363636363636364
0.05603917301414581 0.9363636363636364
0.05600870038064165 0.9363636363636364
0.05597826086956522 0.9363636363636364
0.05594785442694188 0.9363636363636364
0.05591748099891422 0.9363636363636364
0.05588714053174173 0.9363636363636364
0.055856832971800434 0.9363636363636364
0.05582655826558266 0.9363636363636364
0.05579631635969664 0.9363636363636364
0.05576610720086627 0.9363636363636364
0.055735930735930736 0.9363636363636364
0.05570578691184424 0.9363636363636364
0.055675675675675676 0.9363636363636364
0.05564559697460832 0.9363636363636364
0.055615550755939526 0.9363636363636364
0.05558553696708041 0.9363636363636364
0.05555555555555555 0.9363636363636364
0.055525606469002696 0.9363636363636364
0.05549568965517242 0.9363636363636364
0.05546580506192784 0.9363636363636364
0.05543595263724435 0.9363636363636364
0.055406132329209254 0.9363636363636364
