0.37356321839080464 0.007963087595657546
0.3626436781609195 0.01634105679252721
0.35611658456486045 0.020880994576768872
0.33382967607105535 0.023421644297473912
0.31330298054435984 0.025659818929612496
0.30451263296090886 0.028108345296570407
0.29906491975457494 0.03406310721311447
0.28390966707396725 0.036150069637531715
0.2584411031005458 0.03740737187160889
0.24773389783531768 0.03849328286109367
0.22828758032421678 0.03970115574584335
0.21978155087501727 0.04094408193829468
0.21272333502768986 0.04216448030076093
0.19999835036876298 0.043263291221497684
0.18859949749061228 0.045327832721239615
0.18115915780762573 0.04654357248895077
0.17654995519441902 0.04886097218241326
0.17044877810411624 0.050290496147221316
0.16609601121009165 0.05150781852051743
0.1626672933083212 0.05355109529258697
0.15946387590595318 0.055103823733341155
0.15476627761111728 0.05639641820510131
0.15137697882367096 0.060329935317512844
0.14821611472221785 0.06188266375826702
0.1425314604406758 0.06338191413307961
0.1394640401440783 0.06469788755831835
0.13598709730694883 0.06508642876667056
0.13435473167270987 0.06649704656768216
0.13436864006610943 0.06937665279828108
0.13603421032357946 0.07108512939544735
0.13389552621669165 0.0723975291871789
0.13382265042071947 0.07477790595036427
0.13273560821897476 0.07611129820574611
0.13295605484445627 0.07729638890438158
0.13272070257769342 0.0802956149095552
0.1325624375903519 0.08226810815871709
0.131836039265565 0.08386421549850433
0.13132857806809012 0.08481925630212796
0.13083526568005077 0.08574480102780821
0.13137615978136943 0.08705947405955719
0.13027789443223128 0.08806494208789652
0.1287618906954004 0.0886547287666743
0.12713998085588368 0.08929989005699687
0.12484681108337738 0.08965186460735612
0.12385346796213857 0.09078060433318004
0.12296930382669059 0.0913545367169123
0.12259889914323131 0.09198859645714762
0.12151163661038443 0.09244311838265261
0.12108490901921845 0.09308303148353762
0.11975028374055145 0.09358300648478755
0.11818203086654135 0.09400620978858616
0.11857283144182475 0.09504783935820822
0.11863445173576549 0.09621124934957287
0.11813286250551372 0.09705653865628117
0.1184219352601033 0.09788371448731271
0.11856114770035181 0.09884966509027401
0.11821010153611297 0.09971273607318626
0.11774250075641528 0.10062542904572307
0.11701431488132774 0.10131911769024218
0.11664323876686167 0.10202113852241887
0.11736670957351748 0.10309477607931414
0.11725179094444377 0.10429141210562684
0.11649412859043487 0.10508547330496926
0.11635809709477839 0.10595407751212511
0.11579104738625479 0.10701480094086807
0.1154588505397384 0.10753743524661082
0.11585035097196314 0.1086153906322183
0.11466865140028265 0.10900502632284755
0.11339533213896984 0.10919874968588515
0.1121592751544829 0.10939247304892272
0.11091011836104449 0.10963028517734126
0.10956948564891505 0.10979686855232043
0.10912708796452844 0.11018011677261151
0.10839477945183369 0.11083470473286866
0.10722389739157807 0.11102952257818331
0.1063466236112611 0.11122434042349792
0.1053199477288551 0.11149164862985986
0.10466095626753473 0.1121797813846745
0.10433295611504469 0.11331740273378478
0.10371145324331559 0.11513013273242186
0.10331424640911807 0.11585849319215576
0.10199101768638735 0.11585849319215576
0.10134181193020696 0.1161887104924375
0.10104565688743081 0.11637937869926324
0.10013017170974962 0.11640443884360965
0.09925247532692723 0.11642949898795608
0.09878526996770186 0.11666688814020981
0.09851745782324134 0.11711665118734216
0.09855215484683648 0.11768425763987767
0.09818831523250336 0.11850195158957705
0.09768131484590538 0.11915653954983423
0.09742515061964697 0.12008014730726446
0.09724802760325973 0.12090131864250075
0.09717188851629806 0.12131491999519942
0.09733129134853379 0.12213676968855032
0.09657870328899168 0.12217934099548945
0.09570321062892807 0.12217934099548945
0.09527397839711824 0.12268168241737108
0.09491325508662982 0.12276425692456622
0.0944415481623579 0.12330722620892008
0.09363173475552376 0.12334722940917613
0.09301679253499506 0.1240509591769453
0.09231151065655016 0.12461625030187463
0.09194327969266973 0.1252437281262379
0.09116802366866388 0.1252437281262379
0.09099321795489053 0.12562588186425191
0.09093587758176049 0.12581655007107764
0.09061766840707133 0.12611782800354
0.09163553773503444 0.1273379375225729
0.09133498981884071 0.12812973495342225
0.09096257099263452 0.12887603602813053
0.09043495449678443 0.12891860733506966
0.09048197238200734 0.12989681263873162
0.090299142597214 0.1304476814148098
0.0902046274773098 0.1315153139616208
0.08990410812011021 0.13173519195128186
0.09004197924478465 0.13266223627594942
0.08997904174769529 0.13341917092020436
0.09001106341921843 0.13435540392342712
0.08943321885043298 0.13438046406777354
0.08908318042211559 0.1348802373829721
0.08880591110445485 0.13550659087289382
0.08888151763607563 0.13642011800334453
0.08839662815496976 0.13687988811828708
0.08831579147041696 0.137722994571891
0.08818237797523708 0.13855921964363155
0.08745519881255887 0.13855921964363155
0.08747024531697874 0.13937058406294234
0.08721370415568931 0.13948828120565637
0.08673122863981318 0.1395133413500028
0.08669532852763406 0.13967104169297284
0.08620837769047206 0.1399009267504441
0.0860061545799807 0.1401346533137377
0.08578143817381612 0.14019971665834013
0.08556532732161706 0.1403339350460844
0.0853521326524577 0.14041650955327956
0.08521535164767818 0.1409915549669421
0.08495941679421894 0.14141516338745094
0.0848115339977477 0.14238878141294745
0.08482243832520145 0.14282629873473784
0.08506881567291487 0.1434496783248216
0.08464151193263111 0.14348968152507763
0.08437179821750009 0.14388905386850115
0.08409892453642888 0.14446151923079842
0.0840546685005864 0.14501676598768615
0.0845826335438944 0.14638992100260548
0.08471025062995975 0.146849045540727
0.08503020762708725 0.14735074138578766
0.08501809511584933 0.14776729461697002
0.08521917057356973 0.14823474162298073
0.08532632172171288 0.14841376914951337
0.08575459349211295 0.14911055955336433
0.08574067536453474 0.1494623358637131
0.08573834042512919 0.14960136018998973
0.08568766952378147 0.14995313650033845
0.08553785041747348 0.15006710068226867
0.08564090083912644 0.1507240341485527
0.0856012148108828 0.1510045817054621
0.08578358029285486 0.15152294139079003
0.08622894705752335 0.15344075176592437
0.08637215536418862 0.15410600770009758
0.08653870878888557 0.1547712636342708
0.08671521705510885 0.15543651956844398
0.08695701289302292 0.1561268356469636
0.08710836356188155 0.15655373779308726
0.0872382791361794 0.15694551730369202
0.08740548590466729 0.1573372968142968
0.08722526411156588 0.157451260996227
0.08735643577104438 0.15779895174145084
0.08766500600746382 0.15850421087588004
0.08768298976287525 0.1589316546816347
0.08780088078931153 0.15939910168764537
0.0878683982727036 0.15985160563774647
0.08782734442867891 0.1602033819480952
0.0880028254192363 0.16081803053120894
0.08782007005377229 0.16093199471313913
0.08796479984836403 0.1615972506473123
0.08795227095527026 0.16194902695766109
0.0877655836740065 0.16206299113959124
0.08754041083317739 0.16217695532152146
0.08741001716106334 0.16229091950345167
0.08748795348632626 0.16268269901405644
0.08755120863311044 0.1630569673620685
0.08743000844184762 0.16317093154399873
0.08746717422379109 0.16332489892618493
0.08763854950464489 0.16379234593219563
0.08747434810512535 0.16390631011412576
0.0876726237087195 0.16431779080481282
0.08782416106497018 0.16462752185693447
0.08791959477945786 0.1650975839400897
0.08776219013303094 0.16533968354092576
0.0876956420389435 0.1658195952701804
0.08728339208110429 0.1658195952701804
0.08721604441938885 0.1662094215210761
0.0870360994516221 0.16637502958355538
0.08715116652983981 0.1680785413354588
0.08711358834888276 0.16855052599376613
0.08740738957516708 0.169277140551904
0.08763904164336994 0.1699611838031027
0.08767109277978744 0.17016936317252113
0.08767699558130652 0.17037754254193957
0.08793268664899712 0.1709695248563327
0.08808297151938017 0.17121770742600717
0.08844249145416265 0.17171224734005164
0.08843820634883919 0.17199435014114373
0.08863932254469908 0.17239415008494985
0.08854667553637043 0.17250811426688006
0.08866767426040328 0.1735556932740507
0.0886406990728772 0.1738403641818259
0.0886303460826136 0.17412503508960112
0.08863418128856612 0.17440970599737626
0.08886698614122449 0.17473716069862935
0.08895311508315697 0.17577145679381087
0.08894598167539992 0.17619057813167635
0.08901462445565501 0.17650030918379803
0.0889763158718213 0.17676746892898051
0.08887036207315371 0.1772332207211064
0.08878962391656572 0.17757554754290872
0.08887321849384353 0.1779444569266566
0.08875613788430742 0.1780584211085868
0.08877171156466132 0.17837880774420048
0.08872546778838278 0.1786912673088669
0.08898170700750098 0.17924170312350357
0.0892367906508212 0.1798757335044934
0.0891099590378008 0.1799896976864236
0.08898456179508293 0.18010739482913762
0.08866359044794547 0.1801324549734841
0.088650023350701 0.18268972434816444
0.0885642911245733 0.18404052677359517
0.088305201960923 0.18527205386719123
0.08825822985575264 0.1854664550348008
0.08820626969243137 0.1858023794330431
0.08802556311540015 0.18612495726040346
0.08800046810189112 0.1864901063947029
0.08817779698921743 0.18718256891831103
0.08808606129606082 0.1877904313501795
0.08793641946787364 0.18785806280146505
0.08772860705882532 0.18790063410840416
0.08749800099702451 0.18794320541534326
0.08735183999374646 0.18805716959727348
0.08735915893853695 0.1883994964190758
0.08736997608843318 0.18855346380126203
0.08736736566358973 0.18872097121146378
0.08740018128338789 0.18898269380915375
0.08723426331603394 0.1891101980190995
0.08707703032608745 0.18923770222904526
0.08714408803869055 0.1894844817708257
0.08704191607116658 0.18960217891353973
0.08677524635015471 0.18964475022047883
0.08654511764572644 0.18968732152741796
0.08630697453016897 0.1897298928343571
0.0860672722627101 0.18977246414129623
0.08591347452715146 0.1901285150720598
0.08611313982345298 0.19097975592010522
0.0859621566087182 0.19110726013005092
0.08594744195447489 0.19243266022522423
0.08578511246874024 0.19265253821488532
0.08573899285406975 0.199116948536689
0.08559782331688766 0.1995736738164332
0.08549454734828223 0.19988696935931194
0.0852796805314071 0.20011685441678317
0.08506286432116619 0.20031057777982078
0.08494509856727857 0.20039572039369902
0.08489992166862158 0.2017857625418096
0.08485793958390546 0.20384988896669692
0.08471907412172251 0.20431092053609642
0.0845346980634291 0.204504643899134
0.08430613771146718 0.2047330065390061
0.08431773517976071 0.2048432092972308
0.08411026205555014 0.20500979267220998
0.08383923656529366 0.20500979267220998
0.08373001568424387 0.20540473868706127
0.08360818445179474 0.2056756726338725
0.08330390368427718 0.2056756726338725
0.08325724952586588 0.20693854600216294
0.08300906497799097 0.20702347890516956
0.08278561346224685 0.2072518415450417
0.08266147272197184 0.20750526432926025
0.08259811919769566 0.20784380409743114
0.08237166756072006 0.20807216673730325
0.08229856785037087 0.2081573093511815
0.08230955065236539 0.20865812835546402
0.08210720802652356 0.20870069966240312
0.08195082107004655 0.20874327096934225
0.08172794163357976 0.20878584227628136
0.08155343816722961 0.2088284135832205
0.08133953157658382 0.2090957217895824
0.08122474901192167 0.20952961337092352
0.08106231635773645 0.2096961967459027
0.08089389134583203 0.20973619994615872
0.08072180658332387 0.20977620314641474
0.0805812616169478 0.21024390033230456
0.08047065239015785 0.2103781187200488
0.0802097042174307 0.2103781187200488
0.07993071892740089 0.2103781187200488
0.07964765524689442 0.2103781187200488
0.07938096692595148 0.2103781187200488
0.07921933151459173 0.21064542692641075
0.07898981920135617 0.21064542692641075
0.07875066419801574 0.21064542692641075
0.07849069321089192 0.21064542692641075
0.07834580748847814 0.21091273513277267
0.07843940493329478 0.21142695647945864
0.07842391222165751 0.21189423068918367
0.07855599289636175 0.2125282778154887
0.07855107531769699 0.2126875563475794
0.07844298343621316 0.21317238660686835
0.07837688949912129 0.21328751564289927
0.07845871704983082 0.21394293025677746
0.07840484927009458 0.21455079268864596
0.07811614958927111 0.21455079268864596
0.07789375478861202 0.21455079268864596
0.07797696001577584 0.21526634152454108
0.07801278346574253 0.21548806092197503
0.07787129168131027 0.21553063222891417
0.07786383215616255 0.21636685730065472
0.0778254195066575 0.2169747197325232
0.07777331771863696 0.21704235118380874
0.077866642919472 0.21773951045100504
0.0778925194452811 0.21803702695976185
0.07769740936690439 0.2182669120172331
0.07760550574815034 0.21848679000689414
0.07755673149773804 0.2187671734422518
0.07737595200953212 0.2189970584997231
0.07723511230840362 0.21922694355719435
0.0771609117648659 0.21968366883693857
0.0771090306443716 0.21995460278374981
0.07695853001264283 0.21997966292809626
0.07703573862721277 0.22051683041382505
0.07688694344990607 0.2205594017207642
0.07664306250905818 0.2205594017207642
0.07655408880378899 0.22064454433464242
0.07629749239323814 0.22064454433464242
0.07606593629832265 0.22064454433464242
0.07590349009656437 0.2208729069745146
0.07576716579967396 0.2209154782814537
0.07572198804167113 0.2217076747757991
0.07555319697244582 0.22175024608273822
0.07552941753091857 0.22329206776448993
0.07544849310162657 0.22354549054870848
0.07538110968873249 0.22381642449551975
0.07529649706466096 0.22408735844233096
0.07524662546719008 0.22433887472031677
0.07512180792351429 0.2244238076233234
0.07491881810032304 0.2244238076233234
0.07478307919760768 0.22466161975174195
0.07479933136838204 0.22531205349054953
0.07466298483797679 0.22535462479748866
0.07452791606259988 0.2253971961044278
0.07438363404659887 0.2254397674113669
0.07413650970031953 0.2254397674113669
0.07416339221270225 0.2257028038056836
0.07402660220916518 0.22626809493061292
0.07388640892428398 0.22657325208654824
0.07389631024258665 0.22708499581771877
0.07373940171684804 0.22715638869270982
0.07359326114643752 0.22732297206768898
0.07351102563778966 0.22757975611806014
0.07329658689391669 0.22757975611806014
0.0732885166391412 0.228398470027208
0.0731943811212952 0.2285921933902456
0.07301673749551632 0.2285921933902456
0.07282138922570776 0.2285921933902456
0.07262960036452439 0.2285921933902456
0.07252265850062731 0.22861725353459203
0.07245422506734213 0.22908440032792166
0.07231899226245392 0.22910946047226813
0.07220500919447803 0.22913452061661455
0.0721016506487343 0.22915958076096096
0.07195011512717625 0.22918464090530738
0.07196314362870782 0.22969179089889302
0.07178207459650139 0.22969179089889302
0.07167606000097317 0.2298583742738722
0.07156318371725864 0.23030046092285542
0.07149723556507111 0.23199343466070557
0.07142022334921948 0.23365926841049736
0.0712635825656576 0.23368432855484378
0.07115708452062633 0.23385091192982296
0.07103960252649467 0.23387597207416938
0.07092595158520124 0.23433574218911193
0.0708578344945709 0.23510899192787893
0.0706793788604951 0.23510899192787893
0.07063984335618458 0.23565369494582808
0.07047349782916787 0.23565369494582808
0.07028750020642416 0.23565369494582808
0.07024440168561229 0.23600974587659163
0.07004451376608202 0.23600974587659163
0.06988426369674389 0.23600974587659163
0.06972957657608668 0.23600974587659163
0.06957120434238327 0.23600974587659163
0.06938196595148616 0.23600974587659163
0.0692627095557277 0.23617632925157078
0.06908218681733341 0.23617632925157078
0.06888958363567245 0.23617632925157078
0.06871291242671741 0.23617632925157078
0.06861675937441528 0.23634291262654997
0.06856659338881042 0.23677680420789107
0.06852060713348539 0.23694667001390435
0.06833644068773154 0.23694667001390435
0.06819224527823395 0.23694667001390435
0.06805006357919564 0.23694667001390435
0.06797078385130356 0.2376962952013106
0.0678843889698123 0.23778122810431726
0.06772745156245512 0.23778122810431726
0.06764889321528414 0.23785262097930832
0.06758492430110213 0.23789519228624742
0.0674213421150567 0.23789519228624742
0.06728920591228568 0.23789519228624742
0.06724039441031687 0.23837081654308453
0.06716476542057422 0.23853739991806372
0.06700667872511928 0.23853739991806372
0.06686381801469422 0.23853739991806372
0.06682415224712022 0.23894179542146146
0.06672823133771459 0.2392091036278234
0.06662180925627455 0.23947641183418533
0.06648656278317756 0.23947641183418533
0.06633415805152205 0.23947641183418533
0.06631502775982409 0.24001977651548106
0.06637028795324576 0.24059377315046052
0.0662121374787595 0.24059377315046052
0.06608226698160437 0.24059377315046052
0.06600097958785114 0.24105354326540304
0.06590536214453703 0.24136702288922748
0.0658905845984058 0.24191831464147048
0.06586757771961037 0.24237934621086998
0.06578482912993878 0.2426466544172319
0.06577456125845624 0.24297687171751364
0.06563213670594609 0.24297687171751364
0.06549538334721325 0.24297687171751364
0.06535529493490135 0.24297687171751364
0.06528638615701543 0.24314345509249283
0.06528331974539674 0.24350376183050962
0.06521051165195912 0.2436703452054888
0.06506450010278855 0.2436703452054888
0.06503835539624175 0.2440935485092874
0.06488694277060775 0.2440935485092874
0.06474582872390983 0.2440935485092874
0.06462569452102548 0.2440935485092874
0.06455110242558652 0.24440702813311188
0.06442299261901543 0.24440702813311188
0.06440018153942156 0.24462690612277294
0.06426919412275743 0.24462690612277294
0.06412848412223751 0.24462690612277294
0.06400256185871225 0.24462690612277294
0.06392046690260061 0.24485679118024417
0.06393701960104221 0.24522147483157208
0.06391814454479496 0.2454917989099587
0.06389297918222611 0.24577140527282698
0.06383051937353228 0.24586562046031524
0.0637564574798502 0.2461791000841397
0.06362024871977603 0.2461791000841397
0.06349417735939096 0.2461791000841397
0.06334501665138814 0.2461791000841397
0.06321886750999567 0.2461791000841397
0.06307572515613437 0.2461791000841397
0.06299789591482034 0.2462216713910788
0.06286954888092175 0.2462216713910788
0.06271444174930442 0.2462216713910788
0.06258898419633498 0.2462216713910788
0.062447735589785135 0.2462216713910788
0.06231229426638797 0.2462216713910788
0.06222718121452356 0.2464515564485501
0.06215933391913687 0.24676503607237454
0.06213077174416784 0.24686148909171204
0.062073149787546925 0.24688654923605846
0.061980193130906316 0.2469714821390651
0.061852144813318265 0.2469714821390651
0.06171177580658774 0.2469714821390651
0.06155374242177469 0.2469714821390651
0.06148657895991914 0.24723879034542703
0.06134041867180335 0.24723879034542703
0.0612132276071848 0.24723879034542703
0.06113591673383318 0.24742418152080708
0.06101589835763699 0.24742418152080708
0.06099181145957195 0.24825873961122003
0.060843710394502586 0.24825873961122003
0.06083751632460061 0.2483238029558225
0.06074511785753224 0.2483488631001689
0.060626966004155805 0.2483488631001689
0.06050733986394503 0.2483488631001689
0.0603782435623305 0.2483488631001689
0.060315722500957916 0.24854258646320648
0.0602066654864998 0.24854258646320648
0.06019913742870905 0.24948593501365035
0.06012484201680644 0.24975324322001227
0.060053434181208724 0.24994696658304988
0.05997906428140303 0.25018477871146844
0.059839894822794275 0.25018477871146844
0.05976414953539232 0.25026971161447503
0.059704974405485445 0.2502947717588215
0.05969645301243655 0.25083774104317536
0.05961799482915516 0.2511428981991107
0.059487869981308124 0.2511428981991107
0.05941529900509947 0.25138071032752923
0.05933912097762744 0.2516185224559478
0.05932413285048961 0.2526274093796522
0.05931761331316729 0.2529725697358436
0.05935473070581626 0.25381276910518547
0.05924886345130508 0.25381276910518547
0.0593111029817141 0.25454112956491937
0.05939277371221313 0.25492893794094695
0.059368493878755514 0.2554289129421969
0.059352819110604645 0.25577407329838825
0.05927561967666072 0.25581407649864424
0.0593153837064166 0.2562524922257313
0.0592608074559776 0.25629249542598737
0.05917431363406387 0.2565598036323493
0.059124042362009625 0.25674519480772934
0.05900530023420964 0.25674519480772934
0.058946328235196604 0.25698300693614784
0.05894924380241075 0.25724587920891284
0.058872703925321714 0.25727093935325923
0.058767214764930784 0.25727093935325923
0.05866066762764807 0.25727093935325923
0.05858583190854279 0.2572959994976057
0.05861387682182922 0.25771752807440257
0.05851304418136644 0.25771752807440257
0.05849358883886812 0.2578517464621468
0.05843600687290085 0.25789431776908595
0.058377136521336435 0.2579193779134324
0.05826442197415114 0.2579193779134324
0.05821361346371996 0.2581492629709037
0.05812810179391283 0.2581492629709037
0.058078380817805766 0.25818926617115967
0.058037878506906344 0.2583558495461388
0.057996142032266745 0.25838090969048527
0.057950306347655973 0.2584560355262602
0.05794798352662565 0.25861609426504173
0.05794646312477574 0.25873379140775576
0.05789897135118058 0.2589716035361743
0.05793861357420773 0.25934890478988937
0.05787474387640777 0.25961621299625126
0.05788081445567151 0.2597301771781815
0.057774980666188906 0.2597301771781815
0.05772830897182227 0.25977274848512055
0.057734334241021805 0.25988671266705077
0.05766431063525237 0.2601540208734127
0.05756373636921945 0.2601540208734127
0.05752178938760425 0.26019659218035185
0.057485202667075894 0.2602391634872909
0.05737520550985648 0.2602391634872909
0.05731900277364794 0.2603240963902976
0.05728313598444449 0.26061646474100597
0.05719240130606975 0.26061646474100597
0.05719859420055161 0.2613911500727587
0.05720444572261981 0.2617335841148955
0.05710642888813197 0.2617335841148955
0.05710544049132417 0.26199036816526666
0.057049177780594075 0.2622576763716286
0.056997866592910666 0.26229767957188466
0.05703971913456975 0.2630026384936328
0.0570288011248267 0.2633817530320504
0.05697732902927272 0.2634217562323064
0.056978437535551145 0.26415054614442207
0.056919476972012675 0.26417560628876846
0.056871188244530864 0.2642006664331149
0.05683871815641971 0.2642406696333709
0.056799374506628864 0.26428067283362694
0.05679892803787534 0.26436324734082206
0.05674619758586117 0.2646010594692406
0.056691867634027865 0.26462611961358706
0.05664390950368149 0.26493959923741156
0.05665311692397233 0.2653711347288677
0.05656916469388315 0.2653711347288677
0.056513298153192046 0.2654653499163559
0.05646892574049902 0.26554047575213086
0.05643239874783012 0.26598256240111406
0.05633950603925694 0.26598256240111406
0.05624482553165724 0.26598256240111406
0.056202175272941496 0.2664246490500972
0.056197490981143274 0.2665439243819319
0.05614165296186899 0.26681978645089743
0.05608386542120295 0.2669863698258766
0.05603908961646037 0.2671529532008558
0.05601209853933968 0.2673130119396373
0.055922710456717144 0.2673130119396373
0.05588186531047016 0.2674984031150174
0.05578983566587199 0.2674984031150174
0.05568138362696224 0.2674984031150174
0.0556481942057018 0.26756979599000846
0.055592982843454763 0.26766401117749666
0.0555397987683382 0.2677582263649849
0.05549907871132567 0.2678333522007598
0.055413605921210564 0.2678333522007598
0.05537493248686435 0.2680187433761399
0.05533548481140277 0.2682041345515199
0.05529138584538874 0.2682983497390082
0.05528983320943365 0.26862109477043333
0.0552519403024808 0.26871530995792153
0.05529065904819987 0.26940582146808206
0.055207362516387866 0.26940582146808206
0.055158590470288205 0.2695000366555703
0.05507044553957706 0.2695000366555703
0.054972414876076944 0.2695000366555703
0.05488706141502631 0.2695000366555703
0.054803171555517 0.2695000366555703
0.05476613747452469 0.2695942518430585
0.05467817184013229 0.2695942518430585
0.05459298695429677 0.2695942518430585
0.054510168995656416 0.2695942518430585
0.05450566369917632 0.2697056479183056
0.05442920539940871 0.2697056479183056
0.054341690122396674 0.2697056479183056
0.05425369989346032 0.2697056479183056
0.05419961282247065 0.2697998631057938
0.054151387450936034 0.26989407829328205
0.054109338604785645 0.2700794694686621
0.05402918709208324 0.2700794694686621
0.053931470371293345 0.2700794694686621
0.05388712562017475 0.2701545953044371
0.05383901109555262 0.270229721140212
0.05384538938769115 0.2705309990726743
0.05375568798632785 0.2705309990726743
0.05372760766387379 0.27069758244765346
0.05364242731173199 0.27069758244765346
0.05356171361151088 0.27069758244765346
0.053478189545165755 0.27069758244765346
0.05339454889266268 0.27069758244765346
0.053312980399202285 0.27069758244765346
0.05327410799397159 0.2708641658226327
0.05319946016448125 0.2708641658226327
0.0531176445139899 0.2708641658226327
0.05303077296139455 0.2708641658226327
0.05299053787232634 0.27094909872563927
0.05291378658356772 0.27094909872563927
0.05283236378648414 0.27094909872563927
0.05274743162717158 0.27094909872563927
0.052648502893560975 0.27094909872563927
0.05256684922207248 0.27094909872563927
0.052525080102299185 0.2709891019258953
0.05244030676749409 0.2709891019258953
0.052367271070854024 0.2709891019258953
0.052297850183092055 0.2709891019258953
0.052220140116358275 0.2709891019258953
0.0521405951894815 0.2709891019258953
0.05206280143273084 0.2709891019258953
0.052056555040838844 0.27106910832640735
0.05205073347504491 0.2713820462906008
0.052053615680212204 0.27168553476624785
0.052007305572157256 0.2717606606020228
0.05191696056786141 0.2717606606020228
0.051822702178010854 0.2717606606020228
0.05182419556968052 0.2721116485067632
0.05174828720031781 0.2721116485067632
0.05175659898240523 0.27225816721752927
0.051689209607571514 0.27225816721752927
0.051616392627631694 0.27225816721752927
0.051548316590281855 0.27225816721752927
0.05147754235771932 0.27225816721752927
0.051406328836724795 0.27225816721752927
0.051330495240808335 0.27225816721752927
0.05125563715246082 0.27225816721752927
0.05121805851092513 0.27233329305330417
0.05114007869664347 0.27233329305330417
0.05106146864841729 0.27233329305330417
0.05107153428321819 0.27257500226405823
0.05099044477470914 0.27257500226405823
0.05095751398134547 0.2726150054643143
0.050886227314622196 0.2726150054643143
0.0508608682352949 0.2728003966396943
0.05083747384192016 0.27284296794663343
0.050811544690035 0.2729180937824084
0.05078164061138589 0.27311181714544597
0.05074719840477883 0.27318694298122087
0.0507531884709264 0.27342865219197493
0.05069021734026152 0.27342865219197493
0.050692811398970174 0.2735751709027409
0.05060875906070259 0.2735751709027409
0.050610438725017894 0.27372168961350696
0.050541154776774254 0.27372168961350696
0.05047392502517484 0.27372168961350696
0.05040394358110276 0.27372168961350696
0.05033531119967645 0.27372168961350696
0.05026247510422422 0.27372168961350696
0.05018722251104898 0.27372168961350696
0.05012227592860232 0.27372168961350696
0.050052739817010514 0.27372168961350696
0.05002764258550057 0.27379681544928186
0.04996133808501138 0.27379681544928186
0.04989434465985096 0.27379681544928186
0.04982262086496179 0.27379681544928186
0.04974443819895381 0.27379681544928186
0.04972536253593196 0.27386820832427294
0.049656635629922306 0.27386820832427294
0.049592275181125675 0.27386820832427294
0.04953046329409248 0.27386820832427294
0.04946754836789622 0.27386820832427294
0.04938650890672918 0.27386820832427294
0.04930475469942174 0.27386820832427294
0.049229739772025397 0.27386820832427294
0.049161729609515474 0.27386820832427294
0.04909317357723596 0.27386820832427294
0.049033307363065916 0.27386820832427294
0.04896261828827596 0.27386820832427294
0.04888825690242511 0.27386820832427294
0.04890067989123266 0.2741485917596306
0.04891431381784492 0.27442897519498827
0.04888516411069842 0.2744715465019274
0.04885023051941276 0.2749136331509106
0.048814717370905494 0.27498875898668557
0.04875057654479198 0.27498875898668557
0.048725418005988896 0.27506015186167665
0.04870507775907328 0.2751027231686157
0.048684089825005696 0.27514529447555486
0.048702726968573515 0.275387003686309
0.0486413220685593 0.275387003686309
0.04856470951716397 0.275387003686309
0.04849149356193094 0.275387003686309
0.0484353520582744 0.275387003686309
0.04841659007689412 0.27562481581472753
0.04835919076180215 0.27562481581472753
0.0482942190425941 0.27562481581472753
0.04827083104989933 0.27619010693965684
0.048208004334628955 0.27619010693965684
0.04813966836869207 0.27619010693965684
0.048081351469197425 0.27619010693965684
0.048017249048762964 0.27619010693965684
0.04795357373288738 0.27619010693965684
0.04789115512801284 0.27619010693965684
0.04782464654140296 0.27619010693965684
0.04774714669263306 0.27619010693965684
0.04767486292699376 0.27619010693965684
