0.0 1.0
0.1553508656773514 2.0
0.33087140842093155 3.0
0.42136060320212926 4.0
0.47951205271454733 5.0
0.5326722929254112 6.0
0.5759769991428099 7.0
0.5973468394598256 8.0
0.6134114262140675 9.0
0.6418733857105097 10.0
0.661167310176848 11.0
0.6860252332922913 12.0
0.6963849884796326 13.0
0.7079202922563158 14.0
0.7198126144934656 15.0
0.7205462902087993 16.0
0.7281765176482711 17.0
0.7377550617095738 18.0
0.7472462634238128 19.0
0.749709317611005 20.0
0.749709317611005 21.0
0.749709317611005 22.0
0.7592878616723078 23.0
0.7612986765958152 24.0
0.7612986765958152 25.0
0.7612986765958152 26.0
0.7675019241783732 27.0
0.7675019241783732 28.0
0.7682355998937069 29.0
0.7723863023202715 30.0
0.7818052039805524 31.0
0.7842682581677446 32.0
0.7855453973759183 33.0
0.7862790730912521 34.0
0.7885779236659647 35.0
0.7908767742406773 36.0
0.7947081918651984 37.0
0.7983154307989229 38.0
0.7990491065142568 39.0
0.8013479570889693 40.0
0.8078287592410848 41.0
0.8078287592410848 42.0
0.8085624349564188 43.0
0.8213012192285853 44.0
0.822578358436759 45.0
0.8233120341520928 46.0
0.8245891733602665 47.0
0.8245891733602665 48.0
0.8245891733602665 49.0
0.8307924209428245 50.0
0.8307924209428245 51.0
0.8336659841612153 52.0
0.8336659841612153 53.0
0.8336659841612153 54.0
0.8343996598765491 55.0
0.8356767990847228 56.0
0.8356767990847228 57.0
0.8364104748000566 58.0
0.8371441505153904 59.0
0.8409755681399115 60.0
0.8478721198640495 61.0
0.8478721198640495 62.0
0.8517035374885705 63.0
0.8517035374885705 64.0
0.8517035374885705 65.0
0.8517035374885705 66.0
0.8610631433999005 67.0
0.8610631433999005 68.0
0.8646703823336253 69.0
0.8723006097730969 70.0
0.8735777489812706 71.0
0.8735777489812706 72.0
0.8735777489812706 73.0
0.8735777489812706 74.0
0.877153738764157 75.0
0.8815656742105751 76.0
0.8815656742105751 77.0
0.8815656742105751 78.0
0.8840287283977672 79.0
0.8960703266462621 80.0
0.8999017442707831 81.0
0.9042120890983693 82.0
0.9042120890983693 83.0
0.9042120890983693 84.0
0.9042120890983693 85.0
0.9042120890983693 86.0
0.9080435067228904 87.0
0.9080435067228904 88.0
0.9087771824382241 89.0
0.9087771824382241 90.0
0.9087771824382241 91.0
0.9087771824382241 92.0
0.9087771824382241 93.0
0.9095108581535579 94.0
0.9095108581535579 95.0
0.9102445338688918 96.0
0.9102445338688918 97.0
0.9132770601589383 98.0
0.9132770601589383 99.0
0.9171084777834593 100.0
0.9171084777834593 101.0
0.9171084777834593 102.0
0.9171084777834593 103.0
0.9171084777834593 104.0
0.9220345861578436 105.0
0.9227682618731776 106.0
0.9235019375885114 107.0
0.9235019375885114 108.0
0.9235019375885114 109.0
0.9235019375885114 110.0
0.9235019375885114 111.0
0.9235019375885114 112.0
0.9235019375885114 113.0
0.9235019375885114 114.0
0.9235019375885114 115.0
0.9235019375885114 116.0
0.9235019375885114 117.0
0.9235019375885114 118.0
0.9235019375885114 119.0
0.9235019375885114 120.0
0.9271091765222359 121.0
0.9271091765222359 122.0
0.9271091765222359 123.0
0.9271091765222359 124.0
0.9271091765222359 125.0
0.9271091765222359 126.0
0.9295722307094281 127.0
0.9295722307094281 128.0
0.9295722307094281 129.0
0.9295722307094281 130.0
0.9295722307094281 131.0
0.9295722307094281 132.0
0.9334036483339491 133.0
0.9334036483339491 134.0
0.9334036483339491 135.0
0.9334036483339491 136.0
0.9365384445721936 137.0
0.9365384445721936 138.0
0.9365384445721936 139.0
0.9365384445721936 140.0
0.9365384445721936 141.0
0.9365384445721936 142.0
0.9365384445721936 143.0
0.9365384445721936 144.0
0.9365384445721936 145.0
0.9365384445721936 146.0
0.9365384445721936 147.0
0.9365384445721936 148.0
0.9365384445721936 149.0
0.9422855710089751 150.0
0.9422855710089751 151.0
0.9422855710089751 152.0
0.943019246724309 153.0
0.943019246724309 154.0
0.943019246724309 155.0
0.943019246724309 156.0
0.943019246724309 157.0
0.943019246724309 158.0
0.943019246724309 159.0
0.943019246724309 160.0
0.943019246724309 161.0
0.943019246724309 162.0
0.943019246724309 163.0
0.943019246724309 164.0
0.943019246724309 165.0
0.943019246724309 166.0
0.9437529224396428 167.0
0.9460517730143556 168.0
0.9460517730143556 169.0
0.9460517730143556 170.0
0.9460517730143556 171.0
0.9460517730143556 172.0
0.9460517730143556 173.0
0.9460517730143556 174.0
0.9460517730143556 175.0
0.9460517730143556 176.0
0.9460517730143556 177.0
0.9460517730143556 178.0
0.9460517730143556 179.0
0.9473289122225291 180.0
0.9473289122225291 181.0
0.9473289122225291 182.0
0.9473289122225291 183.0
0.9473289122225291 184.0
0.9473289122225291 185.0
0.948062587937863 186.0
0.948062587937863 187.0
0.948062587937863 188.0
0.948062587937863 189.0
0.948062587937863 190.0
0.948062587937863 191.0
0.948062587937863 192.0
0.948062587937863 193.0
0.9493397271460368 194.0
0.9493397271460368 195.0
0.9500734028613705 196.0
0.9500734028613705 197.0
0.9500734028613705 198.0
0.9513505420695442 199.0
0.9513505420695442 200.0
0.9513505420695442 201.0
0.9544853383077887 202.0
0.9544853383077887 203.0
0.9544853383077887 204.0
0.9631060279629612 205.0
0.9643831671711349 206.0
0.9651168428864687 207.0
0.9663939820946424 208.0
0.9676711213028162 209.0
0.9696819362263237 210.0
0.9696819362263237 211.0
0.9696819362263237 212.0
0.9696819362263237 213.0
0.9704156119416575 214.0
0.9724264268651649 215.0
0.9731601025804987 216.0
0.9731601025804987 217.0
0.978086210954883 218.0
0.978086210954883 219.0
0.978086210954883 220.0
0.978086210954883 221.0
0.978086210954883 222.0
0.9788198866702169 223.0
0.9826883586237952 224.0
0.983422034339129 225.0
0.983422034339129 226.0
0.983422034339129 227.0
0.983422034339129 228.0
0.9841557100544628 229.0
0.9841557100544628 230.0
0.9841557100544628 231.0
0.9841557100544628 232.0
0.9841557100544628 233.0
0.9841557100544628 234.0
0.9841557100544628 235.0
0.9841557100544628 236.0
0.9841557100544628 237.0
0.9854328492626365 238.0
0.9854328492626365 239.0
0.9854328492626365 240.0
0.9854328492626365 241.0
0.9867099884708103 242.0
0.9867099884708103 243.0
0.9867099884708103 244.0
0.9867099884708103 245.0
0.9867099884708103 246.0
0.9867099884708103 247.0
0.9867099884708103 248.0
0.9867099884708103 249.0
0.9867099884708103 250.0
0.9867099884708103 251.0
0.9867099884708103 252.0
0.9867099884708103 253.0
0.9867099884708103 254.0
0.9867099884708103 255.0
0.9867099884708103 256.0
0.9867099884708103 257.0
0.9867099884708103 258.0
0.987443664186144 259.0
0.987443664186144 260.0
0.987443664186144 261.0
0.987443664186144 262.0
0.987443664186144 263.0
0.987443664186144 264.0
0.987443664186144 265.0
0.987443664186144 266.0
0.987443664186144 267.0
0.987443664186144 268.0
0.987443664186144 269.0
0.987443664186144 270.0
0.987443664186144 271.0
0.987443664186144 272.0
0.987443664186144 273.0
0.987443664186144 274.0
0.987443664186144 275.0
0.987443664186144 276.0
0.987443664186144 277.0
0.987443664186144 278.0
0.987443664186144 279.0
0.987443664186144 280.0
0.987443664186144 281.0
0.987443664186144 282.0
0.987443664186144 283.0
0.987443664186144 284.0
0.987443664186144 285.0
0.987443664186144 286.0
0.987443664186144 287.0
0.987443664186144 288.0
0.987443664186144 289.0
0.987443664186144 290.0
0.987443664186144 291.0
0.987443664186144 292.0
0.987443664186144 293.0
0.987443664186144 294.0
0.987443664186144 295.0
0.987443664186144 296.0
0.987443664186144 297.0
0.987443664186144 298.0
0.987443664186144 299.0
0.987443664186144 300.0
0.987443664186144 301.0
0.987443664186144 302.0
0.987443664186144 303.0
0.987443664186144 304.0
0.987443664186144 305.0
0.987443664186144 306.0
0.987443664186144 307.0
0.987443664186144 308.0
0.987443664186144 309.0
0.987443664186144 310.0
0.987443664186144 311.0
0.987443664186144 312.0
0.987443664186144 313.0
0.987443664186144 314.0
0.987443664186144 315.0
0.987443664186144 316.0
0.987443664186144 317.0
0.987443664186144 318.0
0.987443664186144 319.0
0.987443664186144 320.0
0.987443664186144 321.0
0.987443664186144 322.0
0.987443664186144 323.0
0.987443664186144 324.0
0.987443664186144 325.0
0.987443664186144 326.0
0.987443664186144 327.0
0.987443664186144 328.0
0.987443664186144 329.0
0.987443664186144 330.0
0.987443664186144 331.0
0.987443664186144 332.0
0.987443664186144 333.0
0.987443664186144 334.0
0.987443664186144 335.0
0.987443664186144 336.0
0.987443664186144 337.0
0.987443664186144 338.0
0.987443664186144 339.0
0.987443664186144 340.0
0.987443664186144 341.0
0.987443664186144 342.0
0.987443664186144 343.0
0.987443664186144 344.0
0.987443664186144 345.0
0.987443664186144 346.0
0.987443664186144 347.0
0.987443664186144 348.0
0.987443664186144 349.0
0.987443664186144 350.0
0.987443664186144 351.0
0.987443664186144 352.0
0.987443664186144 353.0
0.987443664186144 354.0
0.987443664186144 355.0
0.987443664186144 356.0
0.987443664186144 357.0
0.987443664186144 358.0
0.987443664186144 359.0
0.987443664186144 360.0
0.987443664186144 361.0
0.987443664186144 362.0
0.987443664186144 363.0
0.987443664186144 364.0
0.987443664186144 365.0
0.987443664186144 366.0
0.987443664186144 367.0
0.987443664186144 368.0
0.987443664186144 369.0
0.987443664186144 370.0
0.987443664186144 371.0
0.987443664186144 372.0
0.987443664186144 373.0
0.987443664186144 374.0
0.987443664186144 375.0
0.987443664186144 376.0
0.987443664186144 377.0
0.987443664186144 378.0
0.987443664186144 379.0
0.987443664186144 380.0
0.987443664186144 381.0
0.987443664186144 382.0
0.987443664186144 383.0
0.987443664186144 384.0
0.987443664186144 385.0
0.987443664186144 386.0
0.987443664186144 387.0
0.987443664186144 388.0
0.987443664186144 389.0
0.987443664186144 390.0
0.987443664186144 391.0
0.987443664186144 392.0
0.987443664186144 393.0
0.987443664186144 394.0
0.987443664186144 395.0
0.987443664186144 396.0
0.987443664186144 397.0
0.987443664186144 398.0
0.987443664186144 399.0
0.987443664186144 400.0
0.987443664186144 401.0
0.987443664186144 402.0
0.987443664186144 403.0
0.987443664186144 404.0
0.987443664186144 405.0
0.987443664186144 406.0
0.987443664186144 407.0
0.987443664186144 408.0
0.987443664186144 409.0
0.987443664186144 410.0
0.987443664186144 411.0
0.987443664186144 412.0
0.987443664186144 413.0
0.987443664186144 414.0
0.987443664186144 415.0
0.987443664186144 416.0
0.987443664186144 417.0
0.987443664186144 418.0
0.987443664186144 419.0
0.987443664186144 420.0
0.987443664186144 421.0
0.987443664186144 422.0
0.987443664186144 423.0
0.987443664186144 424.0
0.987443664186144 425.0
0.987443664186144 426.0
0.987443664186144 427.0
0.987443664186144 428.0
0.987443664186144 429.0
0.987443664186144 430.0
0.987443664186144 431.0
0.987443664186144 432.0
0.987443664186144 433.0
0.987443664186144 434.0
0.987443664186144 435.0
0.987443664186144 436.0
0.987443664186144 437.0
0.987443664186144 438.0
0.987443664186144 439.0
0.987443664186144 440.0
0.987443664186144 441.0
0.987443664186144 442.0
0.987443664186144 443.0
0.987443664186144 444.0
0.987443664186144 445.0
0.987443664186144 446.0
0.987443664186144 447.0
0.987443664186144 448.0
0.987443664186144 449.0
0.987443664186144 450.0
0.987443664186144 451.0
0.987443664186144 452.0
0.987443664186144 453.0
0.987443664186144 454.0
0.987443664186144 455.0
0.987443664186144 456.0
0.987443664186144 457.0
0.987443664186144 458.0
0.987443664186144 459.0
0.987443664186144 460.0
0.987443664186144 461.0
0.987443664186144 462.0
0.987443664186144 463.0
0.987443664186144 464.0
0.987443664186144 465.0
0.987443664186144 466.0
0.987443664186144 467.0
0.987443664186144 468.0
0.987443664186144 469.0
0.987443664186144 470.0
0.987443664186144 471.0
0.987443664186144 472.0
0.987443664186144 473.0
0.987443664186144 474.0
0.987443664186144 475.0
0.987443664186144 476.0
0.987443664186144 477.0
0.987443664186144 478.0
0.987443664186144 479.0
0.987443664186144 480.0
0.987443664186144 481.0
0.987443664186144 482.0
0.987443664186144 483.0
0.987443664186144 484.0
0.987443664186144 485.0
0.987443664186144 486.0
0.987443664186144 487.0
0.987443664186144 488.0
0.987443664186144 489.0
0.987443664186144 490.0
0.987443664186144 491.0
0.987443664186144 492.0
0.987443664186144 493.0
0.987443664186144 494.0
0.987443664186144 495.0
0.987443664186144 496.0
0.987443664186144 497.0
0.987443664186144 498.0
0.987443664186144 499.0
0.987443664186144 500.0
0.987443664186144 501.0
0.987443664186144 502.0
0.987443664186144 503.0
0.987443664186144 504.0
0.987443664186144 505.0
0.987443664186144 506.0
0.987443664186144 507.0
0.987443664186144 508.0
0.987443664186144 509.0
0.987443664186144 510.0
0.987443664186144 511.0
0.987443664186144 512.0
0.987443664186144 513.0
0.987443664186144 514.0
0.987443664186144 515.0
0.987443664186144 516.0
0.987443664186144 517.0
0.987443664186144 518.0
0.987443664186144 519.0
0.987443664186144 520.0
0.987443664186144 521.0
0.987443664186144 522.0
0.987443664186144 523.0
0.987443664186144 524.0
0.987443664186144 525.0
0.987443664186144 526.0
0.987443664186144 527.0
0.987443664186144 528.0
0.987443664186144 529.0
0.987443664186144 530.0
0.987443664186144 531.0
0.987443664186144 532.0
0.987443664186144 533.0
0.987443664186144 534.0
0.987443664186144 535.0
0.987443664186144 536.0
0.987443664186144 537.0
0.987443664186144 538.0
0.987443664186144 539.0
0.987443664186144 540.0
0.987443664186144 541.0
0.987443664186144 542.0
0.987443664186144 543.0
0.987443664186144 544.0
0.987443664186144 545.0
0.987443664186144 546.0
0.987443664186144 547.0
0.987443664186144 548.0
0.987443664186144 549.0
0.987443664186144 550.0
0.987443664186144 551.0
0.987443664186144 552.0
0.987443664186144 553.0
0.987443664186144 554.0
0.987443664186144 555.0
0.987443664186144 556.0
0.987443664186144 557.0
0.987443664186144 558.0
0.987443664186144 559.0
0.987443664186144 560.0
0.987443664186144 561.0
0.987443664186144 562.0
0.987443664186144 563.0
0.987443664186144 564.0
0.987443664186144 565.0
0.987443664186144 566.0
0.987443664186144 567.0
0.987443664186144 568.0
0.987443664186144 569.0
0.987443664186144 570.0
0.987443664186144 571.0
0.987443664186144 572.0
0.987443664186144 573.0
0.987443664186144 574.0
0.987443664186144 575.0
0.987443664186144 576.0
0.987443664186144 577.0
0.987443664186144 578.0
0.987443664186144 579.0
0.987443664186144 580.0
0.987443664186144 581.0
0.987443664186144 582.0
0.987443664186144 583.0
0.987443664186144 584.0
0.987443664186144 585.0
0.987443664186144 586.0
0.987443664186144 587.0
0.987443664186144 588.0
0.987443664186144 589.0
0.987443664186144 590.0
0.987443664186144 591.0
0.987443664186144 592.0
0.987443664186144 593.0
0.987443664186144 594.0
0.987443664186144 595.0
0.987443664186144 596.0
0.987443664186144 597.0
0.987443664186144 598.0
0.987443664186144 599.0
0.987443664186144 600.0
0.987443664186144 601.0
0.987443664186144 602.0
0.987443664186144 603.0
0.987443664186144 604.0
0.987443664186144 605.0
0.987443664186144 606.0
0.987443664186144 607.0
0.987443664186144 608.0
0.987443664186144 609.0
0.987443664186144 610.0
0.987443664186144 611.0
0.987443664186144 612.0
0.987443664186144 613.0
0.987443664186144 614.0
0.987443664186144 615.0
0.987443664186144 616.0
0.987443664186144 617.0
0.987443664186144 618.0
0.987443664186144 619.0
0.987443664186144 620.0
0.987443664186144 621.0
0.987443664186144 622.0
0.987443664186144 623.0
0.987443664186144 624.0
0.987443664186144 625.0
0.987443664186144 626.0
0.987443664186144 627.0
0.987443664186144 628.0
0.987443664186144 629.0
0.987443664186144 630.0
0.987443664186144 631.0
0.987443664186144 632.0
0.987443664186144 633.0
0.987443664186144 634.0
0.987443664186144 635.0
0.987443664186144 636.0
0.987443664186144 637.0
0.987443664186144 638.0
0.987443664186144 639.0
0.987443664186144 640.0
0.987443664186144 641.0
0.987443664186144 642.0
0.987443664186144 643.0
0.987443664186144 644.0
0.987443664186144 645.0
0.987443664186144 646.0
0.987443664186144 647.0
0.987443664186144 648.0
0.987443664186144 649.0
0.987443664186144 650.0
0.987443664186144 651.0
0.987443664186144 652.0
0.987443664186144 653.0
0.987443664186144 654.0
0.987443664186144 655.0
0.987443664186144 656.0
0.987443664186144 657.0
0.987443664186144 658.0
0.987443664186144 659.0
0.987443664186144 660.0
0.987443664186144 661.0
0.987443664186144 662.0
0.987443664186144 663.0
0.987443664186144 664.0
0.987443664186144 665.0
0.987443664186144 666.0
0.987443664186144 667.0
0.987443664186144 668.0
0.987443664186144 669.0
0.987443664186144 670.0
0.987443664186144 671.0
0.987443664186144 672.0
0.987443664186144 673.0
0.987443664186144 674.0
0.987443664186144 675.0
0.987443664186144 676.0
0.987443664186144 677.0
0.987443664186144 678.0
0.987443664186144 679.0
0.987443664186144 680.0
0.987443664186144 681.0
0.987443664186144 682.0
0.987443664186144 683.0
0.987443664186144 684.0
0.987443664186144 685.0
0.987443664186144 686.0
0.987443664186144 687.0
0.987443664186144 688.0
0.987443664186144 689.0
0.987443664186144 690.0
0.987443664186144 691.0
0.987443664186144 692.0
0.987443664186144 693.0
0.987443664186144 694.0
0.987443664186144 695.0
0.987443664186144 696.0
0.987443664186144 697.0
0.987443664186144 698.0
0.987443664186144 699.0
0.987443664186144 700.0
0.987443664186144 701.0
0.987443664186144 702.0
0.987443664186144 703.0
0.987443664186144 704.0
0.987443664186144 705.0
0.987443664186144 706.0
0.987443664186144 707.0
0.987443664186144 708.0
0.987443664186144 709.0
0.987443664186144 710.0
0.987443664186144 711.0
0.987443664186144 712.0
0.987443664186144 713.0
0.987443664186144 714.0
0.987443664186144 715.0
0.987443664186144 716.0
0.987443664186144 717.0
0.987443664186144 718.0
0.987443664186144 719.0
0.987443664186144 720.0
0.987443664186144 721.0
0.987443664186144 722.0
0.987443664186144 723.0
0.987443664186144 724.0
0.987443664186144 725.0
0.987443664186144 726.0
0.987443664186144 727.0
0.987443664186144 728.0
0.987443664186144 729.0
0.987443664186144 730.0
0.987443664186144 731.0
0.987443664186144 732.0
0.987443664186144 733.0
0.987443664186144 734.0
0.987443664186144 735.0
0.987443664186144 736.0
0.987443664186144 737.0
0.987443664186144 738.0
0.987443664186144 739.0
0.987443664186144 740.0
0.987443664186144 741.0
0.987443664186144 742.0
0.987443664186144 743.0
0.987443664186144 744.0
0.987443664186144 745.0
0.987443664186144 746.0
0.987443664186144 747.0
0.987443664186144 748.0
0.987443664186144 749.0
0.987443664186144 750.0
0.987443664186144 751.0
0.987443664186144 752.0
0.987443664186144 753.0
0.987443664186144 754.0
0.987443664186144 755.0
0.987443664186144 756.0
0.987443664186144 757.0
0.987443664186144 758.0
0.987443664186144 759.0
0.987443664186144 760.0
0.987443664186144 761.0
0.987443664186144 762.0
0.987443664186144 763.0
0.987443664186144 764.0
0.987443664186144 765.0
0.987443664186144 766.0
0.987443664186144 767.0
0.987443664186144 768.0
0.987443664186144 769.0
0.987443664186144 770.0
0.987443664186144 771.0
0.987443664186144 772.0
0.987443664186144 773.0
0.987443664186144 774.0
0.987443664186144 775.0
0.987443664186144 776.0
0.987443664186144 777.0
0.987443664186144 778.0
0.987443664186144 779.0
0.987443664186144 780.0
0.987443664186144 781.0
0.987443664186144 782.0
0.987443664186144 783.0
0.987443664186144 784.0
0.987443664186144 785.0
0.987443664186144 786.0
0.987443664186144 787.0
0.987443664186144 788.0
0.987443664186144 789.0
0.987443664186144 790.0
0.987443664186144 791.0
0.987443664186144 792.0
0.994340215910282 793.0
0.994340215910282 794.0
0.994340215910282 795.0
0.994340215910282 796.0
0.994340215910282 797.0
0.994340215910282 798.0
0.994340215910282 799.0
0.994340215910282 800.0
0.994340215910282 801.0
0.994340215910282 802.0
0.994340215910282 803.0
0.994340215910282 804.0
0.994340215910282 805.0
0.994340215910282 806.0
0.994340215910282 807.0
0.994340215910282 808.0
0.994340215910282 809.0
0.994340215910282 810.0
0.994340215910282 811.0
0.994340215910282 812.0
0.994340215910282 813.0
0.994340215910282 814.0
0.994340215910282 815.0
0.994340215910282 816.0
0.994340215910282 817.0
0.994340215910282 818.0
0.994340215910282 819.0
0.994340215910282 820.0
0.994340215910282 821.0
0.994340215910282 822.0
0.994340215910282 823.0
0.994340215910282 824.0
0.994340215910282 825.0
0.994340215910282 826.0
0.994340215910282 827.0
0.994340215910282 828.0
0.994340215910282 829.0
0.994340215910282 830.0
0.994340215910282 831.0
0.994340215910282 832.0
0.994340215910282 833.0
0.994340215910282 834.0
0.994340215910282 835.0
0.994340215910282 836.0
0.994340215910282 837.0
0.994340215910282 838.0
0.994340215910282 839.0
0.994340215910282 840.0
0.994340215910282 841.0
0.994340215910282 842.0
0.994340215910282 843.0
0.994340215910282 844.0
0.994340215910282 845.0
0.994340215910282 846.0
0.994340215910282 847.0
0.994340215910282 848.0
0.994340215910282 849.0
0.994340215910282 850.0
0.994340215910282 851.0
0.994340215910282 852.0
0.994340215910282 853.0
0.994340215910282 854.0
0.994340215910282 855.0
0.994340215910282 856.0
0.994340215910282 857.0
0.994340215910282 858.0
0.994340215910282 859.0
0.994340215910282 860.0
0.994340215910282 861.0
0.994340215910282 862.0
0.994340215910282 863.0
0.994340215910282 864.0
0.994340215910282 865.0
0.994340215910282 866.0
0.994340215910282 867.0
0.994340215910282 868.0
0.994340215910282 869.0
0.994340215910282 870.0
0.994340215910282 871.0
0.994340215910282 872.0
0.994340215910282 873.0
0.994340215910282 874.0
0.994340215910282 875.0
0.994340215910282 876.0
0.994340215910282 877.0
0.994340215910282 878.0
0.994340215910282 879.0
0.994340215910282 880.0
0.994340215910282 881.0
0.994340215910282 882.0
0.994340215910282 883.0
0.994340215910282 884.0
0.994340215910282 885.0
0.994340215910282 886.0
0.994340215910282 887.0
0.994340215910282 888.0
0.994340215910282 889.0
0.994340215910282 890.0
0.994340215910282 891.0
0.994340215910282 892.0
0.994340215910282 893.0
0.994340215910282 894.0
0.994340215910282 895.0
0.994340215910282 896.0
0.994340215910282 897.0
0.994340215910282 898.0
0.994340215910282 899.0
0.994340215910282 900.0
0.994340215910282 901.0
0.994340215910282 902.0
0.994340215910282 903.0
0.994340215910282 904.0
0.994340215910282 905.0
0.994340215910282 906.0
0.994340215910282 907.0
0.994340215910282 908.0
0.994340215910282 909.0
0.994340215910282 910.0
0.994340215910282 911.0
0.994340215910282 912.0
0.994340215910282 913.0
0.994340215910282 914.0
0.994340215910282 915.0
0.994340215910282 916.0
0.994340215910282 917.0
0.994340215910282 918.0
0.994340215910282 919.0
0.994340215910282 920.0
0.994340215910282 921.0
0.994340215910282 922.0
0.994340215910282 923.0
0.994340215910282 924.0
0.994340215910282 925.0
0.994340215910282 926.0
0.994340215910282 927.0
0.994340215910282 928.0
0.994340215910282 929.0
0.994340215910282 930.0
0.994340215910282 931.0
0.994340215910282 932.0
0.994340215910282 933.0
0.994340215910282 934.0
0.994340215910282 935.0
0.994340215910282 936.0
0.994340215910282 937.0
0.994340215910282 938.0
0.994340215910282 939.0
0.994340215910282 940.0
0.994340215910282 941.0
0.994340215910282 942.0
0.994340215910282 943.0
0.994340215910282 944.0
0.994340215910282 945.0
0.994340215910282 946.0
0.994340215910282 947.0
0.994340215910282 948.0
0.994340215910282 949.0
0.994340215910282 950.0
0.994340215910282 951.0
0.994340215910282 952.0
0.994340215910282 953.0
0.994340215910282 954.0
0.994340215910282 955.0
0.994340215910282 956.0
0.994340215910282 957.0
0.994340215910282 958.0
0.994340215910282 959.0
0.994340215910282 960.0
0.994340215910282 961.0
0.994340215910282 962.0
0.994340215910282 963.0
0.994340215910282 964.0
0.994340215910282 965.0
0.994340215910282 966.0
0.994340215910282 967.0
0.994340215910282 968.0
0.994340215910282 969.0
0.994340215910282 970.0
0.994340215910282 971.0
0.994340215910282 972.0
0.994340215910282 973.0
0.994340215910282 974.0
0.994340215910282 975.0
0.994340215910282 976.0
0.994340215910282 977.0
0.994340215910282 978.0
0.994340215910282 979.0
0.994340215910282 980.0
0.994340215910282 981.0
0.994340215910282 982.0
0.994340215910282 983.0
0.994340215910282 984.0
0.994340215910282 985.0
0.994340215910282 986.0
0.994340215910282 987.0
0.994340215910282 988.0
0.994340215910282 989.0
0.994340215910282 990.0
0.994340215910282 991.0
0.994340215910282 992.0
0.994340215910282 993.0
0.994340215910282 994.0
0.994340215910282 995.0
0.994340215910282 996.0
0.994340215910282 997.0
0.994340215910282 998.0
0.994340215910282 999.0
0.994340215910282 1000.0
0.994340215910282 1001.0
0.994340215910282 1002.0
0.994340215910282 1003.0
0.994340215910282 1004.0
0.994340215910282 1005.0
0.994340215910282 1005.9655172413793
0.994340215910282 1006.9310344827586
0.994340215910282 1007.8620689655172
0.994340215910282 1008.7931034482758
0.994340215910282 1009.7241379310345
0.994340215910282 1010.6551724137931
0.994340215910282 1011.5862068965517
0.994340215910282 1012.5172413793103
0.994340215910282 1013.448275862069
0.994340215910282 1014.3793103448276
0.994340215910282 1015.3103448275862
0.994340215910282 1016.2413793103449
0.994340215910282 1017.1724137931035
0.994340215910282 1018.1034482758621
0.994340215910282 1019.0344827586207
0.994340215910282 1019.9655172413793
0.994340215910282 1020.8965517241379
0.994340215910282 1021.8275862068965
0.994340215910282 1022.7586206896551
0.994340215910282 1023.6896551724138
0.994340215910282 1024.6206896551723
0.994340215910282 1025.551724137931
0.994340215910282 1026.4827586206898
0.994340215910282 1027.4137931034484
0.994340215910282 1028.344827586207
0.994340215910282 1029.2758620689656
0.994340215910282 1030.2068965517242
0.994340215910282 1031.1379310344828
0.994340215910282 1032.0689655172414
0.994340215910282 1033.0
0.994340215910282 1033.9310344827586
0.994340215910282 1034.8620689655172
0.994340215910282 1035.7931034482758
0.994340215910282 1036.7241379310344
0.994340215910282 1037.655172413793
0.994340215910282 1038.5862068965516
0.994340215910282 1039.5172413793102
0.994340215910282 1040.448275862069
0.994340215910282 1041.3793103448277
0.994340215910282 1042.3103448275863
0.994340215910282 1043.2413793103449
0.994340215910282 1044.1724137931035
0.994340215910282 1045.103448275862
0.994340215910282 1046.0344827586207
0.994340215910282 1046.9655172413793
0.994340215910282 1047.896551724138
0.994340215910282 1048.8275862068965
0.994340215910282 1049.7586206896551
0.994340215910282 1050.6896551724137
0.994340215910282 1051.6206896551723
0.994340215910282 1052.551724137931
0.994340215910282 1053.4827586206898
0.994340215910282 1054.4137931034484
0.994340215910282 1055.344827586207
0.994340215910282 1056.2758620689656
0.994340215910282 1057.2068965517242
0.994340215910282 1058.1379310344828
0.994340215910282 1059.0689655172414
0.994340215910282 1060.0
0.994340215910282 1060.9310344827586
0.994340215910282 1061.8620689655172
0.994340215910282 1062.7931034482758
0.994340215910282 1063.7241379310344
0.994340215910282 1064.655172413793
0.994340215910282 1065.5862068965516
0.994340215910282 1066.5172413793102
0.994340215910282 1067.448275862069
0.994340215910282 1068.3793103448277
0.994340215910282 1069.3103448275863
0.994340215910282 1070.2413793103449
0.994340215910282 1071.1724137931035
0.994340215910282 1072.103448275862
0.994340215910282 1073.0344827586207
0.994340215910282 1073.9655172413793
0.994340215910282 1074.8620689655172
0.994340215910282 1075.7586206896551
0.994340215910282 1076.655172413793
0.994340215910282 1077.551724137931
0.994340215910282 1078.448275862069
0.994340215910282 1079.344827586207
0.994340215910282 1080.2413793103449
0.994340215910282 1081.1379310344828
0.994340215910282 1082.0344827586207
0.994340215910282 1082.9310344827586
0.994340215910282 1083.8275862068965
0.994340215910282 1084.7241379310344
0.994340215910282 1085.6206896551723
0.994340215910282 1086.5172413793102
0.994340215910282 1087.4137931034484
0.994340215910282 1088.3103448275863
0.994340215910282 1089.2068965517242
0.994340215910282 1090.103448275862
0.994340215910282 1091.0
0.994340215910282 1091.896551724138
0.994340215910282 1092.7931034482758
0.994340215910282 1093.6896551724137
0.994340215910282 1094.5862068965516
0.994340215910282 1095.4827586206898
0.994340215910282 1096.3793103448277
0.994340215910282 1097.2758620689656
0.994340215910282 1098.1724137931035
0.994340215910282 1099.0689655172414
0.994340215910282 1099.9655172413793
0.994340215910282 1100.8620689655172
0.994340215910282 1101.7586206896551
0.994340215910282 1102.655172413793
0.994340215910282 1103.551724137931
0.994340215910282 1104.448275862069
0.994340215910282 1105.344827586207
0.994340215910282 1106.2413793103449
0.994340215910282 1107.0689655172414
0.994340215910282 1107.896551724138
0.994340215910282 1108.7241379310344
0.994340215910282 1109.551724137931
0.994340215910282 1110.3793103448277
0.994340215910282 1111.2068965517242
0.994340215910282 1112.0344827586207
0.994340215910282 1112.8620689655172
0.994340215910282 1113.6896551724137
0.994340215910282 1114.5172413793102
0.994340215910282 1115.344827586207
0.994340215910282 1116.1724137931035
0.994340215910282 1117.0
0.994340215910282 1117.8275862068965
0.994340215910282 1118.655172413793
0.994340215910282 1119.4827586206898
0.994340215910282 1120.3103448275863
0.994340215910282 1121.1379310344828
0.994340215910282 1121.9655172413793
0.994340215910282 1122.7931034482758
0.994340215910282 1123.6206896551723
0.994340215910282 1124.448275862069
0.994340215910282 1125.2758620689656
0.994340215910282 1126.0689655172414
0.994340215910282 1126.8620689655172
0.994340215910282 1127.655172413793
0.994340215910282 1128.448275862069
0.994340215910282 1129.2413793103449
0.994340215910282 1130.0344827586207
0.994340215910282 1130.8275862068965
0.994340215910282 1131.6206896551723
0.994340215910282 1132.4137931034484
0.994340215910282 1133.2068965517242
0.994340215910282 1134.0
0.994340215910282 1134.7931034482758
0.994340215910282 1135.5862068965516
0.994340215910282 1136.3793103448277
0.994340215910282 1137.1724137931035
0.994340215910282 1137.9655172413793
0.994340215910282 1138.7586206896551
0.994340215910282 1139.551724137931
0.994340215910282 1140.344827586207
0.994340215910282 1141.1379310344828
0.994340215910282 1141.9310344827586
0.994340215910282 1142.7241379310344
0.994340215910282 1143.5172413793102
0.994340215910282 1144.3103448275863
0.994340215910282 1145.103448275862
0.994340215910282 1145.896551724138
0.994340215910282 1146.6896551724137
0.994340215910282 1147.4827586206898
0.994340215910282 1148.2758620689656
0.994340215910282 1149.0689655172414
0.994340215910282 1149.8620689655172
0.994340215910282 1150.655172413793
0.994340215910282 1151.448275862069
0.994340215910282 1152.2413793103449
0.994340215910282 1153.0344827586207
0.994340215910282 1153.8275862068965
0.994340215910282 1154.6206896551723
0.994340215910282 1155.4137931034484
0.994340215910282 1156.2068965517242
0.994340215910282 1157.0
0.994340215910282 1157.7931034482758
0.994340215910282 1158.5862068965516
0.994340215910282 1159.3793103448277
0.994340215910282 1160.1724137931035
0.994340215910282 1160.9655172413793
0.994340215910282 1161.7586206896551
0.994340215910282 1162.551724137931
0.994340215910282 1163.344827586207
0.994340215910282 1164.1379310344828
0.994340215910282 1164.9310344827586
0.994340215910282 1165.7241379310344
0.994340215910282 1166.5172413793102
0.994340215910282 1167.3103448275863
0.994340215910282 1168.103448275862
0.994340215910282 1168.896551724138
0.994340215910282 1169.6896551724137
0.994340215910282 1170.4827586206898
0.994340215910282 1171.2758620689656
0.994340215910282 1172.0689655172414
0.994340215910282 1172.8620689655172
0.994340215910282 1173.655172413793
0.994340215910282 1174.448275862069
0.994340215910282 1175.2413793103449
0.994340215910282 1176.0344827586207
0.994340215910282 1176.8275862068965
0.994340215910282 1177.6206896551723
0.994340215910282 1178.4137931034484
0.994340215910282 1179.2068965517242
0.994340215910282 1180.0
0.994340215910282 1180.7931034482758
0.994340215910282 1181.5862068965516
0.994340215910282 1182.3793103448277
0.994340215910282 1183.1724137931035
0.994340215910282 1183.9655172413793
0.994340215910282 1184.7586206896551
0.994340215910282 1185.551724137931
0.994340215910282 1186.344827586207
0.994340215910282 1187.1379310344828
0.994340215910282 1187.9310344827586
0.994340215910282 1188.7241379310344
0.994340215910282 1189.5172413793102
0.994340215910282 1190.3103448275863
0.994340215910282 1191.103448275862
0.994340215910282 1191.896551724138
0.994340215910282 1192.6896551724137
0.994340215910282 1193.4827586206898
0.994340215910282 1194.2758620689656
0.994340215910282 1195.0689655172414
0.994340215910282 1195.8620689655172
0.994340215910282 1196.655172413793
0.994340215910282 1197.448275862069
0.994340215910282 1198.2413793103449
0.994340215910282 1199.0344827586207
0.994340215910282 1199.8275862068965
0.994340215910282 1200.6206896551723
0.994340215910282 1201.4137931034484
0.994340215910282 1202.2068965517242
0.994340215910282 1203.0
0.994340215910282 1203.7931034482758
0.994340215910282 1204.5862068965516
0.994340215910282 1205.3793103448277
0.994340215910282 1206.1724137931035
0.994340215910282 1206.9310344827586
0.994340215910282 1207.6896551724137
0.994340215910282 1208.448275862069
0.994340215910282 1209.2068965517242
0.994340215910282 1209.9655172413793
0.994340215910282 1210.7241379310344
0.994340215910282 1211.4827586206898
0.994340215910282 1212.2413793103449
0.994340215910282 1213.0
0.994340215910282 1213.7586206896551
0.994340215910282 1214.5172413793102
0.994340215910282 1215.2758620689656
0.994340215910282 1216.0344827586207
0.994340215910282 1216.7931034482758
0.994340215910282 1217.551724137931
0.994340215910282 1218.3103448275863
0.994340215910282 1219.0689655172414
0.994340215910282 1219.8275862068965
0.994340215910282 1220.5862068965516
0.994340215910282 1221.344827586207
0.994340215910282 1222.103448275862
0.994340215910282 1222.8620689655172
0.994340215910282 1223.6206896551723
0.994340215910282 1224.3793103448277
0.994340215910282 1225.1379310344828
0.994340215910282 1225.896551724138
0.994340215910282 1226.655172413793
0.994340215910282 1227.4137931034484
0.994340215910282 1228.1724137931035
0.994340215910282 1228.9310344827586
0.994340215910282 1229.6896551724137
0.994340215910282 1230.448275862069
0.994340215910282 1231.2068965517242
0.994340215910282 1231.9655172413793
0.994340215910282 1232.7241379310344
0.994340215910282 1233.4827586206898
0.994340215910282 1234.2413793103449
0.994340215910282 1235.0
0.994340215910282 1235.7586206896551
0.994340215910282 1236.5172413793102
0.994340215910282 1237.2758620689656
0.994340215910282 1238.0344827586207
0.994340215910282 1238.7931034482758
0.994340215910282 1239.551724137931
0.994340215910282 1240.3103448275863
0.994340215910282 1241.0689655172414
0.994340215910282 1241.8275862068965
0.994340215910282 1242.5862068965516
0.994340215910282 1243.344827586207
0.994340215910282 1244.103448275862
0.994340215910282 1244.8620689655172
0.994340215910282 1245.6206896551723
0.994340215910282 1246.3793103448277
0.994340215910282 1247.1379310344828
0.994340215910282 1247.896551724138
0.994340215910282 1248.655172413793
0.994340215910282 1249.4137931034484
0.994340215910282 1250.1724137931035
0.994340215910282 1250.9310344827586
0.994340215910282 1251.6896551724137
0.994340215910282 1252.448275862069
0.994340215910282 1253.2068965517242
0.994340215910282 1253.9310344827586
0.994340215910282 1254.655172413793
0.994340215910282 1255.3793103448277
0.994340215910282 1256.103448275862
0.994340215910282 1256.7931034482758
0.994340215910282 1257.4827586206898
0.994340215910282 1258.1724137931035
0.994340215910282 1258.8620689655172
0.994340215910282 1259.551724137931
0.994340215910282 1260.2413793103449
0.994340215910282 1260.9310344827586
0.994340215910282 1261.6206896551723
0.994340215910282 1262.3103448275863
0.994340215910282 1263.0
0.994340215910282 1263.6896551724137
0.994340215910282 1264.3793103448277
0.994340215910282 1265.0689655172414
0.994340215910282 1265.7586206896551
0.994340215910282 1266.448275862069
0.994340215910282 1267.1379310344828
0.994340215910282 1267.8275862068965
0.994340215910282 1268.5172413793102
0.994340215910282 1269.2068965517242
0.994340215910282 1269.896551724138
0.994340215910282 1270.5862068965516
0.994340215910282 1271.2758620689656
0.994340215910282 1271.9655172413793
0.994340215910282 1272.655172413793
0.994340215910282 1273.344827586207
0.994340215910282 1274.0344827586207
0.994340215910282 1274.7241379310344
0.994340215910282 1275.4137931034484
0.994340215910282 1276.103448275862
0.994340215910282 1276.7931034482758
0.994340215910282 1277.4827586206898
0.994340215910282 1278.1724137931035
0.994340215910282 1278.8620689655172
0.994340215910282 1279.551724137931
0.994340215910282 1280.2413793103449
0.994340215910282 1280.9310344827586
0.994340215910282 1281.6206896551723
0.994340215910282 1282.3103448275863
0.994340215910282 1283.0
0.994340215910282 1283.6896551724137
0.994340215910282 1284.3793103448277
0.994340215910282 1285.0689655172414
0.994340215910282 1285.7586206896551
0.994340215910282 1286.448275862069
0.994340215910282 1287.1379310344828
0.994340215910282 1287.8275862068965
0.994340215910282 1288.5172413793102
0.994340215910282 1289.2068965517242
0.994340215910282 1289.896551724138
0.994340215910282 1290.5862068965516
0.994340215910282 1291.2758620689656
0.994340215910282 1291.9655172413793
0.994340215910282 1292.655172413793
0.994340215910282 1293.344827586207
0.994340215910282 1294.0344827586207
0.994340215910282 1294.7241379310344
0.994340215910282 1295.4137931034484
0.994340215910282 1296.103448275862
0.994340215910282 1296.7931034482758
0.994340215910282 1297.4827586206898
0.994340215910282 1298.1724137931035
0.994340215910282 1298.8620689655172
0.994340215910282 1299.551724137931
0.994340215910282 1300.2413793103449
0.994340215910282 1300.9310344827586
0.994340215910282 1301.6206896551723
0.994340215910282 1302.3103448275863
0.994340215910282 1303.0
0.994340215910282 1303.6896551724137
0.994340215910282 1304.3793103448277
0.994340215910282 1305.0689655172414
0.994340215910282 1305.7586206896551
0.994340215910282 1306.448275862069
0.994340215910282 1307.1379310344828
0.994340215910282 1307.8275862068965
0.994340215910282 1308.4827586206898
0.994340215910282 1309.1379310344828
0.994340215910282 1309.7931034482758
0.994340215910282 1310.448275862069
0.994340215910282 1311.103448275862
0.994340215910282 1311.7586206896551
0.994340215910282 1312.4137931034484
0.994340215910282 1313.0689655172414
0.994340215910282 1313.7241379310344
0.994340215910282 1314.3793103448277
0.994340215910282 1315.0344827586207
0.994340215910282 1315.6896551724137
0.994340215910282 1316.344827586207
0.994340215910282 1317.0
0.994340215910282 1317.655172413793
0.994340215910282 1318.3103448275863
0.994340215910282 1318.9655172413793
0.994340215910282 1319.6206896551723
0.994340215910282 1320.2758620689656
0.994340215910282 1320.9310344827586
0.994340215910282 1321.5862068965516
0.994340215910282 1322.2413793103449
0.994340215910282 1322.896551724138
0.994340215910282 1323.551724137931
0.994340215910282 1324.2068965517242
0.994340215910282 1324.8620689655172
0.994340215910282 1325.5172413793102
0.994340215910282 1326.1724137931035
0.994340215910282 1326.8275862068965
0.994340215910282 1327.4827586206898
0.994340215910282 1328.1379310344828
0.994340215910282 1328.7931034482758
0.994340215910282 1329.448275862069
0.994340215910282 1330.103448275862
0.994340215910282 1330.7586206896551
0.994340215910282 1331.4137931034484
0.994340215910282 1332.0689655172414
0.994340215910282 1332.7241379310344
0.994340215910282 1333.3793103448277
0.994340215910282 1334.0344827586207
0.994340215910282 1334.6896551724137
0.994340215910282 1335.344827586207
0.994340215910282 1336.0
0.994340215910282 1336.655172413793
0.994340215910282 1337.3103448275863
0.994340215910282 1337.9655172413793
0.994340215910282 1338.6206896551723
0.994340215910282 1339.2758620689656
0.994340215910282 1339.9310344827586
0.994340215910282 1340.5862068965516
0.994340215910282 1341.2413793103449
0.994340215910282 1341.896551724138
0.994340215910282 1342.551724137931
0.994340215910282 1343.2068965517242
0.994340215910282 1343.8620689655172
0.994340215910282 1344.5172413793102
0.994340215910282 1345.1724137931035
0.994340215910282 1345.8275862068965
0.994340215910282 1346.4827586206898
0.994340215910282 1347.1379310344828
0.994340215910282 1347.7931034482758
0.994340215910282 1348.448275862069
0.994340215910282 1349.103448275862
0.994340215910282 1349.7586206896551
0.994340215910282 1350.4137931034484
0.994340215910282 1351.0689655172414
0.994340215910282 1351.7241379310344
0.994340215910282 1352.3793103448277
0.994340215910282 1353.0344827586207
0.994340215910282 1353.6896551724137
0.994340215910282 1354.344827586207
0.994340215910282 1355.0
0.994340215910282 1355.655172413793
0.994340215910282 1356.3103448275863
0.994340215910282 1356.9655172413793
0.994340215910282 1357.6206896551723
0.994340215910282 1358.2758620689656
0.994340215910282 1358.9310344827586
0.994340215910282 1359.5862068965516
0.994340215910282 1360.2413793103449
0.994340215910282 1360.896551724138
0.994340215910282 1361.551724137931
0.994340215910282 1362.2068965517242
0.994340215910282 1362.8620689655172
0.994340215910282 1363.5172413793102
0.994340215910282 1364.1379310344828
0.994340215910282 1364.7241379310344
0.994340215910282 1365.3103448275863
0.994340215910282 1365.896551724138
0.994340215910282 1366.4827586206898
0.994340215910282 1367.0689655172414
0.994340215910282 1367.655172413793
0.994340215910282 1368.2413793103449
0.994340215910282 1368.8275862068965
0.994340215910282 1369.4137931034484
0.994340215910282 1370.0
0.994340215910282 1370.5862068965516
0.994340215910282 1371.1724137931035
0.994340215910282 1371.7586206896551
0.994340215910282 1372.344827586207
0.994340215910282 1372.9310344827586
0.994340215910282 1373.5172413793102
0.994340215910282 1374.103448275862
0.994340215910282 1374.6896551724137
0.994340215910282 1375.2413793103449
0.994340215910282 1375.7931034482758
0.994340215910282 1376.344827586207
0.994340215910282 1376.896551724138
0.994340215910282 1377.448275862069
0.994340215910282 1378.0
0.994340215910282 1378.5172413793102
0.994340215910282 1379.0344827586207
0.994340215910282 1379.551724137931
0.994340215910282 1380.0689655172414
0.994340215910282 1380.5862068965516
0.994340215910282 1381.103448275862
0.994340215910282 1381.6206896551723
0.994340215910282 1382.1379310344828
0.994340215910282 1382.655172413793
0.994340215910282 1383.1724137931035
0.994340215910282 1383.6896551724137
0.994340215910282 1384.2068965517242
0.994340215910282 1384.7241379310344
0.994340215910282 1385.2413793103449
0.994340215910282 1385.7586206896551
0.994340215910282 1386.2758620689656
0.994340215910282 1386.7931034482758
0.994340215910282 1387.3103448275863
0.994340215910282 1387.8275862068965
0.994340215910282 1388.344827586207
0.994340215910282 1388.8620689655172
0.994340215910282 1389.3793103448277
0.994340215910282 1389.896551724138
0.994340215910282 1390.4137931034484
0.994340215910282 1390.9310344827586
0.994340215910282 1391.448275862069
0.994340215910282 1391.9655172413793
0.994340215910282 1392.4827586206898
0.994340215910282 1393.0
0.994340215910282 1393.5172413793102
0.994340215910282 1394.0344827586207
0.994340215910282 1394.551724137931
0.994340215910282 1395.0344827586207
0.994340215910282 1395.5172413793102
0.994340215910282 1396.0
0.994340215910282 1396.4827586206898
0.994340215910282 1396.9310344827586
0.994340215910282 1397.3793103448277
0.994340215910282 1397.8275862068965
0.994340215910282 1398.2758620689656
0.994340215910282 1398.7241379310344
0.994340215910282 1399.1724137931035
0.994340215910282 1399.6206896551723
0.994340215910282 1400.0689655172414
0.994340215910282 1400.5172413793102
0.994340215910282 1400.9655172413793
0.994340215910282 1401.4137931034484
0.994340215910282 1401.8620689655172
0.994340215910282 1402.3103448275863
0.994340215910282 1402.7586206896551
0.994340215910282 1403.2068965517242
0.994340215910282 1403.655172413793
0.994340215910282 1404.103448275862
0.994340215910282 1404.551724137931
0.994340215910282 1405.0
0.994340215910282 1405.448275862069
0.994340215910282 1405.896551724138
0.994340215910282 1406.344827586207
0.994340215910282 1406.7931034482758
0.994340215910282 1407.2413793103449
0.994340215910282 1407.6896551724137
0.994340215910282 1408.1379310344828
0.994340215910282 1408.5862068965516
0.994340215910282 1409.0344827586207
0.994340215910282 1409.4827586206898
0.994340215910282 1409.9310344827586
0.994340215910282 1410.3793103448277
0.994340215910282 1410.8275862068965
0.994340215910282 1411.2758620689656
0.994340215910282 1411.7241379310344
0.994340215910282 1412.1724137931035
0.994340215910282 1412.6206896551723
0.994340215910282 1413.0689655172414
0.994340215910282 1413.5172413793102
0.994340215910282 1413.9655172413793
0.994340215910282 1414.4137931034484
0.994340215910282 1414.8620689655172
0.994340215910282 1415.3103448275863
0.994340215910282 1415.7586206896551
0.994340215910282 1416.2068965517242
0.994340215910282 1416.655172413793
0.994340215910282 1417.103448275862
0.994340215910282 1417.551724137931
0.994340215910282 1418.0
0.994340215910282 1418.448275862069
0.994340215910282 1418.896551724138
0.994340215910282 1419.344827586207
0.994340215910282 1419.7931034482758
0.994340215910282 1420.2413793103449
0.994340215910282 1420.6896551724137
0.994340215910282 1421.1379310344828
0.994340215910282 1421.5862068965516
0.994340215910282 1422.0344827586207
0.994340215910282 1422.4827586206898
0.994340215910282 1422.9310344827586
0.994340215910282 1423.3793103448277
0.994340215910282 1423.8275862068965
0.994340215910282 1424.2758620689656
0.994340215910282 1424.7241379310344
0.994340215910282 1425.1724137931035
0.994340215910282 1425.6206896551723
0.994340215910282 1426.0689655172414
0.994340215910282 1426.4827586206898
0.994340215910282 1426.896551724138
0.994340215910282 1427.3103448275863
0.994340215910282 1427.7241379310344
0.994340215910282 1428.1379310344828
0.994340215910282 1428.551724137931
0.994340215910282 1428.9655172413793
0.994340215910282 1429.3793103448277
0.994340215910282 1429.7931034482758
0.994340215910282 1430.2068965517242
0.994340215910282 1430.6206896551723
0.994340215910282 1431.0344827586207
0.994340215910282 1431.448275862069
0.994340215910282 1431.8620689655172
0.994340215910282 1432.2758620689656
0.994340215910282 1432.6896551724137
0.994340215910282 1433.103448275862
0.994340215910282 1433.5172413793102
0.994340215910282 1433.9310344827586
0.994340215910282 1434.344827586207
0.994340215910282 1434.7586206896551
0.994340215910282 1435.1724137931035
0.994340215910282 1435.5862068965516
0.994340215910282 1436.0
0.994340215910282 1436.4137931034484
0.994340215910282 1436.8275862068965
0.994340215910282 1437.2413793103449
0.994340215910282 1437.655172413793
0.994340215910282 1438.0689655172414
0.994340215910282 1438.4827586206898
0.994340215910282 1438.896551724138
0.994340215910282 1439.3103448275863
0.994340215910282 1439.7241379310344
0.994340215910282 1440.1379310344828
0.994340215910282 1440.551724137931
0.994340215910282 1440.9310344827586
0.994340215910282 1441.3103448275863
0.994340215910282 1441.6896551724137
0.994340215910282 1442.0689655172414
0.994340215910282 1442.448275862069
0.994340215910282 1442.8275862068965
0.994340215910282 1443.2068965517242
0.994340215910282 1443.5862068965516
0.994340215910282 1443.9655172413793
0.994340215910282 1444.344827586207
0.994340215910282 1444.7241379310344
0.994340215910282 1445.103448275862
0.994340215910282 1445.4827586206898
0.994340215910282 1445.8620689655172
0.994340215910282 1446.2413793103449
0.994340215910282 1446.6206896551723
0.994340215910282 1447.0
0.994340215910282 1447.3793103448277
0.994340215910282 1447.7586206896551
0.994340215910282 1448.1379310344828
0.994340215910282 1448.5172413793102
0.994340215910282 1448.896551724138
0.994340215910282 1449.2758620689656
0.994340215910282 1449.655172413793
0.994340215910282 1450.0344827586207
0.994340215910282 1450.4137931034484
0.994340215910282 1450.7931034482758
0.994340215910282 1451.1724137931035
0.994340215910282 1451.551724137931
0.994340215910282 1451.9310344827586
0.994340215910282 1452.3103448275863
0.994340215910282 1452.6896551724137
0.994340215910282 1453.0344827586207
0.994340215910282 1453.3793103448277
0.994340215910282 1453.7241379310344
0.994340215910282 1454.0689655172414
0.994340215910282 1454.4137931034484
0.994340215910282 1454.7586206896551
0.994340215910282 1455.103448275862
0.994340215910282 1455.448275862069
0.994340215910282 1455.7931034482758
0.994340215910282 1456.1379310344828
0.994340215910282 1456.4827586206898
0.994340215910282 1456.8275862068965
0.994340215910282 1457.1724137931035
0.994340215910282 1457.5172413793102
0.994340215910282 1457.8620689655172
0.994340215910282 1458.2068965517242
0.994340215910282 1458.551724137931
0.994340215910282 1458.896551724138
0.994340215910282 1459.2413793103449
0.994340215910282 1459.5862068965516
0.994340215910282 1459.9310344827586
0.994340215910282 1460.2758620689656
0.994340215910282 1460.6206896551723
0.994340215910282 1460.9655172413793
0.994340215910282 1461.3103448275863
0.994340215910282 1461.655172413793
0.994340215910282 1461.9655172413793
0.994340215910282 1462.2758620689656
0.994340215910282 1462.5862068965516
0.994340215910282 1462.896551724138
0.994340215910282 1463.2068965517242
0.994340215910282 1463.5172413793102
0.994340215910282 1463.8275862068965
0.994340215910282 1464.1379310344828
0.994340215910282 1464.448275862069
0.994340215910282 1464.7586206896551
0.994340215910282 1465.0689655172414
0.994340215910282 1465.3793103448277
0.994340215910282 1465.6896551724137
0.994340215910282 1466.0
0.994340215910282 1466.3103448275863
0.994340215910282 1466.6206896551723
0.994340215910282 1466.9310344827586
0.994340215910282 1467.2413793103449
0.994340215910282 1467.551724137931
0.994340215910282 1467.8620689655172
0.994340215910282 1468.1724137931035
0.994340215910282 1468.4827586206898
0.994340215910282 1468.7931034482758
0.994340215910282 1469.103448275862
0.994340215910282 1469.4137931034484
0.994340215910282 1469.7241379310344
0.994340215910282 1470.0344827586207
0.994340215910282 1470.344827586207
0.994340215910282 1470.655172413793
0.994340215910282 1470.9655172413793
0.994340215910282 1471.2758620689656
0.994340215910282 1471.5862068965516
0.994340215910282 1471.896551724138
0.994340215910282 1472.2068965517242
0.994340215910282 1472.5172413793102
0.994340215910282 1472.8275862068965
0.994340215910282 1473.1379310344828
0.994340215910282 1473.448275862069
0.994340215910282 1473.7586206896551
0.994340215910282 1474.0689655172414
0.994340215910282 1474.3793103448277
0.994340215910282 1474.6896551724137
0.994340215910282 1474.9655172413793
0.994340215910282 1475.2413793103449
0.994340215910282 1475.5172413793102
0.994340215910282 1475.7931034482758
0.994340215910282 1476.0689655172414
0.994340215910282 1476.344827586207
0.994340215910282 1476.6206896551723
0.994340215910282 1476.896551724138
0.994340215910282 1477.1724137931035
0.994340215910282 1477.448275862069
0.994340215910282 1477.7241379310344
0.994340215910282 1478.0
0.994340215910282 1478.2758620689656
0.994340215910282 1478.551724137931
0.994340215910282 1478.8275862068965
0.994340215910282 1479.103448275862
0.994340215910282 1479.3793103448277
0.994340215910282 1479.655172413793
0.994340215910282 1479.9310344827586
0.994340215910282 1480.2068965517242
0.994340215910282 1480.4827586206898
0.994340215910282 1480.7586206896551
0.994340215910282 1481.0344827586207
0.994340215910282 1481.3103448275863
0.994340215910282 1481.5862068965516
0.994340215910282 1481.8620689655172
0.994340215910282 1482.1379310344828
0.994340215910282 1482.4137931034484
0.994340215910282 1482.6896551724137
0.994340215910282 1482.9655172413793
0.994340215910282 1483.2413793103449
0.994340215910282 1483.5172413793102
0.994340215910282 1483.7931034482758
0.994340215910282 1484.0689655172414
0.994340215910282 1484.344827586207
0.994340215910282 1484.6206896551723
0.994340215910282 1484.896551724138
0.994340215910282 1485.1724137931035
0.994340215910282 1485.448275862069
0.994340215910282 1485.7241379310344
0.994340215910282 1486.0
0.994340215910282 1486.2758620689656
0.994340215910282 1486.551724137931
0.994340215910282 1486.8275862068965
0.994340215910282 1487.103448275862
0.994340215910282 1487.3793103448277
0.994340215910282 1487.655172413793
0.994340215910282 1487.9310344827586
0.994340215910282 1488.1724137931035
0.994340215910282 1488.4137931034484
0.994340215910282 1488.655172413793
0.994340215910282 1488.896551724138
0.994340215910282 1489.1379310344828
0.994340215910282 1489.3793103448277
0.994340215910282 1489.6206896551723
0.994340215910282 1489.8620689655172
0.994340215910282 1490.103448275862
0.994340215910282 1490.344827586207
0.994340215910282 1490.5862068965516
0.994340215910282 1490.8275862068965
0.994340215910282 1491.0689655172414
0.994340215910282 1491.3103448275863
0.994340215910282 1491.551724137931
0.994340215910282 1491.7931034482758
0.994340215910282 1492.0344827586207
0.994340215910282 1492.2758620689656
0.994340215910282 1492.5172413793102
0.994340215910282 1492.7586206896551
0.994340215910282 1493.0
0.994340215910282 1493.2413793103449
0.994340215910282 1493.4827586206898
0.994340215910282 1493.7241379310344
0.994340215910282 1493.9655172413793
0.994340215910282 1494.2068965517242
0.994340215910282 1494.448275862069
0.994340215910282 1494.6896551724137
0.994340215910282 1494.9310344827586
0.994340215910282 1495.1724137931035
0.994340215910282 1495.4137931034484
0.994340215910282 1495.655172413793
0.994340215910282 1495.896551724138
0.994340215910282 1496.103448275862
0.994340215910282 1496.3103448275863
0.994340215910282 1496.5172413793102
0.994340215910282 1496.7241379310344
0.994340215910282 1496.9310344827586
0.994340215910282 1497.1379310344828
0.994340215910282 1497.344827586207
0.994340215910282 1497.5172413793102
0.994340215910282 1497.6896551724137
0.994340215910282 1497.8620689655172
0.994340215910282 1498.0344827586207
0.994340215910282 1498.2068965517242
0.994340215910282 1498.3793103448277
0.994340215910282 1498.551724137931
0.994340215910282 1498.7241379310344
0.994340215910282 1498.896551724138
0.994340215910282 1499.0689655172414
0.994340215910282 1499.2413793103449
0.994340215910282 1499.4137931034484
0.994340215910282 1499.5862068965516
0.994340215910282 1499.7586206896551
0.994340215910282 1499.9310344827586
0.994340215910282 1500.103448275862
0.994340215910282 1500.2758620689656
0.994340215910282 1500.448275862069
0.994340215910282 1500.6206896551723
0.994340215910282 1500.7931034482758
0.994340215910282 1500.9655172413793
0.994340215910282 1501.1379310344828
0.994340215910282 1501.2758620689656
0.994340215910282 1501.4137931034484
0.994340215910282 1501.551724137931
0.994340215910282 1501.6896551724137
0.994340215910282 1501.8275862068965
0.994340215910282 1501.9655172413793
0.994340215910282 1502.103448275862
0.994340215910282 1502.2413793103449
0.994340215910282 1502.3793103448277
0.994340215910282 1502.4827586206898
0.994340215910282 1502.5862068965516
0.994340215910282 1502.6896551724137
0.994340215910282 1502.7931034482758
0.994340215910282 1502.896551724138
0.994340215910282 1503.0
0.994340215910282 1503.103448275862
0.994340215910282 1503.2068965517242
0.994340215910282 1503.3103448275863
0.994340215910282 1503.4137931034484
0.994340215910282 1503.5172413793102
0.994340215910282 1503.6206896551723
0.994340215910282 1503.7241379310344
0.994340215910282 1503.8275862068965
0.994340215910282 1503.9310344827586
0.994340215910282 1504.0344827586207
0.994340215910282 1504.1379310344828
0.994340215910282 1504.2413793103449
0.994340215910282 1504.344827586207
0.994340215910282 1504.448275862069
0.994340215910282 1504.551724137931
0.994340215910282 1504.655172413793
0.994340215910282 1504.7586206896551
0.994340215910282 1504.8620689655172
0.994340215910282 1504.9655172413793
0.994340215910282 1505.0689655172414
0.994340215910282 1505.1724137931035
0.994340215910282 1505.2758620689656
0.994340215910282 1505.3793103448277
0.994340215910282 1505.4827586206898
0.994340215910282 1505.5862068965516
0.994340215910282 1505.6896551724137
0.994340215910282 1505.7931034482758
0.994340215910282 1505.896551724138
0.994340215910282 1506.0
0.994340215910282 1506.103448275862
0.994340215910282 1506.2068965517242
0.994340215910282 1506.3103448275863
0.994340215910282 1506.4137931034484
0.994340215910282 1506.5172413793102
0.994340215910282 1506.6206896551723
0.994340215910282 1506.7241379310344
0.994340215910282 1506.8275862068965
0.994340215910282 1506.9310344827586
0.994340215910282 1507.0344827586207
0.994340215910282 1507.1379310344828
0.994340215910282 1507.2413793103449
0.994340215910282 1507.344827586207
0.994340215910282 1507.448275862069
0.994340215910282 1507.551724137931
0.994340215910282 1507.655172413793
0.994340215910282 1507.7586206896551
0.994340215910282 1507.8620689655172
0.994340215910282 1507.9655172413793
0.994340215910282 1508.0689655172414
0.994340215910282 1508.1724137931035
0.994340215910282 1508.2758620689656
0.994340215910282 1508.3793103448277
0.994340215910282 1508.448275862069
0.994340215910282 1508.5172413793102
0.994340215910282 1508.5862068965516
0.994340215910282 1508.655172413793
0.994340215910282 1508.7241379310344
0.994340215910282 1508.7931034482758
0.994340215910282 1508.8620689655172
0.994340215910282 1508.9310344827586
0.994340215910282 1509.0
0.994340215910282 1509.0689655172414
0.994340215910282 1509.1379310344828
0.994340215910282 1509.2068965517242
0.994340215910282 1509.2758620689656
0.994340215910282 1509.344827586207
0.994340215910282 1509.4137931034484
0.994340215910282 1509.4827586206898
0.994340215910282 1509.551724137931
0.994340215910282 1509.6206896551723
0.994340215910282 1509.6896551724137
0.994340215910282 1509.7586206896551
0.994340215910282 1509.8275862068965
0.994340215910282 1509.896551724138
0.994340215910282 1509.9655172413793
0.994340215910282 1510.0344827586207
0.994340215910282 1510.103448275862
0.994340215910282 1510.1724137931035
0.994340215910282 1510.2413793103449
0.994340215910282 1510.3103448275863
0.994340215910282 1510.3793103448277
0.994340215910282 1510.448275862069
0.994340215910282 1510.5172413793102
0.994340215910282 1510.5862068965516
0.994340215910282 1510.655172413793
0.994340215910282 1510.6896551724137
0.994340215910282 1510.7241379310344
0.994340215910282 1510.7586206896551
0.994340215910282 1510.7931034482758
0.994340215910282 1510.8275862068965
0.994340215910282 1510.8620689655172
0.994340215910282 1510.896551724138
0.994340215910282 1510.9310344827586
0.994340215910282 1510.9655172413793
0.994340215910282 1511.0
0.994340215910282 1511.0344827586207
0.994340215910282 1511.0689655172414
0.994340215910282 1511.103448275862
0.994340215910282 1511.1379310344828
0.994340215910282 1511.1724137931035
0.994340215910282 1511.2068965517242
0.994340215910282 1511.2413793103449
0.994340215910282 1511.2758620689656
0.994340215910282 1511.3103448275863
0.994340215910282 1511.344827586207
0.994340215910282 1511.3793103448277
0.994340215910282 1511.4137931034484
0.994340215910282 1511.448275862069
0.994340215910282 1511.4827586206898
0.994340215910282 1511.5172413793102
0.994340215910282 1511.551724137931
0.994340215910282 1511.5862068965516
0.994340215910282 1511.6206896551723
0.994340215910282 1511.655172413793
0.994340215910282 1511.6896551724137
0.994340215910282 1511.7241379310344
0.994340215910282 1511.7586206896551
0.994340215910282 1511.7931034482758
0.994340215910282 1511.8275862068965
0.994340215910282 1511.8620689655172
0.994340215910282 1511.896551724138
0.994340215910282 1511.9310344827586
0.994340215910282 1511.9655172413793
0.994340215910282 1512.0
0.994340215910282 1512.0344827586207
0.994340215910282 1512.0689655172414
0.994340215910282 1512.103448275862
0.994340215910282 1512.1379310344828
0.994340215910282 1512.1724137931035
0.994340215910282 1512.2068965517242
0.994340215910282 1512.2413793103449
0.994340215910282 1512.2758620689656
0.994340215910282 1512.3103448275863
0.994340215910282 1512.344827586207
0.994340215910282 1512.3793103448277
0.994340215910282 1512.4137931034484
0.994340215910282 1512.448275862069
0.994340215910282 1512.4827586206898
0.994340215910282 1512.5172413793102
0.994340215910282 1512.551724137931
0.994340215910282 1512.5862068965516
0.994340215910282 1512.6206896551723
0.994340215910282 1512.655172413793
0.994340215910282 1512.6896551724137
0.994340215910282 1512.7241379310344
0.994340215910282 1512.7586206896551
0.994340215910282 1512.7931034482758
0.994340215910282 1512.8275862068965
0.994340215910282 1512.8620689655172
0.994340215910282 1512.896551724138
0.994340215910282 1512.9310344827586
0.994340215910282 1512.9655172413793
0.994340215910282 1513.0
0.994340215910282 1513.0344827586207
0.994340215910282 1513.0689655172414
0.994340215910282 1513.103448275862
0.994340215910282 1513.1379310344828
0.994340215910282 1513.1724137931035
0.994340215910282 1513.2068965517242
0.994340215910282 1513.2413793103449
0.994340215910282 1513.2758620689656
0.994340215910282 1513.3103448275863
0.994340215910282 1513.344827586207
0.994340215910282 1513.3793103448277
0.994340215910282 1513.4137931034484
0.994340215910282 1513.448275862069
0.994340215910282 1513.4827586206898
0.994340215910282 1513.5172413793102
0.994340215910282 1513.551724137931
0.994340215910282 1513.5862068965516
0.994340215910282 1513.6206896551723
0.994340215910282 1513.655172413793
0.994340215910282 1513.6896551724137
0.994340215910282 1513.7241379310344
0.994340215910282 1513.7586206896551
0.994340215910282 1513.7931034482758
0.994340215910282 1513.8275862068965
0.994340215910282 1513.8620689655172
0.994340215910282 1513.896551724138
0.994340215910282 1513.9310344827586
0.994340215910282 1513.9655172413793
0.994340215910282 1514.0
0.994340215910282 1514.0344827586207
0.994340215910282 1514.0689655172414
0.994340215910282 1514.103448275862
0.994340215910282 1514.1379310344828
0.994340215910282 1514.1724137931035
0.994340215910282 1514.2068965517242
0.994340215910282 1514.2413793103449
0.994340215910282 1514.2758620689656
0.994340215910282 1514.3103448275863
0.994340215910282 1514.344827586207
0.994340215910282 1514.3793103448277
0.994340215910282 1514.4137931034484
0.994340215910282 1514.448275862069
0.994340215910282 1514.4827586206898
0.994340215910282 1514.5172413793102
0.994340215910282 1514.551724137931
0.994340215910282 1514.5862068965516
0.994340215910282 1514.6206896551723
0.994340215910282 1514.655172413793
0.994340215910282 1514.6896551724137
0.994340215910282 1514.7241379310344
0.994340215910282 1514.7586206896551
0.994340215910282 1514.7931034482758
0.994340215910282 1514.8275862068965
0.994340215910282 1514.8620689655172
0.994340215910282 1514.896551724138
0.994340215910282 1514.9310344827586
0.994340215910282 1514.9655172413793
0.994340215910282 1515.0
0.994340215910282 1515.0344827586207
0.994340215910282 1515.0689655172414
0.994340215910282 1515.103448275862
0.994340215910282 1515.1379310344828
0.994340215910282 1515.1724137931035
0.994340215910282 1515.2068965517242
0.994340215910282 1515.2413793103449
0.994340215910282 1515.2758620689656
0.994340215910282 1515.3103448275863
0.994340215910282 1515.344827586207
0.994340215910282 1515.3793103448277
0.994340215910282 1515.4137931034484
0.994340215910282 1515.448275862069
0.994340215910282 1515.4827586206898
0.994340215910282 1515.5172413793102
0.994340215910282 1515.551724137931
0.994340215910282 1515.5862068965516
0.994340215910282 1515.6206896551723
0.994340215910282 1515.655172413793
0.994340215910282 1515.6896551724137
0.994340215910282 1515.7241379310344
0.994340215910282 1515.7586206896551
0.994340215910282 1515.7931034482758
0.994340215910282 1515.8275862068965
0.994340215910282 1515.8620689655172
0.994340215910282 1515.896551724138
0.994340215910282 1515.9310344827586
0.994340215910282 1515.9655172413793
0.994340215910282 1516.0
0.994340215910282 1516.0344827586207
0.994340215910282 1516.0689655172414
0.994340215910282 1516.103448275862
0.994340215910282 1516.1379310344828
0.994340215910282 1516.1724137931035
0.994340215910282 1516.2068965517242
0.994340215910282 1516.2413793103449
0.994340215910282 1516.2758620689656
0.994340215910282 1516.3103448275863
0.994340215910282 1516.344827586207
0.994340215910282 1516.3793103448277
0.994340215910282 1516.4137931034484
0.994340215910282 1516.448275862069
0.994340215910282 1516.4827586206898
0.994340215910282 1516.5172413793102
0.994340215910282 1516.551724137931
0.994340215910282 1516.5862068965516
0.994340215910282 1516.6206896551723
0.994340215910282 1516.655172413793
0.994340215910282 1516.6896551724137
0.994340215910282 1516.7241379310344
0.994340215910282 1516.7586206896551
0.994340215910282 1516.7931034482758
0.994340215910282 1516.8275862068965
0.994340215910282 1516.8620689655172
0.994340215910282 1516.896551724138
0.994340215910282 1516.9310344827586
