847.0 2921.0
847.0 2929.0
847.0 1226.0
847.0 1001.0
10073.0 1001.0
10073.0 2929.0
10073.0 2921.0
10073.0 1587.0
6526.0 2998.0
6526.0 2921.0
6526.0 2929.0
6526.0 1001.0
2984.0 2921.0
2984.0 6629.0
2984.0 5400.0
2984.0 2929.0
2984.0 12058.0
2984.0 2953.0
2984.0 1691.0
2984.0 1587.0
2984.0 1001.0
2984.0 1226.0
2984.0 10861.0
2984.0 2998.0
847.0 12058.0
10073.0 12058.0
6526.0 12058.0
2911.0 1587.0
2911.0 2971.0
2911.0 1001.0
2911.0 1737.0
2911.0 2998.0
818.0 1001.0
216.0 569.0
606.0 1691.0
606.0 2971.0
2430.0 12058.0
2971.0 2921.0
2971.0 12058.0
2971.0 569.0
2971.0 6629.0
2971.0 1691.0
2971.0 9190.0
2971.0 2953.0
2971.0 1737.0
2971.0 2998.0
2971.0 885.0
2971.0 1587.0
2921.0 2971.0
2921.0 1001.0
1001.0 7643.0
1001.0 1226.0
1001.0 2776.0
4816.0 2921.0
4816.0 1691.0
4816.0 2766.0
4816.0 2971.0
4816.0 1587.0
1244.0 2971.0
1244.0 2998.0
1179.0 6629.0
1179.0 1691.0
1179.0 2953.0
1179.0 1587.0
1179.0 2971.0
1179.0 2998.0
4213.0 1587.0
1557.0 2953.0
1557.0 885.0
1504.0 2527.0
1504.0 5401.0
1504.0 2766.0
1504.0 2776.0
1504.0 6629.0
1504.0 2953.0
1504.0 885.0
1982.0 569.0
1982.0 2971.0
271.0 2921.0
271.0 1691.0
271.0 1001.0
271.0 569.0
271.0 2971.0
271.0 2776.0
271.0 2766.0
271.0 885.0
271.0 2527.0
271.0 1587.0
1587.0 1226.0
1587.0 6629.0
1587.0 2953.0
1587.0 2998.0
1587.0 885.0
388.0 1691.0
388.0 569.0
693.0 2527.0
1509.0 1587.0
1509.0 2998.0
2998.0 2971.0
213.0 1226.0
213.0 6629.0
213.0 2953.0
213.0 10861.0
213.0 2998.0
213.0 885.0
213.0 2527.0
213.0 1587.0
4701.0 1587.0
537.0 2971.0
537.0 6629.0
537.0 1737.0
537.0 885.0
537.0 1691.0
537.0 1587.0
12058.0 2971.0
14172.0 2971.0
6191.0 885.0
6191.0 4220.0
6191.0 5401.0
165.0 1587.0
165.0 2953.0
165.0 2998.0
6629.0 2971.0
6629.0 1587.0
97.0 2971.0
5400.0 569.0
5400.0 6212.0
5400.0 13300.0
847.0 100.0
847.0 97.0
847.0 2977.0
847.0 4698.0
847.0 2911.0
2929.0 1001.0
922.0 1226.0
1226.0 1001.0
1226.0 2766.0
1226.0 2776.0
1226.0 2527.0
1226.0 1587.0
2953.0 5116.0
2953.0 2527.0
2953.0 1587.0
2953.0 2971.0
2953.0 885.0
105.0 7643.0
105.0 569.0
1691.0 569.0
1691.0 885.0
1691.0 2971.0
715.0 12058.0
715.0 2971.0
5539.0 2971.0
5539.0 1587.0
985.0 885.0
985.0 2971.0
985.0 2953.0
10073.0 1179.0
10073.0 213.0
10073.0 2977.0
100.0 7643.0
2233.0 569.0
6526.0 2977.0
597.0 12058.0
4698.0 1587.0
981.0 1587.0
376.0 885.0
376.0 2971.0
376.0 1226.0
1255.0 569.0
196.0 1587.0
196.0 2971.0
196.0 1226.0
107.0 569.0
3895.0 1691.0
3895.0 885.0
2762.0 569.0
2762.0 2766.0
2762.0 1691.0
2762.0 885.0
2762.0 2527.0
2411.0 1587.0
2411.0 2998.0
2977.0 2971.0
2977.0 1001.0
2984.0 981.0
2984.0 4213.0
2984.0 6191.0
2984.0 1982.0
2984.0 2233.0
2984.0 216.0
2984.0 4701.0
2984.0 165.0
2984.0 271.0
2984.0 3895.0
2984.0 2911.0
2984.0 818.0
2984.0 715.0
2984.0 5539.0
2984.0 376.0
2984.0 2977.0
2984.0 105.0
2984.0 196.0
2984.0 606.0
2984.0 537.0
2984.0 2762.0
2984.0 1557.0
2984.0 985.0
2984.0 4816.0
2984.0 693.0
2984.0 2430.0
2984.0 107.0
2984.0 597.0
2984.0 1509.0
6526.0 10861.0
2984.0 2703.0
1691.0 2766.0
1504.0 13300.0
1504.0 4220.0
97.0 2527.0
376.0 2998.0
2911.0 2953.0
4816.0 2776.0
1614.0 1587.0
1614.0 2766.0
1614.0 2971.0
1614.0 2776.0
2984.0 1614.0
2971.0 1001.0
490.0 2998.0
7222.0 885.0
7222.0 2527.0
6526.0 7222.0
2762.0 1587.0
442.0 569.0
972.0 1001.0
1177.0 1226.0
1078.0 1587.0
1089.0 1587.0
279.0 885.0
279.0 2766.0
2911.0 116.0
2911.0 1614.0
2911.0 1305.0
2911.0 2667.0
2911.0 2467.0
2911.0 991.0
2911.0 42.0
2911.0 2922.0
2911.0 2716.0
2911.0 2925.0
2911.0 2933.0
2911.0 2936.0
2911.0 2937.0
2911.0 1851.0
2911.0 2200.0
2911.0 93.0
2911.0 2942.0
2911.0 2943.0
2911.0 2945.0
2911.0 2951.0
2911.0 2956.0
2911.0 279.0
2911.0 1206.0
2911.0 2957.0
2911.0 580.0
2911.0 821.0
2911.0 502.0
2911.0 2961.0
2911.0 690.0
2911.0 823.0
2911.0 186.0
2911.0 2969.0
2911.0 122.0
2911.0 537.0
2911.0 992.0
2911.0 2984.0
2911.0 2985.0
2911.0 2986.0
2911.0 2602.0
2911.0 283.0
2911.0 546.0
2911.0 2989.0
2911.0 50.0
2911.0 795.0
2911.0 2991.0
2911.0 2751.0
2911.0 2996.0
2911.0 985.0
2911.0 213.0
2911.0 2999.0
2911.0 3000.0
2911.0 2765.0
2911.0 3006.0
2911.0 3010.0
2911.0 3011.0
2911.0 278.0
2911.0 710.0
2911.0 2490.0
2911.0 847.0
2911.0 2782.0
818.0 121.0
818.0 858.0
818.0 972.0
818.0 2200.0
818.0 2984.0
818.0 3041.0
818.0 3048.0
818.0 701.0
818.0 196.0
818.0 537.0
818.0 283.0
818.0 2762.0
818.0 3000.0
818.0 563.0
818.0 3006.0
818.0 2782.0
818.0 3063.0
818.0 908.0
818.0 2923.0
3127.0 885.0
3637.0 2971.0
3941.0 1226.0
3941.0 1587.0
4215.0 2776.0
2092.0 1226.0
4852.0 2971.0
4852.0 2998.0
4852.0 4220.0
3006.0 2971.0
5020.0 2971.0
5034.0 1226.0
5115.0 5116.0
5115.0 885.0
904.0 2971.0
3671.0 1001.0
64.0 1587.0
3128.0 1001.0
3128.0 5401.0
3128.0 1587.0
216.0 1513.0
216.0 449.0
216.0 2233.0
216.0 740.0
216.0 419.0
216.0 2984.0
216.0 3427.0
216.0 1851.0
216.0 483.0
216.0 271.0
216.0 176.0
216.0 1555.0
216.0 5531.0
216.0 105.0
216.0 715.0
216.0 5538.0
216.0 3453.0
216.0 4483.0
216.0 456.0
216.0 194.0
216.0 534.0
216.0 93.0
216.0 4636.0
216.0 169.0
216.0 2780.0
216.0 1255.0
216.0 2003.0
216.0 1502.0
216.0 65.0
216.0 1442.0
216.0 5560.0
5570.0 1226.0
5403.0 885.0
3123.0 2971.0
5998.0 1587.0
3887.0 1691.0
3887.0 1587.0
480.0 1226.0
2825.0 1587.0
2825.0 1226.0
1351.0 1226.0
6384.0 5116.0
6384.0 885.0
6384.0 4220.0
6384.0 2527.0
6140.0 1587.0
6501.0 1737.0
6501.0 5400.0
6628.0 6629.0
825.0 885.0
3703.0 1226.0
124.0 2971.0
2841.0 1691.0
2841.0 885.0
7100.0 1587.0
7187.0 885.0
2861.0 6629.0
874.0 2953.0
874.0 885.0
7264.0 2998.0
3216.0 1226.0
3216.0 885.0
7485.0 1226.0
4170.0 1226.0
6377.0 1226.0
4762.0 7643.0
2117.0 2953.0
2481.0 1001.0
2481.0 1587.0
7804.0 1587.0
780.0 2998.0
317.0 2998.0
4278.0 1691.0
8065.0 2984.0
8065.0 1671.0
7328.0 885.0
4921.0 1226.0
5260.0 2971.0
5260.0 1587.0
2780.0 569.0
2780.0 2971.0
2780.0 1737.0
2780.0 2998.0
2780.0 1587.0
3786.0 1691.0
2109.0 2527.0
2109.0 885.0
8705.0 2971.0
2241.0 1226.0
8559.0 1226.0
2623.0 1001.0
285.0 885.0
5178.0 1587.0
4367.0 885.0
4367.0 2527.0
1687.0 569.0
1687.0 2971.0
4543.0 2971.0
8556.0 2971.0
1579.0 1587.0
1579.0 2971.0
1579.0 4220.0
1579.0 1226.0
1579.0 2998.0
1579.0 2776.0
1785.0 2766.0
1785.0 1587.0
1785.0 2971.0
1785.0 2776.0
7029.0 2527.0
7029.0 1001.0
7029.0 1226.0
7029.0 885.0
821.0 1737.0
9847.0 2953.0
1210.0 2776.0
1794.0 1691.0
1042.0 2953.0
10070.0 10072.0
10070.0 2984.0
10070.0 693.0
10070.0 1924.0
1602.0 1226.0
4136.0 2971.0
4428.0 5400.0
2186.0 1691.0
1456.0 2971.0
8091.0 1226.0
456.0 569.0
2799.0 1226.0
3954.0 1226.0
790.0 1226.0
1529.0 1001.0
1101.0 1226.0
1101.0 1691.0
9554.0 2971.0
2972.0 2971.0
2972.0 885.0
2972.0 2766.0
2972.0 4220.0
1219.0 2971.0
2223.0 1226.0
5956.0 1226.0
6008.0 885.0
6008.0 2527.0
10799.0 6526.0
10799.0 2984.0
5612.0 1001.0
5612.0 4220.0
2809.0 1587.0
3684.0 1226.0
2383.0 1226.0
627.0 1226.0
2457.0 2921.0
2457.0 4220.0
2457.0 10861.0
2457.0 885.0
2457.0 2776.0
2253.0 2971.0
8529.0 165.0
8529.0 3675.0
8529.0 2984.0
7644.0 1587.0
2477.0 885.0
231.0 569.0
4773.0 2953.0
9709.0 2998.0
9709.0 1001.0
11168.0 6526.0
11168.0 2984.0
485.0 2971.0
485.0 1226.0
2009.0 1226.0
2943.0 2971.0
2955.0 2971.0
765.0 1226.0
2724.0 2971.0
3428.0 2971.0
187.0 569.0
866.0 1226.0
10133.0 2971.0
606.0 6137.0
606.0 5315.0
606.0 4711.0
606.0 419.0
606.0 358.0
606.0 1519.0
606.0 2984.0
606.0 5650.0
606.0 800.0
606.0 3504.0
606.0 1924.0
606.0 4888.0
606.0 96.0
606.0 5360.0
606.0 4887.0
606.0 274.0
606.0 1101.0
606.0 11213.0
606.0 830.0
606.0 4118.0
606.0 2762.0
606.0 845.0
606.0 93.0
606.0 1442.0
606.0 795.0
606.0 299.0
606.0 3041.0
606.0 8520.0
606.0 4537.0
606.0 11542.0
606.0 3995.0
606.0 5379.0
606.0 1531.0
606.0 8499.0
606.0 396.0
606.0 1535.0
606.0 2149.0
606.0 3020.0
1654.0 2971.0
5984.0 1691.0
5984.0 885.0
5984.0 569.0
5984.0 1587.0
1178.0 1226.0
10801.0 847.0
10801.0 6526.0
10801.0 2984.0
756.0 1226.0
3754.0 1691.0
760.0 1226.0
2100.0 1001.0
938.0 1226.0
938.0 2953.0
938.0 885.0
938.0 2527.0
11678.0 2998.0
3759.0 2971.0
784.0 684.0
784.0 96.0
784.0 419.0
784.0 273.0
784.0 54.0
784.0 2716.0
784.0 703.0
784.0 685.0
784.0 2984.0
784.0 1513.0
784.0 2937.0
784.0 271.0
784.0 213.0
784.0 1790.0
784.0 516.0
784.0 906.0
784.0 2003.0
784.0 701.0
784.0 1113.0
784.0 1489.0
784.0 7080.0
784.0 42.0
784.0 4793.0
784.0 1812.0
784.0 4053.0
784.0 393.0
784.0 985.0
784.0 682.0
784.0 221.0
784.0 4187.0
784.0 1635.0
784.0 1030.0
784.0 715.0
784.0 278.0
784.0 88.0
784.0 4762.0
784.0 537.0
6564.0 1587.0
8334.0 2527.0
8334.0 2953.0
8334.0 5401.0
10586.0 2971.0
8532.0 2971.0
8532.0 1587.0
5716.0 10861.0
5716.0 569.0
5716.0 885.0
7965.0 1691.0
483.0 1691.0
483.0 569.0
483.0 2766.0
483.0 1587.0
483.0 885.0
483.0 2776.0
11921.0 1226.0
3378.0 1226.0
6430.0 1614.0
6430.0 449.0
6430.0 121.0
6430.0 7470.0
6430.0 4444.0
6430.0 54.0
6430.0 317.0
6430.0 4817.0
6430.0 2003.0
6430.0 3477.0
6430.0 6564.0
6430.0 524.0
6430.0 6166.0
6430.0 604.0
6430.0 1362.0
6430.0 6967.0
6430.0 8231.0
6430.0 534.0
6430.0 537.0
6430.0 3317.0
6430.0 2984.0
6430.0 4639.0
6430.0 4636.0
6430.0 872.0
6430.0 2762.0
6430.0 4053.0
6430.0 107.0
6430.0 710.0
6430.0 1509.0
6430.0 2999.0
3132.0 2527.0
3132.0 2766.0
3132.0 1587.0
3132.0 4220.0
3132.0 885.0
3132.0 2776.0
3849.0 1226.0
6389.0 5116.0
6389.0 885.0
6389.0 4220.0
6389.0 2527.0
6389.0 2971.0
4222.0 1587.0
4187.0 1691.0
885.0 5401.0
885.0 1001.0
885.0 569.0
885.0 2766.0
885.0 2971.0
885.0 1691.0
885.0 2953.0
885.0 7643.0
885.0 5116.0
885.0 2527.0
885.0 1587.0
885.0 4220.0
885.0 6212.0
2430.0 151.0
2430.0 2914.0
2430.0 175.0
2430.0 2117.0
2430.0 1167.0
2430.0 6472.0
2430.0 2983.0
2430.0 1469.0
2430.0 2984.0
2430.0 172.0
2430.0 2523.0
2430.0 1904.0
2430.0 964.0
2430.0 401.0
2430.0 1094.0
2430.0 7122.0
2430.0 3127.0
2430.0 1163.0
2430.0 4336.0
2430.0 524.0
2430.0 292.0
2430.0 1113.0
2430.0 1503.0
2430.0 4888.0
2430.0 8325.0
2430.0 1255.0
2430.0 1533.0
2430.0 4187.0
2430.0 715.0
2430.0 2716.0
2430.0 278.0
2430.0 213.0
698.0 10861.0
698.0 569.0
698.0 1691.0
1163.0 569.0
4232.0 1226.0
2676.0 885.0
5513.0 569.0
5672.0 1691.0
5672.0 2971.0
2935.0 1001.0
1469.0 569.0
9558.0 1226.0
1473.0 1226.0
1473.0 885.0
8353.0 2998.0
803.0 1001.0
1094.0 569.0
1094.0 2766.0
1094.0 1587.0
1094.0 885.0
1094.0 2971.0
1094.0 1691.0
68.0 1226.0
6199.0 1587.0
9852.0 2953.0
1645.0 1226.0
9303.0 1691.0
4115.0 1001.0
5653.0 2527.0
5653.0 885.0
3856.0 2998.0
12129.0 2971.0
12129.0 2998.0
4807.0 1226.0
12028.0 2998.0
12132.0 885.0
4007.0 1226.0
2467.0 2527.0
2467.0 885.0
759.0 2971.0
2470.0 2527.0
2470.0 885.0
8485.0 1226.0
5176.0 1226.0
173.0 569.0
3476.0 2971.0
4887.0 1587.0
8346.0 1226.0
7177.0 1226.0
4920.0 2527.0
4920.0 885.0
6621.0 1226.0
106.0 7643.0
11574.0 1691.0
6129.0 1587.0
407.0 569.0
407.0 1737.0
407.0 2998.0
407.0 1587.0
2764.0 2527.0
2764.0 1226.0
2764.0 885.0
2764.0 1001.0
1170.0 569.0
2417.0 1226.0
13093.0 2984.0
9339.0 1226.0
9339.0 885.0
1374.0 1587.0
2169.0 1587.0
3242.0 4220.0
3242.0 2776.0
3242.0 885.0
10354.0 1587.0
3472.0 5401.0
1193.0 1691.0
1193.0 2953.0
1193.0 2971.0
1193.0 1587.0
1520.0 2527.0
1520.0 4220.0
1662.0 1226.0
2696.0 6629.0
3893.0 569.0
3893.0 6629.0
11542.0 2971.0
316.0 2971.0
316.0 1226.0
3316.0 569.0
4928.0 569.0
4928.0 1691.0
4928.0 2527.0
4928.0 1587.0
4928.0 885.0
4928.0 4220.0
4928.0 2766.0
4928.0 2776.0
2971.0 8557.0
2971.0 1456.0
2971.0 3082.0
2971.0 1593.0
2971.0 759.0
2971.0 5873.0
2971.0 4196.0
2971.0 9788.0
2971.0 10206.0
2971.0 2682.0
2971.0 4969.0
2971.0 7024.0
2971.0 2939.0
2971.0 19.0
2971.0 93.0
2971.0 2942.0
2971.0 11542.0
2971.0 2945.0
2971.0 5348.0
2971.0 3476.0
2971.0 8364.0
2971.0 279.0
2971.0 819.0
2971.0 580.0
2971.0 502.0
2971.0 3123.0
2971.0 2723.0
2971.0 830.0
2971.0 9554.0
2971.0 5539.0
2971.0 186.0
2971.0 3637.0
2971.0 2972.0
2971.0 1219.0
2971.0 13000.0
2971.0 4263.0
2971.0 1113.0
2971.0 191.0
2971.0 2654.0
2971.0 2548.0
2971.0 1094.0
2971.0 3555.0
2971.0 2602.0
2971.0 1530.0
2971.0 2762.0
2971.0 3300.0
2971.0 985.0
2971.0 7011.0
2971.0 4816.0
2971.0 2997.0
2971.0 4852.0
2971.0 3327.0
2971.0 3006.0
2971.0 3010.0
2971.0 4729.0
2971.0 5020.0
2971.0 1837.0
2971.0 904.0
2971.0 906.0
2971.0 6827.0
2971.0 2973.0
2971.0 2253.0
2971.0 1305.0
2971.0 751.0
2971.0 2190.0
2971.0 96.0
2971.0 3705.0
2971.0 2920.0
2971.0 272.0
2971.0 273.0
2971.0 10849.0
2971.0 7230.0
2971.0 1193.0
2971.0 13301.0
2971.0 2936.0
2971.0 2937.0
2971.0 2984.0
2971.0 3689.0
2971.0 2012.0
2971.0 5847.0
2971.0 2517.0
2971.0 1684.0
2971.0 3046.0
2971.0 485.0
2971.0 3063.0
2971.0 1924.0
2971.0 811.0
2971.0 2955.0
2971.0 12044.0
2971.0 1206.0
2971.0 5531.0
2971.0 389.0
2971.0 316.0
2971.0 4447.0
2971.0 6040.0
2971.0 3427.0
2971.0 124.0
2971.0 2724.0
2971.0 2221.0
2971.0 2970.0
2971.0 10586.0
2971.0 8532.0
2971.0 823.0
2971.0 537.0
2971.0 9492.0
2971.0 13304.0
2971.0 2595.0
2971.0 2985.0
2971.0 5500.0
2971.0 283.0
2971.0 3988.0
2971.0 5260.0
2971.0 2991.0
2971.0 1024.0
2971.0 3997.0
2971.0 2534.0
2971.0 5560.0
2971.0 2999.0
2971.0 7516.0
2971.0 703.0
2971.0 8390.0
2971.0 3011.0
2971.0 710.0
2971.0 1442.0
2971.0 606.0
2971.0 196.0
2971.0 6622.0
2971.0 3937.0
2971.0 1654.0
2971.0 116.0
2971.0 5738.0
2971.0 851.0
2971.0 2667.0
2971.0 11712.0
2971.0 5182.0
2971.0 991.0
2971.0 2210.0
2971.0 6873.0
2971.0 42.0
2971.0 7219.0
2971.0 3759.0
2971.0 5862.0
2971.0 464.0
2971.0 4648.0
2971.0 1037.0
2971.0 9500.0
2971.0 5461.0
2971.0 13307.0
2971.0 3428.0
2971.0 5716.0
2971.0 7965.0
2971.0 795.0
2971.0 10133.0
2971.0 2523.0
2971.0 2698.0
2971.0 4715.0
2971.0 3037.0
2971.0 2727.0
2971.0 7693.0
2971.0 2961.0
2971.0 10914.0
2971.0 12119.0
2971.0 372.0
2971.0 3132.0
2971.0 701.0
2971.0 4992.0
2971.0 2975.0
2971.0 538.0
2971.0 628.0
2971.0 541.0
2971.0 8705.0
2971.0 4369.0
2971.0 868.0
2971.0 870.0
2971.0 872.0
2971.0 213.0
2971.0 13309.0
2971.0 2173.0
2971.0 563.0
2971.0 2673.0
2971.0 6388.0
2971.0 4625.0
2971.0 274.0
2971.0 2770.0
2971.0 2646.0
2971.0 6764.0
2971.0 9545.0
2971.0 5450.0
2971.0 5853.0
2971.0 13312.0
2971.0 2943.0
2971.0 2917.0
2971.0 1687.0
2971.0 4769.0
2971.0 4543.0
2971.0 2927.0
2971.0 777.0
2971.0 2925.0
2971.0 6977.0
2971.0 2922.0
2971.0 831.0
2971.0 6191.0
2971.0 2931.0
2971.0 8556.0
2971.0 2284.0
2971.0 11558.0
2971.0 2200.0
2971.0 2940.0
2971.0 785.0
2971.0 6389.0
2971.0 271.0
2971.0 2702.0
2971.0 1579.0
2971.0 1785.0
2971.0 475.0
2971.0 13313.0
2971.0 3048.0
2971.0 715.0
2971.0 3959.0
2971.0 4926.0
2971.0 2559.0
2971.0 2863.0
2971.0 4994.0
2971.0 1631.0
2971.0 2120.0
2971.0 5948.0
2971.0 358.0
2971.0 2977.0
2971.0 2951.0
2971.0 2850.0
2971.0 992.0
2971.0 2983.0
2971.0 1851.0
2971.0 12129.0
2971.0 11442.0
2971.0 593.0
2971.0 97.0
2971.0 3000.0
2971.0 2054.0
2971.0 2716.0
2971.0 4136.0
2971.0 3012.0
2971.0 5981.0
2971.0 2655.0
2971.0 1448.0
2971.0 5740.0
2971.0 88.0
2971.0 1536.0
8211.0 1226.0
1221.0 1001.0
2227.0 4220.0
2227.0 1226.0
8519.0 1226.0
2991.0 2971.0
2991.0 2776.0
299.0 7643.0
299.0 2766.0
299.0 1001.0
299.0 2776.0
3730.0 1587.0
3730.0 1226.0
3730.0 10861.0
3732.0 1226.0
8017.0 2998.0
9856.0 2953.0
7080.0 1226.0
10697.0 2776.0
394.0 885.0
394.0 2527.0
2538.0 5401.0
2538.0 1587.0
7968.0 1001.0
3976.0 1226.0
12115.0 885.0
12115.0 1587.0
1362.0 1587.0
5683.0 2971.0
5683.0 1691.0
5683.0 2776.0
7431.0 1587.0
4505.0 2527.0
4505.0 885.0
5991.0 1226.0
1517.0 1226.0
555.0 1001.0
555.0 569.0
935.0 1226.0
1737.0 9190.0
1737.0 2971.0
133.0 2953.0
133.0 1226.0
506.0 2953.0
506.0 1587.0
3801.0 1226.0
7262.0 7643.0
7939.0 6629.0
164.0 569.0
6552.0 1587.0
2940.0 2971.0
6634.0 1587.0
3429.0 569.0
1196.0 1226.0
2003.0 1587.0
11898.0 1587.0
3949.0 1587.0
3117.0 1226.0
3841.0 1226.0
4483.0 1587.0
2120.0 2953.0
2120.0 2971.0
1593.0 2971.0
3049.0 569.0
6663.0 1001.0
7424.0 1691.0
4053.0 2953.0
6622.0 2971.0
6622.0 2776.0
6622.0 885.0
6622.0 2766.0
102.0 569.0
412.0 569.0
4766.0 1226.0
6672.0 1226.0
2921.0 2457.0
2921.0 2984.0
2921.0 795.0
2921.0 10073.0
2921.0 6526.0
2921.0 4816.0
2921.0 271.0
2921.0 4862.0
2921.0 1158.0
2921.0 847.0
10206.0 2971.0
2602.0 2527.0
2602.0 2971.0
2602.0 1226.0
2602.0 2776.0
2602.0 6212.0
2602.0 5400.0
3629.0 1226.0
6242.0 1226.0
7430.0 1587.0
7430.0 1001.0
7430.0 1226.0
831.0 2971.0
186.0 2527.0
186.0 2953.0
186.0 2971.0
186.0 885.0
186.0 569.0
186.0 5401.0
2969.0 2766.0
2969.0 569.0
3843.0 1226.0
1001.0 14171.0
1001.0 2912.0
1001.0 5612.0
1001.0 563.0
1001.0 7968.0
1001.0 3128.0
1001.0 2100.0
1001.0 7382.0
1001.0 2481.0
1001.0 12145.0
1001.0 1009.0
1001.0 806.0
1001.0 972.0
1001.0 783.0
1001.0 7915.0
1001.0 6772.0
1001.0 3972.0
1001.0 9768.0
1001.0 3925.0
1001.0 2935.0
1001.0 5676.0
1001.0 2688.0
1001.0 2503.0
1001.0 7908.0
1001.0 1529.0
1001.0 7910.0
1001.0 2002.0
1001.0 10815.0
1001.0 9403.0
1001.0 271.0
1001.0 803.0
1001.0 5102.0
1001.0 2536.0
1001.0 9293.0
1001.0 7029.0
1001.0 4537.0
1001.0 3415.0
1001.0 6780.0
1001.0 2901.0
1001.0 393.0
1001.0 11584.0
1001.0 274.0
1001.0 5048.0
1001.0 7917.0
1001.0 12126.0
1001.0 7430.0
1001.0 278.0
1001.0 6197.0
1001.0 2873.0
1001.0 9709.0
1001.0 1221.0
1001.0 13167.0
1001.0 2737.0
1001.0 4730.0
1001.0 4115.0
1001.0 2744.0
1001.0 7154.0
1001.0 299.0
1001.0 5262.0
1001.0 13585.0
1001.0 2594.0
1001.0 5377.0
1001.0 5550.0
1001.0 555.0
1001.0 6760.0
1001.0 2625.0
1001.0 13541.0
1001.0 2630.0
1001.0 8249.0
1001.0 3671.0
1001.0 12144.0
1001.0 2764.0
1001.0 2765.0
1001.0 6942.0
1001.0 13538.0
1001.0 2961.0
1001.0 4395.0
1001.0 3528.0
1001.0 898.0
1001.0 6663.0
1001.0 2655.0
1001.0 10920.0
1001.0 2623.0
1001.0 12030.0
2654.0 2971.0
1120.0 2953.0
1120.0 885.0
1120.0 2527.0
3220.0 1226.0
6781.0 1737.0
3084.0 569.0
1604.0 2527.0
1604.0 1226.0
4816.0 1513.0
4816.0 449.0
4816.0 2917.0
4816.0 3754.0
4816.0 1982.0
4816.0 419.0
4816.0 534.0
4816.0 845.0
4816.0 464.0
4816.0 4444.0
4816.0 54.0
4816.0 164.0
4816.0 320.0
4816.0 685.0
4816.0 1519.0
4816.0 2984.0
4816.0 2002.0
4816.0 70.0
4816.0 271.0
4816.0 751.0
4816.0 1924.0
4816.0 2536.0
4816.0 6166.0
4816.0 130.0
4816.0 3419.0
4816.0 2554.0
4816.0 1101.0
4816.0 342.0
4816.0 2723.0
4816.0 8231.0
4816.0 2972.0
4816.0 6137.0
4816.0 193.0
4816.0 194.0
4816.0 4958.0
4816.0 1503.0
4816.0 795.0
4816.0 3.0
4816.0 1812.0
4816.0 7011.0
4816.0 8520.0
4816.0 2762.0
4816.0 7063.0
4816.0 698.0
4816.0 213.0
4816.0 5379.0
4816.0 1234.0
4816.0 5050.0
4816.0 2716.0
4816.0 658.0
4816.0 8499.0
4816.0 3069.0
4816.0 1535.0
4816.0 278.0
4816.0 710.0
4816.0 1242.0
4816.0 1246.0
4816.0 906.0
4816.0 537.0
4816.0 3020.0
4140.0 1226.0
1244.0 2931.0
1244.0 5853.0
1244.0 2458.0
1244.0 4928.0
1244.0 795.0
1244.0 985.0
1244.0 2772.0
1244.0 1533.0
1244.0 2698.0
1244.0 3000.0
1244.0 2054.0
1244.0 273.0
1244.0 3893.0
1244.0 4769.0
1244.0 1113.0
1244.0 1579.0
1244.0 2922.0
1244.0 278.0
1244.0 2809.0
1244.0 2503.0
1244.0 3959.0
1244.0 631.0
1244.0 2984.0
1244.0 1037.0
1244.0 2738.0
1244.0 1177.0
1244.0 2602.0
1244.0 1783.0
11624.0 1587.0
1246.0 1691.0
1246.0 1226.0
578.0 1226.0
11881.0 569.0
8503.0 569.0
11216.0 2953.0
123.0 1226.0
6810.0 1587.0
2813.0 1226.0
2956.0 885.0
2956.0 1587.0
3046.0 2971.0
3046.0 2953.0
2970.0 2766.0
2970.0 2971.0
2970.0 2776.0
10228.0 569.0
1017.0 2998.0
7910.0 1001.0
710.0 2971.0
710.0 2766.0
710.0 2776.0
1442.0 2527.0
1442.0 885.0
1442.0 2971.0
5738.0 2971.0
5738.0 2766.0
2808.0 2527.0
2808.0 1226.0
2808.0 885.0
2808.0 569.0
2808.0 2776.0
1185.0 1587.0
1185.0 569.0
883.0 1691.0
3069.0 2998.0
3069.0 569.0
3069.0 2776.0
12112.0 1587.0
3972.0 1001.0
13307.0 2971.0
3706.0 885.0
3107.0 1587.0
2727.0 2971.0
14467.0 1587.0
2019.0 2527.0
559.0 1226.0
559.0 885.0
1783.0 4220.0
2141.0 165.0
2141.0 278.0
2141.0 2984.0
2141.0 985.0
2141.0 8231.0
2141.0 2430.0
2141.0 524.0
2141.0 964.0
2141.0 537.0
2141.0 4178.0
2141.0 631.0
65.0 1226.0
7155.0 5401.0
5747.0 1226.0
4811.0 5401.0
2802.0 2998.0
2931.0 2971.0
2931.0 6629.0
2931.0 4220.0
2931.0 2776.0
785.0 2527.0
785.0 2971.0
7915.0 1001.0
9190.0 2971.0
9190.0 1737.0
4356.0 1226.0
608.0 1587.0
4434.0 569.0
701.0 1587.0
701.0 2971.0
701.0 2527.0
701.0 885.0
3118.0 2998.0
1179.0 422.0
1179.0 1614.0
1179.0 2912.0
1179.0 6873.0
1179.0 3082.0
1179.0 4213.0
1179.0 64.0
1179.0 3128.0
1179.0 2917.0
1179.0 5182.0
1179.0 6472.0
1179.0 8364.0
1179.0 895.0
1179.0 1701.0
1179.0 466.0
1179.0 1002.0
1179.0 464.0
1179.0 6841.0
1179.0 4648.0
1179.0 260.0
1179.0 4701.0
1179.0 317.0
1179.0 6810.0
1179.0 5103.0
1179.0 5715.0
1179.0 10586.0
1179.0 3030.0
1179.0 93.0
1179.0 7028.0
1179.0 795.0
1179.0 4851.0
1179.0 1193.0
1179.0 8557.0
1179.0 4087.0
1179.0 271.0
1179.0 12115.0
1179.0 1579.0
1179.0 1785.0
1179.0 6564.0
1179.0 5102.0
1179.0 808.0
1179.0 5739.0
1179.0 3037.0
1179.0 2177.0
1179.0 3048.0
1179.0 389.0
1179.0 1094.0
1179.0 819.0
1179.0 2901.0
1179.0 1530.0
1179.0 5048.0
1179.0 12118.0
1179.0 830.0
1179.0 5539.0
1179.0 4712.0
1179.0 1219.0
1179.0 9348.0
1179.0 192.0
1179.0 927.0
1179.0 2738.0
1179.0 4505.0
1179.0 316.0
1179.0 538.0
1179.0 992.0
1179.0 4475.0
1179.0 9385.0
1179.0 4639.0
1179.0 872.0
1179.0 6638.0
1179.0 1602.0
1179.0 8520.0
1179.0 5550.0
1179.0 10073.0
1179.0 6008.0
1179.0 6129.0
1179.0 4572.0
1179.0 7829.0
1179.0 3730.0
1179.0 213.0
1179.0 3000.0
1179.0 1635.0
1179.0 12028.0
1179.0 2054.0
1179.0 2673.0
1179.0 7011.0
1179.0 2411.0
1179.0 4925.0
1179.0 537.0
1179.0 2890.0
10718.0 1587.0
1503.0 2527.0
9931.0 12058.0
7212.0 1587.0
4814.0 1226.0
4626.0 1587.0
4626.0 1226.0
9397.0 1158.0
9397.0 2984.0
580.0 2527.0
580.0 2971.0
580.0 1587.0
580.0 885.0
580.0 569.0
3022.0 2527.0
3022.0 885.0
3022.0 1587.0
9700.0 1587.0
5239.0 885.0
19.0 2971.0
1180.0 1226.0
5481.0 569.0
792.0 885.0
792.0 1226.0
1574.0 1691.0
1574.0 1226.0
649.0 157.0
649.0 2470.0
649.0 121.0
649.0 164.0
649.0 360.0
649.0 169.0
649.0 6781.0
649.0 3041.0
649.0 393.0
649.0 6501.0
649.0 11087.0
649.0 1402.0
649.0 389.0
649.0 11797.0
649.0 1024.0
649.0 5551.0
649.0 10073.0
649.0 1635.0
649.0 580.0
2948.0 2998.0
964.0 4220.0
2177.0 2527.0
2177.0 1587.0
2177.0 1226.0
2177.0 2998.0
13017.0 1691.0
8218.0 2527.0
8218.0 885.0
7444.0 1226.0
2113.0 1226.0
10545.0 1226.0
12458.0 2998.0
2548.0 2971.0
5715.0 1587.0
50.0 1226.0
50.0 885.0
206.0 569.0
1425.0 1226.0
2625.0 2527.0
2625.0 1001.0
2625.0 885.0
2883.0 885.0
47.0 1587.0
9851.0 2953.0
4213.0 93.0
4213.0 278.0
4213.0 1179.0
4213.0 2984.0
157.0 569.0
764.0 2998.0
764.0 885.0
5396.0 1587.0
475.0 1691.0
475.0 2766.0
475.0 2971.0
475.0 885.0
475.0 2776.0
655.0 1226.0
2529.0 1226.0
682.0 5401.0
682.0 1587.0
3415.0 1001.0
5177.0 2998.0
5177.0 1587.0
8633.0 1587.0
11309.0 1226.0
2596.0 1226.0
1527.0 1226.0
8099.0 2527.0
3129.0 2971.0
369.0 2776.0
3138.0 1587.0
2986.0 1226.0
3925.0 1001.0
8267.0 1587.0
332.0 1226.0
6651.0 1226.0
4599.0 1226.0
8010.0 1226.0
3504.0 1226.0
11632.0 6526.0
11632.0 2984.0
11632.0 847.0
11632.0 693.0
5088.0 1587.0
464.0 1587.0
464.0 2971.0
4175.0 1226.0
791.0 1226.0
3718.0 1226.0
9849.0 2953.0
810.0 2527.0
810.0 2953.0
810.0 4220.0
810.0 885.0
6166.0 569.0
7693.0 2971.0
2554.0 569.0
5705.0 1587.0
12118.0 885.0
12118.0 2998.0
5467.0 1226.0
1557.0 96.0
1557.0 1502.0
1557.0 2984.0
1557.0 88.0
1557.0 812.0
1557.0 604.0
1557.0 1193.0
4369.0 2971.0
7346.0 885.0
2144.0 1226.0
2594.0 1001.0
2594.0 1226.0
2378.0 1226.0
12144.0 1001.0
6388.0 5116.0
6388.0 2971.0
6388.0 2527.0
6388.0 885.0
6388.0 4220.0
1504.0 1614.0
1504.0 2787.0
1504.0 2682.0
1504.0 2940.0
1504.0 5176.0
1504.0 2602.0
1504.0 806.0
1504.0 2122.0
1504.0 130.0
1504.0 3117.0
1504.0 11712.0
1504.0 105.0
1504.0 991.0
1504.0 7430.0
1504.0 86.0
1504.0 831.0
1504.0 2969.0
1504.0 2762.0
1504.0 3555.0
1504.0 658.0
1504.0 2883.0
1504.0 981.0
1504.0 3507.0
1504.0 751.0
1504.0 2190.0
1504.0 2873.0
1504.0 419.0
1504.0 2673.0
1504.0 769.0
1504.0 7225.0
1504.0 1193.0
1504.0 2936.0
1504.0 165.0
1504.0 2984.0
1504.0 3689.0
1504.0 6384.0
1504.0 3705.0
1504.0 2821.0
1504.0 692.0
1504.0 4928.0
1504.0 2738.0
1504.0 2411.0
1504.0 2744.0
1504.0 1229.0
1504.0 1791.0
1504.0 4618.0
1504.0 369.0
1504.0 3730.0
1504.0 2772.0
1504.0 8390.0
1504.0 107.0
1504.0 278.0
1504.0 537.0
1504.0 2117.0
1504.0 121.0
1504.0 3069.0
1504.0 1937.0
1504.0 1037.0
1504.0 8334.0
1504.0 5716.0
1504.0 795.0
1504.0 449.0
1504.0 104.0
1504.0 3976.0
1504.0 5124.0
1504.0 810.0
1504.0 1962.0
1504.0 1123.0
1504.0 3849.0
1504.0 701.0
1504.0 4627.0
1504.0 6389.0
1504.0 2780.0
1504.0 534.0
1504.0 413.0
1504.0 6762.0
1504.0 563.0
1504.0 7244.0
1504.0 2770.0
1504.0 5450.0
1504.0 631.0
1504.0 7155.0
1504.0 285.0
1504.0 2943.0
1504.0 6191.0
1504.0 2931.0
1504.0 1196.0
1504.0 2933.0
1504.0 271.0
1504.0 941.0
1504.0 985.0
1504.0 3048.0
1504.0 3419.0
1504.0 6967.0
1504.0 2729.0
1504.0 1094.0
1504.0 3935.0
1504.0 5402.0
1504.0 1503.0
1504.0 9385.0
1504.0 1042.0
1504.0 1602.0
1504.0 11442.0
1504.0 593.0
1504.0 7156.0
1504.0 5379.0
1504.0 5990.0
1504.0 1635.0
1504.0 5981.0
1504.0 580.0
