207.0 7230.0
206.0 5716.0
206.0 569.0
3454.0 5716.0
3454.0 569.0
3454.0 2673.0
2780.0 569.0
2780.0 2971.0
2780.0 5716.0
2780.0 2673.0
2780.0 3000.0
2780.0 8557.0
456.0 5716.0
456.0 569.0
2253.0 2971.0
231.0 569.0
187.0 569.0
5716.0 10861.0
5716.0 2673.0
5716.0 2762.0
5716.0 569.0
5716.0 4994.0
5513.0 569.0
407.0 569.0
407.0 2673.0
407.0 5716.0
407.0 8557.0
407.0 3000.0
1170.0 569.0
3316.0 569.0
3316.0 5716.0
3316.0 4994.0
5683.0 2762.0
5683.0 2971.0
4483.0 4994.0
102.0 569.0
3084.0 5716.0
3084.0 4994.0
3084.0 569.0
11881.0 569.0
10228.0 569.0
5519.0 2762.0
207.0 11516.0
207.0 449.0
207.0 175.0
207.0 740.0
207.0 231.0
207.0 96.0
207.0 1803.0
207.0 108.0
207.0 1555.0
207.0 107.0
207.0 105.0
207.0 6269.0
207.0 97.0
207.0 1170.0
207.0 2559.0
207.0 182.0
207.0 534.0
207.0 3454.0
207.0 2233.0
207.0 10228.0
207.0 3318.0
207.0 3084.0
207.0 206.0
207.0 396.0
206.0 11516.0
206.0 5519.0
206.0 11881.0
206.0 449.0
206.0 175.0
206.0 157.0
206.0 740.0
206.0 456.0
206.0 10228.0
206.0 231.0
206.0 2233.0
206.0 2253.0
206.0 4990.0
206.0 176.0
206.0 1803.0
206.0 108.0
206.0 96.0
206.0 6269.0
206.0 2554.0
206.0 2559.0
206.0 5538.0
206.0 524.0
206.0 6360.0
206.0 105.0
206.0 537.0
206.0 3454.0
206.0 3317.0
206.0 534.0
206.0 3318.0
206.0 207.0
206.0 593.0
206.0 97.0
206.0 3435.0
206.0 1255.0
206.0 5513.0
206.0 102.0
157.0 5716.0
157.0 4994.0
157.0 2762.0
157.0 569.0
3129.0 2971.0
2554.0 4994.0
2554.0 569.0
1982.0 5716.0
1982.0 569.0
1982.0 2971.0
1982.0 2762.0
11087.0 5716.0
11087.0 4994.0
11087.0 569.0
185.0 569.0
175.0 4994.0
6269.0 3000.0
537.0 2762.0
537.0 2971.0
537.0 2673.0
3318.0 5716.0
3318.0 4994.0
3318.0 569.0
534.0 5716.0
449.0 569.0
13719.0 5716.0
13719.0 4994.0
13719.0 569.0
524.0 569.0
524.0 4994.0
524.0 5716.0
524.0 2673.0
97.0 8364.0
97.0 2971.0
97.0 4994.0
97.0 3000.0
96.0 2971.0
7230.0 3000.0
7230.0 2971.0
7230.0 8557.0
7230.0 8364.0
11516.0 4994.0
105.0 569.0
3443.0 3318.0
3443.0 3317.0
3443.0 2554.0
3443.0 3084.0
3443.0 3454.0
740.0 569.0
331.0 2762.0
331.0 569.0
1803.0 4994.0
108.0 4994.0
3446.0 3317.0
3446.0 3084.0
3446.0 3318.0
3446.0 206.0
3446.0 3454.0
1555.0 569.0
93.0 569.0
93.0 5182.0
93.0 8557.0
985.0 2762.0
985.0 7230.0
985.0 2971.0
985.0 8557.0
569.0 5716.0
569.0 4994.0
569.0 2762.0
569.0 3000.0
569.0 2673.0
182.0 4994.0
5538.0 569.0
2233.0 569.0
2322.0 8364.0
6360.0 569.0
2772.0 2762.0
593.0 2971.0
593.0 10861.0
5050.0 2762.0
5050.0 2971.0
1255.0 569.0
396.0 2762.0
3317.0 5716.0
3317.0 4994.0
3317.0 569.0
169.0 5716.0
169.0 4994.0
169.0 569.0
107.0 569.0
107.0 5716.0
107.0 4994.0
4990.0 5716.0
4990.0 4994.0
4990.0 569.0
176.0 569.0
3435.0 569.0
5551.0 5716.0
5551.0 4994.0
5551.0 569.0
11797.0 5716.0
11797.0 4994.0
11797.0 569.0
3454.0 107.0
3454.0 3084.0
3454.0 105.0
3454.0 93.0
3454.0 3316.0
3454.0 206.0
3454.0 207.0
3454.0 185.0
3454.0 96.0
3454.0 2772.0
3454.0 187.0
3454.0 331.0
3454.0 182.0
3454.0 3317.0
3454.0 3318.0
3454.0 2554.0
3454.0 102.0
5683.0 3000.0
2673.0 5716.0
2673.0 8364.0
2673.0 8557.0
2673.0 2971.0
2673.0 2762.0
2673.0 569.0
1555.0 5716.0
206.0 1555.0
3443.0 231.0
3443.0 105.0
3443.0 96.0
3443.0 1555.0
3443.0 2233.0
5050.0 2673.0
3454.0 231.0
3454.0 2233.0
3454.0 1555.0
3443.0 3316.0
3446.0 3316.0
2112.0 2673.0
206.0 2112.0
206.0 311.0
311.0 7230.0
149.0 151.0
149.0 157.0
149.0 96.0
149.0 164.0
149.0 165.0
149.0 93.0
149.0 169.0
149.0 175.0
149.0 176.0
149.0 182.0
149.0 185.0
149.0 190.0
149.0 194.0
149.0 199.0
149.0 206.0
149.0 207.0
149.0 217.0
149.0 219.0
149.0 107.0
442.0 569.0
1720.0 207.0
1720.0 372.0
1720.0 1469.0
2911.0 2971.0
2911.0 3000.0
818.0 2762.0
818.0 3000.0
3426.0 3427.0
3426.0 3437.0
3426.0 3438.0
3426.0 3453.0
3426.0 3454.0
3426.0 3464.0
3426.0 1449.0
4323.0 165.0
4323.0 1163.0
4323.0 151.0
4323.0 207.0
4323.0 3435.0
4323.0 1469.0
4323.0 175.0
4323.0 524.0
4323.0 1164.0
4323.0 1167.0
4323.0 4336.0
4323.0 199.0
3006.0 2971.0
3449.0 4994.0
5059.0 207.0
5059.0 175.0
5059.0 524.0
5059.0 206.0
2436.0 5182.0
5504.0 3317.0
5504.0 206.0
5504.0 1513.0
5504.0 157.0
5504.0 2233.0
5504.0 3454.0
5504.0 199.0
5504.0 105.0
5504.0 3318.0
5504.0 96.0
216.0 569.0
3467.0 5716.0
3123.0 2971.0
3887.0 2762.0
6339.0 524.0
6339.0 207.0
6392.0 524.0
6392.0 206.0
825.0 2762.0
124.0 2971.0
874.0 7230.0
3216.0 2762.0
7364.0 206.0
7364.0 1173.0
7364.0 1255.0
7364.0 173.0
7364.0 407.0
7364.0 216.0
7364.0 3449.0
7364.0 537.0
317.0 2186.0
317.0 1614.0
317.0 684.0
317.0 5738.0
317.0 449.0
317.0 1442.0
317.0 7866.0
317.0 54.0
317.0 1566.0
317.0 3006.0
317.0 93.0
317.0 483.0
317.0 271.0
317.0 3979.0
317.0 6166.0
317.0 3477.0
317.0 715.0
317.0 3959.0
317.0 1101.0
317.0 2559.0
317.0 1105.0
317.0 6430.0
317.0 534.0
317.0 2654.0
317.0 1179.0
317.0 3449.0
317.0 4636.0
317.0 6147.0
317.0 194.0
317.0 3084.0
317.0 206.0
317.0 2991.0
317.0 2136.0
317.0 2998.0
317.0 563.0
317.0 2738.0
317.0 107.0
317.0 278.0
317.0 2890.0
317.0 2778.0
317.0 396.0
317.0 580.0
317.0 2149.0
317.0 524.0
317.0 3020.0
2689.0 5716.0
2689.0 4994.0
2689.0 569.0
2259.0 2673.0
2731.0 3437.0
2731.0 3438.0
2731.0 3453.0
2731.0 3454.0
2731.0 3464.0
2731.0 1449.0
2780.0 2670.0
2780.0 5873.0
2780.0 8486.0
2780.0 7024.0
2780.0 93.0
2780.0 2942.0
2780.0 2945.0
2780.0 2534.0
2780.0 7063.0
2780.0 2118.0
2780.0 830.0
2780.0 872.0
2780.0 2969.0
2780.0 4263.0
2780.0 190.0
2780.0 8474.0
2780.0 4636.0
2780.0 1530.0
2780.0 8497.0
2780.0 407.0
2780.0 1170.0
2780.0 7470.0
2780.0 8503.0
2780.0 475.0
2780.0 685.0
2780.0 8456.0
2780.0 485.0
2780.0 3979.0
2780.0 811.0
2780.0 1206.0
2780.0 4447.0
2780.0 3427.0
2780.0 124.0
2780.0 3046.0
2780.0 524.0
2780.0 2970.0
2780.0 2985.0
2780.0 1024.0
2780.0 8521.0
2780.0 2999.0
2780.0 107.0
2780.0 278.0
2780.0 2523.0
2780.0 3936.0
2780.0 1654.0
2780.0 1509.0
2780.0 3746.0
2780.0 1179.0
2780.0 2667.0
2780.0 8525.0
2780.0 3123.0
2780.0 883.0
2780.0 5088.0
2780.0 5862.0
2780.0 464.0
2780.0 1037.0
2780.0 5461.0
2780.0 7965.0
2780.0 795.0
2780.0 494.0
2780.0 2727.0
2780.0 3037.0
2780.0 3453.0
2780.0 4336.0
2780.0 4992.0
2780.0 538.0
2780.0 1737.0
2780.0 2998.0
2780.0 563.0
2780.0 216.0
2780.0 3003.0
2780.0 1504.0
2780.0 4051.0
2780.0 2917.0
2780.0 1687.0
2780.0 4769.0
2780.0 1782.0
2780.0 6977.0
2780.0 6191.0
2780.0 2940.0
2780.0 3827.0
2780.0 1193.0
2780.0 8556.0
2780.0 271.0
2780.0 1803.0
2780.0 1094.0
2780.0 1587.0
2780.0 4926.0
2780.0 2559.0
2780.0 5948.0
2780.0 213.0
2780.0 1116.0
2780.0 851.0
2780.0 1503.0
2780.0 580.0
37.0 2762.0
8705.0 2971.0
3928.0 2762.0
4367.0 2762.0
4367.0 5182.0
1687.0 569.0
1687.0 2971.0
4514.0 7230.0
8556.0 2971.0
1785.0 5182.0
1785.0 2971.0
9785.0 206.0
2717.0 2762.0
5793.0 2673.0
1282.0 569.0
4339.0 3437.0
4339.0 3438.0
4339.0 2731.0
4339.0 3453.0
4339.0 3454.0
4339.0 3464.0
4339.0 1449.0
2186.0 2762.0
2186.0 2673.0
1456.0 2971.0
10294.0 93.0
10294.0 96.0
456.0 740.0
456.0 3069.0
456.0 231.0
456.0 5538.0
456.0 54.0
456.0 672.0
456.0 685.0
456.0 169.0
456.0 1803.0
456.0 108.0
456.0 1555.0
456.0 96.0
456.0 1173.0
456.0 105.0
456.0 4336.0
456.0 10318.0
456.0 4483.0
456.0 2233.0
456.0 5551.0
456.0 4457.0
456.0 2554.0
456.0 1255.0
456.0 4187.0
456.0 216.0
456.0 278.0
456.0 710.0
456.0 1509.0
456.0 102.0
1452.0 7230.0
2703.0 569.0
1101.0 2762.0
9554.0 2971.0
2972.0 2762.0
2972.0 2971.0
1219.0 2971.0
1219.0 8364.0
3463.0 3317.0
3463.0 3318.0
3463.0 3084.0
3463.0 3316.0
3463.0 1469.0
3463.0 3454.0
6008.0 2762.0
10921.0 2734.0
10921.0 1255.0
10921.0 206.0
10921.0 219.0
10921.0 524.0
10921.0 740.0
2457.0 10861.0
9487.0 5862.0
9487.0 5481.0
9487.0 5315.0
9487.0 3123.0
9487.0 5596.0
9487.0 5948.0
9487.0 5873.0
9487.0 1193.0
9487.0 1037.0
9487.0 4636.0
9487.0 1654.0
9487.0 7024.0
9487.0 4263.0
9487.0 206.0
2253.0 698.0
2253.0 278.0
2253.0 1783.0
231.0 1614.0
231.0 2589.0
231.0 2233.0
231.0 456.0
231.0 5708.0
231.0 672.0
231.0 93.0
231.0 5564.0
231.0 1555.0
231.0 3773.0
231.0 96.0
231.0 105.0
231.0 342.0
231.0 5538.0
231.0 186.0
231.0 6430.0
231.0 11087.0
231.0 5740.0
231.0 1509.0
485.0 2971.0
2724.0 2971.0
3428.0 2971.0
187.0 93.0
187.0 449.0
187.0 524.0
187.0 3454.0
187.0 2233.0
187.0 105.0
187.0 43.0
6906.0 207.0
4849.0 2762.0
606.0 2971.0
606.0 2762.0
1654.0 2673.0
1654.0 8364.0
1654.0 2971.0
5984.0 8557.0
5984.0 5716.0
5984.0 2762.0
5984.0 569.0
5984.0 8364.0
1178.0 682.0
1178.0 3477.0
1178.0 4433.0
1178.0 207.0
938.0 2762.0
5716.0 1972.0
5716.0 2808.0
5716.0 11779.0
5716.0 991.0
5716.0 1167.0
5716.0 11780.0
5716.0 456.0
5716.0 11781.0
5716.0 1659.0
5716.0 7063.0
5716.0 6633.0
5716.0 164.0
5716.0 6347.0
5716.0 475.0
5716.0 436.0
5716.0 3427.0
5716.0 685.0
5716.0 3979.0
5716.0 1781.0
5716.0 1437.0
5716.0 7083.0
5716.0 43.0
5716.0 5360.0
5716.0 342.0
5716.0 4794.0
5716.0 6621.0
5716.0 2970.0
5716.0 1485.0
5716.0 4800.0
5716.0 3453.0
5716.0 701.0
5716.0 8449.0
5716.0 6202.0
5716.0 534.0
5716.0 3454.0
5716.0 10564.0
5716.0 1503.0
5716.0 858.0
5716.0 426.0
5716.0 2942.0
5716.0 3705.0
5716.0 4284.0
5716.0 868.0
5716.0 7394.0
5716.0 206.0
5716.0 3544.0
5716.0 3730.0
5716.0 5560.0
5716.0 11790.0
5716.0 1008.0
5716.0 2054.0
5716.0 2716.0
5716.0 3925.0
5716.0 3006.0
5716.0 219.0
5716.0 1345.0
5716.0 4040.0
5716.0 278.0
5716.0 885.0
5716.0 1442.0
5716.0 823.0
5716.0 3598.0
5716.0 3745.0
5716.0 5984.0
7965.0 2762.0
7965.0 3000.0
483.0 569.0
483.0 4994.0
483.0 2762.0
483.0 3000.0
31.0 2762.0
5596.0 2673.0
6430.0 2762.0
6389.0 2762.0
6389.0 2971.0
4187.0 2762.0
885.0 2762.0
885.0 569.0
885.0 2971.0
885.0 5716.0
2430.0 151.0
2430.0 175.0
2430.0 1164.0
2430.0 1167.0
2430.0 2983.0
2430.0 1469.0
2430.0 2984.0
2430.0 12058.0
2430.0 2523.0
2430.0 1094.0
2430.0 1163.0
2430.0 4336.0
2430.0 524.0
2430.0 1113.0
2430.0 8449.0
2430.0 199.0
2430.0 1503.0
2430.0 207.0
2430.0 1255.0
2430.0 4187.0
2430.0 715.0
2430.0 2716.0
2430.0 278.0
2430.0 213.0
1437.0 5716.0
698.0 10861.0
698.0 569.0
698.0 8557.0
1163.0 569.0
5513.0 165.0
5513.0 206.0
5513.0 524.0
5513.0 4434.0
5513.0 456.0
5513.0 108.0
5513.0 278.0
5513.0 1170.0
5672.0 2971.0
5672.0 2762.0
6633.0 5716.0
781.0 206.0
781.0 1167.0
781.0 1469.0
781.0 271.0
781.0 604.0
781.0 1123.0
781.0 2019.0
781.0 1193.0
1469.0 569.0
12397.0 96.0
12397.0 1255.0
12397.0 3318.0
12397.0 219.0
12397.0 8474.0
12397.0 206.0
12397.0 199.0
1094.0 569.0
1094.0 2673.0
1094.0 3000.0
1094.0 8557.0
1094.0 2971.0
1094.0 8364.0
1094.0 2762.0
2112.0 1167.0
2112.0 456.0
2112.0 6072.0
2112.0 749.0
2112.0 1305.0
2112.0 1513.0
2112.0 659.0
2112.0 6671.0
2112.0 3705.0
2112.0 2120.0
2112.0 191.0
2112.0 2589.0
2112.0 1851.0
2112.0 3988.0
2112.0 206.0
2112.0 1530.0
2112.0 4816.0
2112.0 6369.0
2112.0 278.0
2112.0 1448.0
6683.0 1160.0
6683.0 93.0
6683.0 206.0
6683.0 207.0
6683.0 4336.0
6683.0 199.0
6683.0 190.0
6683.0 219.0
6683.0 1173.0
9303.0 2673.0
4115.0 7230.0
3294.0 278.0
3294.0 124.0
3294.0 563.0
3294.0 207.0
3294.0 1123.0
4993.0 2734.0
4993.0 524.0
4993.0 96.0
4993.0 1255.0
12797.0 2283.0
12797.0 207.0
173.0 569.0
3476.0 2971.0
4887.0 2762.0
6621.0 5716.0
1388.0 4051.0
1388.0 1967.0
106.0 96.0
106.0 6269.0
106.0 456.0
106.0 199.0
106.0 672.0
106.0 3512.0
106.0 93.0
106.0 8456.0
106.0 173.0
106.0 10318.0
106.0 819.0
106.0 182.0
106.0 190.0
106.0 194.0
106.0 1120.0
106.0 42.0
106.0 3318.0
106.0 7063.0
106.0 1255.0
106.0 3449.0
106.0 1982.0
106.0 1160.0
2136.0 2762.0
407.0 2670.0
407.0 2118.0
407.0 5873.0
407.0 8486.0
407.0 672.0
407.0 7024.0
407.0 5481.0
407.0 93.0
407.0 279.0
407.0 872.0
407.0 4263.0
407.0 190.0
407.0 8474.0
407.0 4636.0
407.0 1530.0
407.0 8497.0
407.0 1170.0
407.0 1837.0
407.0 2436.0
407.0 2253.0
407.0 7470.0
407.0 3003.0
407.0 8503.0
407.0 2937.0
407.0 8456.0
407.0 811.0
407.0 1173.0
407.0 1206.0
407.0 2548.0
407.0 4447.0
407.0 3427.0
407.0 124.0
407.0 3046.0
407.0 524.0
407.0 2970.0
407.0 2985.0
407.0 8521.0
407.0 107.0
407.0 2890.0
407.0 1654.0
407.0 1509.0
407.0 1179.0
407.0 2667.0
407.0 8525.0
407.0 3123.0
407.0 883.0
407.0 5088.0
407.0 5862.0
407.0 464.0
407.0 1037.0
407.0 5461.0
407.0 795.0
407.0 483.0
407.0 494.0
407.0 3037.0
407.0 2727.0
407.0 2554.0
407.0 3453.0
407.0 4336.0
407.0 2780.0
407.0 1737.0
407.0 2998.0
407.0 213.0
407.0 563.0
407.0 216.0
407.0 4051.0
407.0 2917.0
407.0 1782.0
407.0 2925.0
407.0 2940.0
407.0 1193.0
407.0 271.0
407.0 2969.0
407.0 1094.0
407.0 1587.0
407.0 4926.0
407.0 2559.0
407.0 278.0
407.0 5948.0
407.0 1116.0
407.0 1503.0
407.0 2655.0
1170.0 107.0
1170.0 207.0
1170.0 96.0
1170.0 108.0
1170.0 331.0
1170.0 105.0
1170.0 537.0
1170.0 2233.0
1170.0 3318.0
1170.0 8474.0
1170.0 795.0
3104.0 569.0
7228.0 524.0
7228.0 206.0
5883.0 206.0
1193.0 8364.0
1193.0 2971.0
1193.0 2762.0
1193.0 2673.0
1520.0 1448.0
1520.0 93.0
1520.0 2527.0
1520.0 2019.0
1520.0 186.0
1520.0 7188.0
1520.0 2976.0
1520.0 4220.0
1520.0 1120.0
1520.0 207.0
1520.0 3129.0
3893.0 569.0
8210.0 165.0
8210.0 206.0
8210.0 1120.0
8210.0 42.0
8210.0 785.0
3316.0 412.0
3316.0 231.0
3316.0 164.0
3316.0 3427.0
3316.0 3429.0
3316.0 7965.0
3316.0 3827.0
3316.0 2012.0
3316.0 43.0
3316.0 2554.0
3316.0 185.0
3316.0 372.0
3316.0 534.0
3316.0 4636.0
3316.0 3084.0
3316.0 698.0
3316.0 5050.0
3316.0 191.0
3316.0 5560.0
3316.0 102.0
4928.0 569.0
4928.0 2762.0
4928.0 2673.0
2971.0 8557.0
2971.0 8364.0
2971.0 2762.0
2971.0 569.0
2971.0 7230.0
2971.0 5182.0
2971.0 5716.0
2971.0 2673.0
2971.0 4994.0
2971.0 3000.0
2991.0 2971.0
13402.0 206.0
3730.0 5716.0
3730.0 10861.0
13522.0 524.0
13522.0 206.0
13553.0 569.0
5683.0 11779.0
5683.0 456.0
5683.0 7024.0
5683.0 2942.0
5683.0 802.0
5683.0 580.0
5683.0 186.0
5683.0 4263.0
5683.0 3555.0
5683.0 4636.0
5683.0 206.0
5683.0 5873.0
5683.0 629.0
5683.0 5315.0
5683.0 981.0
5683.0 419.0
5683.0 1193.0
5683.0 1037.0
5683.0 2937.0
5683.0 3887.0
5683.0 1924.0
5683.0 3979.0
5683.0 604.0
5683.0 3046.0
5683.0 524.0
5683.0 3730.0
5683.0 107.0
5683.0 278.0
5683.0 710.0
5683.0 2778.0
5683.0 1654.0
5683.0 1509.0
5683.0 537.0
5683.0 2186.0
5683.0 4435.0
5683.0 8525.0
5683.0 3123.0
5683.0 7219.0
5683.0 5862.0
5683.0 464.0
5683.0 3352.0
5683.0 795.0
5683.0 1345.0
5683.0 2698.0
5683.0 1691.0
5683.0 4336.0
5683.0 534.0
5683.0 216.0
5683.0 4051.0
5683.0 449.0
5683.0 1687.0
5683.0 4769.0
5683.0 2925.0
5683.0 6191.0
5683.0 1469.0
5683.0 271.0
5683.0 500.0
5683.0 5948.0
5683.0 5402.0
5683.0 858.0
5683.0 5379.0
5683.0 5620.0
5683.0 2655.0
5683.0 1160.0
5683.0 5740.0
5683.0 102.0
10321.0 96.0
555.0 569.0
1737.0 2971.0
10322.0 4994.0
506.0 151.0
506.0 175.0
506.0 1167.0
506.0 1785.0
506.0 2953.0
506.0 604.0
506.0 1587.0
506.0 1163.0
506.0 4336.0
506.0 4433.0
506.0 524.0
506.0 715.0
506.0 199.0
506.0 2983.0
506.0 207.0
506.0 1164.0
506.0 213.0
5003.0 175.0
5003.0 2118.0
5003.0 3476.0
5003.0 3428.0
5003.0 715.0
5003.0 56.0
5003.0 524.0
5003.0 456.0
5003.0 199.0
5003.0 206.0
5003.0 207.0
5003.0 4457.0
5003.0 219.0
5003.0 4729.0
5003.0 606.0
2879.0 569.0
9456.0 151.0
9456.0 175.0
9456.0 96.0
9456.0 3467.0
9456.0 740.0
9456.0 231.0
9456.0 3429.0
9456.0 3435.0
9456.0 1803.0
9456.0 108.0
9456.0 1555.0
9456.0 3453.0
9456.0 604.0
9456.0 105.0
9456.0 2554.0
9456.0 1167.0
9456.0 1163.0
9456.0 3316.0
9456.0 4336.0
9456.0 524.0
9456.0 3438.0
9456.0 715.0
9456.0 3454.0
9456.0 2233.0
9456.0 199.0
9456.0 3317.0
9456.0 3318.0
9456.0 3084.0
9456.0 207.0
9456.0 1164.0
9456.0 216.0
9456.0 3437.0
9456.0 3449.0
9456.0 1255.0
9456.0 3464.0
9456.0 1449.0
9456.0 102.0
164.0 5716.0
164.0 569.0
2940.0 2971.0
2940.0 2673.0
3429.0 5716.0
3429.0 569.0
9772.0 7230.0
2017.0 1064.0
2017.0 456.0
2017.0 4237.0
2017.0 105.0
2017.0 2019.0
2017.0 4794.0
2017.0 187.0
2017.0 604.0
2017.0 426.0
2017.0 206.0
2017.0 985.0
2171.0 2917.0
2171.0 96.0
2171.0 2233.0
2171.0 3427.0
2171.0 93.0
2171.0 176.0
2171.0 173.0
2171.0 1803.0
2171.0 108.0
2171.0 3453.0
2171.0 604.0
2171.0 105.0
2171.0 165.0
2171.0 4336.0
2171.0 3454.0
2171.0 2734.0
2171.0 3437.0
2171.0 2554.0
2171.0 271.0
2171.0 8503.0
2171.0 1255.0
2171.0 2780.0
4483.0 96.0
4483.0 1982.0
4483.0 740.0
4483.0 1503.0
4483.0 3318.0
4483.0 685.0
4483.0 176.0
4483.0 3437.0
4483.0 3453.0
4483.0 105.0
4483.0 1587.0
4483.0 514.0
4483.0 3316.0
4483.0 3438.0
4483.0 3429.0
4483.0 456.0
4483.0 2734.0
4483.0 2780.0
4483.0 3454.0
4483.0 2233.0
4483.0 2742.0
4483.0 199.0
4483.0 3317.0
4483.0 3084.0
4483.0 194.0
4483.0 407.0
4483.0 216.0
4483.0 3006.0
4483.0 107.0
4483.0 3464.0
4483.0 1449.0
2120.0 2971.0
1593.0 2971.0
3049.0 569.0
8449.0 5716.0
102.0 6269.0
102.0 456.0
102.0 105.0
102.0 199.0
102.0 4636.0
102.0 206.0
102.0 96.0
102.0 740.0
102.0 231.0
102.0 3512.0
102.0 165.0
102.0 3435.0
102.0 5531.0
102.0 3316.0
102.0 2734.0
102.0 3318.0
102.0 5554.0
102.0 537.0
102.0 4435.0
102.0 3428.0
102.0 483.0
102.0 157.0
102.0 3453.0
102.0 2727.0
102.0 2554.0
102.0 5596.0
102.0 593.0
102.0 534.0
102.0 3454.0
102.0 872.0
102.0 1255.0
102.0 449.0
102.0 1982.0
102.0 1782.0
102.0 164.0
102.0 176.0
102.0 1555.0
102.0 107.0
102.0 2559.0
102.0 194.0
102.0 2233.0
102.0 1851.0
102.0 97.0
102.0 1449.0
102.0 1448.0
412.0 4994.0
412.0 569.0
7866.0 2673.0
2886.0 2762.0
11779.0 5716.0
3616.0 116.0
3616.0 1972.0
3616.0 96.0
3616.0 3428.0
3616.0 7965.0
3616.0 8456.0
3616.0 271.0
3616.0 604.0
3616.0 2019.0
3616.0 1503.0
3616.0 207.0
3616.0 2554.0
3616.0 563.0
3616.0 88.0
2602.0 2971.0
2602.0 2762.0
2602.0 2673.0
186.0 2971.0
186.0 3000.0
186.0 2673.0
186.0 569.0
2969.0 569.0
33.0 569.0
2654.0 2971.0
1120.0 2762.0
3220.0 2762.0
6291.0 5182.0
227.0 606.0
227.0 199.0
227.0 206.0
227.0 207.0
3084.0 1513.0
3084.0 199.0
3084.0 1659.0
3084.0 231.0
3084.0 2682.0
3084.0 3427.0
3084.0 7965.0
3084.0 3689.0
3084.0 169.0
3084.0 176.0
3084.0 1555.0
3084.0 2012.0
3084.0 3453.0
3084.0 105.0
3084.0 2554.0
3084.0 187.0
3084.0 3316.0
3084.0 194.0
3084.0 2233.0
3084.0 3317.0
3084.0 3318.0
3084.0 2734.0
3084.0 207.0
3084.0 5560.0
3084.0 1449.0
1604.0 449.0
1604.0 938.0
1604.0 54.0
1604.0 685.0
1604.0 4636.0
1604.0 2527.0
1604.0 6166.0
1604.0 1101.0
1604.0 2559.0
1604.0 524.0
1604.0 4800.0
1604.0 701.0
1604.0 6202.0
1604.0 207.0
1604.0 3544.0
1604.0 4040.0
1604.0 4187.0
1604.0 1535.0
1604.0 2778.0
4816.0 2971.0
4816.0 2762.0
1244.0 2971.0
1244.0 3000.0
578.0 456.0
578.0 604.0
578.0 2322.0
578.0 524.0
578.0 206.0
11881.0 93.0
11881.0 1513.0
11881.0 449.0
11881.0 524.0
11881.0 1555.0
11881.0 740.0
11881.0 456.0
11881.0 176.0
11881.0 534.0
11881.0 231.0
11881.0 2233.0
11881.0 105.0
11881.0 199.0
11881.0 206.0
8503.0 569.0
4989.0 165.0
4989.0 206.0
4989.0 524.0
4989.0 96.0
4989.0 219.0
4989.0 3037.0
4989.0 3318.0
3478.0 7230.0
3478.0 2762.0
3478.0 2673.0
3478.0 4994.0
3286.0 206.0
3286.0 1469.0
3046.0 2971.0
2970.0 5716.0
2970.0 2971.0
2970.0 2762.0
10228.0 93.0
10228.0 206.0
10228.0 207.0
10228.0 537.0
10228.0 199.0
710.0 2971.0
710.0 2762.0
710.0 2673.0
4314.0 207.0
1442.0 5716.0
1442.0 2971.0
5738.0 2971.0
2808.0 5716.0
2808.0 569.0
1185.0 5716.0
1185.0 4994.0
1185.0 569.0
883.0 2762.0
3069.0 5716.0
3069.0 4994.0
3069.0 569.0
5505.0 3316.0
5505.0 4636.0
5505.0 524.0
5505.0 157.0
5505.0 1255.0
5505.0 2118.0
5505.0 740.0
5505.0 108.0
5505.0 2780.0
5505.0 176.0
5505.0 122.0
5505.0 194.0
5505.0 96.0
5505.0 3454.0
5505.0 672.0
5505.0 105.0
5505.0 93.0
5505.0 3318.0
5505.0 196.0
5519.0 685.0
5519.0 206.0
5519.0 1513.0
5519.0 449.0
5519.0 1164.0
5519.0 185.0
5519.0 524.0
5519.0 96.0
5519.0 271.0
5519.0 6202.0
5519.0 537.0
5519.0 278.0
5519.0 4444.0
5519.0 54.0
5519.0 475.0
2727.0 2971.0
2019.0 2762.0
1783.0 5182.0
1783.0 7230.0
8497.0 2673.0
5708.0 569.0
2931.0 2971.0
785.0 2971.0
4434.0 2762.0
4434.0 569.0
9983.0 207.0
9983.0 682.0
701.0 8364.0
701.0 2762.0
701.0 2971.0
701.0 5716.0
701.0 8557.0
6202.0 5716.0
3448.0 3084.0
3448.0 3316.0
3448.0 3317.0
3448.0 3454.0
3448.0 3318.0
1179.0 5182.0
1179.0 8364.0
1179.0 8557.0
1179.0 2971.0
1179.0 3000.0
1179.0 2673.0
1503.0 5716.0
207.0 14727.0
207.0 2187.0
207.0 1178.0
207.0 57.0
207.0 13561.0
207.0 149.0
207.0 1956.0
207.0 3236.0
207.0 5920.0
207.0 3810.0
207.0 3811.0
207.0 159.0
207.0 4478.0
207.0 4379.0
207.0 12797.0
207.0 5512.0
207.0 100.0
207.0 3251.0
207.0 1194.0
207.0 4386.0
207.0 3570.0
207.0 166.0
207.0 1520.0
207.0 3616.0
207.0 1720.0
207.0 6339.0
207.0 12732.0
207.0 6083.0
207.0 8089.0
207.0 10287.0
207.0 4746.0
207.0 10316.0
207.0 5537.0
207.0 2130.0
207.0 6683.0
207.0 692.0
207.0 5522.0
207.0 5506.0
207.0 525.0
207.0 9983.0
207.0 2171.0
207.0 4452.0
207.0 6906.0
207.0 106.0
207.0 8442.0
207.0 10294.0
207.0 539.0
207.0 10229.0
207.0 3620.0
207.0 3294.0
207.0 10311.0
207.0 3170.0
207.0 10321.0
207.0 227.0
207.0 8722.0
207.0 2423.0
207.0 1604.0
207.0 3138.0
207.0 702.0
207.0 4382.0
207.0 3306.0
207.0 10877.0
207.0 5003.0
207.0 3809.0
207.0 4314.0
207.0 2146.0
207.0 2403.0
207.0 5562.0
580.0 2971.0
580.0 569.0
19.0 2971.0
5481.0 569.0
2548.0 2971.0
206.0 10311.0
206.0 6677.0
206.0 1304.0
206.0 149.0
206.0 7364.0
206.0 10287.0
206.0 4993.0
206.0 11095.0
206.0 13522.0
206.0 5883.0
206.0 781.0
206.0 7197.0
206.0 317.0
206.0 6569.0
206.0 12397.0
206.0 11540.0
206.0 3446.0
206.0 10915.0
206.0 168.0
206.0 4667.0
206.0 4989.0
206.0 5823.0
