1.0 0.013333333333333334
1.0 0.02666666666666667
1.0 0.04
1.0 0.05333333333333334
1.0 0.06666666666666667
0.8333333333333334 0.06666666666666667
0.8571428571428571 0.08
0.875 0.09333333333333334
0.8888888888888888 0.10666666666666667
0.9 0.12
0.9090909090909091 0.13333333333333333
0.9166666666666666 0.14666666666666667
0.9230769230769231 0.16
0.9285714285714286 0.17333333333333334
0.9333333333333333 0.18666666666666668
0.9375 0.2
0.9411764705882353 0.21333333333333335
0.9444444444444444 0.22666666666666666
0.9473684210526315 0.24
0.95 0.25333333333333335
0.9047619047619048 0.25333333333333335
0.9090909090909091 0.26666666666666666
0.9130434782608695 0.28
0.9166666666666666 0.29333333333333333
0.92 0.30666666666666664
0.8846153846153846 0.30666666666666664
0.8518518518518519 0.30666666666666664
0.8214285714285714 0.30666666666666664
0.7931034482758621 0.30666666666666664
0.7666666666666667 0.30666666666666664
0.7419354838709677 0.30666666666666664
0.71875 0.30666666666666664
0.696969696969697 0.30666666666666664
0.6764705882352942 0.30666666666666664
0.6571428571428571 0.30666666666666664
0.6388888888888888 0.30666666666666664
0.6216216216216216 0.30666666666666664
0.6052631578947368 0.30666666666666664
0.5897435897435898 0.30666666666666664
0.6 0.32
0.6097560975609756 0.3333333333333333
0.5952380952380952 0.3333333333333333
0.5813953488372093 0.3333333333333333
0.5909090909090909 0.3466666666666667
0.6 0.36
0.5869565217391305 0.36
0.574468085106383 0.36
0.5625 0.36
0.5510204081632653 0.36
0.56 0.37333333333333335
0.5686274509803921 0.38666666666666666
0.5576923076923077 0.38666666666666666
0.5660377358490566 0.4
0.5555555555555556 0.4
0.5454545454545454 0.4
0.5357142857142857 0.4
0.5263157894736842 0.4
0.5172413793103449 0.4
0.5084745762711864 0.4
0.5 0.4
0.4918032786885246 0.4
0.5 0.41333333333333333
0.49206349206349204 0.41333333333333333
0.484375 0.41333333333333333
0.47692307692307695 0.41333333333333333
0.48484848484848486 0.4266666666666667
0.4925373134328358 0.44
0.4852941176470588 0.44
0.4782608695652174 0.44
0.4857142857142857 0.4533333333333333
0.4788732394366197 0.4533333333333333
0.4722222222222222 0.4533333333333333
0.4794520547945205 0.4666666666666667
0.47297297297297297 0.4666666666666667
0.4666666666666667 0.4666666666666667
0.4605263157894737 0.4666666666666667
0.45454545454545453 0.4666666666666667
0.44871794871794873 0.4666666666666667
0.4430379746835443 0.4666666666666667
0.4375 0.4666666666666667
0.43209876543209874 0.4666666666666667
0.43902439024390244 0.48
0.4457831325301205 0.49333333333333335
0.4523809523809524 0.5066666666666667
0.4588235294117647 0.52
0.46511627906976744 0.5333333333333333
0.47126436781609193 0.5466666666666666
0.4772727272727273 0.56
0.48314606741573035 0.5733333333333334
0.4777777777777778 0.5733333333333334
0.4725274725274725 0.5733333333333334
0.4782608695652174 0.5866666666666667
0.4838709677419355 0.6
0.48936170212765956 0.6133333333333333
0.4842105263157895 0.6133333333333333
0.4895833333333333 0.6266666666666667
0.4845360824742268 0.6266666666666667
0.4897959183673469 0.64
0.494949494949495 0.6533333333333333
0.49 0.6533333333333333
0.48514851485148514 0.6533333333333333
0.4803921568627451 0.6533333333333333
0.47572815533980584 0.6533333333333333
0.47115384615384615 0.6533333333333333
0.4666666666666667 0.6533333333333333
0.46226415094339623 0.6533333333333333
0.45794392523364486 0.6533333333333333
0.4537037037037037 0.6533333333333333
0.44954128440366975 0.6533333333333333
0.44545454545454544 0.6533333333333333
0.44144144144144143 0.6533333333333333
0.4375 0.6533333333333333
0.4336283185840708 0.6533333333333333
0.4298245614035088 0.6533333333333333
0.4260869565217391 0.6533333333333333
0.4224137931034483 0.6533333333333333
0.4188034188034188 0.6533333333333333
0.4152542372881356 0.6533333333333333
0.4117647058823529 0.6533333333333333
0.4083333333333333 0.6533333333333333
0.4049586776859504 0.6533333333333333
0.4016393442622951 0.6533333333333333
0.3983739837398374 0.6533333333333333
0.3951612903225806 0.6533333333333333
0.392 0.6533333333333333
0.3888888888888889 0.6533333333333333
0.3858267716535433 0.6533333333333333
0.3828125 0.6533333333333333
0.3798449612403101 0.6533333333333333
0.3769230769230769 0.6533333333333333
0.37404580152671757 0.6533333333333333
0.3712121212121212 0.6533333333333333
0.3684210526315789 0.6533333333333333
0.3656716417910448 0.6533333333333333
0.362962962962963 0.6533333333333333
0.3602941176470588 0.6533333333333333
0.35766423357664234 0.6533333333333333
0.35507246376811596 0.6533333333333333
0.35251798561151076 0.6533333333333333
0.35 0.6533333333333333
0.3475177304964539 0.6533333333333333
0.34507042253521125 0.6533333333333333
0.34265734265734266 0.6533333333333333
0.3402777777777778 0.6533333333333333
0.33793103448275863 0.6533333333333333
0.3356164383561644 0.6533333333333333
0.3333333333333333 0.6533333333333333
0.3310810810810811 0.6533333333333333
0.3288590604026846 0.6533333333333333
0.32666666666666666 0.6533333333333333
0.32450331125827814 0.6533333333333333
0.3223684210526316 0.6533333333333333
0.3202614379084967 0.6533333333333333
0.3181818181818182 0.6533333333333333
0.3161290322580645 0.6533333333333333
0.3141025641025641 0.6533333333333333
0.31210191082802546 0.6533333333333333
0.310126582278481 0.6533333333333333
0.3081761006289308 0.6533333333333333
0.30625 0.6533333333333333
0.30434782608695654 0.6533333333333333
0.30864197530864196 0.6666666666666666
0.3128834355828221 0.68
0.31097560975609756 0.68
0.3090909090909091 0.68
0.3072289156626506 0.68
0.30538922155688625 0.68
0.30357142857142855 0.68
0.30177514792899407 0.68
0.3 0.68
0.2982456140350877 0.68
0.29651162790697677 0.68
0.2947976878612717 0.68
0.29310344827586204 0.68
0.2914285714285714 0.68
0.2897727272727273 0.68
0.288135593220339 0.68
0.28651685393258425 0.68
0.2849162011173184 0.68
0.2833333333333333 0.68
0.281767955801105 0.68
0.2802197802197802 0.68
0.2786885245901639 0.68
0.27717391304347827 0.68
0.2756756756756757 0.68
0.27419354838709675 0.68
0.2727272727272727 0.68
0.2765957446808511 0.6933333333333334
0.2751322751322751 0.6933333333333334
0.2736842105263158 0.6933333333333334
0.27225130890052357 0.6933333333333334
0.2708333333333333 0.6933333333333334
0.27461139896373055 0.7066666666666667
0.27319587628865977 0.7066666666666667
0.2717948717948718 0.7066666666666667
0.27040816326530615 0.7066666666666667
0.26903553299492383 0.7066666666666667
0.2676767676767677 0.7066666666666667
0.2663316582914573 0.7066666666666667
0.265 0.7066666666666667
0.263681592039801 0.7066666666666667
0.2623762376237624 0.7066666666666667
0.26108374384236455 0.7066666666666667
0.25980392156862747 0.7066666666666667
0.25853658536585367 0.7066666666666667
0.2621359223300971 0.72
0.2608695652173913 0.72
0.2644230769230769 0.7333333333333333
0.2631578947368421 0.7333333333333333
0.2619047619047619 0.7333333333333333
0.26066350710900477 0.7333333333333333
0.25943396226415094 0.7333333333333333
0.25821596244131456 0.7333333333333333
0.2570093457943925 0.7333333333333333
0.26046511627906976 0.7466666666666667
0.25925925925925924 0.7466666666666667
0.2626728110599078 0.76
0.26146788990825687 0.76
0.2602739726027397 0.76
0.2590909090909091 0.76
0.2579185520361991 0.76
0.25675675675675674 0.76
0.2600896860986547 0.7733333333333333
0.26339285714285715 0.7866666666666666
0.26222222222222225 0.7866666666666666
0.2610619469026549 0.7866666666666666
0.2599118942731278 0.7866666666666666
0.25877192982456143 0.7866666666666666
0.2576419213973799 0.7866666666666666
0.2565217391304348 0.7866666666666666
0.2554112554112554 0.7866666666666666
0.2543103448275862 0.7866666666666666
0.2575107296137339 0.8
0.2564102564102564 0.8
0.25957446808510637 0.8133333333333334
0.2584745762711864 0.8133333333333334
0.25738396624472576 0.8133333333333334
0.25630252100840334 0.8133333333333334
0.25523012552301255 0.8133333333333334
0.25416666666666665 0.8133333333333334
0.2572614107883817 0.8266666666666667
0.2603305785123967 0.84
0.25925925925925924 0.84
0.2581967213114754 0.84
0.2571428571428571 0.84
0.25609756097560976 0.84
0.2550607287449393 0.84
0.2540322580645161 0.84
0.25301204819277107 0.84
0.252 0.84
0.250996015936255 0.84
0.25 0.84
0.2490118577075099 0.84
0.24803149606299213 0.84
0.24705882352941178 0.84
0.24609375 0.84
0.245136186770428 0.84
0.2441860465116279 0.84
0.24324324324324326 0.84
0.2423076923076923 0.84
0.2413793103448276 0.84
0.24045801526717558 0.84
0.23954372623574144 0.84
0.23863636363636365 0.84
0.23773584905660378 0.84
0.23684210526315788 0.84
0.23595505617977527 0.84
0.23507462686567165 0.84
0.2342007434944238 0.84
0.23333333333333334 0.84
0.23247232472324722 0.84
0.23161764705882354 0.84
0.23076923076923078 0.84
0.22992700729927007 0.84
0.2290909090909091 0.84
0.22826086956521738 0.84
0.22743682310469315 0.84
0.22661870503597123 0.84
0.22580645161290322 0.84
0.225 0.84
0.2277580071174377 0.8533333333333334
0.23049645390070922 0.8666666666666667
0.22968197879858657 0.8666666666666667
0.22887323943661972 0.8666666666666667
0.22807017543859648 0.8666666666666667
0.22727272727272727 0.8666666666666667
0.2264808362369338 0.8666666666666667
0.22569444444444445 0.8666666666666667
0.22491349480968859 0.8666666666666667
0.22413793103448276 0.8666666666666667
0.22336769759450173 0.8666666666666667
0.2226027397260274 0.8666666666666667
0.22184300341296928 0.8666666666666667
0.22108843537414966 0.8666666666666667
0.22033898305084745 0.8666666666666667
0.2195945945945946 0.8666666666666667
0.21885521885521886 0.8666666666666667
0.2181208053691275 0.8666666666666667
0.21739130434782608 0.8666666666666667
0.21666666666666667 0.8666666666666667
0.2159468438538206 0.8666666666666667
0.2152317880794702 0.8666666666666667
0.2145214521452145 0.8666666666666667
0.2138157894736842 0.8666666666666667
0.21311475409836064 0.8666666666666667
0.21241830065359477 0.8666666666666667
0.21172638436482086 0.8666666666666667
0.21103896103896103 0.8666666666666667
0.21035598705501618 0.8666666666666667
0.20967741935483872 0.8666666666666667
0.2090032154340836 0.8666666666666667
0.20833333333333334 0.8666666666666667
0.20766773162939298 0.8666666666666667
0.2070063694267516 0.8666666666666667
0.20952380952380953 0.88
0.2088607594936709 0.88
0.2082018927444795 0.88
0.20754716981132076 0.88
0.20689655172413793 0.88
0.20625 0.88
0.205607476635514 0.88
0.20496894409937888 0.88
0.2043343653250774 0.88
0.2037037037037037 0.88
0.20307692307692307 0.88
0.20245398773006135 0.88
0.2018348623853211 0.88
0.20121951219512196 0.88
0.2006079027355623 0.88
0.2 0.88
0.19939577039274925 0.88
0.19879518072289157 0.88
0.1981981981981982 0.88
0.19760479041916168 0.88
0.19701492537313434 0.88
0.19642857142857142 0.88
0.19584569732937684 0.88
0.1952662721893491 0.88
0.19469026548672566 0.88
0.19411764705882353 0.88
0.19648093841642228 0.8933333333333333
0.195906432748538 0.8933333333333333
0.19533527696793002 0.8933333333333333
0.19476744186046513 0.8933333333333333
0.19420289855072465 0.8933333333333333
0.1936416184971098 0.8933333333333333
0.1930835734870317 0.8933333333333333
0.1925287356321839 0.8933333333333333
0.19197707736389685 0.8933333333333333
0.19142857142857142 0.8933333333333333
0.1908831908831909 0.8933333333333333
0.1903409090909091 0.8933333333333333
0.18980169971671387 0.8933333333333333
0.18926553672316385 0.8933333333333333
0.19154929577464788 0.9066666666666666
0.19101123595505617 0.9066666666666666
0.19047619047619047 0.9066666666666666
0.19273743016759776 0.92
0.19220055710306408 0.92
0.19166666666666668 0.92
0.19113573407202217 0.92
0.19060773480662985 0.92
0.19008264462809918 0.92
0.18956043956043955 0.92
0.18904109589041096 0.92
0.1885245901639344 0.92
0.1880108991825613 0.92
0.1875 0.92
0.18699186991869918 0.92
0.1864864864864865 0.92
0.18598382749326145 0.92
0.18548387096774194 0.92
0.18498659517426275 0.92
0.18716577540106952 0.9333333333333333
0.18666666666666668 0.9333333333333333
0.18617021276595744 0.9333333333333333
0.1856763925729443 0.9333333333333333
0.18518518518518517 0.9333333333333333
0.18469656992084432 0.9333333333333333
0.18421052631578946 0.9333333333333333
0.1837270341207349 0.9333333333333333
0.18324607329842932 0.9333333333333333
0.18276762402088773 0.9333333333333333
0.18229166666666666 0.9333333333333333
0.18181818181818182 0.9333333333333333
0.18134715025906736 0.9333333333333333
0.18087855297157623 0.9333333333333333
0.18041237113402062 0.9333333333333333
0.17994858611825193 0.9333333333333333
0.1794871794871795 0.9333333333333333
0.17902813299232737 0.9333333333333333
0.17857142857142858 0.9333333333333333
0.178117048346056 0.9333333333333333
0.17766497461928935 0.9333333333333333
0.17721518987341772 0.9333333333333333
0.17676767676767677 0.9333333333333333
0.17632241813602015 0.9333333333333333
0.17587939698492464 0.9333333333333333
0.17543859649122806 0.9333333333333333
0.175 0.9333333333333333
0.1745635910224439 0.9333333333333333
0.17412935323383086 0.9333333333333333
0.17369727047146402 0.9333333333333333
0.17326732673267325 0.9333333333333333
0.1728395061728395 0.9333333333333333
0.1724137931034483 0.9333333333333333
0.171990171990172 0.9333333333333333
0.1715686274509804 0.9333333333333333
0.17114914425427874 0.9333333333333333
0.17073170731707318 0.9333333333333333
0.170316301703163 0.9333333333333333
0.16990291262135923 0.9333333333333333
0.1694915254237288 0.9333333333333333
0.16908212560386474 0.9333333333333333
0.1686746987951807 0.9333333333333333
0.16826923076923078 0.9333333333333333
0.16786570743405277 0.9333333333333333
0.1674641148325359 0.9333333333333333
0.16706443914081145 0.9333333333333333
0.16666666666666666 0.9333333333333333
0.166270783847981 0.9333333333333333
0.16587677725118483 0.9333333333333333
0.16548463356973994 0.9333333333333333
0.1650943396226415 0.9333333333333333
0.16470588235294117 0.9333333333333333
0.1643192488262911 0.9333333333333333
0.16393442622950818 0.9333333333333333
0.16355140186915887 0.9333333333333333
0.16317016317016317 0.9333333333333333
0.16279069767441862 0.9333333333333333
0.16241299303944315 0.9333333333333333
0.16203703703703703 0.9333333333333333
0.16166281755196305 0.9333333333333333
0.16129032258064516 0.9333333333333333
0.16091954022988506 0.9333333333333333
0.16055045871559634 0.9333333333333333
0.16018306636155608 0.9333333333333333
0.1598173515981735 0.9333333333333333
0.15945330296127563 0.9333333333333333
0.1590909090909091 0.9333333333333333
0.15873015873015872 0.9333333333333333
0.1583710407239819 0.9333333333333333
0.1580135440180587 0.9333333333333333
0.15765765765765766 0.9333333333333333
0.15730337078651685 0.9333333333333333
0.15695067264573992 0.9333333333333333
0.15659955257270694 0.9333333333333333
0.15625 0.9333333333333333
0.155902004454343 0.9333333333333333
0.15555555555555556 0.9333333333333333
0.15521064301552107 0.9333333333333333
0.15486725663716813 0.9333333333333333
0.1545253863134658 0.9333333333333333
0.15418502202643172 0.9333333333333333
0.15384615384615385 0.9333333333333333
0.15350877192982457 0.9333333333333333
0.15317286652078774 0.9333333333333333
0.15283842794759825 0.9333333333333333
0.15250544662309368 0.9333333333333333
0.15217391304347827 0.9333333333333333
0.15184381778741865 0.9333333333333333
0.15151515151515152 0.9333333333333333
0.1511879049676026 0.9333333333333333
0.15086206896551724 0.9333333333333333
0.15053763440860216 0.9333333333333333
0.15021459227467812 0.9333333333333333
0.14989293361884368 0.9333333333333333
0.14957264957264957 0.9333333333333333
0.14925373134328357 0.9333333333333333
0.14893617021276595 0.9333333333333333
0.14861995753715498 0.9333333333333333
0.1483050847457627 0.9333333333333333
0.14799154334038056 0.9333333333333333
0.14767932489451477 0.9333333333333333
0.14736842105263157 0.9333333333333333
0.14705882352941177 0.9333333333333333
0.14675052410901468 0.9333333333333333
0.14644351464435146 0.9333333333333333
0.14613778705636743 0.9333333333333333
0.14583333333333334 0.9333333333333333
0.14553014553014554 0.9333333333333333
0.14522821576763487 0.9333333333333333
0.14492753623188406 0.9333333333333333
0.1446280991735537 0.9333333333333333
0.14432989690721648 0.9333333333333333
0.1440329218106996 0.9333333333333333
0.1437371663244353 0.9333333333333333
0.14344262295081966 0.9333333333333333
0.14314928425357873 0.9333333333333333
0.14285714285714285 0.9333333333333333
0.1425661914460285 0.9333333333333333
0.14227642276422764 0.9333333333333333
0.14198782961460446 0.9333333333333333
0.1417004048582996 0.9333333333333333
0.1414141414141414 0.9333333333333333
0.14112903225806453 0.9333333333333333
0.14084507042253522 0.9333333333333333
0.14056224899598393 0.9333333333333333
0.1402805611222445 0.9333333333333333
0.14 0.9333333333333333
0.13972055888223553 0.9333333333333333
0.1394422310756972 0.9333333333333333
0.13916500994035785 0.9333333333333333
0.1388888888888889 0.9333333333333333
0.13861386138613863 0.9333333333333333
0.1383399209486166 0.9333333333333333
0.13806706114398423 0.9333333333333333
0.1377952755905512 0.9333333333333333
0.137524557956778 0.9333333333333333
0.13725490196078433 0.9333333333333333
0.136986301369863 0.9333333333333333
0.13671875 0.9333333333333333
0.1364522417153996 0.9333333333333333
0.13618677042801555 0.9333333333333333
0.13592233009708737 0.9333333333333333
0.13565891472868216 0.9333333333333333
0.13539651837524178 0.9333333333333333
0.13513513513513514 0.9333333333333333
0.1348747591522158 0.9333333333333333
0.1346153846153846 0.9333333333333333
0.1343570057581574 0.9333333333333333
0.13409961685823754 0.9333333333333333
0.1338432122370937 0.9333333333333333
0.13358778625954199 0.9333333333333333
0.13333333333333333 0.9333333333333333
0.13307984790874525 0.9333333333333333
0.13282732447817835 0.9333333333333333
0.13257575757575757 0.9333333333333333
0.1323251417769376 0.9333333333333333
0.1320754716981132 0.9333333333333333
0.1318267419962335 0.9333333333333333
0.13157894736842105 0.9333333333333333
0.13133208255159476 0.9333333333333333
0.13108614232209737 0.9333333333333333
0.1308411214953271 0.9333333333333333
0.13059701492537312 0.9333333333333333
0.1303538175046555 0.9333333333333333
0.13011152416356878 0.9333333333333333
0.12987012987012986 0.9333333333333333
0.12962962962962962 0.9333333333333333
0.12939001848428835 0.9333333333333333
0.12915129151291513 0.9333333333333333
0.1289134438305709 0.9333333333333333
0.12867647058823528 0.9333333333333333
0.12844036697247707 0.9333333333333333
0.1282051282051282 0.9333333333333333
0.12797074954296161 0.9333333333333333
0.12773722627737227 0.9333333333333333
0.12750455373406194 0.9333333333333333
0.12727272727272726 0.9333333333333333
0.12704174228675136 0.9333333333333333
0.12681159420289856 0.9333333333333333
0.12658227848101267 0.9333333333333333
0.1263537906137184 0.9333333333333333
0.12612612612612611 0.9333333333333333
0.12589928057553956 0.9333333333333333
0.12567324955116696 0.9333333333333333
0.12544802867383512 0.9333333333333333
0.1252236135957066 0.9333333333333333
0.125 0.9333333333333333
0.12477718360071301 0.9333333333333333
0.12455516014234876 0.9333333333333333
0.12433392539964476 0.9333333333333333
0.12411347517730496 0.9333333333333333
0.12389380530973451 0.9333333333333333
0.12367491166077739 0.9333333333333333
0.12345679012345678 0.9333333333333333
0.12323943661971831 0.9333333333333333
0.12302284710017575 0.9333333333333333
0.12280701754385964 0.9333333333333333
0.12259194395796848 0.9333333333333333
0.12237762237762238 0.9333333333333333
0.12216404886561955 0.9333333333333333
0.12195121951219512 0.9333333333333333
0.12173913043478261 0.9333333333333333
0.12152777777777778 0.9333333333333333
0.12131715771230503 0.9333333333333333
0.12110726643598616 0.9333333333333333
0.12089810017271158 0.9333333333333333
0.1206896551724138 0.9333333333333333
0.12048192771084337 0.9333333333333333
0.12027491408934708 0.9333333333333333
0.12006861063464837 0.9333333333333333
0.11986301369863013 0.9333333333333333
0.11965811965811966 0.9333333333333333
0.11945392491467577 0.9333333333333333
0.11925042589437819 0.9333333333333333
0.11904761904761904 0.9333333333333333
0.11884550084889643 0.9333333333333333
0.11864406779661017 0.9333333333333333
0.11844331641285956 0.9333333333333333
0.11824324324324324 0.9333333333333333
0.11804384485666104 0.9333333333333333
0.11784511784511785 0.9333333333333333
0.11764705882352941 0.9333333333333333
0.1174496644295302 0.9333333333333333
0.11725293132328309 0.9333333333333333
0.11705685618729098 0.9333333333333333
0.11686143572621036 0.9333333333333333
0.11666666666666667 0.9333333333333333
0.11647254575707154 0.9333333333333333
0.11627906976744186 0.9333333333333333
0.11608623548922056 0.9333333333333333
0.11589403973509933 0.9333333333333333
0.11570247933884298 0.9333333333333333
0.11551155115511551 0.9333333333333333
0.11532125205930807 0.9333333333333333
0.11513157894736842 0.9333333333333333
0.11494252873563218 0.9333333333333333
0.11475409836065574 0.9333333333333333
0.11456628477905073 0.9333333333333333
0.11437908496732026 0.9333333333333333
0.11419249592169657 0.9333333333333333
0.11400651465798045 0.9333333333333333
0.11382113821138211 0.9333333333333333
0.11363636363636363 0.9333333333333333
0.11345218800648298 0.9333333333333333
0.11326860841423948 0.9333333333333333
0.11308562197092084 0.9333333333333333
0.11290322580645161 0.9333333333333333
0.11272141706924316 0.9333333333333333
0.11254019292604502 0.9333333333333333
0.11235955056179775 0.9333333333333333
0.11217948717948718 0.9333333333333333
0.112 0.9333333333333333
0.11182108626198083 0.9333333333333333
0.11164274322169059 0.9333333333333333
0.11146496815286625 0.9333333333333333
0.11128775834658187 0.9333333333333333
0.1111111111111111 0.9333333333333333
0.1109350237717908 0.9333333333333333
0.11075949367088607 0.9333333333333333
0.11058451816745656 0.9333333333333333
0.11041009463722397 0.9333333333333333
0.11023622047244094 0.9333333333333333
0.11006289308176101 0.9333333333333333
0.10989010989010989 0.9333333333333333
0.109717868338558 0.9333333333333333
0.10954616588419405 0.9333333333333333
0.109375 0.9333333333333333
0.10920436817472699 0.9333333333333333
0.10903426791277258 0.9333333333333333
0.1088646967340591 0.9333333333333333
0.10869565217391304 0.9333333333333333
0.10852713178294573 0.9333333333333333
0.10835913312693499 0.9333333333333333
0.10819165378670788 0.9333333333333333
0.10802469135802469 0.9333333333333333
0.10785824345146379 0.9333333333333333
0.1076923076923077 0.9333333333333333
0.10752688172043011 0.9333333333333333
0.10736196319018405 0.9333333333333333
0.10719754977029096 0.9333333333333333
0.10703363914373089 0.9333333333333333
0.10687022900763359 0.9333333333333333
0.10670731707317073 0.9333333333333333
0.106544901065449 0.9333333333333333
0.10638297872340426 0.9333333333333333
0.1062215477996965 0.9333333333333333
0.10606060606060606 0.9333333333333333
0.1059001512859304 0.9333333333333333
0.10574018126888217 0.9333333333333333
0.10558069381598793 0.9333333333333333
0.10542168674698796 0.9333333333333333
0.10526315789473684 0.9333333333333333
0.10510510510510511 0.9333333333333333
0.10494752623688156 0.9333333333333333
0.10479041916167664 0.9333333333333333
0.10463378176382661 0.9333333333333333
0.1044776119402985 0.9333333333333333
0.10432190760059612 0.9333333333333333
0.10416666666666667 0.9333333333333333
0.10401188707280833 0.9333333333333333
0.10385756676557864 0.9333333333333333
0.1037037037037037 0.9333333333333333
0.10355029585798817 0.9333333333333333
0.103397341211226 0.9333333333333333
0.10324483775811209 0.9333333333333333
0.10309278350515463 0.9333333333333333
0.10294117647058823 0.9333333333333333
0.1027900146842878 0.9333333333333333
0.10263929618768329 0.9333333333333333
0.10248901903367497 0.9333333333333333
0.1023391812865497 0.9333333333333333
0.10218978102189781 0.9333333333333333
0.10204081632653061 0.9333333333333333
0.10189228529839883 0.9333333333333333
0.10174418604651163 0.9333333333333333
0.10159651669085631 0.9333333333333333
0.10144927536231885 0.9333333333333333
0.10130246020260492 0.9333333333333333
0.10115606936416185 0.9333333333333333
0.10101010101010101 0.9333333333333333
0.10086455331412104 0.9333333333333333
0.10071942446043165 0.9333333333333333
0.10057471264367816 0.9333333333333333
0.10043041606886657 0.9333333333333333
0.10028653295128939 0.9333333333333333
0.10014306151645208 0.9333333333333333
0.1 0.9333333333333333
0.09985734664764621 0.9333333333333333
0.09971509971509972 0.9333333333333333
0.09957325746799431 0.9333333333333333
0.09943181818181818 0.9333333333333333
0.09929078014184398 0.9333333333333333
0.09915014164305949 0.9333333333333333
0.09900990099009901 0.9333333333333333
0.09887005649717515 0.9333333333333333
0.09873060648801128 0.9333333333333333
0.09859154929577464 0.9333333333333333
0.09845288326300984 0.9333333333333333
0.09831460674157304 0.9333333333333333
0.09817671809256662 0.9333333333333333
0.09803921568627451 0.9333333333333333
0.0979020979020979 0.9333333333333333
0.09776536312849161 0.9333333333333333
0.09762900976290098 0.9333333333333333
0.09749303621169916 0.9333333333333333
0.09735744089012517 0.9333333333333333
0.09722222222222222 0.9333333333333333
0.0970873786407767 0.9333333333333333
0.09695290858725762 0.9333333333333333
0.09681881051175657 0.9333333333333333
0.09668508287292818 0.9333333333333333
0.09655172413793103 0.9333333333333333
0.09641873278236915 0.9333333333333333
0.09628610729023383 0.9333333333333333
0.09615384615384616 0.9333333333333333
0.09602194787379972 0.9333333333333333
0.0958904109589041 0.9333333333333333
0.09575923392612859 0.9333333333333333
0.09562841530054644 0.9333333333333333
0.09549795361527967 0.9333333333333333
0.09536784741144415 0.9333333333333333
0.09523809523809523 0.9333333333333333
0.09510869565217392 0.9333333333333333
0.09497964721845319 0.9333333333333333
0.0948509485094851 0.9333333333333333
0.09472259810554803 0.9333333333333333
0.0945945945945946 0.9333333333333333
0.09446693657219973 0.9333333333333333
0.09433962264150944 0.9333333333333333
0.09421265141318977 0.9333333333333333
0.09408602150537634 0.9333333333333333
0.09395973154362416 0.9333333333333333
0.0938337801608579 0.9333333333333333
0.09370816599732262 0.9333333333333333
0.09358288770053476 0.9333333333333333
0.09345794392523364 0.9333333333333333
0.09333333333333334 0.9333333333333333
0.09320905459387484 0.9333333333333333
0.09308510638297872 0.9333333333333333
0.09296148738379814 0.9333333333333333
0.09283819628647215 0.9333333333333333
0.09271523178807947 0.9333333333333333
0.09259259259259259 0.9333333333333333
0.09247027741083223 0.9333333333333333
0.09234828496042216 0.9333333333333333
0.0922266139657444 0.9333333333333333
0.09210526315789473 0.9333333333333333
0.09198423127463863 0.9333333333333333
0.09186351706036745 0.9333333333333333
0.09174311926605505 0.9333333333333333
0.09162303664921466 0.9333333333333333
0.0915032679738562 0.9333333333333333
0.09138381201044386 0.9333333333333333
0.09126466753585398 0.9333333333333333
0.09114583333333333 0.9333333333333333
0.09102730819245773 0.9333333333333333
0.09090909090909091 0.9333333333333333
0.0907911802853437 0.9333333333333333
0.09067357512953368 0.9333333333333333
0.09055627425614489 0.9333333333333333
0.09043927648578812 0.9333333333333333
0.09032258064516129 0.9333333333333333
0.09020618556701031 0.9333333333333333
0.09009009009009009 0.9333333333333333
0.08997429305912596 0.9333333333333333
0.08985879332477535 0.9333333333333333
0.08974358974358974 0.9333333333333333
0.08962868117797695 0.9333333333333333
0.08951406649616368 0.9333333333333333
0.08939974457215837 0.9333333333333333
0.08928571428571429 0.9333333333333333
0.08917197452229299 0.9333333333333333
0.089058524173028 0.9333333333333333
0.08894536213468869 0.9333333333333333
0.08883248730964467 0.9333333333333333
0.08871989860583017 0.9333333333333333
0.08860759493670886 0.9333333333333333
0.08849557522123894 0.9333333333333333
0.08838383838383838 0.9333333333333333
0.08827238335435057 0.9333333333333333
0.08816120906801007 0.9333333333333333
0.0880503144654088 0.9333333333333333
0.08793969849246232 0.9333333333333333
0.08782936010037641 0.9333333333333333
0.08771929824561403 0.9333333333333333
0.08760951188986232 0.9333333333333333
0.0875 0.9333333333333333
0.08739076154806492 0.9333333333333333
0.08728179551122195 0.9333333333333333
0.08717310087173101 0.9333333333333333
0.08706467661691543 0.9333333333333333
0.08695652173913043 0.9333333333333333
0.08684863523573201 0.9333333333333333
0.08674101610904585 0.9333333333333333
0.08663366336633663 0.9333333333333333
0.0865265760197775 0.9333333333333333
0.08641975308641975 0.9333333333333333
0.08631319358816276 0.9333333333333333
0.08620689655172414 0.9333333333333333
0.08610086100861009 0.9333333333333333
0.085995085995086 0.9333333333333333
0.08588957055214724 0.9333333333333333
0.0857843137254902 0.9333333333333333
0.08567931456548347 0.9333333333333333
0.08557457212713937 0.9333333333333333
0.08547008547008547 0.9333333333333333
0.08536585365853659 0.9333333333333333
0.08526187576126674 0.9333333333333333
0.0851581508515815 0.9333333333333333
0.0850546780072904 0.9333333333333333
0.08495145631067962 0.9333333333333333
0.08484848484848485 0.9333333333333333
0.0847457627118644 0.9333333333333333
0.08464328899637243 0.9333333333333333
0.08454106280193237 0.9333333333333333
0.08443908323281062 0.9333333333333333
0.08433734939759036 0.9333333333333333
0.0842358604091456 0.9333333333333333
0.08413461538461539 0.9333333333333333
0.08403361344537816 0.9333333333333333
0.08393285371702638 0.9333333333333333
0.08383233532934131 0.9333333333333333
0.08373205741626795 0.9333333333333333
0.08363201911589008 0.9333333333333333
0.08353221957040573 0.9333333333333333
0.08343265792610251 0.9333333333333333
0.08333333333333333 0.9333333333333333
0.08323424494649227 0.9333333333333333
0.0831353919239905 0.9333333333333333
0.0830367734282325 0.9333333333333333
0.08293838862559241 0.9333333333333333
0.08284023668639054 0.9333333333333333
0.08274231678486997 0.9333333333333333
0.08264462809917356 0.9333333333333333
0.08254716981132075 0.9333333333333333
0.08244994110718493 0.9333333333333333
0.08235294117647059 0.9333333333333333
0.08225616921269095 0.9333333333333333
0.08215962441314555 0.9333333333333333
0.08206330597889801 0.9333333333333333
0.08196721311475409 0.9333333333333333
0.08187134502923976 0.9333333333333333
0.08177570093457943 0.9333333333333333
0.08168028004667445 0.9333333333333333
0.08158508158508158 0.9333333333333333
0.08149010477299184 0.9333333333333333
0.08139534883720931 0.9333333333333333
0.08130081300813008 0.9333333333333333
0.08120649651972157 0.9333333333333333
0.08111239860950174 0.9333333333333333
0.08101851851851852 0.9333333333333333
0.08092485549132948 0.9333333333333333
0.08083140877598152 0.9333333333333333
0.08073817762399077 0.9333333333333333
0.08064516129032258 0.9333333333333333
0.0805523590333717 0.9333333333333333
0.08045977011494253 0.9333333333333333
0.08036739380022963 0.9333333333333333
0.08027522935779817 0.9333333333333333
0.08018327605956473 0.9333333333333333
0.08009153318077804 0.9333333333333333
0.08 0.9333333333333333
0.07990867579908675 0.9333333333333333
0.07981755986316989 0.9333333333333333
0.07972665148063782 0.9333333333333333
0.07963594994311718 0.9333333333333333
0.07954545454545454 0.9333333333333333
0.07945516458569807 0.9333333333333333
0.07936507936507936 0.9333333333333333
0.07927519818799547 0.9333333333333333
0.07918552036199095 0.9333333333333333
0.07909604519774012 0.9333333333333333
0.07900677200902935 0.9333333333333333
0.07891770011273957 0.9333333333333333
0.07882882882882883 0.9333333333333333
0.07874015748031496 0.9333333333333333
0.07865168539325842 0.9333333333333333
0.07856341189674523 0.9333333333333333
0.07847533632286996 0.9333333333333333
0.07838745800671892 0.9333333333333333
0.07829977628635347 0.9333333333333333
0.0782122905027933 0.9333333333333333
0.078125 0.9333333333333333
0.07803790412486064 0.9333333333333333
0.0779510022271715 0.9333333333333333
0.0778642936596218 0.9333333333333333
0.07777777777777778 0.9333333333333333
0.07880133185349611 0.9466666666666667
0.0787139689578714 0.9466666666666667
0.07862679955703211 0.9466666666666667
0.07853982300884955 0.9466666666666667
0.07845303867403315 0.9466666666666667
0.07836644591611479 0.9466666666666667
0.0782800441014333 0.9466666666666667
0.07819383259911894 0.9466666666666667
0.0781078107810781 0.9466666666666667
0.07802197802197802 0.9466666666666667
0.07793633369923161 0.9466666666666667
0.07785087719298246 0.9466666666666667
0.07776560788608981 0.9466666666666667
0.07768052516411379 0.9466666666666667
0.07759562841530054 0.9466666666666667
0.07751091703056769 0.9466666666666667
0.07742639040348964 0.9466666666666667
0.07734204793028322 0.9466666666666667
0.07725788900979326 0.9466666666666667
0.07717391304347826 0.9466666666666667
0.07709011943539631 0.9466666666666667
0.0770065075921909 0.9466666666666667
0.07692307692307693 0.9466666666666667
0.07683982683982683 0.9466666666666667
0.07675675675675675 0.9466666666666667
0.07667386609071274 0.9466666666666667
0.07659115426105717 0.9466666666666667
0.07650862068965517 0.9466666666666667
0.07642626480086114 0.9466666666666667
0.07634408602150537 0.9466666666666667
0.07626208378088077 0.9466666666666667
0.07618025751072961 0.9466666666666667
0.07609860664523044 0.9466666666666667
0.07601713062098502 0.9466666666666667
0.07593582887700535 0.9466666666666667
0.07585470085470085 0.9466666666666667
0.07577374599786553 0.9466666666666667
0.07569296375266525 0.9466666666666667
0.07561235356762513 0.9466666666666667
0.07553191489361702 0.9466666666666667
0.07545164718384698 0.9466666666666667
0.07537154989384288 0.9466666666666667
0.07529162248144221 0.9466666666666667
0.07521186440677965 0.9466666666666667
0.07513227513227513 0.9466666666666667
0.07505285412262157 0.9466666666666667
0.07497360084477296 0.9466666666666667
0.07489451476793249 0.9466666666666667
0.07481559536354057 0.9466666666666667
0.07473684210526316 0.9466666666666667
0.07465825446898001 0.9466666666666667
0.07457983193277311 0.9466666666666667
0.07450157397691501 0.9466666666666667
0.07442348008385745 0.9466666666666667
0.0743455497382199 0.9466666666666667
0.07426778242677824 0.9466666666666667
0.0741901776384535 0.9466666666666667
0.07411273486430063 0.9466666666666667
0.0740354535974974 0.9466666666666667
0.07395833333333333 0.9466666666666667
0.07388137356919876 0.9466666666666667
0.07380457380457381 0.9466666666666667
0.07372793354101766 0.9466666666666667
0.07365145228215768 0.9466666666666667
0.07357512953367876 0.9466666666666667
0.07349896480331262 0.9466666666666667
0.0734229576008273 0.9466666666666667
0.07334710743801653 0.9466666666666667
0.07327141382868937 0.9466666666666667
0.0731958762886598 0.9466666666666667
0.07312049433573635 0.9466666666666667
0.07304526748971193 0.9466666666666667
0.07297019527235354 0.9466666666666667
0.0728952772073922 0.9466666666666667
0.07282051282051281 0.9466666666666667
0.07274590163934426 0.9466666666666667
0.07267144319344933 0.9466666666666667
0.07259713701431493 0.9466666666666667
0.07252298263534218 0.9466666666666667
0.07244897959183673 0.9466666666666667
0.07237512742099898 0.9466666666666667
0.07230142566191446 0.9466666666666667
0.07222787385554426 0.9466666666666667
0.07215447154471545 0.9466666666666667
0.07208121827411168 0.9466666666666667
0.0720081135902637 0.9466666666666667
0.07193515704154002 0.9466666666666667
0.07186234817813765 0.9466666666666667
0.0717896865520728 0.9466666666666667
0.07171717171717172 0.9466666666666667
0.07164480322906155 0.9466666666666667
0.0715725806451613 0.9466666666666667
0.07150050352467271 0.9466666666666667
0.07142857142857142 0.9466666666666667
0.07135678391959799 0.9466666666666667
0.071285140562249 0.9466666666666667
0.0712136409227683 0.9466666666666667
0.07114228456913828 0.9466666666666667
0.07107107107107107 0.9466666666666667
0.071 0.9466666666666667
0.07092907092907093 0.9466666666666667
0.07085828343313373 0.9466666666666667
0.0707876370887338 0.9466666666666667
0.07071713147410359 0.9466666666666667
0.07064676616915423 0.9466666666666667
0.0705765407554672 0.9466666666666667
0.070506454816286 0.9466666666666667
0.07043650793650794 0.9466666666666667
0.07036669970267592 0.9466666666666667
0.0702970297029703 0.9466666666666667
0.0702274975272008 0.9466666666666667
0.07015810276679842 0.9466666666666667
0.0700888450148075 0.9466666666666667
0.07001972386587771 0.9466666666666667
0.06995073891625615 0.9466666666666667
0.06988188976377953 0.9466666666666667
0.06981317600786627 0.9466666666666667
0.06974459724950884 0.9466666666666667
0.06967615309126594 0.9466666666666667
0.0696078431372549 0.9466666666666667
0.06953966699314397 0.9466666666666667
0.06947162426614481 0.9466666666666667
0.06940371456500488 0.9466666666666667
0.0693359375 0.9466666666666667
0.06926829268292684 0.9466666666666667
0.06920077972709551 0.9466666666666667
0.0691333982473223 0.9466666666666667
0.06906614785992218 0.9466666666666667
0.06899902818270165 0.9466666666666667
0.06893203883495146 0.9466666666666667
0.06886517943743937 0.9466666666666667
0.0687984496124031 0.9466666666666667
0.06873184898354308 0.9466666666666667
0.06866537717601548 0.9466666666666667
0.06859903381642513 0.9466666666666667
0.06853281853281853 0.9466666666666667
0.06846673095467695 0.9466666666666667
0.06840077071290944 0.9466666666666667
0.068334937439846 0.9466666666666667
0.06826923076923076 0.9466666666666667
0.06820365033621517 0.9466666666666667
0.06813819577735125 0.9466666666666667
0.06807286673058485 0.9466666666666667
0.06800766283524905 0.9466666666666667
0.06794258373205742 0.9466666666666667
0.06787762906309751 0.9466666666666667
0.06781279847182425 0.9466666666666667
0.06774809160305344 0.9466666666666667
0.06768350810295519 0.9466666666666667
0.06761904761904762 0.9466666666666667
0.0675547098001903 0.9466666666666667
0.06749049429657794 0.9466666666666667
0.06742640075973409 0.9466666666666667
0.06736242884250475 0.9466666666666667
0.06729857819905213 0.9466666666666667
0.06723484848484848 0.9466666666666667
0.06717123935666983 0.9466666666666667
0.0671077504725898 0.9466666666666667
0.06704438149197356 0.9466666666666667
0.0669811320754717 0.9466666666666667
0.06691800188501414 0.9466666666666667
0.06685499058380415 0.9466666666666667
0.06679209783631232 0.9466666666666667
0.06672932330827068 0.9466666666666667
0.06666666666666667 0.9466666666666667
0.06660412757973734 0.9466666666666667
0.06654170571696345 0.9466666666666667
0.06647940074906367 0.9466666666666667
0.06641721234798878 0.9466666666666667
0.06635514018691589 0.9466666666666667
0.06629318394024276 0.9466666666666667
0.06623134328358209 0.9466666666666667
0.06616961789375582 0.9466666666666667
0.06610800744878957 0.9466666666666667
0.06604651162790698 0.9466666666666667
0.06598513011152417 0.9466666666666667
0.06592386258124419 0.9466666666666667
0.06586270871985157 0.9466666666666667
0.06580166821130677 0.9466666666666667
0.06574074074074074 0.9466666666666667
0.06567992599444958 0.9466666666666667
0.06561922365988909 0.9466666666666667
0.06555863342566944 0.9466666666666667
0.06549815498154982 0.9466666666666667
0.06543778801843318 0.9466666666666667
0.06537753222836096 0.9466666666666667
0.06531738730450783 0.9466666666666667
0.06525735294117647 0.9466666666666667
0.06519742883379247 0.9466666666666667
0.06513761467889909 0.9466666666666667
0.06507791017415215 0.9466666666666667
0.06501831501831502 0.9466666666666667
0.06495882891125343 0.9466666666666667
0.06489945155393052 0.9466666666666667
0.06484018264840183 0.9466666666666667
0.06478102189781022 0.9466666666666667
0.06472196900638104 0.9466666666666667
0.06466302367941712 0.9466666666666667
0.0646041856232939 0.9466666666666667
0.06454545454545454 0.9466666666666667
0.06448683015440508 0.9466666666666667
0.06442831215970962 0.9466666666666667
0.0643699002719855 0.9466666666666667
0.06431159420289854 0.9466666666666667
0.06425339366515836 0.9466666666666667
0.06419529837251356 0.9466666666666667
0.06413730803974707 0.9466666666666667
0.06407942238267147 0.9466666666666667
0.06402164111812443 0.9466666666666667
0.06396396396396396 0.9466666666666667
0.0639063906390639 0.9466666666666667
0.06384892086330936 0.9466666666666667
0.0637915543575921 0.9466666666666667
0.06373429084380611 0.9466666666666667
0.06367713004484304 0.9466666666666667
0.06362007168458782 0.9466666666666667
0.06356311548791406 0.9466666666666667
0.06350626118067978 0.9466666666666667
0.06344950848972297 0.9466666666666667
0.06339285714285714 0.9466666666666667
0.06333630686886708 0.9466666666666667
0.06327985739750445 0.9466666666666667
0.06322350845948353 0.9466666666666667
0.06316725978647687 0.9466666666666667
0.06311111111111112 0.9466666666666667
0.0630550621669627 0.9466666666666667
0.06299911268855368 0.9466666666666667
0.06294326241134751 0.9466666666666667
0.06288751107174491 0.9466666666666667
0.06283185840707965 0.9466666666666667
0.0627763041556145 0.9466666666666667
0.0627208480565371 0.9466666666666667
0.06266548984995587 0.9466666666666667
0.06261022927689594 0.9466666666666667
0.06255506607929516 0.9466666666666667
0.0625 0.9466666666666667
0.06244503078276165 0.9466666666666667
0.06239015817223199 0.9466666666666667
0.06233538191395961 0.9466666666666667
0.062280701754385964 0.9466666666666667
0.06222611744084137 0.9466666666666667
0.06217162872154115 0.9466666666666667
0.06299212598425197 0.96
0.06293706293706294 0.96
0.062882096069869 0.96
0.06282722513089005 0.96
0.06277244986922406 0.96
0.0627177700348432 0.96
0.06266318537859007 0.96
0.06260869565217392 0.96
0.06255430060816682 0.96
0.0625 0.96
0.062445793581960105 0.96
0.06239168110918544 0.96
0.06233766233766234 0.96
0.06228373702422145 0.96
0.06222990492653414 0.96
0.06217616580310881 0.96
0.062122519413287315 0.96
0.06206896551724138 0.96
0.06201550387596899 0.96
0.06196213425129088 0.96
0.061908856405846945 0.96
0.061855670103092786 0.96
0.061802575107296136 0.96
0.06174957118353345 0.96
0.061696658097686374 0.96
0.06164383561643835 0.96
0.06244653550042772 0.9733333333333334
0.062393162393162394 0.9733333333333334
0.0623398804440649 0.9733333333333334
0.06228668941979522 0.9733333333333334
0.06223358908780904 0.9733333333333334
0.062180579216354344 0.9733333333333334
0.062127659574468086 0.9733333333333334
0.06207482993197279 0.9733333333333334
0.062022090059473234 0.9733333333333334
0.06196943972835314 0.9733333333333334
0.06191687871077184 0.9733333333333334
0.06186440677966102 0.9733333333333334
0.06181202370872142 0.9733333333333334
0.06175972927241963 0.9733333333333334
0.06170752324598478 0.9733333333333334
0.06165540540540541 0.9733333333333334
0.06160337552742616 0.9733333333333334
0.06155143338954469 0.9733333333333334
0.061499578770008424 0.9733333333333334
0.061447811447811446 0.9733333333333334
0.061396131202691336 0.9733333333333334
0.06134453781512605 0.9733333333333334
0.061293031066330814 0.9733333333333334
0.061241610738255035 0.9733333333333334
0.06119027661357921 0.9733333333333334
0.06113902847571189 0.9733333333333334
0.06108786610878661 0.9733333333333334
0.061036789297658864 0.9733333333333334
0.06098579782790309 0.9733333333333334
0.06093489148580968 0.9733333333333334
0.060884070058381985 0.9733333333333334
0.060833333333333336 0.9733333333333334
0.06078268109908409 0.9733333333333334
0.06073211314475874 0.9733333333333334
0.060681629260182876 0.9733333333333334
0.0606312292358804 0.9733333333333334
0.06058091286307054 0.9733333333333334
0.06053067993366501 0.9733333333333334
0.06048053024026512 0.9733333333333334
0.060430463576158944 0.9733333333333334
0.060380479735318446 0.9733333333333334
0.0603305785123967 0.9733333333333334
0.06028075970272502 0.9733333333333334
0.06023102310231023 0.9733333333333334
0.060181368507831824 0.9733333333333334
0.06013179571663921 0.9733333333333334
0.060082304526748974 0.9733333333333334
0.060032894736842105 0.9733333333333334
0.0599835661462613 0.9733333333333334
0.05993431855500821 0.9733333333333334
0.05988515176374077 0.9733333333333334
0.05983606557377049 0.9733333333333334
0.05978705978705979 0.9733333333333334
0.05973813420621931 0.9733333333333334
0.059689288634505316 0.9733333333333334
0.059640522875817 0.9733333333333334
0.05959183673469388 0.9733333333333334
0.05954323001631321 0.9733333333333334
0.059494702526487364 0.9733333333333334
0.059446254071661236 0.9733333333333334
0.060211554109031735 0.9866666666666667
0.06016260162601626 0.9866666666666667
0.06011372867587327 0.9866666666666667
0.060064935064935064 0.9866666666666667
0.06001622060016221 0.9866666666666667
0.059967585089141004 0.9866666666666667
0.05991902834008097 0.9866666666666667
0.059870550161812294 0.9866666666666667
0.05982215036378335 0.9866666666666667
0.05977382875605816 0.9866666666666667
0.05972558514931396 0.9866666666666667
0.05967741935483871 0.9866666666666667
0.05962933118452861 0.9866666666666667
0.05958132045088567 0.9866666666666667
0.05953338696701529 0.9866666666666667
0.0594855305466238 0.9866666666666667
0.05943775100401606 0.9866666666666667
0.0593900481540931 0.9866666666666667
0.05934242181234964 0.9866666666666667
0.05929487179487179 0.9866666666666667
0.059247397918334666 0.9866666666666667
0.0592 0.9866666666666667
0.05915267785771383 0.9866666666666667
0.05910543130990415 0.9866666666666667
0.05905826017557861 0.9866666666666667
0.05901116427432217 0.9866666666666667
0.05896414342629482 0.9866666666666667
0.0589171974522293 0.9866666666666667
0.0588703261734288 0.9866666666666667
0.058823529411764705 0.9866666666666667
0.05877680698967434 0.9866666666666667
0.05873015873015873 0.9866666666666667
0.05868358445678033 0.9866666666666667
0.058637083993660855 0.9866666666666667
0.05859065716547902 0.9866666666666667
0.058544303797468354 0.9866666666666667
0.05849802371541502 0.9866666666666667
0.05845181674565561 0.9866666666666667
0.05840568271507498 0.9866666666666667
0.0583596214511041 0.9866666666666667
0.05831363278171789 0.9866666666666667
0.05826771653543307 0.9866666666666667
0.058221872541306056 0.9866666666666667
0.05817610062893082 0.9866666666666667
0.05813040062843677 0.9866666666666667
0.058084772370486655 0.9866666666666667
0.05803921568627451 0.9866666666666667
0.05799373040752351 0.9866666666666667
0.05794831636648395 0.9866666666666667
0.057902973395931145 0.9866666666666667
0.05785770132916341 0.9866666666666667
0.0578125 0.9866666666666667
0.05776736924277908 0.9866666666666667
0.057722308892355696 0.9866666666666667
0.05767731878409977 0.9866666666666667
0.05763239875389408 0.9866666666666667
