0.0 0.0
0.0 0.0
0.0 0.0
0.25 0.014925373134328358
0.4 0.029850746268656716
0.3333333333333333 0.029850746268656716
0.42857142857142855 0.04477611940298507
0.375 0.04477611940298507
0.3333333333333333 0.04477611940298507
0.4 0.05970149253731343
0.36363636363636365 0.05970149253731343
0.4166666666666667 0.07462686567164178
0.38461538461538464 0.07462686567164178
0.35714285714285715 0.07462686567164178
0.3333333333333333 0.07462686567164178
0.3125 0.07462686567164178
0.29411764705882354 0.07462686567164178
0.2777777777777778 0.07462686567164178
0.2631578947368421 0.07462686567164178
0.25 0.07462686567164178
0.23809523809523808 0.07462686567164178
0.22727272727272727 0.07462686567164178
0.21739130434782608 0.07462686567164178
0.25 0.08955223880597014
0.24 0.08955223880597014
0.2692307692307692 0.1044776119402985
0.25925925925925924 0.1044776119402985
0.25 0.1044776119402985
0.2413793103448276 0.1044776119402985
0.23333333333333334 0.1044776119402985
0.25806451612903225 0.11940298507462686
0.28125 0.13432835820895522
0.2727272727272727 0.13432835820895522
0.2647058823529412 0.13432835820895522
0.2571428571428571 0.13432835820895522
0.25 0.13432835820895522
0.24324324324324326 0.13432835820895522
0.23684210526315788 0.13432835820895522
0.23076923076923078 0.13432835820895522
0.225 0.13432835820895522
0.24390243902439024 0.14925373134328357
0.23809523809523808 0.14925373134328357
0.23255813953488372 0.14925373134328357
0.22727272727272727 0.14925373134328357
0.2222222222222222 0.14925373134328357
0.21739130434782608 0.14925373134328357
0.2127659574468085 0.14925373134328357
0.20833333333333334 0.14925373134328357
0.20408163265306123 0.14925373134328357
0.2 0.14925373134328357
0.19607843137254902 0.14925373134328357
0.19230769230769232 0.14925373134328357
0.18867924528301888 0.14925373134328357
0.18518518518518517 0.14925373134328357
0.18181818181818182 0.14925373134328357
0.17857142857142858 0.14925373134328357
0.17543859649122806 0.14925373134328357
0.1724137931034483 0.14925373134328357
0.1694915254237288 0.14925373134328357
0.16666666666666666 0.14925373134328357
0.16393442622950818 0.14925373134328357
0.16129032258064516 0.14925373134328357
0.15873015873015872 0.14925373134328357
0.171875 0.16417910447761194
0.16923076923076924 0.16417910447761194
0.16666666666666666 0.16417910447761194
0.16417910447761194 0.16417910447761194
0.16176470588235295 0.16417910447761194
0.15942028985507245 0.16417910447761194
0.15714285714285714 0.16417910447761194
0.15492957746478872 0.16417910447761194
0.1527777777777778 0.16417910447761194
0.1506849315068493 0.16417910447761194
0.14864864864864866 0.16417910447761194
0.14666666666666667 0.16417910447761194
0.14473684210526316 0.16417910447761194
0.14285714285714285 0.16417910447761194
0.14102564102564102 0.16417910447761194
0.13924050632911392 0.16417910447761194
0.1375 0.16417910447761194
0.13580246913580246 0.16417910447761194
0.13414634146341464 0.16417910447761194
0.13253012048192772 0.16417910447761194
0.13095238095238096 0.16417910447761194
0.12941176470588237 0.16417910447761194
0.12790697674418605 0.16417910447761194
0.12643678160919541 0.16417910447761194
0.125 0.16417910447761194
0.12359550561797752 0.16417910447761194
0.12222222222222222 0.16417910447761194
0.12087912087912088 0.16417910447761194
0.11956521739130435 0.16417910447761194
0.11827956989247312 0.16417910447761194
0.11702127659574468 0.16417910447761194
0.11578947368421053 0.16417910447761194
0.125 0.1791044776119403
0.12371134020618557 0.1791044776119403
0.12244897959183673 0.1791044776119403
0.12121212121212122 0.1791044776119403
0.12 0.1791044776119403
0.1188118811881188 0.1791044776119403
0.11764705882352941 0.1791044776119403
0.11650485436893204 0.1791044776119403
0.11538461538461539 0.1791044776119403
0.11428571428571428 0.1791044776119403
0.11320754716981132 0.1791044776119403
0.11214953271028037 0.1791044776119403
0.1111111111111111 0.1791044776119403
0.11009174311926606 0.1791044776119403
0.11818181818181818 0.19402985074626866
0.12612612612612611 0.208955223880597
0.125 0.208955223880597
0.13274336283185842 0.22388059701492538
0.13157894736842105 0.22388059701492538
0.13043478260869565 0.22388059701492538
0.12931034482758622 0.22388059701492538
0.1282051282051282 0.22388059701492538
0.1271186440677966 0.22388059701492538
0.12605042016806722 0.22388059701492538
0.125 0.22388059701492538
0.12396694214876033 0.22388059701492538
0.12295081967213115 0.22388059701492538
0.12195121951219512 0.22388059701492538
0.12096774193548387 0.22388059701492538
0.12 0.22388059701492538
0.11904761904761904 0.22388059701492538
0.11811023622047244 0.22388059701492538
0.1171875 0.22388059701492538
0.11627906976744186 0.22388059701492538
0.11538461538461539 0.22388059701492538
0.11450381679389313 0.22388059701492538
0.11363636363636363 0.22388059701492538
0.12030075187969924 0.23880597014925373
0.11940298507462686 0.23880597014925373
0.1259259259259259 0.2537313432835821
0.125 0.2537313432835821
0.13138686131386862 0.26865671641791045
0.13043478260869565 0.26865671641791045
0.12949640287769784 0.26865671641791045
0.1357142857142857 0.2835820895522388
0.1347517730496454 0.2835820895522388
0.13380281690140844 0.2835820895522388
0.13286713286713286 0.2835820895522388
0.13194444444444445 0.2835820895522388
0.1310344827586207 0.2835820895522388
0.13013698630136986 0.2835820895522388
0.1292517006802721 0.2835820895522388
0.13513513513513514 0.29850746268656714
0.14093959731543623 0.31343283582089554
0.14 0.31343283582089554
0.1390728476821192 0.31343283582089554
0.13815789473684212 0.31343283582089554
0.13725490196078433 0.31343283582089554
0.13636363636363635 0.31343283582089554
0.13548387096774195 0.31343283582089554
0.1346153846153846 0.31343283582089554
0.1337579617834395 0.31343283582089554
0.13291139240506328 0.31343283582089554
0.1320754716981132 0.31343283582089554
0.13125 0.31343283582089554
0.13043478260869565 0.31343283582089554
0.12962962962962962 0.31343283582089554
0.12883435582822086 0.31343283582089554
0.12804878048780488 0.31343283582089554
0.12727272727272726 0.31343283582089554
0.12650602409638553 0.31343283582089554
0.12574850299401197 0.31343283582089554
0.125 0.31343283582089554
0.1242603550295858 0.31343283582089554
0.12352941176470589 0.31343283582089554
0.12280701754385964 0.31343283582089554
0.12209302325581395 0.31343283582089554
0.12138728323699421 0.31343283582089554
0.1206896551724138 0.31343283582089554
0.12 0.31343283582089554
0.11931818181818182 0.31343283582089554
0.11864406779661017 0.31343283582089554
0.11797752808988764 0.31343283582089554
0.11731843575418995 0.31343283582089554
0.11666666666666667 0.31343283582089554
0.11602209944751381 0.31343283582089554
0.11538461538461539 0.31343283582089554
0.11475409836065574 0.31343283582089554
0.11413043478260869 0.31343283582089554
0.11351351351351352 0.31343283582089554
0.11290322580645161 0.31343283582089554
0.11229946524064172 0.31343283582089554
0.11170212765957446 0.31343283582089554
0.1111111111111111 0.31343283582089554
0.11052631578947368 0.31343283582089554
0.1099476439790576 0.31343283582089554
0.109375 0.31343283582089554
0.10880829015544041 0.31343283582089554
0.10824742268041238 0.31343283582089554
0.1076923076923077 0.31343283582089554
0.10714285714285714 0.31343283582089554
0.1065989847715736 0.31343283582089554
0.10606060606060606 0.31343283582089554
0.10552763819095477 0.31343283582089554
0.105 0.31343283582089554
0.1044776119402985 0.31343283582089554
0.10396039603960396 0.31343283582089554
0.10344827586206896 0.31343283582089554
0.10294117647058823 0.31343283582089554
0.1024390243902439 0.31343283582089554
0.10194174757281553 0.31343283582089554
0.10144927536231885 0.31343283582089554
0.10096153846153846 0.31343283582089554
0.10047846889952153 0.31343283582089554
0.1 0.31343283582089554
0.0995260663507109 0.31343283582089554
0.09905660377358491 0.31343283582089554
0.09859154929577464 0.31343283582089554
0.09813084112149532 0.31343283582089554
0.09767441860465116 0.31343283582089554
0.09722222222222222 0.31343283582089554
0.0967741935483871 0.31343283582089554
0.0963302752293578 0.31343283582089554
0.0958904109589041 0.31343283582089554
0.09545454545454546 0.31343283582089554
0.09502262443438914 0.31343283582089554
0.0945945945945946 0.31343283582089554
0.09417040358744394 0.31343283582089554
0.09375 0.31343283582089554
0.09333333333333334 0.31343283582089554
0.09292035398230089 0.31343283582089554
0.09251101321585903 0.31343283582089554
0.09210526315789473 0.31343283582089554
0.09170305676855896 0.31343283582089554
0.09130434782608696 0.31343283582089554
0.09090909090909091 0.31343283582089554
0.09051724137931035 0.31343283582089554
0.09012875536480687 0.31343283582089554
0.08974358974358974 0.31343283582089554
0.08936170212765958 0.31343283582089554
0.08898305084745763 0.31343283582089554
0.08860759493670886 0.31343283582089554
0.08823529411764706 0.31343283582089554
0.08786610878661087 0.31343283582089554
0.0875 0.31343283582089554
0.08713692946058091 0.31343283582089554
0.08677685950413223 0.31343283582089554
0.08641975308641975 0.31343283582089554
0.0860655737704918 0.31343283582089554
0.08571428571428572 0.31343283582089554
0.08536585365853659 0.31343283582089554
0.08502024291497975 0.31343283582089554
0.08870967741935484 0.3283582089552239
0.09236947791164658 0.34328358208955223
0.096 0.3582089552238806
0.09561752988047809 0.3582089552238806
0.09523809523809523 0.3582089552238806
0.09881422924901186 0.373134328358209
0.0984251968503937 0.373134328358209
0.09803921568627451 0.373134328358209
0.09765625 0.373134328358209
0.09727626459143969 0.373134328358209
0.09689922480620156 0.373134328358209
0.09652509652509653 0.373134328358209
0.09615384615384616 0.373134328358209
0.09578544061302682 0.373134328358209
0.09541984732824428 0.373134328358209
0.09505703422053231 0.373134328358209
0.0946969696969697 0.373134328358209
0.09433962264150944 0.373134328358209
0.09398496240601503 0.373134328358209
0.09363295880149813 0.373134328358209
0.09328358208955224 0.373134328358209
0.09293680297397769 0.373134328358209
0.0962962962962963 0.3880597014925373
0.0959409594095941 0.3880597014925373
0.09558823529411764 0.3880597014925373
0.09523809523809523 0.3880597014925373
0.0948905109489051 0.3880597014925373
0.09454545454545454 0.3880597014925373
0.09420289855072464 0.3880597014925373
0.09386281588447654 0.3880597014925373
0.09352517985611511 0.3880597014925373
0.0931899641577061 0.3880597014925373
0.09285714285714286 0.3880597014925373
0.09252669039145907 0.3880597014925373
0.09219858156028368 0.3880597014925373
0.09187279151943463 0.3880597014925373
0.09154929577464789 0.3880597014925373
0.0912280701754386 0.3880597014925373
0.09090909090909091 0.3880597014925373
0.09059233449477352 0.3880597014925373
0.09027777777777778 0.3880597014925373
0.08996539792387544 0.3880597014925373
0.0896551724137931 0.3880597014925373
0.08934707903780069 0.3880597014925373
0.08904109589041095 0.3880597014925373
0.08873720136518772 0.3880597014925373
0.08843537414965986 0.3880597014925373
0.08813559322033898 0.3880597014925373
0.08783783783783784 0.3880597014925373
0.08754208754208755 0.3880597014925373
0.087248322147651 0.3880597014925373
0.08695652173913043 0.3880597014925373
0.08666666666666667 0.3880597014925373
0.08637873754152824 0.3880597014925373
0.08609271523178808 0.3880597014925373
0.0858085808580858 0.3880597014925373
0.08552631578947369 0.3880597014925373
0.08524590163934426 0.3880597014925373
0.08496732026143791 0.3880597014925373
0.08469055374592833 0.3880597014925373
0.08441558441558442 0.3880597014925373
0.08414239482200647 0.3880597014925373
0.08387096774193549 0.3880597014925373
0.08360128617363344 0.3880597014925373
0.08333333333333333 0.3880597014925373
0.08306709265175719 0.3880597014925373
0.08280254777070063 0.3880597014925373
0.08253968253968254 0.3880597014925373
0.08227848101265822 0.3880597014925373
0.08201892744479496 0.3880597014925373
0.08176100628930817 0.3880597014925373
0.08150470219435736 0.3880597014925373
0.08125 0.3880597014925373
0.08099688473520249 0.3880597014925373
0.08074534161490683 0.3880597014925373
0.0804953560371517 0.3880597014925373
0.08024691358024691 0.3880597014925373
0.08 0.3880597014925373
0.07975460122699386 0.3880597014925373
0.07951070336391437 0.3880597014925373
0.07926829268292683 0.3880597014925373
0.0790273556231003 0.3880597014925373
0.07878787878787878 0.3880597014925373
0.07854984894259819 0.3880597014925373
0.0783132530120482 0.3880597014925373
0.07807807807807808 0.3880597014925373
0.07784431137724551 0.3880597014925373
0.07761194029850746 0.3880597014925373
0.07738095238095238 0.3880597014925373
0.0771513353115727 0.3880597014925373
0.07692307692307693 0.3880597014925373
0.07669616519174041 0.3880597014925373
0.07647058823529412 0.3880597014925373
0.07624633431085044 0.3880597014925373
0.07602339181286549 0.3880597014925373
0.07580174927113703 0.3880597014925373
0.0755813953488372 0.3880597014925373
0.07536231884057971 0.3880597014925373
0.07514450867052024 0.3880597014925373
0.07492795389048991 0.3880597014925373
0.07471264367816093 0.3880597014925373
0.07449856733524356 0.3880597014925373
0.07428571428571429 0.3880597014925373
0.07407407407407407 0.3880597014925373
0.07386363636363637 0.3880597014925373
0.07365439093484419 0.3880597014925373
0.07344632768361582 0.3880597014925373
0.07323943661971831 0.3880597014925373
0.07303370786516854 0.3880597014925373
0.07282913165266107 0.3880597014925373
0.07262569832402235 0.3880597014925373
0.07242339832869081 0.3880597014925373
0.07222222222222222 0.3880597014925373
0.07202216066481995 0.3880597014925373
0.0718232044198895 0.3880597014925373
0.07162534435261708 0.3880597014925373
0.07142857142857142 0.3880597014925373
0.07123287671232877 0.3880597014925373
0.07103825136612021 0.3880597014925373
0.07084468664850137 0.3880597014925373
0.07065217391304347 0.3880597014925373
0.07046070460704607 0.3880597014925373
0.07027027027027027 0.3880597014925373
0.07008086253369272 0.3880597014925373
0.06989247311827956 0.3880597014925373
0.06970509383378017 0.3880597014925373
0.06951871657754011 0.3880597014925373
0.06933333333333333 0.3880597014925373
0.06914893617021277 0.3880597014925373
0.06896551724137931 0.3880597014925373
0.06878306878306878 0.3880597014925373
0.06860158311345646 0.3880597014925373
0.06842105263157895 0.3880597014925373
0.06824146981627296 0.3880597014925373
0.06806282722513089 0.3880597014925373
0.06788511749347259 0.3880597014925373
0.06770833333333333 0.3880597014925373
0.06753246753246753 0.3880597014925373
0.06735751295336788 0.3880597014925373
0.06718346253229975 0.3880597014925373
0.06701030927835051 0.3880597014925373
0.06683804627249357 0.3880597014925373
0.06666666666666667 0.3880597014925373
0.06649616368286446 0.3880597014925373
0.0663265306122449 0.3880597014925373
0.06615776081424936 0.3880597014925373
0.06598984771573604 0.3880597014925373
0.06582278481012659 0.3880597014925373
0.06565656565656566 0.3880597014925373
0.0654911838790932 0.3880597014925373
0.06532663316582915 0.3880597014925373
0.06516290726817042 0.3880597014925373
0.065 0.3880597014925373
0.06483790523690773 0.3880597014925373
0.06467661691542288 0.3880597014925373
0.06451612903225806 0.3880597014925373
0.06435643564356436 0.3880597014925373
0.06419753086419754 0.3880597014925373
0.06403940886699508 0.3880597014925373
0.06388206388206388 0.3880597014925373
0.06372549019607843 0.3880597014925373
0.06356968215158924 0.3880597014925373
0.06341463414634146 0.3880597014925373
0.06326034063260341 0.3880597014925373
0.06310679611650485 0.3880597014925373
0.06295399515738499 0.3880597014925373
0.06280193236714976 0.3880597014925373
0.06265060240963856 0.3880597014925373
0.0625 0.3880597014925373
0.06235011990407674 0.3880597014925373
0.06220095693779904 0.3880597014925373
0.06205250596658711 0.3880597014925373
0.06190476190476191 0.3880597014925373
0.06175771971496437 0.3880597014925373
0.061611374407582936 0.3880597014925373
0.061465721040189124 0.3880597014925373
0.06132075471698113 0.3880597014925373
0.0611764705882353 0.3880597014925373
0.06103286384976526 0.3880597014925373
0.06088992974238876 0.3880597014925373
0.0630841121495327 0.40298507462686567
0.06293706293706294 0.40298507462686567
0.06279069767441861 0.40298507462686567
0.06264501160092807 0.40298507462686567
0.0625 0.40298507462686567
0.06235565819861432 0.40298507462686567
0.06221198156682028 0.40298507462686567
0.06206896551724138 0.40298507462686567
0.06192660550458716 0.40298507462686567
0.06178489702517163 0.40298507462686567
0.06164383561643835 0.40298507462686567
0.06150341685649203 0.40298507462686567
0.06136363636363636 0.40298507462686567
0.061224489795918366 0.40298507462686567
0.06108597285067873 0.40298507462686567
0.060948081264108354 0.40298507462686567
0.060810810810810814 0.40298507462686567
0.060674157303370786 0.40298507462686567
0.06053811659192825 0.40298507462686567
0.06040268456375839 0.40298507462686567
0.060267857142857144 0.40298507462686567
0.060133630289532294 0.40298507462686567
0.06 0.40298507462686567
0.0598669623059867 0.40298507462686567
0.059734513274336286 0.40298507462686567
0.059602649006622516 0.40298507462686567
0.05947136563876652 0.40298507462686567
0.05934065934065934 0.40298507462686567
0.05921052631578947 0.40298507462686567
0.05908096280087528 0.40298507462686567
0.05895196506550218 0.40298507462686567
0.058823529411764705 0.40298507462686567
0.058695652173913045 0.40298507462686567
0.05856832971800434 0.40298507462686567
0.05844155844155844 0.40298507462686567
0.058315334773218146 0.40298507462686567
0.0603448275862069 0.417910447761194
0.060215053763440864 0.417910447761194
0.060085836909871244 0.417910447761194
0.059957173447537475 0.417910447761194
0.05982905982905983 0.417910447761194
0.05970149253731343 0.417910447761194
0.059574468085106386 0.417910447761194
0.059447983014861996 0.417910447761194
0.059322033898305086 0.417910447761194
0.05919661733615222 0.417910447761194
0.05907172995780591 0.417910447761194
0.05894736842105263 0.417910447761194
0.058823529411764705 0.417910447761194
0.05870020964360587 0.417910447761194
0.058577405857740586 0.417910447761194
0.05845511482254697 0.417910447761194
0.058333333333333334 0.417910447761194
0.058212058212058215 0.417910447761194
0.058091286307053944 0.417910447761194
0.057971014492753624 0.417910447761194
0.05785123966942149 0.417910447761194
0.0577319587628866 0.417910447761194
0.05761316872427984 0.417910447761194
0.057494866529774126 0.417910447761194
0.05737704918032787 0.417910447761194
0.05725971370143149 0.417910447761194
0.05714285714285714 0.417910447761194
0.05702647657841141 0.417910447761194
0.056910569105691054 0.417910447761194
0.056795131845841784 0.417910447761194
0.05668016194331984 0.417910447761194
0.05656565656565657 0.417910447761194
0.056451612903225805 0.417910447761194
0.056338028169014086 0.417910447761194
0.05622489959839357 0.417910447761194
0.056112224448897796 0.417910447761194
0.056 0.417910447761194
0.05588822355289421 0.417910447761194
0.055776892430278883 0.417910447761194
0.055666003976143144 0.417910447761194
0.057539682539682536 0.43283582089552236
0.05742574257425743 0.43283582089552236
0.05928853754940711 0.44776119402985076
0.05917159763313609 0.44776119402985076
0.05905511811023622 0.44776119402985076
0.05893909626719057 0.44776119402985076
0.058823529411764705 0.44776119402985076
0.05870841487279843 0.44776119402985076
0.05859375 0.44776119402985076
0.05847953216374269 0.44776119402985076
0.058365758754863814 0.44776119402985076
0.05825242718446602 0.44776119402985076
0.05813953488372093 0.44776119402985076
0.058027079303675046 0.44776119402985076
0.05791505791505792 0.44776119402985076
0.057803468208092484 0.44776119402985076
0.057692307692307696 0.44776119402985076
0.05950095969289827 0.4626865671641791
0.05938697318007663 0.4626865671641791
0.05927342256214149 0.4626865671641791
0.05916030534351145 0.4626865671641791
0.05904761904761905 0.4626865671641791
0.058935361216730035 0.4626865671641791
0.058823529411764705 0.4626865671641791
0.058712121212121215 0.4626865671641791
0.05860113421550094 0.4626865671641791
0.05849056603773585 0.4626865671641791
0.0583804143126177 0.4626865671641791
0.05827067669172932 0.4626865671641791
0.058161350844277676 0.4626865671641791
0.05805243445692884 0.4626865671641791
0.05794392523364486 0.4626865671641791
0.05783582089552239 0.4626865671641791
0.05772811918063315 0.4626865671641791
0.05762081784386617 0.4626865671641791
0.0575139146567718 0.4626865671641791
0.05740740740740741 0.4626865671641791
0.05730129390018484 0.4626865671641791
0.05719557195571956 0.4626865671641791
0.0570902394106814 0.4626865671641791
0.05698529411764706 0.4626865671641791
0.05688073394495413 0.4626865671641791
0.056776556776556776 0.4626865671641791
0.056672760511883 0.4626865671641791
0.058394160583941604 0.47761194029850745
0.058287795992714025 0.47761194029850745
0.05818181818181818 0.47761194029850745
0.05807622504537205 0.47761194029850745
0.057971014492753624 0.47761194029850745
0.05786618444846293 0.47761194029850745
0.05776173285198556 0.47761194029850745
0.05765765765765766 0.47761194029850745
0.05755395683453238 0.47761194029850745
0.05745062836624776 0.47761194029850745
0.05734767025089606 0.47761194029850745
0.057245080500894455 0.47761194029850745
0.05714285714285714 0.47761194029850745
0.0570409982174688 0.47761194029850745
0.05693950177935943 0.47761194029850745
0.056838365896980464 0.47761194029850745
0.05673758865248227 0.47761194029850745
0.05663716814159292 0.47761194029850745
0.05653710247349823 0.47761194029850745
0.0564373897707231 0.47761194029850745
0.056338028169014086 0.47761194029850745
0.056239015817223195 0.47761194029850745
0.056140350877192984 0.47761194029850745
0.05604203152364273 0.47761194029850745
0.057692307692307696 0.4925373134328358
0.05759162303664921 0.4925373134328358
0.05749128919860627 0.4925373134328358
0.057391304347826085 0.4925373134328358
0.057291666666666664 0.4925373134328358
0.05719237435008666 0.4925373134328358
0.05709342560553633 0.4925373134328358
0.05699481865284974 0.4925373134328358
0.056896551724137934 0.4925373134328358
0.05679862306368331 0.4925373134328358
0.05670103092783505 0.4925373134328358
0.05660377358490566 0.4925373134328358
0.05650684931506849 0.4925373134328358
0.05641025641025641 0.4925373134328358
0.05631399317406143 0.4925373134328358
0.056218057921635436 0.4925373134328358
0.05612244897959184 0.4925373134328358
0.05602716468590832 0.4925373134328358
0.05593220338983051 0.4925373134328358
0.05583756345177665 0.4925373134328358
0.05574324324324324 0.4925373134328358
0.05564924114671164 0.4925373134328358
0.05555555555555555 0.4925373134328358
0.05546218487394958 0.4925373134328358
0.05536912751677853 0.4925373134328358
0.05527638190954774 0.4925373134328358
0.05518394648829431 0.4925373134328358
0.05509181969949917 0.4925373134328358
0.055 0.4925373134328358
0.05490848585690516 0.4925373134328358
0.054817275747508304 0.4925373134328358
0.05472636815920398 0.4925373134328358
0.054635761589403975 0.4925373134328358
0.05454545454545454 0.4925373134328358
0.054455445544554455 0.4925373134328358
0.054365733113673806 0.4925373134328358
0.054276315789473686 0.4925373134328358
0.054187192118226604 0.4925373134328358
0.054098360655737705 0.4925373134328358
0.054009819967266774 0.4925373134328358
0.05392156862745098 0.4925373134328358
0.053833605220228384 0.4925373134328358
0.05374592833876222 0.4925373134328358
0.05365853658536585 0.4925373134328358
0.05357142857142857 0.4925373134328358
0.05348460291734198 0.4925373134328358
0.05339805825242718 0.4925373134328358
0.05331179321486268 0.4925373134328358
0.0532258064516129 0.4925373134328358
0.05314009661835749 0.4925373134328358
0.05305466237942122 0.4925373134328358
0.052969502407704656 0.4925373134328358
0.052884615384615384 0.4925373134328358
0.0528 0.4925373134328358
0.052715654952076675 0.4925373134328358
0.05263157894736842 0.4925373134328358
0.052547770700636945 0.4925373134328358
0.05246422893481717 0.4925373134328358
0.05238095238095238 0.4925373134328358
0.05229793977812995 0.4925373134328358
0.05221518987341772 0.4925373134328358
0.052132701421800945 0.4925373134328358
0.052050473186119876 0.4925373134328358
0.05196850393700787 0.4925373134328358
0.05188679245283019 0.4925373134328358
0.05180533751962323 0.4925373134328358
0.05172413793103448 0.4925373134328358
0.051643192488262914 0.4925373134328358
0.0515625 0.4925373134328358
0.0514820592823713 0.4925373134328358
0.0514018691588785 0.4925373134328358
0.05132192846034215 0.4925373134328358
0.05124223602484472 0.4925373134328358
0.05116279069767442 0.4925373134328358
0.05108359133126935 0.4925373134328358
0.05100463678516229 0.4925373134328358
0.05092592592592592 0.4925373134328358
0.05084745762711865 0.4925373134328358
0.05076923076923077 0.4925373134328358
0.05069124423963134 0.4925373134328358
0.05061349693251534 0.4925373134328358
0.05053598774885146 0.4925373134328358
0.05045871559633028 0.4925373134328358
0.050381679389312976 0.4925373134328358
0.05030487804878049 0.4925373134328358
0.0502283105022831 0.4925373134328358
0.05015197568389058 0.4925373134328358
0.05007587253414264 0.4925373134328358
0.05 0.4925373134328358
0.049924357034795766 0.4925373134328358
0.04984894259818731 0.4925373134328358
0.049773755656108594 0.4925373134328358
0.04969879518072289 0.4925373134328358
0.04962406015037594 0.4925373134328358
0.04954954954954955 0.4925373134328358
0.049475262368815595 0.4925373134328358
0.04940119760479042 0.4925373134328358
0.04932735426008968 0.4925373134328358
0.049253731343283584 0.4925373134328358
0.04918032786885246 0.4925373134328358
0.049107142857142856 0.4925373134328358
0.04903417533432392 0.4925373134328358
0.04896142433234421 0.4925373134328358
0.04888888888888889 0.4925373134328358
0.04881656804733728 0.4925373134328358
0.04874446085672083 0.4925373134328358
0.048672566371681415 0.4925373134328358
0.048600883652430045 0.4925373134328358
0.04852941176470588 0.4925373134328358
0.048458149779735685 0.4925373134328358
0.04838709677419355 0.4925373134328358
0.048316251830161056 0.4925373134328358
0.04824561403508772 0.4925373134328358
0.04817518248175182 0.4925373134328358
0.048104956268221574 0.4925373134328358
0.048034934497816595 0.4925373134328358
0.04796511627906977 0.4925373134328358
0.047895500725689405 0.4925373134328358
0.04782608695652174 0.4925373134328358
0.04775687409551375 0.4925373134328358
0.0476878612716763 0.4925373134328358
0.047619047619047616 0.4925373134328358
0.04755043227665706 0.4925373134328358
0.04748201438848921 0.4925373134328358
0.04741379310344827 0.4925373134328358
0.047345767575322814 0.4925373134328358
0.04727793696275072 0.4925373134328358
0.04721030042918455 0.4925373134328358
0.047142857142857146 0.4925373134328358
0.047075606276747506 0.4925373134328358
0.04700854700854701 0.4925373134328358
0.04694167852062589 0.4925373134328358
0.046875 0.4925373134328358
0.04680851063829787 0.4925373134328358
0.046742209631728045 0.4925373134328358
0.04667609618104668 0.4925373134328358
0.046610169491525424 0.4925373134328358
0.0465444287729196 0.4925373134328358
0.04647887323943662 0.4925373134328358
0.04781997187060478 0.5074626865671642
0.047752808988764044 0.5074626865671642
0.047685834502103785 0.5074626865671642
0.047619047619047616 0.5074626865671642
0.04755244755244755 0.5074626865671642
0.04748603351955307 0.5074626865671642
0.04741980474198047 0.5074626865671642
0.04735376044568245 0.5074626865671642
0.04728789986091794 0.5074626865671642
0.04722222222222222 0.5074626865671642
0.047156726768377254 0.5074626865671642
0.04709141274238227 0.5074626865671642
0.04702627939142462 0.5074626865671642
0.04696132596685083 0.5074626865671642
0.04689655172413793 0.5074626865671642
0.046831955922865015 0.5074626865671642
0.04676753782668501 0.5074626865671642
0.046703296703296704 0.5074626865671642
0.04663923182441701 0.5074626865671642
0.04657534246575343 0.5074626865671642
0.046511627906976744 0.5074626865671642
0.04644808743169399 0.5074626865671642
0.04638472032742155 0.5074626865671642
0.04632152588555858 0.5074626865671642
0.04625850340136054 0.5074626865671642
0.04619565217391304 0.5074626865671642
0.04613297150610583 0.5074626865671642
0.04607046070460705 0.5074626865671642
0.046008119079837616 0.5074626865671642
0.04594594594594595 0.5074626865671642
0.04588394062078273 0.5074626865671642
0.04582210242587601 0.5074626865671642
0.04576043068640646 0.5074626865671642
0.0456989247311828 0.5074626865671642
0.04563758389261745 0.5074626865671642
0.045576407506702415 0.5074626865671642
0.04551539491298527 0.5074626865671642
0.045454545454545456 0.5074626865671642
0.04539385847797063 0.5074626865671642
0.04533333333333334 0.5074626865671642
0.045272969374167776 0.5074626865671642
0.04521276595744681 0.5074626865671642
0.0451527224435591 0.5074626865671642
0.04509283819628647 0.5074626865671642
0.046357615894039736 0.5223880597014925
0.047619047619047616 0.5373134328358209
0.047556142668428 0.5373134328358209
0.047493403693931395 0.5373134328358209
0.048748353096179184 0.5522388059701493
0.05 0.5671641791044776
0.04993429697766097 0.5671641791044776
0.049868766404199474 0.5671641791044776
0.04980340760157274 0.5671641791044776
0.049738219895287955 0.5671641791044776
0.04967320261437908 0.5671641791044776
0.04960835509138381 0.5671641791044776
0.04954367666232073 0.5671641791044776
0.049479166666666664 0.5671641791044776
0.0494148244473342 0.5671641791044776
0.04935064935064935 0.5671641791044776
0.04928664072632944 0.5671641791044776
0.04922279792746114 0.5671641791044776
0.04915912031047866 0.5671641791044776
0.04909560723514212 0.5671641791044776
0.04903225806451613 0.5671641791044776
0.04896907216494845 0.5671641791044776
0.0489060489060489 0.5671641791044776
0.04884318766066838 0.5671641791044776
0.04878048780487805 0.5671641791044776
0.04871794871794872 0.5671641791044776
0.04865556978233035 0.5671641791044776
0.04859335038363171 0.5671641791044776
0.04853128991060025 0.5671641791044776
0.04846938775510204 0.5671641791044776
0.048407643312101914 0.5671641791044776
0.04834605597964377 0.5671641791044776
0.048284625158831 0.5671641791044776
0.048223350253807105 0.5671641791044776
0.048162230671736375 0.5671641791044776
0.04810126582278481 0.5671641791044776
0.04804045512010114 0.5671641791044776
0.047979797979797977 0.5671641791044776
0.04791929382093316 0.5671641791044776
0.04785894206549118 0.5671641791044776
0.04779874213836478 0.5671641791044776
0.04773869346733668 0.5671641791044776
0.04767879548306148 0.5671641791044776
0.047619047619047616 0.5671641791044776
0.04755944931163955 0.5671641791044776
0.0475 0.5671641791044776
0.04744069912609238 0.5671641791044776
0.04738154613466334 0.5671641791044776
0.047322540473225407 0.5671641791044776
0.0472636815920398 0.5671641791044776
0.04720496894409938 0.5671641791044776
0.04714640198511166 0.5671641791044776
0.04708798017348203 0.5671641791044776
0.04702970297029703 0.5671641791044776
0.04697156983930779 0.5671641791044776
0.04691358024691358 0.5671641791044776
0.0468557336621455 0.5671641791044776
0.046798029556650245 0.5671641791044776
0.046740467404674045 0.5671641791044776
0.04668304668304668 0.5671641791044776
0.046625766871165646 0.5671641791044776
0.04656862745098039 0.5671641791044776
0.046511627906976744 0.5671641791044776
0.04645476772616137 0.5671641791044776
0.0463980463980464 0.5671641791044776
0.046341463414634146 0.5671641791044776
0.04628501827040195 0.5671641791044776
0.046228710462287104 0.5671641791044776
0.046172539489671933 0.5671641791044776
0.04611650485436893 0.5671641791044776
0.04606060606060606 0.5671641791044776
0.04600484261501211 0.5671641791044776
0.045949214026602174 0.5671641791044776
0.04589371980676329 0.5671641791044776
0.045838359469240045 0.5671641791044776
0.04578313253012048 0.5671641791044776
0.0457280385078219 0.5671641791044776
0.04567307692307692 0.5671641791044776
0.04561824729891957 0.5671641791044776
0.045563549160671464 0.5671641791044776
0.045508982035928146 0.5671641791044776
0.045454545454545456 0.5671641791044776
0.04540023894862605 0.5671641791044776
0.045346062052505964 0.5671641791044776
0.04529201430274136 0.5671641791044776
0.04523809523809524 0.5671641791044776
0.04518430439952437 0.5671641791044776
0.04513064133016627 0.5671641791044776
0.045077105575326216 0.5671641791044776
0.045023696682464455 0.5671641791044776
0.04497041420118343 0.5671641791044776
0.04491725768321513 0.5671641791044776
0.0448642266824085 0.5671641791044776
0.04481132075471698 0.5671641791044776
0.0447585394581861 0.5671641791044776
0.04470588235294118 0.5671641791044776
0.04465334900117509 0.5671641791044776
0.04460093896713615 0.5671641791044776
0.04572098475967175 0.582089552238806
0.04566744730679157 0.582089552238806
0.0456140350877193 0.582089552238806
0.0455607476635514 0.582089552238806
0.045507584597432905 0.582089552238806
0.045454545454545456 0.582089552238806
0.04540162980209546 0.582089552238806
0.04534883720930233 0.582089552238806
0.04529616724738676 0.582089552238806
0.04524361948955916 0.582089552238806
0.04519119351100811 0.582089552238806
0.04513888888888889 0.582089552238806
0.04508670520231214 0.582089552238806
0.04503464203233257 0.582089552238806
0.04498269896193772 0.582089552238806
0.044930875576036866 0.582089552238806
0.04487917146144994 0.582089552238806
0.04482758620689655 0.582089552238806
0.04477611940298507 0.582089552238806
0.04472477064220184 0.582089552238806
0.044673539518900345 0.582089552238806
0.04462242562929062 0.582089552238806
0.044571428571428574 0.582089552238806
0.04452054794520548 0.582089552238806
0.04446978335233751 0.582089552238806
0.04441913439635535 0.582089552238806
0.04436860068259386 0.582089552238806
0.04431818181818182 0.582089552238806
0.04426787741203178 0.582089552238806
0.04421768707482993 0.582089552238806
0.044167610419026046 0.582089552238806
0.04411764705882353 0.582089552238806
0.04406779661016949 0.582089552238806
0.04401805869074492 0.582089552238806
0.04509582863585118 0.5970149253731343
0.04504504504504504 0.5970149253731343
0.04499437570303712 0.5970149253731343
0.0449438202247191 0.5970149253731343
0.04489337822671156 0.5970149253731343
0.04484304932735426 0.5970149253731343
0.04479283314669653 0.5970149253731343
0.0447427293064877 0.5970149253731343
0.0446927374301676 0.5970149253731343
0.044642857142857144 0.5970149253731343
0.044593088071348944 0.5970149253731343
0.044543429844097995 0.5970149253731343
0.04449388209121246 0.5970149253731343
0.04555555555555556 0.6119402985074627
0.04550499445061043 0.6119402985074627
0.045454545454545456 0.6119402985074627
0.04540420819490587 0.6119402985074627
0.04535398230088496 0.6119402985074627
0.045303867403314914 0.6119402985074627
0.04525386313465784 0.6119402985074627
0.04520396912899669 0.6119402985074627
0.04515418502202643 0.6119402985074627
0.045104510451045104 0.6119402985074627
0.045054945054945054 0.6119402985074627
0.04500548847420417 0.6119402985074627
0.044956140350877194 0.6119402985074627
0.044906900328587074 0.6119402985074627
0.044857768052516414 0.6119402985074627
0.04480874316939891 0.6119402985074627
0.04475982532751092 0.6119402985074627
0.04471101417666303 0.6119402985074627
0.044662309368191724 0.6119402985074627
0.04461371055495103 0.6119402985074627
0.04456521739130435 0.6119402985074627
0.04451682953311618 0.6119402985074627
0.044468546637744036 0.6119402985074627
0.044420368364030335 0.6119402985074627
0.044372294372294376 0.6119402985074627
0.04432432432432432 0.6119402985074627
0.04427645788336933 0.6119402985074627
0.04422869471413161 0.6119402985074627
0.04418103448275862 0.6119402985074627
0.04413347685683531 0.6119402985074627
0.04408602150537634 0.6119402985074627
0.04403866809881848 0.6119402985074627
0.043991416309012876 0.6119402985074627
0.04394426580921758 0.6119402985074627
0.043897216274089934 0.6119402985074627
0.04385026737967915 0.6119402985074627
0.0438034188034188 0.6119402985074627
0.04375667022411953 0.6119402985074627
0.04371002132196162 0.6119402985074627
0.043663471778487756 0.6119402985074627
0.043617021276595745 0.6119402985074627
0.04357066950053135 0.6119402985074627
0.0435244161358811 0.6119402985074627
0.043478260869565216 0.6119402985074627
0.04343220338983051 0.6119402985074627
0.04338624338624339 0.6119402985074627
0.04334038054968287 0.6119402985074627
0.044350580781414996 0.6268656716417911
0.04430379746835443 0.6268656716417911
0.044257112750263436 0.6268656716417911
0.04421052631578947 0.6268656716417911
0.04416403785488959 0.6268656716417911
0.04411764705882353 0.6268656716417911
0.04407135362014691 0.6268656716417911
0.0440251572327044 0.6268656716417911
0.04397905759162304 0.6268656716417911
0.043933054393305436 0.6268656716417911
0.0438871473354232 0.6268656716417911
0.04384133611691023 0.6268656716417911
0.043795620437956206 0.6268656716417911
0.04375 0.6268656716417911
0.043704474505723206 0.6268656716417911
0.04365904365904366 0.6268656716417911
0.04361370716510903 0.6268656716417911
0.043568464730290454 0.6268656716417911
0.043523316062176166 0.6268656716417911
0.043478260869565216 0.6268656716417911
0.04343329886246122 0.6268656716417911
0.04338842975206612 0.6268656716417911
0.043343653250773995 0.6268656716417911
0.04329896907216495 0.6268656716417911
0.04325437693099897 0.6268656716417911
0.043209876543209874 0.6268656716417911
0.04316546762589928 0.6268656716417911
0.043121149897330596 0.6268656716417911
0.043076923076923075 0.6268656716417911
0.0430327868852459 0.6268656716417911
0.042988741044012284 0.6268656716417911
0.04294478527607362 0.6268656716417911
0.04290091930541369 0.6268656716417911
0.04285714285714286 0.6268656716417911
0.04281345565749235 0.6268656716417911
0.04276985743380855 0.6268656716417911
0.042726347914547304 0.6268656716417911
0.042682926829268296 0.6268656716417911
0.04263959390862944 0.6268656716417911
0.04259634888438134 0.6268656716417911
0.0425531914893617 0.6268656716417911
0.04251012145748988 0.6268656716417911
0.042467138523761376 0.6268656716417911
0.04242424242424243 0.6268656716417911
0.04238143289606458 0.6268656716417911
0.04233870967741935 0.6268656716417911
0.04229607250755287 0.6268656716417911
0.04225352112676056 0.6268656716417911
0.04221105527638191 0.6268656716417911
0.04216867469879518 0.6268656716417911
0.04212637913741224 0.6268656716417911
0.04208416833667335 0.6268656716417911
0.042042042042042045 0.6268656716417911
0.042 0.6268656716417911
0.04195804195804196 0.6268656716417911
0.041916167664670656 0.6268656716417911
0.04187437686939183 0.6268656716417911
0.04183266932270916 0.6268656716417911
0.041791044776119404 0.6268656716417911
0.041749502982107355 0.6268656716417911
0.041708043694141016 0.6268656716417911
0.041666666666666664 0.6268656716417911
0.04162537165510406 0.6268656716417911
0.041584158415841586 0.6268656716417911
0.04154302670623145 0.6268656716417911
0.041501976284584984 0.6268656716417911
0.04146100691016782 0.6268656716417911
0.04142011834319527 0.6268656716417911
0.041379310344827586 0.6268656716417911
0.04133858267716536 0.6268656716417911
0.04129793510324484 0.6268656716417911
0.0412573673870334 0.6268656716417911
0.04121687929342493 0.6268656716417911
0.041176470588235294 0.6268656716417911
0.04113614103819784 0.6268656716417911
0.0410958904109589 0.6268656716417911
0.04105571847507331 0.6268656716417911
0.041015625 0.6268656716417911
0.04097560975609756 0.6268656716417911
0.04093567251461988 0.6268656716417911
0.04089581304771178 0.6268656716417911
0.04085603112840467 0.6268656716417911
0.04081632653061224 0.6268656716417911
0.040776699029126215 0.6268656716417911
0.040737148399612025 0.6268656716417911
0.040697674418604654 0.6268656716417911
0.04065827686350436 0.6268656716417911
0.04061895551257253 0.6268656716417911
0.04057971014492753 0.6268656716417911
0.04054054054054054 0.6268656716417911
0.040501446480231434 0.6268656716417911
0.04046242774566474 0.6268656716417911
0.04042348411934552 0.6268656716417911
0.04038461538461539 0.6268656716417911
0.040345821325648415 0.6268656716417911
0.04030710172744722 0.6268656716417911
0.040268456375838924 0.6268656716417911
0.040229885057471264 0.6268656716417911
0.04019138755980861 0.6268656716417911
0.040152963671128104 0.6268656716417911
0.04011461318051576 0.6268656716417911
0.04007633587786259 0.6268656716417911
0.04003813155386082 0.6268656716417911
0.04 0.6268656716417911
0.039961941008563276 0.6268656716417911
0.039923954372623575 0.6268656716417911
0.039886039886039885 0.6268656716417911
0.03984819734345351 0.6268656716417911
0.03981042654028436 0.6268656716417911
0.03977272727272727 0.6268656716417911
0.039735099337748346 0.6268656716417911
0.03969754253308128 0.6268656716417911
0.039660056657223795 0.6268656716417911
0.03962264150943396 0.6268656716417911
0.03958529688972667 0.6268656716417911
0.03954802259887006 0.6268656716417911
0.03951081843838194 0.6268656716417911
0.039473684210526314 0.6268656716417911
0.03943661971830986 0.6268656716417911
0.039399624765478425 0.6268656716417911
0.03936269915651359 0.6268656716417911
0.03932584269662921 0.6268656716417911
0.03928905519176801 0.6268656716417911
0.03925233644859813 0.6268656716417911
0.0392156862745098 0.6268656716417911
0.03917910447761194 0.6268656716417911
0.0391425908667288 0.6268656716417911
0.03910614525139665 0.6268656716417911
0.03906976744186046 0.6268656716417911
0.03903345724907063 0.6268656716417911
0.03899721448467967 0.6268656716417911
0.03896103896103896 0.6268656716417911
0.03892493049119555 0.6268656716417911
0.03888888888888889 0.6268656716417911
0.03885291396854764 0.6268656716417911
0.038817005545286505 0.6268656716417911
0.038781163434903045 0.6268656716417911
0.03874538745387454 0.6268656716417911
0.03870967741935484 0.6268656716417911
0.03867403314917127 0.6268656716417911
0.03863845446182153 0.6268656716417911
0.03860294117647059 0.6268656716417911
0.03856749311294766 0.6268656716417911
0.03853211009174312 0.6268656716417911
0.0384967919340055 0.6268656716417911
0.038461538461538464 0.6268656716417911
0.0384263494967978 0.6268656716417911
0.038391224862888484 0.6268656716417911
0.038356164383561646 0.6268656716417911
0.03832116788321168 0.6268656716417911
0.03828623518687329 0.6268656716417911
0.03825136612021858 0.6268656716417911
0.03821656050955414 0.6268656716417911
0.038181818181818185 0.6268656716417911
0.03814713896457766 0.6268656716417911
0.038112522686025406 0.6268656716417911
0.038077969174977334 0.6268656716417911
0.03804347826086957 0.6268656716417911
0.03800904977375565 0.6268656716417911
0.0379746835443038 0.6268656716417911
0.037940379403794036 0.6268656716417911
0.03790613718411552 0.6268656716417911
0.03787195671776375 0.6268656716417911
0.03783783783783784 0.6268656716417911
0.037803780378037805 0.6268656716417911
0.03776978417266187 0.6268656716417911
0.03773584905660377 0.6268656716417911
0.03770197486535009 0.6268656716417911
0.03766816143497758 0.6268656716417911
0.03763440860215054 0.6268656716417911
0.03760071620411817 0.6268656716417911
0.03756708407871199 0.6268656716417911
0.03753351206434316 0.6268656716417911
0.0375 0.6268656716417911
0.03746654772524532 0.6268656716417911
0.0374331550802139 0.6268656716417911
0.037399821905609976 0.6268656716417911
0.037366548042704624 0.6268656716417911
0.037333333333333336 0.6268656716417911
0.037300177619893425 0.6268656716417911
0.037267080745341616 0.6268656716417911
0.03723404255319149 0.6268656716417911
0.03720106288751107 0.6268656716417911
0.03716814159292035 0.6268656716417911
0.03713527851458886 0.6268656716417911
0.037102473498233215 0.6268656716417911
0.037069726390114736 0.6268656716417911
0.037037037037037035 0.6268656716417911
0.03700440528634361 0.6268656716417911
0.03697183098591549 0.6268656716417911
0.036939313984168866 0.6268656716417911
0.03690685413005272 0.6268656716417911
0.03687445127304653 0.6268656716417911
0.03684210526315789 0.6268656716417911
0.03680981595092025 0.6268656716417911
0.03677758318739054 0.6268656716417911
0.03674540682414698 0.6268656716417911
0.03671328671328671 0.6268656716417911
0.03668122270742358 0.6268656716417911
0.03664921465968586 0.6268656716417911
0.036617262423714034 0.6268656716417911
0.036585365853658534 0.6268656716417911
0.03655352480417755 0.6268656716417911
0.036521739130434785 0.6268656716417911
0.036490008688097306 0.6268656716417911
0.036458333333333336 0.6268656716417911
0.03642671292281006 0.6268656716417911
0.036395147313691506 0.6268656716417911
0.03636363636363636 0.6268656716417911
0.03633217993079585 0.6268656716417911
0.036300777873811585 0.6268656716417911
0.03626943005181347 0.6268656716417911
0.0362381363244176 0.6268656716417911
0.03620689655172414 0.6268656716417911
0.03617571059431524 0.6268656716417911
0.03614457831325301 0.6268656716417911
0.03611349957007739 0.6268656716417911
0.03608247422680412 0.6268656716417911
0.036051502145922745 0.6268656716417911
0.036020583190394515 0.6268656716417911
0.03598971722365039 0.6268656716417911
0.03595890410958904 0.6268656716417911
0.03592814371257485 0.6268656716417911
0.035897435897435895 0.6268656716417911
0.035866780529461996 0.6268656716417911
0.03583617747440273 0.6268656716417911
0.03580562659846547 0.6268656716417911
0.03577512776831346 0.6268656716417911
0.03574468085106383 0.6268656716417911
0.03571428571428571 0.6268656716417911
0.0356839422259983 0.6268656716417911
0.035653650254668934 0.6268656716417911
0.035623409669211195 0.6268656716417911
0.03559322033898305 0.6268656716417911
0.03556308213378493 0.6268656716417911
0.03553299492385787 0.6268656716417911
0.03550295857988166 0.6268656716417911
0.03547297297297297 0.6268656716417911
0.035443037974683546 0.6268656716417911
0.03541315345699832 0.6268656716417911
0.03538331929233361 0.6268656716417911
0.03535353535353535 0.6268656716417911
0.03532380151387721 0.6268656716417911
0.03529411764705882 0.6268656716417911
0.03526448362720403 0.6268656716417911
0.03523489932885906 0.6268656716417911
0.03520536462699078 0.6268656716417911
0.035175879396984924 0.6268656716417911
0.035146443514644354 0.6268656716417911
0.03511705685618729 0.6268656716417911
0.03508771929824561 0.6268656716417911
0.035058430717863104 0.6268656716417911
0.03502919099249374 0.6268656716417911
0.035 0.6268656716417911
0.034970857618651124 0.6268656716417911
0.03494176372712146 0.6268656716417911
0.034912718204488775 0.6268656716417911
0.03488372093023256 0.6268656716417911
0.034854771784232366 0.6268656716417911
0.03482587064676617 0.6268656716417911
0.0347970173985087 0.6268656716417911
0.0347682119205298 0.6268656716417911
0.034739454094292806 0.6268656716417911
0.03471074380165289 0.6268656716417911
0.03468208092485549 0.6268656716417911
0.034653465346534656 0.6268656716417911
0.03462489694971146 0.6268656716417911
0.03459637561779242 0.6268656716417911
0.0345679012345679 0.6268656716417911
0.03453947368421053 0.6268656716417911
0.03451109285127362 0.6268656716417911
0.034482758620689655 0.6268656716417911
0.034454470877768664 0.6268656716417911
0.03442622950819672 0.6268656716417911
0.0343980343980344 0.6268656716417911
0.03436988543371522 0.6268656716417911
0.03434178250204415 0.6268656716417911
0.03431372549019608 0.6268656716417911
0.03428571428571429 0.6268656716417911
0.03425774877650897 0.6268656716417911
0.034229828850855744 0.6268656716417911
0.03420195439739414 0.6268656716417911
0.03417412530512612 0.6268656716417911
0.03414634146341464 0.6268656716417911
0.03411860276198213 0.6268656716417911
0.03409090909090909 0.6268656716417911
0.0340632603406326 0.6268656716417911
0.03403565640194489 0.6268656716417911
0.0340080971659919 0.6268656716417911
0.03398058252427184 0.6268656716417911
0.03395311236863379 0.6268656716417911
0.033925686591276254 0.6268656716417911
0.03389830508474576 0.6268656716417911
0.03387096774193549 0.6268656716417911
0.03384367445608381 0.6268656716417911
0.033816425120772944 0.6268656716417911
0.03378921962992759 0.6268656716417911
0.03376205787781351 0.6268656716417911
0.033734939759036145 0.6268656716417911
0.033707865168539325 0.6268656716417911
0.03368083400160385 0.6268656716417911
0.03365384615384615 0.6268656716417911
0.03362690152121697 0.6268656716417911
0.0336 0.6268656716417911
0.03357314148681055 0.6268656716417911
0.03354632587859425 0.6268656716417911
0.0335195530726257 0.6268656716417911
0.03349282296650718 0.6268656716417911
0.03346613545816733 0.6268656716417911
0.03343949044585987 0.6268656716417911
0.03341288782816229 0.6268656716417911
0.033386327503974564 0.6268656716417911
0.03335980937251787 0.6268656716417911
0.03333333333333333 0.6268656716417911
0.03330689928628073 0.6268656716417911
0.03328050713153724 0.6268656716417911
0.0332541567695962 0.6268656716417911
0.03322784810126582 0.6268656716417911
0.03320158102766799 0.6268656716417911
0.03317535545023697 0.6268656716417911
0.03314917127071823 0.6268656716417911
0.033123028391167195 0.6268656716417911
0.03309692671394799 0.6268656716417911
0.03307086614173228 0.6268656716417911
0.03304484657749803 0.6268656716417911
0.0330188679245283 0.6268656716417911
0.032992930086410056 0.6268656716417911
0.03296703296703297 0.6268656716417911
0.03294117647058824 0.6268656716417911
0.032915360501567396 0.6268656716417911
0.03288958496476116 0.6268656716417911
0.03286384976525822 0.6268656716417911
0.0328381548084441 0.6268656716417911
0.0328125 0.6268656716417911
0.03278688524590164 0.6268656716417911
0.0327613104524181 0.6268656716417911
0.03273577552611068 0.6268656716417911
0.03271028037383177 0.6268656716417911
0.03268482490272374 0.6268656716417911
0.03265940902021773 0.6268656716417911
0.03263403263403263 0.6268656716417911
0.03260869565217391 0.6268656716417911
0.032583397982932506 0.6268656716417911
0.03255813953488372 0.6268656716417911
0.032532920216886134 0.6268656716417911
0.032507739938080496 0.6268656716417911
0.03248259860788863 0.6268656716417911
0.03245749613601236 0.6268656716417911
0.032432432432432434 0.6268656716417911
0.032407407407407406 0.6268656716417911
0.03238242097147263 0.6268656716417911
0.032357473035439135 0.6268656716417911
0.03233256351039261 0.6268656716417911
0.03230769230769231 0.6268656716417911
0.03228285933897002 0.6268656716417911
0.03225806451612903 0.6268656716417911
0.03223330775134305 0.6268656716417911
0.032208588957055216 0.6268656716417911
0.03218390804597701 0.6268656716417911
0.03215926493108729 0.6268656716417911
0.032134659525631215 0.6268656716417911
0.03211009174311927 0.6268656716417911
0.03208556149732621 0.6268656716417911
0.03206106870229008 0.6268656716417911
0.032036613272311214 0.6268656716417911
0.03201219512195122 0.6268656716417911
0.03198781416603199 0.6268656716417911
0.0319634703196347 0.6268656716417911
0.03193916349809886 0.6268656716417911
0.031914893617021274 0.6268656716417911
0.03189066059225513 0.6268656716417911
0.03186646433990895 0.6268656716417911
0.03184230477634572 0.6268656716417911
0.031818181818181815 0.6268656716417911
0.03179409538228615 0.6268656716417911
0.03177004538577912 0.6268656716417911
0.031746031746031744 0.6268656716417911
0.03172205438066465 0.6268656716417911
0.03169811320754717 0.6268656716417911
0.03167420814479638 0.6268656716417911
0.031650339110776186 0.6268656716417911
0.03162650602409638 0.6268656716417911
0.03160270880361174 0.6268656716417911
0.031578947368421054 0.6268656716417911
0.03155522163786627 0.6268656716417911
0.03153153153153153 0.6268656716417911
0.03150787696924231 0.6268656716417911
0.031484257871064465 0.6268656716417911
0.03146067415730337 0.6268656716417911
0.03143712574850299 0.6268656716417911
0.031413612565445025 0.6268656716417911
0.03139013452914798 0.6268656716417911
0.03136669156086632 0.6268656716417911
0.03134328358208955 0.6268656716417911
0.03131991051454139 0.6268656716417911
0.03129657228017884 0.6268656716417911
0.03127326880119136 0.6268656716417911
0.03125 0.6268656716417911
0.031226765799256505 0.6268656716417911
0.031203566121842496 0.6268656716417911
0.031180400890868598 0.6268656716417911
0.03115727002967359 0.6268656716417911
0.031134173461823574 0.6268656716417911
0.03111111111111111 0.6268656716417911
0.031088082901554404 0.6268656716417911
0.03106508875739645 0.6268656716417911
0.031042128603104215 0.6268656716417911
0.0310192023633678 0.6268656716417911
0.03099630996309963 0.6268656716417911
0.030973451327433628 0.6268656716417911
0.030950626381724394 0.6268656716417911
0.030927835051546393 0.6268656716417911
0.03090507726269316 0.6268656716417911
0.030882352941176472 0.6268656716417911
0.03085966201322557 0.6268656716417911
0.030837004405286344 0.6268656716417911
0.030814380044020543 0.6268656716417911
0.030791788856304986 0.6268656716417911
0.03076923076923077 0.6268656716417911
0.03074670571010249 0.6268656716417911
0.030724213606437453 0.6268656716417911
0.03070175438596491 0.6268656716417911
0.030679327976625273 0.6268656716417911
0.030656934306569343 0.6268656716417911
0.030634573304157548 0.6268656716417911
0.030612244897959183 0.6268656716417911
0.03058994901675164 0.6268656716417911
0.03056768558951965 0.6268656716417911
0.030545454545454546 0.6268656716417911
0.030523255813953487 0.6268656716417911
0.030501089324618737 0.6268656716417911
0.030478955007256895 0.6268656716417911
0.030456852791878174 0.6268656716417911
0.030434782608695653 0.6268656716417911
0.03041274438812455 0.6268656716417911
0.030390738060781478 0.6268656716417911
0.03036876355748373 0.6268656716417911
0.030346820809248554 0.6268656716417911
0.03032490974729242 0.6268656716417911
0.030303030303030304 0.6268656716417911
0.03028118240807498 0.6268656716417911
0.03025936599423631 0.6268656716417911
0.03023758099352052 0.6268656716417911
0.030215827338129497 0.6268656716417911
0.0301941049604601 0.6268656716417911
0.03017241379310345 0.6268656716417911
0.03015075376884422 0.6268656716417911
0.03012912482065997 0.6268656716417911
0.030107526881720432 0.6268656716417911
0.03008595988538682 0.6268656716417911
0.030064423765211165 0.6268656716417911
0.030042918454935622 0.6268656716417911
0.03002144388849178 0.6268656716417911
0.03 0.6268656716417911
0.029978586723768737 0.6268656716417911
0.029957203994293864 0.6268656716417911
0.02993585174625802 0.6268656716417911
0.029914529914529916 0.6268656716417911
0.0298932384341637 0.6268656716417911
0.029871977240398292 0.6268656716417911
0.029850746268656716 0.6268656716417911
0.029829545454545456 0.6268656716417911
0.029808374733853796 0.6268656716417911
0.029787234042553193 0.6268656716417911
0.029766123316796598 0.6268656716417911
0.029745042492917848 0.6268656716417911
0.029723991507430998 0.6268656716417911
0.0297029702970297 0.6268656716417911
0.029681978798586573 0.6268656716417911
0.029661016949152543 0.6268656716417911
0.029640084685956247 0.6268656716417911
0.029619181946403384 0.6268656716417911
0.02959830866807611 0.6268656716417911
0.029577464788732393 0.6268656716417911
0.029556650246305417 0.6268656716417911
0.029535864978902954 0.6268656716417911
0.029515108924806747 0.6268656716417911
0.02949438202247191 0.6268656716417911
0.029473684210526315 0.6268656716417911
0.029453015427769985 0.6268656716417911
0.02943237561317449 0.6268656716417911
0.029411764705882353 0.6268656716417911
0.02939118264520644 0.6268656716417911
0.02937062937062937 0.6268656716417911
0.029350104821802937 0.6268656716417911
0.029329608938547486 0.6268656716417911
0.02930914166085136 0.6268656716417911
0.029288702928870293 0.6268656716417911
0.02926829268292683 0.6268656716417911
0.02924791086350975 0.6268656716417911
0.029227557411273485 0.6268656716417911
0.02920723226703755 0.6268656716417911
0.029186935371785964 0.6268656716417911
0.029166666666666667 0.6268656716417911
0.02914642609299098 0.6268656716417911
0.02912621359223301 0.6268656716417911
0.029106029106029108 0.6268656716417911
0.029085872576177285 0.6268656716417911
0.02906574394463668 0.6268656716417911
0.029045643153526972 0.6268656716417911
0.02902557014512785 0.6268656716417911
0.029005524861878452 0.6268656716417911
0.028985507246376812 0.6268656716417911
0.028965517241379312 0.6268656716417911
0.028945554789800137 0.6268656716417911
0.028925619834710745 0.6268656716417911
0.028905712319339298 0.6268656716417911
0.02888583218707015 0.6268656716417911
0.0288659793814433 0.6268656716417911
0.028846153846153848 0.6268656716417911
0.028826355525051476 0.6268656716417911
0.02880658436213992 0.6268656716417911
0.02878684030157642 0.6268656716417911
0.028767123287671233 0.6268656716417911
0.028747433264887063 0.6268656716417911
0.028727770177838577 0.6268656716417911
0.028708133971291867 0.6268656716417911
0.028688524590163935 0.6268656716417911
0.028668941979522185 0.6268656716417911
0.0286493860845839 0.6268656716417911
0.028629856850715747 0.6268656716417911
0.02861035422343324 0.6268656716417911
0.02859087814840027 0.6268656716417911
0.02857142857142857 0.6268656716417911
0.028552005438477225 0.6268656716417911
0.028532608695652172 0.6268656716417911
0.028513238289205704 0.6268656716417911
0.028493894165535955 0.6268656716417911
0.02847457627118644 0.6268656716417911
0.028455284552845527 0.6268656716417911
0.02843601895734597 0.6268656716417911
0.028416779431664412 0.6268656716417911
0.028397565922920892 0.6268656716417911
0.02837837837837838 0.6268656716417911
0.02835921674544227 0.6268656716417911
0.02834008097165992 0.6268656716417911
0.028320971004720162 0.6268656716417911
0.02830188679245283 0.6268656716417911
0.028282828282828285 0.6268656716417911
0.02826379542395693 0.6268656716417911
0.02824478816408877 0.6268656716417911
0.028225806451612902 0.6268656716417911
0.028206850235057087 0.6268656716417911
0.028187919463087248 0.6268656716417911
0.028169014084507043 0.6268656716417911
0.028150134048257374 0.6268656716417911
0.02813127930341594 0.6268656716417911
0.028112449799196786 0.6268656716417911
0.028093645484949834 0.6268656716417911
0.02807486631016043 0.6268656716417911
0.028056112224448898 0.6268656716417911
0.028037383177570093 0.6268656716417911
0.028018679119412943 0.6268656716417911
0.028 0.6268656716417911
0.02798134576948701 0.6268656716417911
0.02796271637816245 0.6268656716417911
0.027944111776447105 0.6268656716417911
0.027925531914893616 0.6268656716417911
0.027906976744186046 0.6268656716417911
0.027888446215139442 0.6268656716417911
0.027869940278699403 0.6268656716417911
0.027851458885941646 0.6268656716417911
0.027833001988071572 0.6268656716417911
0.02781456953642384 0.6268656716417911
0.027796161482461945 0.6268656716417911
0.027777777777777776 0.6268656716417911
0.02775941837409121 0.6268656716417911
0.02774108322324967 0.6268656716417911
0.027722772277227723 0.6268656716417911
0.027704485488126648 0.6268656716417911
0.027686222808174028 0.6268656716417911
0.02766798418972332 0.6268656716417911
0.027649769585253458 0.6268656716417911
0.02763157894736842 0.6268656716417911
0.027613412228796843 0.6268656716417911
0.02759526938239159 0.6268656716417911
0.02757715036112935 0.6268656716417911
0.027559055118110236 0.6268656716417911
0.02754098360655738 0.6268656716417911
0.027522935779816515 0.6268656716417911
0.0275049115913556 0.6268656716417911
0.0274869109947644 0.6268656716417911
0.027468933943754086 0.6268656716417911
0.027450980392156862 0.6268656716417911
0.027433050293925537 0.6268656716417911
0.02741514360313316 0.6268656716417911
0.0273972602739726 0.6268656716417911
0.027379400260756193 0.6268656716417911
0.02736156351791531 0.6268656716417911
0.02734375 0.6268656716417911
0.027325959661678594 0.6268656716417911
0.027308192457737322 0.6268656716417911
0.02729044834307992 0.6268656716417911
0.02727272727272727 0.6268656716417911
0.027255029201817 0.6268656716417911
0.027237354085603113 0.6268656716417911
0.027219701879455604 0.6268656716417911
0.027202072538860103 0.6268656716417911
0.027184466019417475 0.6268656716417911
0.027166882276843468 0.6268656716417911
0.027149321266968326 0.6268656716417911
0.027131782945736434 0.6268656716417911
0.02711426726920594 0.6268656716417911
0.027741935483870966 0.6417910447761194
0.027724049000644745 0.6417910447761194
0.027706185567010308 0.6417910447761194
0.027688345138441726 0.6417910447761194
0.027670527670527672 0.6417910447761194
0.02765273311897106 0.6417910447761194
0.027634961439588688 0.6417910447761194
0.027617212588310854 0.6417910447761194
0.027599486521181 0.6417910447761194
0.027581783194355357 0.6417910447761194
0.027564102564102563 0.6417910447761194
0.02754644458680333 0.6417910447761194
0.027528809218950064 0.6417910447761194
0.027511196417146513 0.6417910447761194
0.027493606138107418 0.6417910447761194
0.027476038338658148 0.6417910447761194
0.027458492975734355 0.6417910447761194
0.02744097000638162 0.6417910447761194
0.0274234693877551 0.6417910447761194
0.027405991077119184 0.6417910447761194
0.027388535031847135 0.6417910447761194
0.02737110120942075 0.6417910447761194
0.027353689567430027 0.6417910447761194
0.02733630006357279 0.6417910447761194
0.027318932655654382 0.6417910447761194
0.027301587301587302 0.6417910447761194
0.02728426395939086 0.6417910447761194
0.027266962587190868 0.6417910447761194
0.027249683143219267 0.6417910447761194
0.027232425585813805 0.6417910447761194
0.02721518987341772 0.6417910447761194
0.02719797596457938 0.6417910447761194
0.02718078381795196 0.6417910447761194
0.027163613392293114 0.6417910447761194
0.027146464646464648 0.6417910447761194
0.027129337539432176 0.6417910447761194
0.02711223203026482 0.6417910447761194
0.027095148078134845 0.6417910447761194
0.02707808564231738 0.6417910447761194
0.027061044682190057 0.6417910447761194
0.027044025157232705 0.6417910447761194
0.02702702702702703 0.6417910447761194
0.02701005025125628 0.6417910447761194
0.02699309478970496 0.6417910447761194
0.026976160602258468 0.6417910447761194
0.026959247648902823 0.6417910447761194
0.02694235588972431 0.6417910447761194
0.026925485284909206 0.6417910447761194
0.02690863579474343 0.6417910447761194
0.02689180737961226 0.6417910447761194
0.026875 0.6417910447761194
0.026858213616489695 0.6417910447761194
0.026841448189762796 0.6417910447761194
0.026824703680598878 0.6417910447761194
0.02680798004987531 0.6417910447761194
0.02679127725856698 0.6417910447761194
0.026774595267745952 0.6417910447761194
0.026757934038581208 0.6417910447761194
0.026741293532338308 0.6417910447761194
0.026724673710379118 0.6417910447761194
0.02670807453416149 0.6417910447761194
0.02669149596523898 0.6417910447761194
0.026674937965260544 0.6417910447761194
0.026658400495970243 0.6417910447761194
0.02664188351920694 0.6417910447761194
0.026625386996904025 0.6417910447761194
0.026608910891089108 0.6417910447761194
0.026592455163883734 0.6417910447761194
0.02657601977750309 0.6417910447761194
0.026559604694255712 0.6417910447761194
0.02654320987654321 0.6417910447761194
0.02652683528685996 0.6417910447761194
0.02651048088779285 0.6417910447761194
0.02649414664202095 0.6417910447761194
0.02647783251231527 0.6417910447761194
0.02646153846153846 0.6417910447761194
0.026445264452644526 0.6417910447761194
0.02642901044867855 0.6417910447761194
0.026412776412776413 0.6417910447761194
0.026396562308164517 0.6417910447761194
0.02638036809815951 0.6417910447761194
0.026364193746167996 0.6417910447761194
0.026348039215686275 0.6417910447761194
0.026331904470300063 0.6417910447761194
0.02631578947368421 0.6417910447761194
0.026299694189602447 0.6417910447761194
0.02628361858190709 0.6417910447761194
0.02626756261453879 0.6417910447761194
0.026251526251526252 0.6417910447761194
0.026235509456985967 0.6417910447761194
0.02621951219512195 0.6417910447761194
0.026203534430225474 0.6417910447761194
0.026187576126674786 0.6417910447761194
0.026171637248934874 0.6417910447761194
0.026155717761557177 0.6417910447761194
0.026139817629179333 0.6417910447761194
0.02612393681652491 0.6417910447761194
0.026108075288403157 0.6417910447761194
0.026092233009708737 0.6417910447761194
0.02607640994542147 0.6417910447761194
0.026060606060606062 0.6417910447761194
0.02604482132041187 0.6417910447761194
0.02602905569007264 0.6417910447761194
0.02601330913490623 0.6417910447761194
0.02599758162031439 0.6417910447761194
0.025981873111782478 0.6417910447761194
0.025966183574879228 0.6417910447761194
0.02595051297525649 0.6417910447761194
0.025934861278648975 0.6417910447761194
0.02591922845087402 0.6417910447761194
0.025903614457831327 0.6417910447761194
0.02588801926550271 0.6417910447761194
0.025872442839951864 0.6417910447761194
0.025856885147324114 0.6417910447761194
0.025841346153846152 0.6417910447761194
0.025825825825825825 0.6417910447761194
0.02581032412965186 0.6417910447761194
0.02579484103179364 0.6417910447761194
0.02577937649880096 0.6417910447761194
0.025763930497303775 0.6417910447761194
0.025748502994011976 0.6417910447761194
0.02573309395571514 0.6417910447761194
0.025717703349282296 0.6417910447761194
0.025702331141661684 0.6417910447761194
0.025686977299880526 0.6417910447761194
0.025671641791044777 0.6417910447761194
0.0256563245823389 0.6417910447761194
