1.0 0.013333333333333334
1.0 0.02666666666666667
1.0 0.04
1.0 0.05333333333333334
1.0 0.06666666666666667
1.0 0.08
1.0 0.09333333333333334
1.0 0.10666666666666667
1.0 0.12
1.0 0.13333333333333333
1.0 0.14666666666666667
1.0 0.16
0.9230769230769231 0.16
0.8571428571428571 0.16
0.8666666666666667 0.17333333333333334
0.8125 0.17333333333333334
0.8235294117647058 0.18666666666666668
0.8333333333333334 0.2
0.7894736842105263 0.2
0.75 0.2
0.7142857142857143 0.2
0.6818181818181818 0.2
0.6521739130434783 0.2
0.6666666666666666 0.21333333333333335
0.68 0.22666666666666666
0.6923076923076923 0.24
0.7037037037037037 0.25333333333333335
0.7142857142857143 0.26666666666666666
0.7241379310344828 0.28
0.7333333333333333 0.29333333333333333
0.7419354838709677 0.30666666666666664
0.71875 0.30666666666666664
0.696969696969697 0.30666666666666664
0.6764705882352942 0.30666666666666664
0.6571428571428571 0.30666666666666664
0.6388888888888888 0.30666666666666664
0.6216216216216216 0.30666666666666664
0.6052631578947368 0.30666666666666664
0.6153846153846154 0.32
0.625 0.3333333333333333
0.6097560975609756 0.3333333333333333
0.6190476190476191 0.3466666666666667
0.627906976744186 0.36
0.6136363636363636 0.36
0.6 0.36
0.5869565217391305 0.36
0.574468085106383 0.36
0.5625 0.36
0.5510204081632653 0.36
0.54 0.36
0.5294117647058824 0.36
0.5192307692307693 0.36
0.5094339622641509 0.36
0.5 0.36
0.4909090909090909 0.36
0.48214285714285715 0.36
0.47368421052631576 0.36
0.46551724137931033 0.36
0.4576271186440678 0.36
0.45 0.36
0.4426229508196721 0.36
0.43548387096774194 0.36
0.42857142857142855 0.36
0.421875 0.36
0.4153846153846154 0.36
0.4090909090909091 0.36
0.40298507462686567 0.36
0.39705882352941174 0.36
0.391304347826087 0.36
0.38571428571428573 0.36
0.38028169014084506 0.36
0.375 0.36
0.3698630136986301 0.36
0.3783783783783784 0.37333333333333335
0.38666666666666666 0.38666666666666666
0.3815789473684211 0.38666666666666666
0.37662337662337664 0.38666666666666666
0.3717948717948718 0.38666666666666666
0.3670886075949367 0.38666666666666666
0.3625 0.38666666666666666
0.35802469135802467 0.38666666666666666
0.35365853658536583 0.38666666666666666
0.3493975903614458 0.38666666666666666
0.34523809523809523 0.38666666666666666
0.3411764705882353 0.38666666666666666
0.3372093023255814 0.38666666666666666
0.3333333333333333 0.38666666666666666
0.3409090909090909 0.4
0.34831460674157305 0.41333333333333333
0.35555555555555557 0.4266666666666667
0.3516483516483517 0.4266666666666667
0.34782608695652173 0.4266666666666667
0.34408602150537637 0.4266666666666667
0.3404255319148936 0.4266666666666667
0.3368421052631579 0.4266666666666667
0.3333333333333333 0.4266666666666667
0.32989690721649484 0.4266666666666667
0.32653061224489793 0.4266666666666667
0.32323232323232326 0.4266666666666667
0.33 0.44
0.33663366336633666 0.4533333333333333
0.3333333333333333 0.4533333333333333
0.33980582524271846 0.4666666666666667
0.33653846153846156 0.4666666666666667
0.34285714285714286 0.48
0.33962264150943394 0.48
0.34579439252336447 0.49333333333333335
0.3425925925925926 0.49333333333333335
0.3394495412844037 0.49333333333333335
0.33636363636363636 0.49333333333333335
0.3333333333333333 0.49333333333333335
0.33035714285714285 0.49333333333333335
0.3274336283185841 0.49333333333333335
0.32456140350877194 0.49333333333333335
0.3217391304347826 0.49333333333333335
0.31896551724137934 0.49333333333333335
0.3162393162393162 0.49333333333333335
0.3135593220338983 0.49333333333333335
0.31092436974789917 0.49333333333333335
0.30833333333333335 0.49333333333333335
0.30578512396694213 0.49333333333333335
0.30327868852459017 0.49333333333333335
0.3008130081300813 0.49333333333333335
0.29838709677419356 0.49333333333333335
0.296 0.49333333333333335
0.29365079365079366 0.49333333333333335
0.29133858267716534 0.49333333333333335
0.2890625 0.49333333333333335
0.2868217054263566 0.49333333333333335
0.2846153846153846 0.49333333333333335
0.2824427480916031 0.49333333333333335
0.2803030303030303 0.49333333333333335
0.2781954887218045 0.49333333333333335
0.27611940298507465 0.49333333333333335
0.2740740740740741 0.49333333333333335
0.27205882352941174 0.49333333333333335
0.27007299270072993 0.49333333333333335
0.26811594202898553 0.49333333333333335
0.2733812949640288 0.5066666666666667
0.2714285714285714 0.5066666666666667
0.2695035460992908 0.5066666666666667
0.2676056338028169 0.5066666666666667
0.26573426573426573 0.5066666666666667
0.2638888888888889 0.5066666666666667
0.2620689655172414 0.5066666666666667
0.2602739726027397 0.5066666666666667
0.2585034013605442 0.5066666666666667
0.2635135135135135 0.52
0.2684563758389262 0.5333333333333333
0.26666666666666666 0.5333333333333333
0.26490066225165565 0.5333333333333333
0.2631578947368421 0.5333333333333333
0.26143790849673204 0.5333333333333333
0.2597402597402597 0.5333333333333333
0.25806451612903225 0.5333333333333333
0.2564102564102564 0.5333333333333333
0.25477707006369427 0.5333333333333333
0.25316455696202533 0.5333333333333333
0.25157232704402516 0.5333333333333333
0.25 0.5333333333333333
0.2484472049689441 0.5333333333333333
0.24691358024691357 0.5333333333333333
0.24539877300613497 0.5333333333333333
0.24390243902439024 0.5333333333333333
0.24242424242424243 0.5333333333333333
0.24096385542168675 0.5333333333333333
0.23952095808383234 0.5333333333333333
0.23809523809523808 0.5333333333333333
0.23668639053254437 0.5333333333333333
0.23529411764705882 0.5333333333333333
0.23391812865497075 0.5333333333333333
0.23255813953488372 0.5333333333333333
0.23121387283236994 0.5333333333333333
0.22988505747126436 0.5333333333333333
0.2342857142857143 0.5466666666666666
0.23863636363636365 0.56
0.23728813559322035 0.56
0.24157303370786518 0.5733333333333334
0.24581005586592178 0.5866666666666667
0.25 0.6
0.2541436464088398 0.6133333333333333
0.25274725274725274 0.6133333333333333
0.25136612021857924 0.6133333333333333
0.25 0.6133333333333333
0.24864864864864866 0.6133333333333333
0.24731182795698925 0.6133333333333333
0.24598930481283424 0.6133333333333333
0.24468085106382978 0.6133333333333333
0.24338624338624337 0.6133333333333333
0.24210526315789474 0.6133333333333333
0.24083769633507854 0.6133333333333333
0.23958333333333334 0.6133333333333333
0.23834196891191708 0.6133333333333333
0.23711340206185566 0.6133333333333333
0.2358974358974359 0.6133333333333333
0.23469387755102042 0.6133333333333333
0.233502538071066 0.6133333333333333
0.23232323232323232 0.6133333333333333
0.23115577889447236 0.6133333333333333
0.23 0.6133333333333333
0.22885572139303484 0.6133333333333333
0.22772277227722773 0.6133333333333333
0.22660098522167488 0.6133333333333333
0.22549019607843138 0.6133333333333333
0.22439024390243903 0.6133333333333333
0.22330097087378642 0.6133333333333333
0.2222222222222222 0.6133333333333333
0.22115384615384615 0.6133333333333333
0.22009569377990432 0.6133333333333333
0.21904761904761905 0.6133333333333333
0.21800947867298578 0.6133333333333333
0.2169811320754717 0.6133333333333333
0.22065727699530516 0.6266666666666667
0.22429906542056074 0.64
0.22325581395348837 0.64
0.2222222222222222 0.64
0.22119815668202766 0.64
0.22018348623853212 0.64
0.2191780821917808 0.64
0.21818181818181817 0.64
0.2171945701357466 0.64
0.21621621621621623 0.64
0.21524663677130046 0.64
0.21428571428571427 0.64
0.21333333333333335 0.64
0.21238938053097345 0.64
0.21145374449339208 0.64
0.21052631578947367 0.64
0.2096069868995633 0.64
0.20869565217391303 0.64
0.2077922077922078 0.64
0.20689655172413793 0.64
0.20600858369098712 0.64
0.20512820512820512 0.64
0.20425531914893616 0.64
0.2033898305084746 0.64
0.20253164556962025 0.64
0.20168067226890757 0.64
0.200836820083682 0.64
0.2 0.64
0.1991701244813278 0.64
0.19834710743801653 0.64
0.19753086419753085 0.64
0.19672131147540983 0.64
0.19591836734693877 0.64
0.1951219512195122 0.64
0.19838056680161945 0.6533333333333333
0.1975806451612903 0.6533333333333333
0.19678714859437751 0.6533333333333333
0.196 0.6533333333333333
0.1952191235059761 0.6533333333333333
0.19444444444444445 0.6533333333333333
0.19367588932806323 0.6533333333333333
0.19291338582677164 0.6533333333333333
0.19215686274509805 0.6533333333333333
0.19140625 0.6533333333333333
0.19066147859922178 0.6533333333333333
0.18992248062015504 0.6533333333333333
0.1891891891891892 0.6533333333333333
0.18846153846153846 0.6533333333333333
0.18773946360153257 0.6533333333333333
0.18702290076335878 0.6533333333333333
0.18631178707224336 0.6533333333333333
0.1856060606060606 0.6533333333333333
0.18490566037735848 0.6533333333333333
0.18421052631578946 0.6533333333333333
0.18352059925093633 0.6533333333333333
0.1828358208955224 0.6533333333333333
0.1821561338289963 0.6533333333333333
0.1814814814814815 0.6533333333333333
0.18081180811808117 0.6533333333333333
0.1801470588235294 0.6533333333333333
0.1794871794871795 0.6533333333333333
0.17883211678832117 0.6533333333333333
0.1781818181818182 0.6533333333333333
0.17753623188405798 0.6533333333333333
0.17689530685920576 0.6533333333333333
0.17625899280575538 0.6533333333333333
0.17562724014336917 0.6533333333333333
0.175 0.6533333333333333
0.17437722419928825 0.6533333333333333
0.17375886524822695 0.6533333333333333
0.17314487632508835 0.6533333333333333
0.17253521126760563 0.6533333333333333
0.17192982456140352 0.6533333333333333
0.17132867132867133 0.6533333333333333
0.17073170731707318 0.6533333333333333
0.1701388888888889 0.6533333333333333
0.1695501730103806 0.6533333333333333
0.16896551724137931 0.6533333333333333
0.16838487972508592 0.6533333333333333
0.1678082191780822 0.6533333333333333
0.16723549488054607 0.6533333333333333
0.16666666666666666 0.6533333333333333
0.16610169491525423 0.6533333333333333
0.16554054054054054 0.6533333333333333
0.16498316498316498 0.6533333333333333
0.1644295302013423 0.6533333333333333
0.16387959866220736 0.6533333333333333
0.16333333333333333 0.6533333333333333
0.16279069767441862 0.6533333333333333
0.16225165562913907 0.6533333333333333
0.1617161716171617 0.6533333333333333
0.1611842105263158 0.6533333333333333
0.16065573770491803 0.6533333333333333
0.16013071895424835 0.6533333333333333
0.15960912052117263 0.6533333333333333
0.16233766233766234 0.6666666666666666
0.16181229773462782 0.6666666666666666
0.16129032258064516 0.6666666666666666
0.1607717041800643 0.6666666666666666
0.16025641025641027 0.6666666666666666
0.1597444089456869 0.6666666666666666
0.1592356687898089 0.6666666666666666
0.15873015873015872 0.6666666666666666
0.15822784810126583 0.6666666666666666
0.15772870662460567 0.6666666666666666
0.15723270440251572 0.6666666666666666
0.15673981191222572 0.6666666666666666
0.15625 0.6666666666666666
0.1557632398753894 0.6666666666666666
0.15527950310559005 0.6666666666666666
0.15479876160990713 0.6666666666666666
0.15432098765432098 0.6666666666666666
0.15384615384615385 0.6666666666666666
0.15337423312883436 0.6666666666666666
0.1529051987767584 0.6666666666666666
0.1524390243902439 0.6666666666666666
0.1519756838905775 0.6666666666666666
0.15151515151515152 0.6666666666666666
0.1510574018126888 0.6666666666666666
0.15060240963855423 0.6666666666666666
0.15015015015015015 0.6666666666666666
0.1497005988023952 0.6666666666666666
0.14925373134328357 0.6666666666666666
0.1488095238095238 0.6666666666666666
0.14836795252225518 0.6666666666666666
0.14792899408284024 0.6666666666666666
0.14749262536873156 0.6666666666666666
0.14705882352941177 0.6666666666666666
0.1466275659824047 0.6666666666666666
0.14619883040935672 0.6666666666666666
0.1457725947521866 0.6666666666666666
0.14534883720930233 0.6666666666666666
0.14492753623188406 0.6666666666666666
0.14450867052023122 0.6666666666666666
0.1440922190201729 0.6666666666666666
0.14367816091954022 0.6666666666666666
0.14326647564469913 0.6666666666666666
0.14285714285714285 0.6666666666666666
0.14245014245014245 0.6666666666666666
0.14204545454545456 0.6666666666666666
0.141643059490085 0.6666666666666666
0.1440677966101695 0.68
0.14366197183098592 0.68
0.14325842696629212 0.68
0.14285714285714285 0.68
0.1424581005586592 0.68
0.14484679665738162 0.6933333333333334
0.14722222222222223 0.7066666666666667
0.14681440443213298 0.7066666666666667
0.1464088397790055 0.7066666666666667
0.14600550964187328 0.7066666666666667
0.14560439560439561 0.7066666666666667
0.14520547945205478 0.7066666666666667
0.1448087431693989 0.7066666666666667
0.1444141689373297 0.7066666666666667
0.14402173913043478 0.7066666666666667
0.14363143631436315 0.7066666666666667
0.14324324324324325 0.7066666666666667
0.14285714285714285 0.7066666666666667
0.1424731182795699 0.7066666666666667
0.14209115281501342 0.7066666666666667
0.14171122994652408 0.7066666666666667
0.14133333333333334 0.7066666666666667
0.14095744680851063 0.7066666666666667
0.14058355437665782 0.7066666666666667
0.1402116402116402 0.7066666666666667
0.13984168865435356 0.7066666666666667
0.1394736842105263 0.7066666666666667
0.13910761154855644 0.7066666666666667
0.1387434554973822 0.7066666666666667
0.13838120104438642 0.7066666666666667
0.13802083333333334 0.7066666666666667
0.13766233766233765 0.7066666666666667
0.13730569948186527 0.7066666666666667
0.13695090439276486 0.7066666666666667
0.13659793814432988 0.7066666666666667
0.13624678663239073 0.7066666666666667
0.1358974358974359 0.7066666666666667
0.13554987212276215 0.7066666666666667
0.13520408163265307 0.7066666666666667
0.13486005089058525 0.7066666666666667
0.13451776649746192 0.7066666666666667
0.13670886075949368 0.72
0.13636363636363635 0.72
0.1385390428211587 0.7333333333333333
0.13819095477386933 0.7333333333333333
0.13784461152882205 0.7333333333333333
0.1375 0.7333333333333333
0.1371571072319202 0.7333333333333333
0.13681592039800994 0.7333333333333333
0.13647642679900746 0.7333333333333333
0.13613861386138615 0.7333333333333333
0.13580246913580246 0.7333333333333333
0.1354679802955665 0.7333333333333333
0.13513513513513514 0.7333333333333333
0.13480392156862744 0.7333333333333333
0.13447432762836187 0.7333333333333333
0.13414634146341464 0.7333333333333333
0.13381995133819952 0.7333333333333333
0.13349514563106796 0.7333333333333333
0.13317191283292978 0.7333333333333333
0.13285024154589373 0.7333333333333333
0.13253012048192772 0.7333333333333333
0.13221153846153846 0.7333333333333333
0.13189448441247004 0.7333333333333333
0.13157894736842105 0.7333333333333333
0.13126491646778043 0.7333333333333333
0.13095238095238096 0.7333333333333333
0.13064133016627077 0.7333333333333333
0.13033175355450238 0.7333333333333333
0.13002364066193853 0.7333333333333333
0.12971698113207547 0.7333333333333333
0.12941176470588237 0.7333333333333333
0.12910798122065728 0.7333333333333333
0.1288056206088993 0.7333333333333333
0.12850467289719625 0.7333333333333333
0.1282051282051282 0.7333333333333333
0.12790697674418605 0.7333333333333333
0.12761020881670534 0.7333333333333333
0.12731481481481483 0.7333333333333333
0.12702078521939955 0.7333333333333333
0.12672811059907835 0.7333333333333333
0.12643678160919541 0.7333333333333333
0.12614678899082568 0.7333333333333333
0.12585812356979406 0.7333333333333333
0.12557077625570776 0.7333333333333333
0.1252847380410023 0.7333333333333333
0.125 0.7333333333333333
0.12471655328798185 0.7333333333333333
0.1244343891402715 0.7333333333333333
0.12641083521444696 0.7466666666666667
0.12612612612612611 0.7466666666666667
0.1258426966292135 0.7466666666666667
0.12556053811659193 0.7466666666666667
0.12527964205816555 0.7466666666666667
0.125 0.7466666666666667
0.12472160356347439 0.7466666666666667
0.12444444444444444 0.7466666666666667
0.12416851441241686 0.7466666666666667
0.12389380530973451 0.7466666666666667
0.12362030905077263 0.7466666666666667
0.12334801762114538 0.7466666666666667
0.12307692307692308 0.7466666666666667
0.12280701754385964 0.7466666666666667
0.12253829321663019 0.7466666666666667
0.1222707423580786 0.7466666666666667
0.12200435729847495 0.7466666666666667
0.12173913043478261 0.7466666666666667
0.12147505422993492 0.7466666666666667
0.12121212121212122 0.7466666666666667
0.12095032397408208 0.7466666666666667
0.1206896551724138 0.7466666666666667
0.12043010752688173 0.7466666666666667
0.12017167381974249 0.7466666666666667
0.11991434689507495 0.7466666666666667
0.11965811965811966 0.7466666666666667
0.11940298507462686 0.7466666666666667
0.11914893617021277 0.7466666666666667
0.12101910828025478 0.76
0.12076271186440678 0.76
0.12050739957716702 0.76
0.12025316455696203 0.76
0.12 0.76
0.11974789915966387 0.76
0.11949685534591195 0.76
0.1192468619246862 0.76
0.11899791231732777 0.76
0.11875 0.76
0.11850311850311851 0.76
0.11825726141078838 0.76
0.11801242236024845 0.76
0.11776859504132231 0.76
0.11752577319587629 0.76
0.11728395061728394 0.76
0.11704312114989733 0.76
0.1168032786885246 0.76
0.1165644171779141 0.76
0.11632653061224489 0.76
0.11608961303462322 0.76
0.11585365853658537 0.76
0.11561866125760649 0.76
0.11538461538461539 0.76
0.11515151515151516 0.76
0.11491935483870967 0.76
0.11468812877263582 0.76
0.1144578313253012 0.76
0.11422845691382766 0.76
0.114 0.76
0.11377245508982035 0.76
0.11354581673306773 0.76
0.11332007952286283 0.76
0.1130952380952381 0.76
0.11287128712871287 0.76
0.11264822134387352 0.76
0.11242603550295859 0.76
0.11220472440944881 0.76
0.11198428290766209 0.76
0.11176470588235295 0.76
0.11154598825831702 0.76
0.111328125 0.76
0.1111111111111111 0.76
0.11089494163424124 0.76
0.11067961165048544 0.76
0.11046511627906977 0.76
0.1102514506769826 0.76
0.11003861003861004 0.76
0.10982658959537572 0.76
0.10961538461538461 0.76
0.10940499040307101 0.76
0.10919540229885058 0.76
0.1089866156787763 0.76
0.10877862595419847 0.76
0.10857142857142857 0.76
0.10836501901140684 0.76
0.10815939278937381 0.76
0.10795454545454546 0.76
0.10775047258979206 0.76
0.10754716981132076 0.76
0.10734463276836158 0.76
0.10714285714285714 0.76
0.10694183864915573 0.76
0.10674157303370786 0.76
0.10654205607476636 0.76
0.10634328358208955 0.76
0.10614525139664804 0.76
0.10594795539033457 0.76
0.10575139146567718 0.76
0.10555555555555556 0.76
0.10536044362292052 0.76
0.10516605166051661 0.76
0.10497237569060773 0.76
0.10477941176470588 0.76
0.10458715596330276 0.76
0.1043956043956044 0.76
0.10420475319926874 0.76
0.10401459854014598 0.76
0.10382513661202186 0.76
0.10363636363636364 0.76
0.10344827586206896 0.76
0.10326086956521739 0.76
0.10307414104882459 0.76
0.10288808664259928 0.76
0.10270270270270271 0.76
0.10251798561151079 0.76
0.10233393177737882 0.76
0.10215053763440861 0.76
0.10196779964221825 0.76
0.10178571428571428 0.76
0.10160427807486631 0.76
0.10142348754448399 0.76
0.10124333925399645 0.76
0.10106382978723404 0.76
0.10088495575221239 0.76
0.10070671378091872 0.76
0.10052910052910052 0.76
0.10035211267605634 0.76
0.10017574692442882 0.76
0.1 0.76
0.09982486865148861 0.76
0.09965034965034965 0.76
0.09947643979057591 0.76
0.09930313588850175 0.76
0.09913043478260869 0.76
0.09895833333333333 0.76
0.09878682842287695 0.76
0.0986159169550173 0.76
0.09844559585492228 0.76
0.09827586206896552 0.76
0.0981067125645439 0.76
0.0979381443298969 0.76
0.09777015437392796 0.76
0.0976027397260274 0.76
0.09743589743589744 0.76
0.09726962457337884 0.76
0.09710391822827939 0.76
0.09693877551020408 0.76
0.0967741935483871 0.76
0.09661016949152543 0.76
0.09644670050761421 0.76
0.09628378378378379 0.76
0.09780775716694773 0.7733333333333333
0.09932659932659933 0.7866666666666666
0.10084033613445378 0.8
0.10067114093959731 0.8
0.10050251256281408 0.8
0.10033444816053512 0.8
0.1001669449081803 0.8
0.1 0.8
0.09983361064891846 0.8
0.09966777408637874 0.8
0.09950248756218906 0.8
0.09933774834437085 0.8
0.09917355371900827 0.8
0.09900990099009901 0.8
0.09884678747940692 0.8
0.09868421052631579 0.8
0.09852216748768473 0.8
0.09836065573770492 0.8
0.09819967266775777 0.8
0.09803921568627451 0.8
0.09787928221859707 0.8
0.09771986970684039 0.8
0.0975609756097561 0.8
0.09740259740259741 0.8
0.09724473257698542 0.8
0.0970873786407767 0.8
0.09693053311793215 0.8
0.0967741935483871 0.8
0.0966183574879227 0.8
0.09646302250803858 0.8
0.09630818619582665 0.8
0.09615384615384616 0.8
0.096 0.8
0.09584664536741214 0.8
0.09569377990430622 0.8
0.09554140127388536 0.8
0.09538950715421304 0.8
0.09523809523809523 0.8
0.09508716323296355 0.8
0.0949367088607595 0.8
0.0947867298578199 0.8
0.0946372239747634 0.8
0.09448818897637795 0.8
0.09433962264150944 0.8
0.09419152276295134 0.8
0.09404388714733543 0.8
0.09389671361502347 0.8
0.09375 0.8
0.093603744149766 0.8
0.09345794392523364 0.8
0.09331259720062209 0.8
0.09316770186335403 0.8
0.09302325581395349 0.8
0.09287925696594428 0.8
0.09273570324574962 0.8
0.09259259259259259 0.8
0.09244992295839753 0.8
0.09230769230769231 0.8
0.09216589861751152 0.8
0.09202453987730061 0.8
0.09188361408882083 0.8
0.09174311926605505 0.8
0.0916030534351145 0.8
0.09146341463414634 0.8
0.091324200913242 0.8
0.09270516717325228 0.8133333333333334
0.09408194233687406 0.8266666666666667
0.09393939393939393 0.8266666666666667
0.09379727685325265 0.8266666666666667
0.09365558912386707 0.8266666666666667
0.09351432880844646 0.8266666666666667
0.09337349397590361 0.8266666666666667
0.09323308270676692 0.8266666666666667
0.09309309309309309 0.8266666666666667
0.09295352323838081 0.8266666666666667
0.09281437125748503 0.8266666666666667
0.09267563527653214 0.8266666666666667
0.09253731343283582 0.8266666666666667
0.09239940387481371 0.8266666666666667
0.09226190476190477 0.8266666666666667
0.09212481426448738 0.8266666666666667
0.09198813056379822 0.8266666666666667
0.09185185185185185 0.8266666666666667
0.09171597633136094 0.8266666666666667
0.0915805022156573 0.8266666666666667
0.09144542772861357 0.8266666666666667
0.09131075110456553 0.8266666666666667
0.09117647058823529 0.8266666666666667
0.09104258443465492 0.8266666666666667
0.09090909090909091 0.8266666666666667
0.09077598828696926 0.8266666666666667
0.09064327485380116 0.8266666666666667
0.0905109489051095 0.8266666666666667
0.09037900874635568 0.8266666666666667
0.09024745269286755 0.8266666666666667
0.09011627906976744 0.8266666666666667
0.0899854862119013 0.8266666666666667
0.08985507246376812 0.8266666666666667
0.08972503617945007 0.8266666666666667
0.08959537572254335 0.8266666666666667
0.08946608946608947 0.8266666666666667
0.0893371757925072 0.8266666666666667
0.08920863309352518 0.8266666666666667
0.08908045977011494 0.8266666666666667
0.08895265423242468 0.8266666666666667
0.08882521489971347 0.8266666666666667
0.08869814020028613 0.8266666666666667
0.08857142857142856 0.8266666666666667
0.0884450784593438 0.8266666666666667
0.08831908831908832 0.8266666666666667
0.08819345661450925 0.8266666666666667
0.08806818181818182 0.8266666666666667
0.08794326241134752 0.8266666666666667
0.08781869688385269 0.8266666666666667
0.0876944837340877 0.8266666666666667
0.08757062146892655 0.8266666666666667
0.08744710860366714 0.8266666666666667
0.08732394366197183 0.8266666666666667
0.08720112517580872 0.8266666666666667
0.08707865168539326 0.8266666666666667
0.08695652173913043 0.8266666666666667
0.08683473389355742 0.8266666666666667
0.08671328671328671 0.8266666666666667
0.08659217877094973 0.8266666666666667
0.08647140864714087 0.8266666666666667
0.08635097493036212 0.8266666666666667
0.08623087621696801 0.8266666666666667
0.08611111111111111 0.8266666666666667
0.08599167822468794 0.8266666666666667
0.08587257617728532 0.8266666666666667
0.08575380359612725 0.8266666666666667
0.0856353591160221 0.8266666666666667
0.08551724137931034 0.8266666666666667
0.08539944903581267 0.8266666666666667
0.08528198074277854 0.8266666666666667
0.08516483516483517 0.8266666666666667
0.0850480109739369 0.8266666666666667
0.08493150684931507 0.8266666666666667
0.08481532147742818 0.8266666666666667
0.08469945355191257 0.8266666666666667
0.08458390177353342 0.8266666666666667
0.08446866485013624 0.8266666666666667
0.08435374149659863 0.8266666666666667
0.08423913043478261 0.8266666666666667
0.08412483039348712 0.8266666666666667
0.08401084010840108 0.8266666666666667
0.08389715832205684 0.8266666666666667
0.08378378378378379 0.8266666666666667
0.08367071524966262 0.8266666666666667
0.08355795148247978 0.8266666666666667
0.08344549125168237 0.8266666666666667
0.08333333333333333 0.8266666666666667
0.08322147651006712 0.8266666666666667
0.08310991957104558 0.8266666666666667
0.08299866131191433 0.8266666666666667
0.08288770053475936 0.8266666666666667
0.08277703604806408 0.8266666666666667
0.08266666666666667 0.8266666666666667
0.08255659121171771 0.8266666666666667
0.08244680851063829 0.8266666666666667
0.08233731739707835 0.8266666666666667
0.08222811671087533 0.8266666666666667
0.08211920529801324 0.8266666666666667
0.082010582010582 0.8266666666666667
0.08190224570673713 0.8266666666666667
0.08179419525065963 0.8266666666666667
0.08168642951251646 0.8266666666666667
0.08157894736842106 0.8266666666666667
0.08147174770039421 0.8266666666666667
0.08136482939632546 0.8266666666666667
0.08125819134993446 0.8266666666666667
0.08115183246073299 0.8266666666666667
0.08104575163398693 0.8266666666666667
0.08093994778067885 0.8266666666666667
0.08083441981747067 0.8266666666666667
0.08072916666666667 0.8266666666666667
0.08062418725617686 0.8266666666666667
0.08051948051948052 0.8266666666666667
0.08041504539559015 0.8266666666666667
0.08031088082901554 0.8266666666666667
0.08020698576972833 0.8266666666666667
0.08010335917312661 0.8266666666666667
0.08 0.8266666666666667
0.07989690721649484 0.8266666666666667
0.07979407979407979 0.8266666666666667
0.07969151670951156 0.8266666666666667
0.07958921694480103 0.8266666666666667
0.07948717948717948 0.8266666666666667
0.0793854033290653 0.8266666666666667
0.0792838874680307 0.8266666666666667
0.07918263090676884 0.8266666666666667
0.07908163265306123 0.8266666666666667
0.07898089171974522 0.8266666666666667
0.07888040712468193 0.8266666666666667
0.07878017789072427 0.8266666666666667
0.07868020304568528 0.8266666666666667
0.07858048162230671 0.8266666666666667
0.07848101265822785 0.8266666666666667
0.07838179519595449 0.8266666666666667
0.07828282828282829 0.8266666666666667
0.07818411097099622 0.8266666666666667
0.07808564231738035 0.8266666666666667
0.0779874213836478 0.8266666666666667
0.07788944723618091 0.8266666666666667
0.07779171894604768 0.8266666666666667
0.07769423558897243 0.8266666666666667
0.07759699624530664 0.8266666666666667
0.0775 0.8266666666666667
0.07740324594257178 0.8266666666666667
0.0773067331670823 0.8266666666666667
0.07721046077210461 0.8266666666666667
0.07711442786069651 0.8266666666666667
0.07701863354037267 0.8266666666666667
0.07692307692307693 0.8266666666666667
0.0768277571251549 0.8266666666666667
0.07673267326732673 0.8266666666666667
0.07663782447466007 0.8266666666666667
0.07777777777777778 0.84
0.07891491985203453 0.8533333333333334
0.07881773399014778 0.8533333333333334
0.07872078720787208 0.8533333333333334
0.07862407862407862 0.8533333333333334
0.07975460122699386 0.8666666666666667
0.07965686274509803 0.8666666666666667
0.0795593635250918 0.8666666666666667
0.08068459657701711 0.88
0.08058608058608059 0.88
0.08048780487804878 0.88
0.08038976857490865 0.88
0.08029197080291971 0.88
0.08019441069258809 0.88
0.08009708737864078 0.88
0.08 0.88
0.07990314769975787 0.88
0.07980652962515115 0.88
0.07971014492753623 0.88
0.07961399276236429 0.88
0.07951807228915662 0.88
0.07942238267148015 0.88
0.07932692307692307 0.88
0.07923169267707082 0.88
0.07913669064748201 0.88
0.07904191616766468 0.88
0.07894736842105263 0.88
0.07885304659498207 0.88
0.07875894988066826 0.88
0.07866507747318235 0.88
0.07857142857142857 0.88
0.07847800237812129 0.88
0.07838479809976247 0.88
0.07829181494661921 0.88
0.07819905213270142 0.88
0.07928994082840236 0.8933333333333333
0.07919621749408984 0.8933333333333333
0.07910271546635184 0.8933333333333333
0.07900943396226415 0.8933333333333333
0.07891637220259129 0.8933333333333333
0.07882352941176471 0.8933333333333333
0.07873090481786134 0.8933333333333333
0.07863849765258216 0.8933333333333333
0.07854630715123095 0.8933333333333333
0.07845433255269321 0.8933333333333333
0.0783625730994152 0.8933333333333333
0.07827102803738317 0.8933333333333333
0.07817969661610269 0.8933333333333333
0.0780885780885781 0.8933333333333333
0.0779976717112922 0.8933333333333333
0.07790697674418605 0.8933333333333333
0.07781649245063879 0.8933333333333333
0.0777262180974478 0.8933333333333333
0.0776361529548088 0.8933333333333333
0.0775462962962963 0.8933333333333333
0.07745664739884393 0.8933333333333333
0.07736720554272518 0.8933333333333333
0.07727797001153403 0.8933333333333333
0.0771889400921659 0.8933333333333333
0.07710011507479862 0.8933333333333333
0.07701149425287357 0.8933333333333333
0.07692307692307693 0.8933333333333333
0.0768348623853211 0.8933333333333333
0.07674684994272624 0.8933333333333333
0.07665903890160183 0.8933333333333333
0.07657142857142857 0.8933333333333333
0.07648401826484018 0.8933333333333333
0.07639680729760548 0.8933333333333333
0.07630979498861047 0.8933333333333333
0.07622298065984073 0.8933333333333333
0.07613636363636364 0.8933333333333333
0.07604994324631101 0.8933333333333333
0.07596371882086168 0.8933333333333333
0.07587768969422423 0.8933333333333333
0.0757918552036199 0.8933333333333333
0.07570621468926554 0.8933333333333333
0.07562076749435666 0.8933333333333333
0.07553551296505073 0.8933333333333333
0.07545045045045046 0.8933333333333333
0.07536557930258718 0.8933333333333333
0.07528089887640449 0.8933333333333333
0.07519640852974187 0.8933333333333333
0.07511210762331838 0.8933333333333333
0.07502799552071669 0.8933333333333333
0.07494407158836688 0.8933333333333333
0.07486033519553073 0.8933333333333333
0.07477678571428571 0.8933333333333333
0.07469342251950947 0.8933333333333333
0.07461024498886415 0.8933333333333333
0.07452725250278086 0.8933333333333333
0.07444444444444444 0.8933333333333333
0.07436182019977802 0.8933333333333333
0.07427937915742794 0.8933333333333333
0.07419712070874862 0.8933333333333333
0.07411504424778761 0.8933333333333333
0.07403314917127071 0.8933333333333333
0.0739514348785872 0.8933333333333333
0.07386990077177508 0.8933333333333333
0.07378854625550661 0.8933333333333333
0.0737073707370737 0.8933333333333333
0.07362637362637363 0.8933333333333333
0.07354555433589462 0.8933333333333333
0.07346491228070176 0.8933333333333333
0.07338444687842278 0.8933333333333333
0.07330415754923414 0.8933333333333333
0.073224043715847 0.8933333333333333
0.07314410480349345 0.8933333333333333
0.07306434023991276 0.8933333333333333
0.07298474945533769 0.8933333333333333
0.07290533188248095 0.8933333333333333
0.07282608695652174 0.8933333333333333
0.0727470141150923 0.8933333333333333
0.07266811279826464 0.8933333333333333
0.07258938244853738 0.8933333333333333
0.07251082251082251 0.8933333333333333
0.07243243243243243 0.8933333333333333
0.07235421166306695 0.8933333333333333
0.07227615965480043 0.8933333333333333
0.07219827586206896 0.8933333333333333
0.0721205597416577 0.8933333333333333
0.07204301075268817 0.8933333333333333
0.0719656283566058 0.8933333333333333
0.07188841201716738 0.8933333333333333
0.07181136120042872 0.8933333333333333
0.07173447537473233 0.8933333333333333
0.07165775401069518 0.8933333333333333
0.07158119658119658 0.8933333333333333
0.07150480256136606 0.8933333333333333
0.07142857142857142 0.8933333333333333
0.07135250266240682 0.8933333333333333
0.07127659574468086 0.8933333333333333
0.07120085015940489 0.8933333333333333
0.07112526539278131 0.8933333333333333
0.07104984093319194 0.8933333333333333
0.07097457627118645 0.8933333333333333
0.07089947089947089 0.8933333333333333
0.0708245243128964 0.8933333333333333
0.07074973600844774 0.8933333333333333
0.07067510548523206 0.8933333333333333
0.07060063224446786 0.8933333333333333
0.07052631578947369 0.8933333333333333
0.07045215562565721 0.8933333333333333
0.0703781512605042 0.8933333333333333
0.07030430220356768 0.8933333333333333
0.07023060796645703 0.8933333333333333
0.07015706806282722 0.8933333333333333
0.0700836820083682 0.8933333333333333
0.07001044932079414 0.8933333333333333
0.06993736951983298 0.8933333333333333
0.06986444212721585 0.8933333333333333
0.06979166666666667 0.8933333333333333
0.06971904266389178 0.8933333333333333
0.06964656964656965 0.8933333333333333
0.0695742471443406 0.8933333333333333
0.06950207468879668 0.8933333333333333
0.0694300518134715 0.8933333333333333
0.06935817805383022 0.8933333333333333
0.06928645294725956 0.8933333333333333
0.06921487603305786 0.8933333333333333
0.06914344685242518 0.8933333333333333
0.06907216494845361 0.8933333333333333
0.0690010298661174 0.8933333333333333
0.06893004115226338 0.8933333333333333
0.06885919835560124 0.8933333333333333
0.06878850102669405 0.8933333333333333
0.06871794871794872 0.8933333333333333
0.06864754098360656 0.8933333333333333
0.06857727737973388 0.8933333333333333
0.06850715746421268 0.8933333333333333
0.06843718079673136 0.8933333333333333
0.06836734693877551 0.8933333333333333
0.06829765545361875 0.8933333333333333
0.06822810590631365 0.8933333333333333
0.0681586978636826 0.8933333333333333
0.06808943089430894 0.8933333333333333
0.06802030456852792 0.8933333333333333
0.06795131845841786 0.8933333333333333
0.06788247213779129 0.8933333333333333
0.06781376518218624 0.8933333333333333
0.06774519716885744 0.8933333333333333
0.06767676767676768 0.8933333333333333
0.06760847628657922 0.8933333333333333
0.06754032258064516 0.8933333333333333
0.06747230614300101 0.8933333333333333
0.06740442655935613 0.8933333333333333
0.06733668341708543 0.8933333333333333
0.06726907630522089 0.8933333333333333
0.06720160481444333 0.8933333333333333
0.06713426853707415 0.8933333333333333
0.06706706706706707 0.8933333333333333
0.067 0.8933333333333333
0.06693306693306693 0.8933333333333333
0.06686626746506986 0.8933333333333333
0.06679960119641076 0.8933333333333333
0.06673306772908366 0.8933333333333333
0.06666666666666667 0.8933333333333333
0.06660039761431412 0.8933333333333333
0.06653426017874876 0.8933333333333333
0.06646825396825397 0.8933333333333333
0.06640237859266601 0.8933333333333333
0.06633663366336634 0.8933333333333333
0.06627101879327399 0.8933333333333333
0.06620553359683795 0.8933333333333333
0.06614017769002961 0.8933333333333333
0.06607495069033531 0.8933333333333333
0.06600985221674877 0.8933333333333333
0.06594488188976377 0.8933333333333333
0.06588003933136677 0.8933333333333333
0.06581532416502947 0.8933333333333333
0.06575073601570167 0.8933333333333333
0.06568627450980392 0.8933333333333333
0.06562193927522038 0.8933333333333333
0.06555772994129158 0.8933333333333333
0.06549364613880743 0.8933333333333333
0.0654296875 0.8933333333333333
0.06536585365853659 0.8933333333333333
0.06530214424951267 0.8933333333333333
0.06523855890944498 0.8933333333333333
0.0651750972762646 0.8933333333333333
0.06511175898931001 0.8933333333333333
0.06504854368932039 0.8933333333333333
0.06498545101842872 0.8933333333333333
0.06492248062015504 0.8933333333333333
0.06485963213939981 0.8933333333333333
0.06479690522243714 0.8933333333333333
0.0647342995169082 0.8933333333333333
0.06467181467181467 0.8933333333333333
0.06557377049180328 0.9066666666666666
0.06551059730250482 0.9066666666666666
0.06544754571703561 0.9066666666666666
0.06538461538461539 0.9066666666666666
0.06532180595581172 0.9066666666666666
0.06525911708253358 0.9066666666666666
0.06519654841802493 0.9066666666666666
0.06513409961685823 0.9066666666666666
0.06507177033492823 0.9066666666666666
0.06500956022944551 0.9066666666666666
0.06494746895893028 0.9066666666666666
0.0648854961832061 0.9066666666666666
0.06482364156339371 0.9066666666666666
0.06476190476190476 0.9066666666666666
0.06470028544243578 0.9066666666666666
0.06463878326996197 0.9066666666666666
0.06457739791073125 0.9066666666666666
0.06451612903225806 0.9066666666666666
0.06445497630331753 0.9066666666666666
0.06439393939393939 0.9066666666666666
0.06433301797540208 0.9066666666666666
0.06427221172022685 0.9066666666666666
0.06421152030217187 0.9066666666666666
0.06415094339622641 0.9066666666666666
0.0640904806786051 0.9066666666666666
0.064030131826742 0.9066666666666666
0.06396989651928504 0.9066666666666666
0.06390977443609022 0.9066666666666666
0.06384976525821597 0.9066666666666666
0.06378986866791744 0.9066666666666666
0.06373008434864105 0.9066666666666666
0.06367041198501873 0.9066666666666666
0.06361085126286249 0.9066666666666666
0.06355140186915888 0.9066666666666666
0.06349206349206349 0.9066666666666666
0.06343283582089553 0.9066666666666666
0.06337371854613234 0.9066666666666666
0.0633147113594041 0.9066666666666666
0.06325581395348837 0.9066666666666666
0.06319702602230483 0.9066666666666666
0.06313834726090993 0.9066666666666666
0.06307977736549165 0.9066666666666666
0.06302131603336422 0.9066666666666666
0.06296296296296296 0.9066666666666666
0.06290471785383904 0.9066666666666666
0.06284658040665435 0.9066666666666666
0.06278855032317636 0.9066666666666666
0.06273062730627306 0.9066666666666666
0.06267281105990784 0.9066666666666666
0.06261510128913444 0.9066666666666666
0.062557497700092 0.9066666666666666
0.0625 0.9066666666666666
0.06244260789715335 0.9066666666666666
0.062385321100917435 0.9066666666666666
0.06232813932172319 0.9066666666666666
0.06227106227106227 0.9066666666666666
0.06221408966148216 0.9066666666666666
0.062157221206581355 0.9066666666666666
0.062100456621004566 0.9066666666666666
0.06204379562043796 0.9066666666666666
0.06198723792160438 0.9066666666666666
0.061930783242258654 0.9066666666666666
0.06187443130118289 0.9066666666666666
0.06181818181818182 0.9066666666666666
0.061762034514078114 0.9066666666666666
0.06170598911070781 0.9066666666666666
0.061650045330915684 0.9066666666666666
0.06159420289855073 0.9066666666666666
0.06153846153846154 0.9066666666666666
0.06148282097649186 0.9066666666666666
0.06142728093947606 0.9066666666666666
0.061371841155234655 0.9066666666666666
0.061316501352569885 0.9066666666666666
0.06126126126126126 0.9066666666666666
0.0612061206120612 0.9066666666666666
0.06115107913669065 0.9066666666666666
0.061096136567834684 0.9066666666666666
0.06104129263913824 0.9066666666666666
0.06098654708520179 0.9066666666666666
0.06093189964157706 0.9066666666666666
0.06087735004476276 0.9066666666666666
0.06082289803220036 0.9066666666666666
0.06076854334226988 0.9066666666666666
0.060714285714285714 0.9066666666666666
0.060660124888492414 0.9066666666666666
0.06060606060606061 0.9066666666666666
0.060552092609082814 0.9066666666666666
0.060498220640569395 0.9066666666666666
0.060444444444444446 0.9066666666666666
0.06039076376554174 0.9066666666666666
0.06033717834960071 0.9066666666666666
0.06028368794326241 0.9066666666666666
0.06023029229406555 0.9066666666666666
0.06017699115044248 0.9066666666666666
0.060123784261715295 0.9066666666666666
0.06007067137809187 0.9066666666666666
0.06001765225066196 0.9066666666666666
0.059964726631393295 0.9066666666666666
0.05991189427312775 0.9066666666666666
0.05985915492957746 0.9066666666666666
0.05980650835532102 0.9066666666666666
0.05975395430579965 0.9066666666666666
0.05970149253731343 0.9066666666666666
0.05964912280701754 0.9066666666666666
0.05959684487291849 0.9066666666666666
0.0595446584938704 0.9066666666666666
0.0594925634295713 0.9066666666666666
0.05944055944055944 0.9066666666666666
0.059388646288209605 0.9066666666666666
0.059336823734729496 0.9066666666666666
0.05928509154315606 0.9066666666666666
0.059233449477351915 0.9066666666666666
0.05918189730200174 0.9066666666666666
0.059130434782608696 0.9066666666666666
0.059079061685490875 0.9066666666666666
0.059027777777777776 0.9066666666666666
0.05897658282740677 0.9066666666666666
0.058925476603119586 0.9066666666666666
0.05887445887445888 0.9066666666666666
0.058823529411764705 0.9066666666666666
0.058772687986171135 0.9066666666666666
0.05872193436960276 0.9066666666666666
0.058671268334771355 0.9066666666666666
0.05862068965517241 0.9066666666666666
0.05857019810508183 0.9066666666666666
0.058519793459552494 0.9066666666666666
0.058469475494411005 0.9066666666666666
0.058419243986254296 0.9066666666666666
0.05836909871244635 0.9066666666666666
0.058319039451114926 0.9066666666666666
0.05826906598114824 0.9066666666666666
0.05821917808219178 0.9066666666666666
0.058169375534645 0.9066666666666666
0.05811965811965812 0.9066666666666666
0.05807002561912895 0.9066666666666666
0.05802047781569966 0.9066666666666666
0.057971014492753624 0.9066666666666666
0.05792163543441227 0.9066666666666666
0.05787234042553192 0.9066666666666666
0.05782312925170068 0.9066666666666666
0.05777400169923534 0.9066666666666666
0.057724957555178265 0.9066666666666666
0.05767599660729432 0.9066666666666666
0.0576271186440678 0.9066666666666666
0.057578323454699404 0.9066666666666666
0.05752961082910321 0.9066666666666666
0.057480980557903634 0.9066666666666666
0.057432432432432436 0.9066666666666666
0.05738396624472574 0.9066666666666666
0.05733558178752108 0.9066666666666666
0.05728727885425442 0.9066666666666666
0.05723905723905724 0.9066666666666666
0.057190916736753576 0.9066666666666666
0.05714285714285714 0.9066666666666666
0.05709487825356843 0.9066666666666666
0.05704697986577181 0.9066666666666666
0.05699916177703269 0.9066666666666666
0.05695142378559464 0.9066666666666666
0.05690376569037657 0.9066666666666666
0.056856187290969896 0.9066666666666666
0.05680868838763575 0.9066666666666666
0.05676126878130217 0.9066666666666666
0.0567139282735613 0.9066666666666666
0.056666666666666664 0.9066666666666666
0.05661948376353039 0.9066666666666666
0.056572379367720464 0.9066666666666666
0.05652535328345802 0.9066666666666666
0.05647840531561462 0.9066666666666666
0.056431535269709544 0.9066666666666666
0.05638474295190713 0.9066666666666666
0.056338028169014086 0.9066666666666666
0.056291390728476824 0.9066666666666666
0.05624483043837883 0.9066666666666666
0.05619834710743802 0.9066666666666666
0.05615194054500413 0.9066666666666666
0.056105610561056105 0.9066666666666666
0.05605935696619951 0.9066666666666666
0.05601317957166392 0.9066666666666666
0.05596707818930041 0.9066666666666666
0.05592105263157895 0.9066666666666666
0.05587510271158587 0.9066666666666666
0.05582922824302135 0.9066666666666666
0.05578342904019688 0.9066666666666666
0.05573770491803279 0.9066666666666666
0.055692055692055695 0.9066666666666666
0.05564648117839607 0.9066666666666666
0.05560098119378577 0.9066666666666666
0.05555555555555555 0.9066666666666666
0.05551020408163265 0.9066666666666666
0.05546492659053834 0.9066666666666666
0.05541972290138549 0.9066666666666666
0.05537459283387622 0.9066666666666666
0.05532953620829943 0.9066666666666666
0.055284552845528454 0.9066666666666666
0.05523964256701868 0.9066666666666666
0.05519480519480519 0.9066666666666666
0.055150040551500405 0.9066666666666666
0.055105348460291734 0.9066666666666666
0.05506072874493927 0.9066666666666666
0.05501618122977346 0.9066666666666666
0.0549717057396928 0.9066666666666666
0.05492730210016155 0.9066666666666666
0.05488297013720742 0.9066666666666666
0.054838709677419356 0.9066666666666666
0.0547945205479452 0.9066666666666666
0.05475040257648953 0.9066666666666666
0.054706355591311345 0.9066666666666666
0.05466237942122187 0.9066666666666666
0.05461847389558233 0.9066666666666666
0.05457463884430177 0.9066666666666666
0.0545308740978348 0.9066666666666666
0.05448717948717949 0.9066666666666666
0.0544435548438751 0.9066666666666666
0.0544 0.9066666666666666
0.05435651478816946 0.9066666666666666
0.054313099041533544 0.9066666666666666
0.05426975259377494 0.9066666666666666
0.05422647527910686 0.9066666666666666
0.054183266932270914 0.9066666666666666
0.054140127388535034 0.9066666666666666
0.05409705648369133 0.9066666666666666
0.05405405405405406 0.9066666666666666
0.054011119936457505 0.9066666666666666
0.05396825396825397 0.9066666666666666
0.05392545598731166 0.9066666666666666
0.05388272583201268 0.9066666666666666
0.053840063341250986 0.9066666666666666
0.05379746835443038 0.9066666666666666
0.05375494071146245 0.9066666666666666
0.053712480252764615 0.9066666666666666
0.05367008681925809 0.9066666666666666
0.05362776025236593 0.9066666666666666
0.05358550039401103 0.9066666666666666
0.05354330708661417 0.9066666666666666
0.05350118017309206 0.9066666666666666
0.05345911949685535 0.9066666666666666
0.05341712490180676 0.9066666666666666
0.05337519623233909 0.9066666666666666
0.05333333333333334 0.9066666666666666
0.05329153605015674 0.9066666666666666
0.05324980422866092 0.9066666666666666
0.053208137715179966 0.9066666666666666
0.053166536356528536 0.9066666666666666
0.053125 0.9066666666666666
0.05308352849336456 0.9066666666666666
0.0530421216848674 0.9066666666666666
0.05300077942322681 0.9066666666666666
0.0529595015576324 0.9066666666666666
0.05291828793774319 0.9066666666666666
0.05287713841368585 0.9066666666666666
0.05283605283605284 0.9066666666666666
0.052795031055900624 0.9066666666666666
0.05275407292474787 0.9066666666666666
0.05271317829457364 0.9066666666666666
0.052672347017815646 0.9066666666666666
0.05263157894736842 0.9066666666666666
0.05259087393658159 0.9066666666666666
0.05255023183925812 0.9066666666666666
0.05250965250965251 0.9066666666666666
0.05246913580246913 0.9066666666666666
0.052428681572860444 0.9066666666666666
0.05238828967642527 0.9066666666666666
0.05234795996920708 0.9066666666666666
0.052307692307692305 0.9066666666666666
