0.0 0.0
0.0 0.0
0.0 0.0
0.25 0.013333333333333334
0.2 0.013333333333333334
0.16666666666666666 0.013333333333333334
0.14285714285714285 0.013333333333333334
0.125 0.013333333333333334
0.1111111111111111 0.013333333333333334
0.1 0.013333333333333334
0.09090909090909091 0.013333333333333334
0.08333333333333333 0.013333333333333334
0.07692307692307693 0.013333333333333334
0.07142857142857142 0.013333333333333334
0.06666666666666667 0.013333333333333334
0.0625 0.013333333333333334
0.058823529411764705 0.013333333333333334
0.1111111111111111 0.02666666666666667
0.10526315789473684 0.02666666666666667
0.15 0.04
0.19047619047619047 0.05333333333333334
0.18181818181818182 0.05333333333333334
0.17391304347826086 0.05333333333333334
0.16666666666666666 0.05333333333333334
0.16 0.05333333333333334
0.15384615384615385 0.05333333333333334
0.14814814814814814 0.05333333333333334
0.14285714285714285 0.05333333333333334
0.13793103448275862 0.05333333333333334
0.13333333333333333 0.05333333333333334
0.12903225806451613 0.05333333333333334
0.125 0.05333333333333334
0.12121212121212122 0.05333333333333334
0.11764705882352941 0.05333333333333334
0.11428571428571428 0.05333333333333334
0.1111111111111111 0.05333333333333334
0.10810810810810811 0.05333333333333334
0.10526315789473684 0.05333333333333334
0.10256410256410256 0.05333333333333334
0.1 0.05333333333333334
0.0975609756097561 0.05333333333333334
0.09523809523809523 0.05333333333333334
0.09302325581395349 0.05333333333333334
0.09090909090909091 0.05333333333333334
0.08888888888888889 0.05333333333333334
0.10869565217391304 0.06666666666666667
0.10638297872340426 0.06666666666666667
0.10416666666666667 0.06666666666666667
0.10204081632653061 0.06666666666666667
0.1 0.06666666666666667
0.09803921568627451 0.06666666666666667
0.09615384615384616 0.06666666666666667
0.09433962264150944 0.06666666666666667
0.09259259259259259 0.06666666666666667
0.09090909090909091 0.06666666666666667
0.08928571428571429 0.06666666666666667
0.08771929824561403 0.06666666666666667
0.08620689655172414 0.06666666666666667
0.0847457627118644 0.06666666666666667
0.08333333333333333 0.06666666666666667
0.08196721311475409 0.06666666666666667
0.08064516129032258 0.06666666666666667
0.07936507936507936 0.06666666666666667
0.078125 0.06666666666666667
0.07692307692307693 0.06666666666666667
0.07575757575757576 0.06666666666666667
0.07462686567164178 0.06666666666666667
0.07352941176470588 0.06666666666666667
0.07246376811594203 0.06666666666666667
0.07142857142857142 0.06666666666666667
0.07042253521126761 0.06666666666666667
0.06944444444444445 0.06666666666666667
0.0684931506849315 0.06666666666666667
0.06756756756756757 0.06666666666666667
0.08 0.08
0.07894736842105263 0.08
0.07792207792207792 0.08
0.07692307692307693 0.08
0.0759493670886076 0.08
0.075 0.08
0.07407407407407407 0.08
0.07317073170731707 0.08
0.07228915662650602 0.08
0.07142857142857142 0.08
0.07058823529411765 0.08
0.06976744186046512 0.08
0.06896551724137931 0.08
0.06818181818181818 0.08
0.06741573033707865 0.08
0.06666666666666667 0.08
0.06593406593406594 0.08
0.06521739130434782 0.08
0.06451612903225806 0.08
0.06382978723404255 0.08
0.06315789473684211 0.08
0.0625 0.08
0.061855670103092786 0.08
0.061224489795918366 0.08
0.06060606060606061 0.08
0.06 0.08
0.0594059405940594 0.08
0.058823529411764705 0.08
0.05825242718446602 0.08
0.057692307692307696 0.08
0.05714285714285714 0.08
0.05660377358490566 0.08
0.056074766355140186 0.08
0.05555555555555555 0.08
0.06422018348623854 0.09333333333333334
0.06363636363636363 0.09333333333333334
0.06306306306306306 0.09333333333333334
0.0625 0.09333333333333334
0.07079646017699115 0.10666666666666667
0.07017543859649122 0.10666666666666667
0.0782608695652174 0.12
0.07758620689655173 0.12
0.07692307692307693 0.12
0.07627118644067797 0.12
0.07563025210084033 0.12
0.08333333333333333 0.13333333333333333
0.09090909090909091 0.14666666666666667
0.09016393442622951 0.14666666666666667
0.08943089430894309 0.14666666666666667
0.08870967741935484 0.14666666666666667
0.088 0.14666666666666667
0.0873015873015873 0.14666666666666667
0.08661417322834646 0.14666666666666667
0.09375 0.16
0.10077519379844961 0.17333333333333334
0.1 0.17333333333333334
0.10687022900763359 0.18666666666666668
0.10606060606060606 0.18666666666666668
0.10526315789473684 0.18666666666666668
0.1044776119402985 0.18666666666666668
0.1037037037037037 0.18666666666666668
0.10294117647058823 0.18666666666666668
0.10218978102189781 0.18666666666666668
0.10144927536231885 0.18666666666666668
0.10071942446043165 0.18666666666666668
0.1 0.18666666666666668
0.09929078014184398 0.18666666666666668
0.09859154929577464 0.18666666666666668
0.0979020979020979 0.18666666666666668
0.10416666666666667 0.2
0.10344827586206896 0.2
0.10273972602739725 0.2
0.10204081632653061 0.2
0.10135135135135136 0.2
0.10067114093959731 0.2
0.1 0.2
0.09933774834437085 0.2
0.09868421052631579 0.2
0.10457516339869281 0.21333333333333335
0.11038961038961038 0.22666666666666666
0.10967741935483871 0.22666666666666666
0.10897435897435898 0.22666666666666666
0.10828025477707007 0.22666666666666666
0.10759493670886076 0.22666666666666666
0.1069182389937107 0.22666666666666666
0.1125 0.24
0.11180124223602485 0.24
0.1111111111111111 0.24
0.1165644171779141 0.25333333333333335
0.11585365853658537 0.25333333333333335
0.11515151515151516 0.25333333333333335
0.1144578313253012 0.25333333333333335
0.11377245508982035 0.25333333333333335
0.1130952380952381 0.25333333333333335
0.11242603550295859 0.25333333333333335
0.11176470588235295 0.25333333333333335
0.1111111111111111 0.25333333333333335
0.11046511627906977 0.25333333333333335
0.10982658959537572 0.25333333333333335
0.10919540229885058 0.25333333333333335
0.10857142857142857 0.25333333333333335
0.10795454545454546 0.25333333333333335
0.10734463276836158 0.25333333333333335
0.10674157303370786 0.25333333333333335
0.10614525139664804 0.25333333333333335
0.10555555555555556 0.25333333333333335
0.10497237569060773 0.25333333333333335
0.1043956043956044 0.25333333333333335
0.10382513661202186 0.25333333333333335
0.10326086956521739 0.25333333333333335
0.10270270270270271 0.25333333333333335
0.10215053763440861 0.25333333333333335
0.10160427807486631 0.25333333333333335
0.10106382978723404 0.25333333333333335
0.10052910052910052 0.25333333333333335
0.1 0.25333333333333335
0.09947643979057591 0.25333333333333335
0.09895833333333333 0.25333333333333335
0.09844559585492228 0.25333333333333335
0.0979381443298969 0.25333333333333335
0.09743589743589744 0.25333333333333335
0.09693877551020408 0.25333333333333335
0.09644670050761421 0.25333333333333335
0.10101010101010101 0.26666666666666666
0.10050251256281408 0.26666666666666666
0.105 0.28
0.10945273631840796 0.29333333333333333
0.11386138613861387 0.30666666666666664
0.11330049261083744 0.30666666666666664
0.11274509803921569 0.30666666666666664
0.11219512195121951 0.30666666666666664
0.11165048543689321 0.30666666666666664
0.1111111111111111 0.30666666666666664
0.11057692307692307 0.30666666666666664
0.11004784688995216 0.30666666666666664
0.10952380952380952 0.30666666666666664
0.10900473933649289 0.30666666666666664
0.10849056603773585 0.30666666666666664
0.107981220657277 0.30666666666666664
0.10747663551401869 0.30666666666666664
0.10697674418604651 0.30666666666666664
0.10648148148148148 0.30666666666666664
0.10599078341013825 0.30666666666666664
0.10550458715596331 0.30666666666666664
0.1050228310502283 0.30666666666666664
0.10454545454545454 0.30666666666666664
0.10407239819004525 0.30666666666666664
0.1036036036036036 0.30666666666666664
0.1031390134529148 0.30666666666666664
0.10267857142857142 0.30666666666666664
0.10222222222222223 0.30666666666666664
0.10176991150442478 0.30666666666666664
0.1013215859030837 0.30666666666666664
0.10087719298245613 0.30666666666666664
0.10043668122270742 0.30666666666666664
0.1 0.30666666666666664
0.09956709956709957 0.30666666666666664
0.09913793103448276 0.30666666666666664
0.09871244635193133 0.30666666666666664
0.09829059829059829 0.30666666666666664
0.09787234042553192 0.30666666666666664
0.09745762711864407 0.30666666666666664
0.0970464135021097 0.30666666666666664
0.09663865546218488 0.30666666666666664
0.09623430962343096 0.30666666666666664
0.09583333333333334 0.30666666666666664
0.0954356846473029 0.30666666666666664
0.09504132231404959 0.30666666666666664
0.09465020576131687 0.30666666666666664
0.0942622950819672 0.30666666666666664
0.09387755102040816 0.30666666666666664
0.09349593495934959 0.30666666666666664
0.0931174089068826 0.30666666666666664
0.09274193548387097 0.30666666666666664
0.09236947791164658 0.30666666666666664
0.092 0.30666666666666664
0.09163346613545817 0.30666666666666664
0.09126984126984126 0.30666666666666664
0.09090909090909091 0.30666666666666664
0.09055118110236221 0.30666666666666664
0.09019607843137255 0.30666666666666664
0.08984375 0.30666666666666664
0.08949416342412451 0.30666666666666664
0.08914728682170543 0.30666666666666664
0.0888030888030888 0.30666666666666664
0.08846153846153847 0.30666666666666664
0.08812260536398467 0.30666666666666664
0.08778625954198473 0.30666666666666664
0.08745247148288973 0.30666666666666664
0.08712121212121213 0.30666666666666664
0.08679245283018867 0.30666666666666664
0.08646616541353383 0.30666666666666664
0.08614232209737828 0.30666666666666664
0.08582089552238806 0.30666666666666664
0.08550185873605948 0.30666666666666664
0.08518518518518518 0.30666666666666664
0.08487084870848709 0.30666666666666664
0.08455882352941177 0.30666666666666664
0.08424908424908426 0.30666666666666664
0.08394160583941605 0.30666666666666664
0.08363636363636363 0.30666666666666664
0.08333333333333333 0.30666666666666664
0.08303249097472924 0.30666666666666664
0.08273381294964029 0.30666666666666664
0.08243727598566308 0.30666666666666664
0.08214285714285714 0.30666666666666664
0.08185053380782918 0.30666666666666664
0.08156028368794327 0.30666666666666664
0.0812720848056537 0.30666666666666664
0.08098591549295775 0.30666666666666664
0.08070175438596491 0.30666666666666664
0.08041958041958042 0.30666666666666664
0.08013937282229965 0.30666666666666664
0.0798611111111111 0.30666666666666664
0.07958477508650519 0.30666666666666664
0.07931034482758621 0.30666666666666664
0.07903780068728522 0.30666666666666664
0.07876712328767123 0.30666666666666664
0.07849829351535836 0.30666666666666664
0.0782312925170068 0.30666666666666664
0.07796610169491526 0.30666666666666664
0.0777027027027027 0.30666666666666664
0.07744107744107744 0.30666666666666664
0.07718120805369127 0.30666666666666664
0.07692307692307693 0.30666666666666664
0.07666666666666666 0.30666666666666664
0.07641196013289037 0.30666666666666664
0.076158940397351 0.30666666666666664
0.07590759075907591 0.30666666666666664
0.0756578947368421 0.30666666666666664
0.07540983606557378 0.30666666666666664
0.07516339869281045 0.30666666666666664
0.0749185667752443 0.30666666666666664
0.07467532467532467 0.30666666666666664
0.0744336569579288 0.30666666666666664
0.07419354838709677 0.30666666666666664
0.07395498392282958 0.30666666666666664
0.07371794871794872 0.30666666666666664
0.07348242811501597 0.30666666666666664
0.0732484076433121 0.30666666666666664
0.07301587301587302 0.30666666666666664
0.07278481012658228 0.30666666666666664
0.07255520504731862 0.30666666666666664
0.07232704402515723 0.30666666666666664
0.07210031347962383 0.30666666666666664
0.071875 0.30666666666666664
0.07165109034267912 0.30666666666666664
0.07142857142857142 0.30666666666666664
0.07120743034055728 0.30666666666666664
0.07098765432098765 0.30666666666666664
0.07076923076923076 0.30666666666666664
0.0705521472392638 0.30666666666666664
0.07033639143730887 0.30666666666666664
0.0701219512195122 0.30666666666666664
0.06990881458966565 0.30666666666666664
0.0696969696969697 0.30666666666666664
0.06948640483383686 0.30666666666666664
0.06927710843373494 0.30666666666666664
0.06906906906906907 0.30666666666666664
0.0688622754491018 0.30666666666666664
0.06865671641791045 0.30666666666666664
0.06845238095238096 0.30666666666666664
0.06824925816023739 0.30666666666666664
0.06804733727810651 0.30666666666666664
0.06784660766961652 0.30666666666666664
0.06764705882352941 0.30666666666666664
0.06744868035190615 0.30666666666666664
0.06725146198830409 0.30666666666666664
0.06705539358600583 0.30666666666666664
0.06686046511627906 0.30666666666666664
0.06666666666666667 0.30666666666666664
0.06647398843930635 0.30666666666666664
0.06628242074927954 0.30666666666666664
0.06609195402298851 0.30666666666666664
0.0659025787965616 0.30666666666666664
0.06571428571428571 0.30666666666666664
0.06552706552706553 0.30666666666666664
0.06534090909090909 0.30666666666666664
0.06515580736543909 0.30666666666666664
0.06497175141242938 0.30666666666666664
0.0647887323943662 0.30666666666666664
0.06460674157303371 0.30666666666666664
0.06442577030812324 0.30666666666666664
0.06424581005586592 0.30666666666666664
0.06406685236768803 0.30666666666666664
0.06388888888888888 0.30666666666666664
0.06371191135734072 0.30666666666666664
0.06353591160220995 0.30666666666666664
0.06336088154269973 0.30666666666666664
0.06318681318681318 0.30666666666666664
0.06301369863013699 0.30666666666666664
0.06284153005464481 0.30666666666666664
0.06267029972752043 0.30666666666666664
0.0625 0.30666666666666664
0.06233062330623306 0.30666666666666664
0.062162162162162166 0.30666666666666664
0.06199460916442048 0.30666666666666664
0.06182795698924731 0.30666666666666664
0.06166219839142091 0.30666666666666664
0.06149732620320856 0.30666666666666664
0.06133333333333333 0.30666666666666664
0.061170212765957445 0.30666666666666664
0.0610079575596817 0.30666666666666664
0.06084656084656084 0.30666666666666664
0.06068601583113457 0.30666666666666664
0.060526315789473685 0.30666666666666664
0.06036745406824147 0.30666666666666664
0.060209424083769635 0.30666666666666664
0.06005221932114883 0.30666666666666664
0.059895833333333336 0.30666666666666664
0.05974025974025974 0.30666666666666664
0.05958549222797927 0.30666666666666664
0.059431524547803614 0.30666666666666664
0.059278350515463915 0.30666666666666664
0.05912596401028278 0.30666666666666664
0.05897435897435897 0.30666666666666664
0.058823529411764705 0.30666666666666664
0.058673469387755105 0.30666666666666664
0.058524173027989825 0.30666666666666664
0.0583756345177665 0.30666666666666664
0.05822784810126582 0.30666666666666664
0.05808080808080808 0.30666666666666664
0.05793450881612091 0.30666666666666664
0.05778894472361809 0.30666666666666664
0.05764411027568922 0.30666666666666664
0.0575 0.30666666666666664
0.057356608478802994 0.30666666666666664
0.05721393034825871 0.30666666666666664
0.05707196029776675 0.30666666666666664
0.05693069306930693 0.30666666666666664
0.056790123456790124 0.30666666666666664
0.05665024630541872 0.30666666666666664
0.056511056511056514 0.30666666666666664
0.056372549019607844 0.30666666666666664
0.05623471882640587 0.30666666666666664
0.05609756097560976 0.30666666666666664
0.05596107055961071 0.30666666666666664
0.055825242718446605 0.30666666666666664
0.05569007263922518 0.30666666666666664
0.05555555555555555 0.30666666666666664
0.05542168674698795 0.30666666666666664
0.055288461538461536 0.30666666666666664
0.05515587529976019 0.30666666666666664
0.05502392344497608 0.30666666666666664
0.05489260143198091 0.30666666666666664
0.05476190476190476 0.30666666666666664
0.05463182897862233 0.30666666666666664
0.054502369668246446 0.30666666666666664
0.054373522458628844 0.30666666666666664
0.054245283018867926 0.30666666666666664
0.05411764705882353 0.30666666666666664
0.0539906103286385 0.30666666666666664
0.053864168618266976 0.30666666666666664
0.053738317757009345 0.30666666666666664
0.053613053613053616 0.30666666666666664
0.053488372093023255 0.30666666666666664
0.05336426914153132 0.30666666666666664
0.05324074074074074 0.30666666666666664
0.053117782909930716 0.30666666666666664
0.052995391705069124 0.30666666666666664
0.052873563218390804 0.30666666666666664
0.052752293577981654 0.30666666666666664
0.05263157894736842 0.30666666666666664
0.05251141552511415 0.30666666666666664
0.05239179954441914 0.30666666666666664
0.05227272727272727 0.30666666666666664
0.05215419501133787 0.30666666666666664
0.05203619909502263 0.30666666666666664
0.05191873589164785 0.30666666666666664
0.0518018018018018 0.30666666666666664
0.051685393258426963 0.30666666666666664
0.0515695067264574 0.30666666666666664
0.05145413870246085 0.30666666666666664
0.05133928571428571 0.30666666666666664
0.051224944320712694 0.30666666666666664
0.051111111111111114 0.30666666666666664
0.050997782705099776 0.30666666666666664
0.05088495575221239 0.30666666666666664
0.05077262693156733 0.30666666666666664
0.05066079295154185 0.30666666666666664
0.05054945054945055 0.30666666666666664
0.05043859649122807 0.30666666666666664
0.05032822757111598 0.30666666666666664
0.05021834061135371 0.30666666666666664
0.05010893246187364 0.30666666666666664
0.05 0.30666666666666664
0.049891540130151846 0.30666666666666664
0.049783549783549784 0.30666666666666664
0.04967602591792657 0.30666666666666664
0.04956896551724138 0.30666666666666664
0.04946236559139785 0.30666666666666664
0.04935622317596566 0.30666666666666664
0.04925053533190578 0.30666666666666664
0.049145299145299144 0.30666666666666664
0.04904051172707889 0.30666666666666664
0.04893617021276596 0.30666666666666664
0.04883227176220807 0.30666666666666664
0.048728813559322036 0.30666666666666664
0.048625792811839326 0.30666666666666664
0.04852320675105485 0.30666666666666664
0.04842105263157895 0.30666666666666664
0.04831932773109244 0.30666666666666664
0.04821802935010482 0.30666666666666664
0.04811715481171548 0.30666666666666664
0.04801670146137787 0.30666666666666664
0.04791666666666667 0.30666666666666664
0.04781704781704782 0.30666666666666664
0.04771784232365145 0.30666666666666664
0.047619047619047616 0.30666666666666664
0.047520661157024795 0.30666666666666664
0.04742268041237113 0.30666666666666664
0.047325102880658436 0.30666666666666664
0.04722792607802875 0.30666666666666664
0.0471311475409836 0.30666666666666664
0.04703476482617587 0.30666666666666664
0.04693877551020408 0.30666666666666664
0.04684317718940937 0.30666666666666664
0.046747967479674794 0.30666666666666664
0.04665314401622718 0.30666666666666664
0.0465587044534413 0.30666666666666664
0.046464646464646465 0.30666666666666664
0.046370967741935484 0.30666666666666664
0.04627766599597585 0.30666666666666664
0.04618473895582329 0.30666666666666664
0.04609218436873747 0.30666666666666664
0.046 0.30666666666666664
0.04590818363273453 0.30666666666666664
0.045816733067729085 0.30666666666666664
0.04572564612326044 0.30666666666666664
0.04563492063492063 0.30666666666666664
0.04554455445544554 0.30666666666666664
0.045454545454545456 0.30666666666666664
0.045364891518737675 0.30666666666666664
0.045275590551181105 0.30666666666666664
0.04518664047151277 0.30666666666666664
0.045098039215686274 0.30666666666666664
0.04500978473581213 0.30666666666666664
0.044921875 0.30666666666666664
0.04483430799220273 0.30666666666666664
0.04474708171206226 0.30666666666666664
0.04466019417475728 0.30666666666666664
0.044573643410852716 0.30666666666666664
0.04448742746615087 0.30666666666666664
0.0444015444015444 0.30666666666666664
0.04431599229287091 0.30666666666666664
0.04423076923076923 0.30666666666666664
0.044145873320537425 0.30666666666666664
0.044061302681992334 0.30666666666666664
0.04397705544933078 0.30666666666666664
0.04389312977099236 0.30666666666666664
0.04380952380952381 0.30666666666666664
0.043726235741444866 0.30666666666666664
0.04364326375711575 0.30666666666666664
0.043560606060606064 0.30666666666666664
0.043478260869565216 0.30666666666666664
0.04339622641509434 0.30666666666666664
0.04331450094161959 0.30666666666666664
0.043233082706766915 0.30666666666666664
0.043151969981238276 0.30666666666666664
0.04307116104868914 0.30666666666666664
0.04299065420560748 0.30666666666666664
0.04291044776119403 0.30666666666666664
0.04283054003724395 0.30666666666666664
0.04275092936802974 0.30666666666666664
0.04267161410018553 0.30666666666666664
0.04259259259259259 0.30666666666666664
0.04251386321626617 0.30666666666666664
0.042435424354243544 0.30666666666666664
0.0423572744014733 0.30666666666666664
0.042279411764705885 0.30666666666666664
0.04220183486238532 0.30666666666666664
0.04212454212454213 0.30666666666666664
0.04204753199268738 0.30666666666666664
0.041970802919708027 0.30666666666666664
0.04189435336976321 0.30666666666666664
0.04181818181818182 0.30666666666666664
0.041742286751361164 0.30666666666666664
0.041666666666666664 0.30666666666666664
0.04159132007233273 0.30666666666666664
0.04151624548736462 0.30666666666666664
0.04144144144144144 0.30666666666666664
0.04136690647482014 0.30666666666666664
0.04129263913824058 0.30666666666666664
0.04121863799283154 0.30666666666666664
0.04114490161001789 0.30666666666666664
0.04107142857142857 0.30666666666666664
0.040998217468805706 0.30666666666666664
0.04092526690391459 0.30666666666666664
0.04085257548845471 0.30666666666666664
0.040780141843971635 0.30666666666666664
0.04070796460176991 0.30666666666666664
0.04063604240282685 0.30666666666666664
0.04056437389770723 0.30666666666666664
0.040492957746478875 0.30666666666666664
0.040421792618629174 0.30666666666666664
0.04035087719298246 0.30666666666666664
0.040280210157618214 0.30666666666666664
0.04020979020979021 0.30666666666666664
0.04013961605584642 0.30666666666666664
0.04006968641114982 0.30666666666666664
0.04 0.30666666666666664
0.03993055555555555 0.30666666666666664
0.03986135181975736 0.30666666666666664
0.039792387543252594 0.30666666666666664
0.039723661485319514 0.30666666666666664
0.039655172413793106 0.30666666666666664
0.039586919104991396 0.30666666666666664
0.03951890034364261 0.30666666666666664
0.03945111492281304 0.30666666666666664
0.039383561643835614 0.30666666666666664
0.039316239316239315 0.30666666666666664
0.03924914675767918 0.30666666666666664
0.039182282793867124 0.30666666666666664
0.0391156462585034 0.30666666666666664
0.03904923599320883 0.30666666666666664
0.03898305084745763 0.30666666666666664
0.038917089678511 0.30666666666666664
0.03885135135135135 0.30666666666666664
0.0387858347386172 0.30666666666666664
0.03872053872053872 0.30666666666666664
0.03865546218487395 0.30666666666666664
0.03859060402684564 0.30666666666666664
0.038525963149078725 0.30666666666666664
0.038461538461538464 0.30666666666666664
0.038397328881469114 0.30666666666666664
0.03833333333333333 0.30666666666666664
0.03826955074875208 0.30666666666666664
0.03820598006644518 0.30666666666666664
0.03814262023217247 0.30666666666666664
0.0380794701986755 0.30666666666666664
0.03801652892561983 0.30666666666666664
0.037953795379537955 0.30666666666666664
0.03789126853377265 0.30666666666666664
0.03782894736842105 0.30666666666666664
0.03776683087027915 0.30666666666666664
0.03770491803278689 0.30666666666666664
0.03764320785597381 0.30666666666666664
0.03758169934640523 0.30666666666666664
0.037520391517128875 0.30666666666666664
0.03745928338762215 0.30666666666666664
0.03739837398373984 0.30666666666666664
0.037337662337662336 0.30666666666666664
0.03727714748784441 0.30666666666666664
0.0372168284789644 0.30666666666666664
0.03715670436187399 0.30666666666666664
0.037096774193548385 0.30666666666666664
0.037037037037037035 0.30666666666666664
0.03697749196141479 0.30666666666666664
0.03691813804173355 0.30666666666666664
0.03685897435897436 0.30666666666666664
0.0368 0.30666666666666664
0.036741214057507986 0.30666666666666664
0.03668261562998405 0.30666666666666664
0.03662420382165605 0.30666666666666664
0.03656597774244833 0.30666666666666664
0.03650793650793651 0.30666666666666664
0.03645007923930269 0.30666666666666664
0.03639240506329114 0.30666666666666664
0.036334913112164295 0.30666666666666664
0.03627760252365931 0.30666666666666664
0.03622047244094488 0.30666666666666664
0.036163522012578615 0.30666666666666664
0.03610675039246468 0.30666666666666664
0.03605015673981191 0.30666666666666664
0.03599374021909233 0.30666666666666664
0.0359375 0.30666666666666664
0.0358814352574103 0.30666666666666664
0.03582554517133956 0.30666666666666664
0.03576982892690513 0.30666666666666664
0.03571428571428571 0.30666666666666664
0.03565891472868217 0.30666666666666664
0.03560371517027864 0.30666666666666664
0.03554868624420402 0.30666666666666664
0.035493827160493825 0.30666666666666664
0.03543913713405239 0.30666666666666664
0.03538461538461538 0.30666666666666664
0.03533026113671275 0.30666666666666664
0.0352760736196319 0.30666666666666664
0.03522205206738132 0.30666666666666664
0.035168195718654434 0.30666666666666664
0.035114503816793895 0.30666666666666664
0.0350609756097561 0.30666666666666664
0.0350076103500761 0.30666666666666664
0.034954407294832825 0.30666666666666664
0.03490136570561457 0.30666666666666664
0.03484848484848485 0.30666666666666664
0.03479576399394856 0.30666666666666664
0.03474320241691843 0.30666666666666664
0.03469079939668175 0.30666666666666664
0.03463855421686747 0.30666666666666664
0.03458646616541353 0.30666666666666664
0.03453453453453453 0.30666666666666664
0.034482758620689655 0.30666666666666664
0.0344311377245509 0.30666666666666664
0.0343796711509716 0.30666666666666664
0.034328358208955224 0.30666666666666664
0.03427719821162444 0.30666666666666664
0.03422619047619048 0.30666666666666664
0.03417533432392273 0.30666666666666664
0.03412462908011869 0.30666666666666664
0.034074074074074076 0.30666666666666664
0.034023668639053255 0.30666666666666664
0.033973412112259974 0.30666666666666664
0.03392330383480826 0.30666666666666664
0.033873343151693665 0.30666666666666664
0.033823529411764704 0.30666666666666664
0.033773861967694566 0.30666666666666664
0.03372434017595308 0.30666666666666664
0.03367496339677892 0.30666666666666664
0.033625730994152045 0.30666666666666664
0.033576642335766425 0.30666666666666664
0.033527696793002916 0.30666666666666664
0.033478893740902474 0.30666666666666664
0.03343023255813953 0.30666666666666664
0.033381712626995644 0.30666666666666664
0.03333333333333333 0.30666666666666664
0.03328509406657019 0.30666666666666664
0.033236994219653176 0.30666666666666664
0.03318903318903319 0.30666666666666664
0.03314121037463977 0.30666666666666664
0.033093525179856115 0.30666666666666664
0.033045977011494254 0.30666666666666664
0.03299856527977044 0.30666666666666664
0.0329512893982808 0.30666666666666664
0.032904148783977114 0.30666666666666664
0.032857142857142856 0.30666666666666664
0.03281027104136947 0.30666666666666664
0.03276353276353276 0.30666666666666664
0.032716927453769556 0.30666666666666664
0.032670454545454544 0.30666666666666664
0.032624113475177303 0.30666666666666664
0.032577903682719546 0.30666666666666664
0.03253182461103253 0.30666666666666664
0.03248587570621469 0.30666666666666664
0.03244005641748942 0.30666666666666664
0.0323943661971831 0.30666666666666664
0.03234880450070324 0.30666666666666664
0.032303370786516857 0.30666666666666664
0.03225806451612903 0.30666666666666664
0.03221288515406162 0.30666666666666664
0.032167832167832165 0.30666666666666664
0.0335195530726257 0.32
0.03347280334728033 0.32
0.033426183844011144 0.32
0.03337969401947149 0.32
0.03333333333333333 0.32
0.033287101248266296 0.32
0.0332409972299169 0.32
0.03319502074688797 0.32
0.03314917127071823 0.32
0.034482758620689655 0.3333333333333333
0.03443526170798898 0.3333333333333333
0.0343878954607978 0.3333333333333333
0.034340659340659344 0.3333333333333333
0.03429355281207133 0.3333333333333333
0.03424657534246575 0.3333333333333333
0.03419972640218878 0.3333333333333333
0.03415300546448088 0.3333333333333333
0.034106412005457026 0.3333333333333333
0.0340599455040872 0.3333333333333333
0.034013605442176874 0.3333333333333333
0.033967391304347824 0.3333333333333333
0.033921302578018994 0.3333333333333333
0.03387533875338753 0.3333333333333333
0.03382949932341001 0.3333333333333333
0.033783783783783786 0.3333333333333333
0.033738191632928474 0.3333333333333333
0.03369272237196765 0.3333333333333333
0.033647375504710635 0.3333333333333333
0.033602150537634407 0.3333333333333333
0.03355704697986577 0.3333333333333333
0.03351206434316354 0.3333333333333333
0.03346720214190094 0.3333333333333333
0.03342245989304813 0.3333333333333333
0.03337783711615487 0.3333333333333333
0.03333333333333333 0.3333333333333333
0.033288948069241014 0.3333333333333333
0.03324468085106383 0.3333333333333333
0.033200531208499334 0.3333333333333333
0.033156498673740056 0.3333333333333333
0.033112582781456956 0.3333333333333333
0.03306878306878307 0.3333333333333333
0.03302509907529723 0.3333333333333333
0.032981530343007916 0.3333333333333333
0.03293807641633729 0.3333333333333333
0.03289473684210526 0.3333333333333333
0.0328515111695138 0.3333333333333333
0.03280839895013123 0.3333333333333333
0.0327653997378768 0.3333333333333333
0.032722513089005235 0.3333333333333333
0.032679738562091505 0.3333333333333333
0.03263707571801567 0.3333333333333333
0.03259452411994785 0.3333333333333333
0.032552083333333336 0.3333333333333333
0.032509752925877766 0.3333333333333333
0.032467532467532464 0.3333333333333333
0.0324254215304799 0.3333333333333333
0.03238341968911917 0.3333333333333333
0.03234152652005175 0.3333333333333333
0.03229974160206718 0.3333333333333333
0.03225806451612903 0.3333333333333333
0.03221649484536082 0.3333333333333333
0.032175032175032175 0.3333333333333333
0.032133676092544985 0.3333333333333333
0.03209242618741977 0.3333333333333333
0.03205128205128205 0.3333333333333333
0.03201024327784891 0.3333333333333333
0.0319693094629156 0.3333333333333333
0.031928480204342274 0.3333333333333333
0.03188775510204082 0.3333333333333333
0.03184713375796178 0.3333333333333333
0.031806615776081425 0.3333333333333333
0.03176620076238882 0.3333333333333333
0.031725888324873094 0.3333333333333333
0.031685678073510776 0.3333333333333333
0.03164556962025317 0.3333333333333333
0.0316055625790139 0.3333333333333333
0.03156565656565657 0.3333333333333333
0.031525851197982346 0.3333333333333333
0.031486146095717885 0.3333333333333333
0.031446540880503145 0.3333333333333333
0.031407035175879394 0.3333333333333333
0.03136762860727729 0.3333333333333333
0.03132832080200501 0.3333333333333333
0.03128911138923655 0.3333333333333333
0.03125 0.3333333333333333
0.031210986267166042 0.3333333333333333
0.03117206982543641 0.3333333333333333
0.031133250311332503 0.3333333333333333
0.03109452736318408 0.3333333333333333
0.031055900621118012 0.3333333333333333
0.031017369727047148 0.3333333333333333
0.030978934324659233 0.3333333333333333
0.03094059405940594 0.3333333333333333
0.030902348578491966 0.3333333333333333
0.030864197530864196 0.3333333333333333
0.030826140567200986 0.3333333333333333
0.03078817733990148 0.3333333333333333
0.03075030750307503 0.3333333333333333
0.030712530712530713 0.3333333333333333
0.03067484662576687 0.3333333333333333
0.030637254901960783 0.3333333333333333
0.030599755201958383 0.3333333333333333
0.030562347188264057 0.3333333333333333
0.030525030525030524 0.3333333333333333
0.03048780487804878 0.3333333333333333
0.030450669914738125 0.3333333333333333
0.030413625304136254 0.3333333333333333
0.030376670716889428 0.3333333333333333
0.03033980582524272 0.3333333333333333
0.030303030303030304 0.3333333333333333
0.03026634382566586 0.3333333333333333
0.030229746070133012 0.3333333333333333
0.030193236714975844 0.3333333333333333
0.030156815440289506 0.3333333333333333
0.030120481927710843 0.3333333333333333
0.030084235860409144 0.3333333333333333
0.030048076923076924 0.3333333333333333
0.030012004801920768 0.3333333333333333
0.02997601918465228 0.3333333333333333
0.029940119760479042 0.3333333333333333
0.029904306220095694 0.3333333333333333
0.02986857825567503 0.3333333333333333
0.029832935560859187 0.3333333333333333
0.029797377830750895 0.3333333333333333
0.02976190476190476 0.3333333333333333
0.029726516052318668 0.3333333333333333
0.029691211401425176 0.3333333333333333
0.02965599051008304 0.3333333333333333
0.02962085308056872 0.3333333333333333
0.029585798816568046 0.3333333333333333
0.02955082742316785 0.3333333333333333
0.0295159386068477 0.3333333333333333
0.0294811320754717 0.3333333333333333
0.02944640753828033 0.3333333333333333
0.029411764705882353 0.3333333333333333
0.02937720329024677 0.3333333333333333
0.029342723004694836 0.3333333333333333
0.029308323563892145 0.3333333333333333
0.02927400468384075 0.3333333333333333
0.029239766081871343 0.3333333333333333
0.029205607476635514 0.3333333333333333
0.029171528588098017 0.3333333333333333
0.029137529137529136 0.3333333333333333
0.02910360884749709 0.3333333333333333
0.029069767441860465 0.3333333333333333
0.029036004645760744 0.3333333333333333
0.029002320185614848 0.3333333333333333
0.028968713789107765 0.3333333333333333
0.028935185185185185 0.3333333333333333
0.028901734104046242 0.3333333333333333
0.028868360277136258 0.3333333333333333
0.02883506343713956 0.3333333333333333
0.02880184331797235 0.3333333333333333
0.028768699654775604 0.3333333333333333
0.028735632183908046 0.3333333333333333
0.02870264064293915 0.3333333333333333
0.028669724770642203 0.3333333333333333
0.0286368843069874 0.3333333333333333
0.028604118993135013 0.3333333333333333
0.02857142857142857 0.3333333333333333
0.028538812785388126 0.3333333333333333
0.028506271379703536 0.3333333333333333
0.02847380410022779 0.3333333333333333
0.02844141069397042 0.3333333333333333
0.028409090909090908 0.3333333333333333
0.028376844494892167 0.3333333333333333
0.02834467120181406 0.3333333333333333
0.028312570781426953 0.3333333333333333
0.02828054298642534 0.3333333333333333
0.02824858757062147 0.3333333333333333
0.028216704288939052 0.3333333333333333
0.02818489289740699 0.3333333333333333
0.028153153153153154 0.3333333333333333
0.0281214848143982 0.3333333333333333
0.028089887640449437 0.3333333333333333
0.028058361391694726 0.3333333333333333
0.028026905829596414 0.3333333333333333
0.027995520716685332 0.3333333333333333
0.02796420581655481 0.3333333333333333
0.027932960893854747 0.3333333333333333
0.027901785714285716 0.3333333333333333
0.027870680044593088 0.3333333333333333
0.02783964365256125 0.3333333333333333
0.027808676307007785 0.3333333333333333
0.027777777777777776 0.3333333333333333
0.02774694783573807 0.3333333333333333
0.02771618625277162 0.3333333333333333
0.02768549280177187 0.3333333333333333
0.02765486725663717 0.3333333333333333
0.027624309392265192 0.3333333333333333
0.02759381898454746 0.3333333333333333
0.027563395810363836 0.3333333333333333
0.02753303964757709 0.3333333333333333
0.027502750275027504 0.3333333333333333
0.027472527472527472 0.3333333333333333
0.027442371020856202 0.3333333333333333
0.027412280701754384 0.3333333333333333
0.027382256297918947 0.3333333333333333
0.02735229759299781 0.3333333333333333
0.0273224043715847 0.3333333333333333
0.027292576419213975 0.3333333333333333
0.027262813522355506 0.3333333333333333
0.027233115468409588 0.3333333333333333
0.02720348204570185 0.3333333333333333
0.02717391304347826 0.3333333333333333
0.02714440825190011 0.3333333333333333
0.027114967462039046 0.3333333333333333
0.027085590465872156 0.3333333333333333
0.027056277056277056 0.3333333333333333
0.02702702702702703 0.3333333333333333
0.026997840172786176 0.3333333333333333
0.02696871628910464 0.3333333333333333
0.02693965517241379 0.3333333333333333
0.02691065662002153 0.3333333333333333
0.026881720430107527 0.3333333333333333
0.02685284640171858 0.3333333333333333
0.02682403433476395 0.3333333333333333
0.02679528403001072 0.3333333333333333
0.02676659528907923 0.3333333333333333
0.026737967914438502 0.3333333333333333
0.026709401709401708 0.3333333333333333
0.026680896478121666 0.3333333333333333
0.026652452025586353 0.3333333333333333
0.026624068157614485 0.3333333333333333
0.026595744680851064 0.3333333333333333
0.026567481402763018 0.3333333333333333
0.02653927813163482 0.3333333333333333
0.026511134676564158 0.3333333333333333
0.026483050847457626 0.3333333333333333
0.026455026455026454 0.3333333333333333
0.026427061310782242 0.3333333333333333
0.026399155227032733 0.3333333333333333
0.026371308016877638 0.3333333333333333
0.026343519494204427 0.3333333333333333
0.02631578947368421 0.3333333333333333
0.026288117770767613 0.3333333333333333
0.026260504201680673 0.3333333333333333
0.026232948583420776 0.3333333333333333
0.02620545073375262 0.3333333333333333
0.02617801047120419 0.3333333333333333
0.02615062761506276 0.3333333333333333
0.02612330198537095 0.3333333333333333
0.026096033402922755 0.3333333333333333
0.026068821689259645 0.3333333333333333
0.026041666666666668 0.3333333333333333
0.026014568158168574 0.3333333333333333
0.02598752598752599 0.3333333333333333
0.02596053997923157 0.3333333333333333
0.025933609958506226 0.3333333333333333
0.025906735751295335 0.3333333333333333
0.025879917184265012 0.3333333333333333
0.025853154084798345 0.3333333333333333
0.025826446280991736 0.3333333333333333
0.025799793601651185 0.3333333333333333
0.02577319587628866 0.3333333333333333
0.025746652935118436 0.3333333333333333
0.0257201646090535 0.3333333333333333
0.025693730729701953 0.3333333333333333
0.02566735112936345 0.3333333333333333
0.02564102564102564 0.3333333333333333
0.025614754098360656 0.3333333333333333
0.0255885363357216 0.3333333333333333
0.02556237218813906 0.3333333333333333
0.02553626149131767 0.3333333333333333
0.025510204081632654 0.3333333333333333
0.0254841997961264 0.3333333333333333
0.025458248472505093 0.3333333333333333
0.0254323499491353 0.3333333333333333
0.02540650406504065 0.3333333333333333
0.025380710659898477 0.3333333333333333
0.02535496957403651 0.3333333333333333
0.025329280648429583 0.3333333333333333
0.025303643724696356 0.3333333333333333
0.025278058645096056 0.3333333333333333
0.025252525252525252 0.3333333333333333
0.025227043390514632 0.3333333333333333
0.025201612903225805 0.3333333333333333
0.025176233635448138 0.3333333333333333
0.025150905432595575 0.3333333333333333
0.02512562814070352 0.3333333333333333
0.025100401606425703 0.3333333333333333
0.025075225677031094 0.3333333333333333
0.025050100200400802 0.3333333333333333
0.025025025025025027 0.3333333333333333
0.025 0.3333333333333333
0.024975024975024976 0.3333333333333333
0.0249500998003992 0.3333333333333333
0.024925224327018942 0.3333333333333333
0.0249003984063745 0.3333333333333333
0.024875621890547265 0.3333333333333333
0.02485089463220676 0.3333333333333333
0.024826216484607744 0.3333333333333333
0.0248015873015873 0.3333333333333333
0.024777006937561942 0.3333333333333333
0.024752475247524754 0.3333333333333333
0.024727992087042534 0.3333333333333333
0.024703557312252964 0.3333333333333333
0.024679170779861797 0.3333333333333333
0.02465483234714004 0.3333333333333333
0.024630541871921183 0.3333333333333333
0.024606299212598427 0.3333333333333333
0.024582104228121928 0.3333333333333333
0.02455795677799607 0.3333333333333333
0.02453385672227674 0.3333333333333333
0.024509803921568627 0.3333333333333333
0.024485798237022526 0.3333333333333333
0.02446183953033268 0.3333333333333333
0.024437927663734114 0.3333333333333333
0.0244140625 0.3333333333333333
0.024390243902439025 0.3333333333333333
0.024366471734892786 0.3333333333333333
0.024342745861733205 0.3333333333333333
0.024319066147859923 0.3333333333333333
0.024295432458697766 0.3333333333333333
0.024271844660194174 0.3333333333333333
0.02424830261881668 0.3333333333333333
0.02422480620155039 0.3333333333333333
0.02420135527589545 0.3333333333333333
0.024177949709864602 0.3333333333333333
0.024154589371980676 0.3333333333333333
0.02413127413127413 0.3333333333333333
0.024108003857280617 0.3333333333333333
0.024084778420038536 0.3333333333333333
0.02406159769008662 0.3333333333333333
0.02403846153846154 0.3333333333333333
0.024015369836695485 0.3333333333333333
0.02399232245681382 0.3333333333333333
0.023969319271332695 0.3333333333333333
0.023946360153256706 0.3333333333333333
0.023923444976076555 0.3333333333333333
0.02390057361376673 0.3333333333333333
0.02387774594078319 0.3333333333333333
0.02385496183206107 0.3333333333333333
0.023832221163012392 0.3333333333333333
0.023809523809523808 0.3333333333333333
0.023786869647954328 0.3333333333333333
0.02376425855513308 0.3333333333333333
0.023741690408357077 0.3333333333333333
0.023719165085388995 0.3333333333333333
0.023696682464454975 0.3333333333333333
0.023674242424242424 0.3333333333333333
0.023651844843897825 0.3333333333333333
0.023629489603024575 0.3333333333333333
0.023607176581680833 0.3333333333333333
0.02358490566037736 0.3333333333333333
0.0235626767200754 0.3333333333333333
0.023540489642184557 0.3333333333333333
0.023518344308560677 0.3333333333333333
0.023496240601503758 0.3333333333333333
0.023474178403755867 0.3333333333333333
0.02345215759849906 0.3333333333333333
0.023430178069353328 0.3333333333333333
0.023408239700374533 0.3333333333333333
0.023386342376052385 0.3333333333333333
0.02336448598130841 0.3333333333333333
0.02334267040149393 0.3333333333333333
0.02332089552238806 0.3333333333333333
0.023299161230195712 0.3333333333333333
0.023277467411545624 0.3333333333333333
0.023255813953488372 0.3333333333333333
0.023234200743494422 0.3333333333333333
0.02321262766945218 0.3333333333333333
0.023191094619666047 0.3333333333333333
0.023169601482854494 0.3333333333333333
0.023148148148148147 0.3333333333333333
0.02312673450508788 0.3333333333333333
0.02310536044362292 0.3333333333333333
0.023084025854108958 0.3333333333333333
0.023062730627306273 0.3333333333333333
0.02304147465437788 0.3333333333333333
0.02302025782688766 0.3333333333333333
0.022999080036798528 0.3333333333333333
0.02297794117647059 0.3333333333333333
0.02295684113865932 0.3333333333333333
0.022935779816513763 0.3333333333333333
0.022914757103574702 0.3333333333333333
0.022893772893772892 0.3333333333333333
0.022872827081427266 0.3333333333333333
0.02376599634369287 0.3466666666666667
0.023744292237442923 0.3466666666666667
0.023722627737226276 0.3466666666666667
0.023701002734731084 0.3466666666666667
0.023679417122040074 0.3466666666666667
0.023657870791628753 0.3466666666666667
0.023636363636363636 0.3466666666666667
0.023614895549500452 0.3466666666666667
0.023593466424682397 0.3466666666666667
0.02357207615593835 0.3466666666666667
0.02355072463768116 0.3466666666666667
0.023529411764705882 0.3466666666666667
0.023508137432188065 0.3466666666666667
0.023486901535682024 0.3466666666666667
0.023465703971119134 0.3466666666666667
0.023444544634806132 0.3466666666666667
0.023423423423423424 0.3466666666666667
0.023402340234023402 0.3466666666666667
0.023381294964028777 0.3466666666666667
0.02336028751123091 0.3466666666666667
0.02333931777378815 0.3466666666666667
0.023318385650224215 0.3466666666666667
0.023297491039426525 0.3466666666666667
0.023276633840644583 0.3466666666666667
0.023255813953488372 0.3466666666666667
0.02323503127792672 0.3466666666666667
0.023214285714285715 0.3466666666666667
0.0231935771632471 0.3466666666666667
0.023172905525846704 0.3466666666666667
0.02315227070347284 0.3466666666666667
0.023131672597864767 0.3466666666666667
0.02311111111111111 0.3466666666666667
0.023090586145648313 0.3466666666666667
0.023070097604259095 0.3466666666666667
0.02304964539007092 0.3466666666666667
0.023029229406554472 0.3466666666666667
0.023008849557522124 0.3466666666666667
0.022988505747126436 0.3466666666666667
0.022968197879858657 0.3466666666666667
0.02294792586054722 0.3466666666666667
0.02292768959435626 0.3466666666666667
0.02290748898678414 0.3466666666666667
0.022887323943661973 0.3466666666666667
0.022867194371152155 0.3466666666666667
0.022847100175746926 0.3466666666666667
0.0228270412642669 0.3466666666666667
0.02280701754385965 0.3466666666666667
0.022787028921998246 0.3466666666666667
0.02276707530647986 0.3466666666666667
0.022747156605424323 0.3466666666666667
0.022727272727272728 0.3466666666666667
0.022707423580786028 0.3466666666666667
0.02268760907504363 0.3466666666666667
0.022667829119442023 0.3466666666666667
0.02264808362369338 0.3466666666666667
0.022628372497824196 0.3466666666666667
0.022608695652173914 0.3466666666666667
0.022589052997393572 0.3466666666666667
0.022569444444444444 0.3466666666666667
0.022549869904596703 0.3466666666666667
0.022530329289428077 0.3466666666666667
0.022510822510822513 0.3466666666666667
0.02249134948096886 0.3466666666666667
0.02247191011235955 0.3466666666666667
0.022452504317789293 0.3466666666666667
0.022433132010353754 0.3466666666666667
0.022413793103448276 0.3466666666666667
0.02239448751076658 0.3466666666666667
0.022375215146299483 0.3466666666666667
0.02235597592433362 0.3466666666666667
0.022336769759450172 0.3466666666666667
0.022317596566523604 0.3466666666666667
0.022298456260720412 0.3466666666666667
0.022279348757497857 0.3466666666666667
0.02226027397260274 0.3466666666666667
0.022241231822070145 0.3466666666666667
0.022222222222222223 0.3466666666666667
0.02220324508966695 0.3466666666666667
0.02218430034129693 0.3466666666666667
0.02216538789428815 0.3466666666666667
0.022146507666098807 0.3466666666666667
0.022127659574468085 0.3466666666666667
0.022108843537414966 0.3466666666666667
0.022090059473237042 0.3466666666666667
0.022071307300509338 0.3466666666666667
0.02205258693808312 0.3466666666666667
0.022033898305084745 0.3466666666666667
0.02201524132091448 0.3466666666666667
0.021996615905245348 0.3466666666666667
0.02197802197802198 0.3466666666666667
0.02195945945945946 0.3466666666666667
0.021940928270042195 0.3466666666666667
0.021922428330522766 0.3466666666666667
0.02190395956192081 0.3466666666666667
0.021885521885521887 0.3466666666666667
0.021867115222876366 0.3466666666666667
0.021848739495798318 0.3466666666666667
0.0218303946263644 0.3466666666666667
0.02181208053691275 0.3466666666666667
0.02179379715004191 0.3466666666666667
0.021775544388609715 0.3466666666666667
0.021757322175732216 0.3466666666666667
0.021739130434782608 0.3466666666666667
0.02172096908939014 0.3466666666666667
0.021702838063439065 0.3466666666666667
0.021684737281067557 0.3466666666666667
0.021666666666666667 0.3466666666666667
0.02164862614487927 0.3466666666666667
0.021630615640599003 0.3466666666666667
0.021612635078969242 0.3466666666666667
0.02159468438538206 0.3466666666666667
0.021576763485477178 0.3466666666666667
0.02155887230514096 0.3466666666666667
0.021541010770505385 0.3466666666666667
0.02152317880794702 0.3466666666666667
0.021505376344086023 0.3466666666666667
0.021487603305785124 0.3466666666666667
0.021469859620148638 0.3466666666666667
0.02145214521452145 0.3466666666666667
0.021434460016488046 0.3466666666666667
0.0214168039538715 0.3466666666666667
0.022222222222222223 0.36
0.022203947368421052 0.36
0.02218570254724733 0.36
0.022167487684729065 0.36
0.022149302707136997 0.36
0.022131147540983605 0.36
0.022113022113022112 0.36
0.0220949263502455 0.36
0.022076860179885527 0.36
0.022058823529411766 0.36
0.022040816326530613 0.36
0.02202283849918434 0.36
0.022004889975550123 0.36
0.021986970684039087 0.36
0.021969080553295363 0.36
0.02195121951219512 0.36
0.021933387489845652 0.36
0.021915584415584416 0.36
0.021897810218978103 0.36
0.02188006482982172 0.36
0.02186234817813765 0.36
0.021844660194174758 0.36
0.021827000808407437 0.36
0.021809369951534735 0.36
0.021791767554479417 0.36
0.021774193548387097 0.36
0.021756647864625302 0.36
0.021739130434782608 0.36
0.02172164119066774 0.36
0.021704180064308683 0.36
0.021686746987951807 0.36
0.021669341894060994 0.36
0.02165196471531676 0.36
0.021634615384615384 0.36
0.021617293835068056 0.36
0.0216 0.36
0.02158273381294964 0.36
0.02156549520766773 0.36
0.02154828411811652 0.36
0.0215311004784689 0.36
0.02151394422310757 0.36
0.021496815286624203 0.36
0.021479713603818614 0.36
0.021462639109697933 0.36
0.021445591739475776 0.36
0.02142857142857143 0.36
0.02141157811260904 0.36
0.021394611727416798 0.36
0.021377672209026127 0.36
0.021360759493670885 0.36
0.021343873517786563 0.36
0.02132701421800948 0.36
0.021310181531176007 0.36
0.021293375394321766 0.36
0.02127659574468085 0.36
0.02125984251968504 0.36
0.021243115656963022 0.36
0.02122641509433962 0.36
0.021209740769835034 0.36
0.02119309262166405 0.36
0.021176470588235293 0.36
0.02115987460815047 0.36
0.021143304620203602 0.36
0.02112676056338028 0.36
0.02111024237685692 0.36
0.02109375 0.36
0.02107728337236534 0.36
0.02106084243369735 0.36
0.021044427123928292 0.36
0.02102803738317757 0.36
0.021011673151750974 0.36
0.020995334370139968 0.36
0.02097902097902098 0.36
0.02096273291925466 0.36
0.02094647013188518 0.36
0.020930232558139535 0.36
0.020914020139426802 0.36
0.02089783281733746 0.36
0.02088167053364269 0.36
0.020865533230293665 0.36
0.02084942084942085 0.36
0.020833333333333332 0.36
0.02081727062451812 0.36
0.020801232665639446 0.36
0.020785219399538105 0.36
0.02076923076923077 0.36
0.0207532667179093 0.36
0.020737327188940093 0.36
0.02072141212586339 0.36
0.020705521472392636 0.36
0.020689655172413793 0.36
0.020673813169984685 0.36
0.020657995409334353 0.36
0.020642201834862386 0.36
0.020626432391138275 0.36
0.020610687022900764 0.36
0.020594965675057208 0.36
0.020579268292682928 0.36
0.020563594821020565 0.36
0.02054794520547945 0.36
0.02053231939163498 0.36
0.020516717325227963 0.36
0.02050113895216401 0.36
0.0204855842185129 0.36
0.02047005307050796 0.36
0.020454545454545454 0.36
0.02043906131718395 0.36
0.02042360060514372 0.36
0.02040816326530612 0.36
0.02039274924471299 0.36
0.020377358490566037 0.36
0.020361990950226245 0.36
0.020346646571213264 0.36
0.02033132530120482 0.36
0.020316027088036117 0.36
0.02030075187969925 0.36
0.0202854996243426 0.36
0.02027027027027027 0.36
0.020255063765941484 0.36
0.020239880059970013 0.36
0.020224719101123594 0.36
0.020209580838323353 0.36
0.02019446522064323 0.36
0.020179372197309416 0.36
0.020164301717699777 0.36
0.020149253731343283 0.36
0.020134228187919462 0.36
0.020119225037257823 0.36
0.020104244229337303 0.36
0.020089285714285716 0.36
0.020074349442379184 0.36
0.020059435364041606 0.36
0.0200445434298441 0.36
0.020029673590504452 0.36
0.02001482579688658 0.36
0.02 0.36
0.01998519615099926 0.36
0.019970414201183433 0.36
0.019955654101995565 0.36
0.019940915805022157 0.36
0.01992619926199262 0.36
0.01991150442477876 0.36
0.01989683124539425 0.36
0.019882179675994108 0.36
0.019867549668874173 0.36
0.019852941176470587 0.36
0.019838354151359296 0.36
0.019823788546255508 0.36
0.019809244314013204 0.36
0.019794721407624633 0.36
0.01978021978021978 0.36
0.019765739385065886 0.36
0.019751280175566936 0.36
0.019736842105263157 0.36
0.019722425127830533 0.36
0.01970802919708029 0.36
0.019693654266958426 0.36
0.01967930029154519 0.36
0.019664967225054626 0.36
0.019650655021834062 0.36
0.019636363636363636 0.36
0.019622093023255814 0.36
0.0196078431372549 0.36
0.019593613933236574 0.36
0.019579405366207395 0.36
0.01956521739130435 0.36
0.020275162925416364 0.37333333333333335
0.020260492040520984 0.37333333333333335
0.02024584237165582 0.37333333333333335
0.02023121387283237 0.37333333333333335
0.020216606498194945 0.37333333333333335
0.020202020202020204 0.37333333333333335
0.020187454938716654 0.37333333333333335
0.020172910662824207 0.37333333333333335
0.020158387329013677 0.37333333333333335
0.02014388489208633 0.37333333333333335
0.020129403306973402 0.37333333333333335
0.020833333333333332 0.38666666666666666
0.0208183776022972 0.38666666666666666
0.02080344332855093 0.38666666666666666
0.02078853046594982 0.38666666666666666
0.020773638968481375 0.38666666666666666
0.020758768790264854 0.38666666666666666
0.02074391988555079 0.38666666666666666
0.020729092208720514 0.38666666666666666
0.020714285714285713 0.38666666666666666
0.02069950035688794 0.38666666666666666
0.020684736091298145 0.38666666666666666
0.020669992872416252 0.38666666666666666
0.020655270655270654 0.38666666666666666
0.020640569395017794 0.38666666666666666
0.020625889046941678 0.38666666666666666
0.02061122956645345 0.38666666666666666
0.020596590909090908 0.38666666666666666
0.0205819730305181 0.38666666666666666
0.02056737588652482 0.38666666666666666
0.020552799433026223 0.38666666666666666
0.020538243626062325 0.38666666666666666
0.020523708421797595 0.38666666666666666
0.02050919377652051 0.38666666666666666
0.02049469964664311 0.38666666666666666
0.020480225988700564 0.38666666666666666
0.020465772759350742 0.38666666666666666
0.020451339915373765 0.38666666666666666
0.0204369274136716 0.38666666666666666
0.020422535211267606 0.38666666666666666
0.02040816326530612 0.38666666666666666
0.020393811533052038 0.38666666666666666
0.020379479971890373 0.38666666666666666
0.020365168539325844 0.38666666666666666
0.020350877192982456 0.38666666666666666
0.020336605890603085 0.38666666666666666
0.020322354590049056 0.38666666666666666
0.02030812324929972 0.38666666666666666
0.020293911826452064 0.38666666666666666
0.02027972027972028 0.38666666666666666
0.02026554856743536 0.38666666666666666
0.020251396648044692 0.38666666666666666
0.020237264480111653 0.38666666666666666
0.020223152022315203 0.38666666666666666
0.020209059233449476 0.38666666666666666
0.0201949860724234 0.38666666666666666
0.020180932498260265 0.38666666666666666
0.020166898470097356 0.38666666666666666
0.020152883947185545 0.38666666666666666
0.02013888888888889 0.38666666666666666
0.020124913254684247 0.38666666666666666
0.02011095700416089 0.38666666666666666
0.020097020097020097 0.38666666666666666
0.02008310249307479 0.38666666666666666
0.020069204152249134 0.38666666666666666
0.020055325034578148 0.38666666666666666
0.020041465100207326 0.38666666666666666
0.020027624309392266 0.38666666666666666
0.020013802622498276 0.38666666666666666
0.02 0.38666666666666666
0.019986216402481046 0.38666666666666666
0.01997245179063361 0.38666666666666666
0.01995870612525809 0.38666666666666666
0.019944979367262722 0.38666666666666666
0.01993127147766323 0.38666666666666666
0.019917582417582416 0.38666666666666666
0.01990391214824983 0.38666666666666666
0.019890260631001373 0.38666666666666666
0.019876627827278958 0.38666666666666666
0.01986301369863014 0.38666666666666666
0.019849418206707735 0.38666666666666666
0.019835841313269494 0.38666666666666666
0.019822282980177717 0.38666666666666666
0.01980874316939891 0.38666666666666666
0.019795221843003412 0.38666666666666666
0.019781718963165076 0.38666666666666666
0.019768234492160874 0.38666666666666666
0.019754768392370572 0.38666666666666666
0.019741320626276378 0.38666666666666666
0.019727891156462583 0.38666666666666666
0.01971447994561523 0.38666666666666666
0.01970108695652174 0.38666666666666666
0.019687712152070606 0.38666666666666666
0.01967435549525102 0.38666666666666666
0.01966101694915254 0.38666666666666666
0.01964769647696477 0.38666666666666666
0.01963439404197698 0.38666666666666666
0.01962110960757781 0.38666666666666666
0.0196078431372549 0.38666666666666666
0.019594594594594596 0.38666666666666666
0.019581363943281565 0.38666666666666666
0.019568151147098516 0.38666666666666666
0.019554956169925825 0.38666666666666666
0.01954177897574124 0.38666666666666666
0.019528619528619527 0.38666666666666666
0.019515477792732168 0.38666666666666666
0.019502353732347006 0.38666666666666666
0.019489247311827957 0.38666666666666666
0.019476158495634655 0.38666666666666666
0.019463087248322148 0.38666666666666666
0.019450033534540577 0.38666666666666666
0.01943699731903485 0.38666666666666666
0.01942397856664434 0.38666666666666666
0.019410977242302542 0.38666666666666666
0.01939799331103679 0.38666666666666666
0.019385026737967916 0.38666666666666666
0.019372077488309953 0.38666666666666666
0.019359145527369826 0.38666666666666666
0.019346230820547032 0.38666666666666666
0.019333333333333334 0.38666666666666666
0.019320453031312457 0.38666666666666666
0.019307589880159785 0.38666666666666666
0.01929474384564205 0.38666666666666666
0.01928191489361702 0.38666666666666666
0.019269102990033222 0.38666666666666666
0.019256308100929615 0.38666666666666666
0.019243530192435302 0.38666666666666666
0.019230769230769232 0.38666666666666666
0.019218025182239893 0.38666666666666666
0.019205298013245033 0.38666666666666666
0.019192587690271344 0.38666666666666666
0.01917989417989418 0.38666666666666666
0.019167217448777262 0.38666666666666666
0.01915455746367239 0.38666666666666666
0.01914191419141914 0.38666666666666666
0.01912928759894459 0.38666666666666666
0.01911667765326302 0.38666666666666666
0.019104084321475624 0.38666666666666666
0.019091507570770244 0.38666666666666666
0.019078947368421053 0.38666666666666666
0.0190664036817883 0.38666666666666666
0.019053876478318004 0.38666666666666666
0.019041365725541694 0.38666666666666666
0.019028871391076115 0.38666666666666666
0.01901639344262295 0.38666666666666666
0.019003931847968544 0.38666666666666666
0.01899148657498363 0.38666666666666666
0.018979057591623036 0.38666666666666666
0.01896664486592544 0.38666666666666666
0.01895424836601307 0.38666666666666666
0.018941868060091443 0.38666666666666666
0.018929503916449087 0.38666666666666666
0.018917155903457272 0.38666666666666666
0.018904823989569754 0.38666666666666666
0.018892508143322474 0.38666666666666666
0.018880208333333332 0.38666666666666666
0.018867924528301886 0.38666666666666666
0.0188556566970091 0.38666666666666666
0.01949317738791423 0.4
0.01948051948051948 0.4
0.01946787800129786 0.4
0.019455252918287938 0.4
0.019442644199611146 0.4
0.019430051813471502 0.4
0.019417475728155338 0.4
0.019404915912031046 0.4
0.019392372333548805 0.4
0.01937984496124031 0.4
0.019367333763718526 0.4
0.01935483870967742 0.4
0.019342359767891684 0.4
0.019329896907216496 0.4
0.019317450096587252 0.4
0.019305019305019305 0.4
0.01929260450160772 0.4
0.019280205655526992 0.4
0.019267822736030827 0.4
0.019255455712451863 0.4
0.01924310455420141 0.4
0.019230769230769232 0.4
0.019218449711723255 0.4
0.019206145966709345 0.4
0.019193857965451054 0.4
0.01918158567774936 0.4
0.019169329073482427 0.4
0.019157088122605363 0.4
0.01914486279514997 0.4
0.01913265306122449 0.4
0.019120458891013385 0.4
0.01910828025477707 0.4
0.019096117122851686 0.4
0.019083969465648856 0.4
0.019071837253655435 0.4
0.01905972045743329 0.4
0.01904761904761905 0.4
0.01903553299492386 0.4
0.019023462270133164 0.4
0.019011406844106463 0.4
0.018999366687777075 0.4
0.0189873417721519 0.4
0.018975332068311195 0.4
0.018963337547408345 0.4
0.018951358180669616 0.4
0.01893939393939394 0.4
0.01892744479495268 0.4
0.018915510718789406 0.4
0.01890359168241966 0.4
0.018891687657430732 0.4
0.018879798615481436 0.4
0.018867924528301886 0.4
0.018856065367693273 0.4
0.018844221105527637 0.4
0.018832391713747645 0.4
0.018820577164366373 0.4
0.018808777429467086 0.4
0.018796992481203006 0.4
0.01878522229179712 0.4
0.01877346683354193 0.4
0.01876172607879925 0.4
0.01875 0.4
0.018738288569643973 0.4
0.018726591760299626 0.4
0.018714909544603867 0.4
0.018703241895261846 0.4
0.018691588785046728 0.4
0.0186799501867995 0.4
0.018668326073428748 0.4
0.018656716417910446 0.4
0.018645121193287758 0.4
0.018633540372670808 0.4
0.0186219739292365 0.4
0.018610421836228287 0.4
0.018598884066955982 0.4
0.01858736059479554 0.4
0.018575851393188854 0.4
0.018564356435643563 0.4
0.01855287569573284 0.4
0.018541409147095178 0.4
0.01852995676343422 0.4
0.018518518518518517 0.4
0.01850709438618137 0.4
0.018495684340320593 0.4
0.018484288354898338 0.4
0.01847290640394089 0.4
0.018461538461538463 0.4
0.01845018450184502 0.4
0.01843884449907806 0.4
