1.0 0.007751937984496124
1.0 0.015503875968992248
1.0 0.023255813953488372
1.0 0.031007751937984496
1.0 0.03875968992248062
1.0 0.046511627906976744
1.0 0.05426356589147287
1.0 0.06201550387596899
1.0 0.06976744186046512
1.0 0.07751937984496124
1.0 0.08527131782945736
1.0 0.09302325581395349
1.0 0.10077519379844961
1.0 0.10852713178294573
1.0 0.11627906976744186
1.0 0.12403100775193798
1.0 0.13178294573643412
1.0 0.13953488372093023
1.0 0.14728682170542637
1.0 0.15503875968992248
1.0 0.16279069767441862
1.0 0.17054263565891473
1.0 0.17829457364341086
1.0 0.18604651162790697
0.96 0.18604651162790697
0.9230769230769231 0.18604651162790697
0.8888888888888888 0.18604651162790697
0.8571428571428571 0.18604651162790697
0.8620689655172413 0.1937984496124031
0.8333333333333334 0.1937984496124031
0.8387096774193549 0.20155038759689922
0.84375 0.20930232558139536
0.8181818181818182 0.20930232558139536
0.7941176470588235 0.20930232558139536
0.7714285714285715 0.20930232558139536
0.7777777777777778 0.21705426356589147
0.7837837837837838 0.2248062015503876
0.7894736842105263 0.23255813953488372
0.7948717948717948 0.24031007751937986
0.775 0.24031007751937986
0.7804878048780488 0.24806201550387597
0.7619047619047619 0.24806201550387597
0.7441860465116279 0.24806201550387597
0.75 0.2558139534883721
0.7555555555555555 0.26356589147286824
0.7391304347826086 0.26356589147286824
0.723404255319149 0.26356589147286824
0.7291666666666666 0.2713178294573643
0.7142857142857143 0.2713178294573643
0.72 0.27906976744186046
0.7058823529411765 0.27906976744186046
0.6923076923076923 0.27906976744186046
0.6981132075471698 0.2868217054263566
0.6851851851851852 0.2868217054263566
0.6727272727272727 0.2868217054263566
0.6607142857142857 0.2868217054263566
0.6666666666666666 0.29457364341085274
0.6724137931034483 0.3023255813953488
0.6779661016949152 0.31007751937984496
0.6833333333333333 0.3178294573643411
0.6721311475409836 0.3178294573643411
0.6612903225806451 0.3178294573643411
0.6666666666666666 0.32558139534883723
0.671875 0.3333333333333333
0.676923076923077 0.34108527131782945
0.6818181818181818 0.3488372093023256
0.6865671641791045 0.35658914728682173
0.6911764705882353 0.3643410852713178
0.6811594202898551 0.3643410852713178
0.6714285714285714 0.3643410852713178
0.6619718309859155 0.3643410852713178
0.6527777777777778 0.3643410852713178
0.6575342465753424 0.37209302325581395
0.6621621621621622 0.3798449612403101
0.6533333333333333 0.3798449612403101
0.6447368421052632 0.3798449612403101
0.6363636363636364 0.3798449612403101
0.6282051282051282 0.3798449612403101
0.620253164556962 0.3798449612403101
0.6125 0.3798449612403101
0.6049382716049383 0.3798449612403101
0.6097560975609756 0.3875968992248062
0.6144578313253012 0.3953488372093023
0.6071428571428571 0.3953488372093023
0.611764705882353 0.40310077519379844
0.6162790697674418 0.4108527131782946
0.6206896551724138 0.4186046511627907
0.6136363636363636 0.4186046511627907
0.6067415730337079 0.4186046511627907
0.6111111111111112 0.4263565891472868
0.6043956043956044 0.4263565891472868
0.5978260869565217 0.4263565891472868
0.6021505376344086 0.43410852713178294
0.6063829787234043 0.4418604651162791
0.6105263157894737 0.4496124031007752
0.6145833333333334 0.4573643410852713
0.6082474226804123 0.4573643410852713
0.6020408163265306 0.4573643410852713
0.5959595959595959 0.4573643410852713
0.59 0.4573643410852713
0.594059405940594 0.46511627906976744
0.5882352941176471 0.46511627906976744
0.5825242718446602 0.46511627906976744
0.5769230769230769 0.46511627906976744
0.5714285714285714 0.46511627906976744
0.5660377358490566 0.46511627906976744
0.5607476635514018 0.46511627906976744
0.5555555555555556 0.46511627906976744
0.5504587155963303 0.46511627906976744
0.5545454545454546 0.4728682170542636
0.5585585585585585 0.4806201550387597
0.5535714285714286 0.4806201550387597
0.5575221238938053 0.4883720930232558
0.5614035087719298 0.49612403100775193
0.5652173913043478 0.5038759689922481
0.5603448275862069 0.5038759689922481
0.5641025641025641 0.5116279069767442
0.559322033898305 0.5116279069767442
0.5546218487394958 0.5116279069767442
0.55 0.5116279069767442
0.5454545454545454 0.5116279069767442
0.5409836065573771 0.5116279069767442
0.5365853658536586 0.5116279069767442
0.532258064516129 0.5116279069767442
0.536 0.5193798449612403
0.5396825396825397 0.5271317829457365
0.5433070866141733 0.5348837209302325
0.546875 0.5426356589147286
0.5503875968992248 0.5503875968992248
0.5461538461538461 0.5503875968992248
0.549618320610687 0.5581395348837209
0.553030303030303 0.5658914728682171
0.556390977443609 0.5736434108527132
0.5597014925373134 0.5813953488372093
0.562962962962963 0.5891472868217055
0.5588235294117647 0.5891472868217055
0.5620437956204379 0.5968992248062015
0.5652173913043478 0.6046511627906976
0.5683453237410072 0.6124031007751938
0.5714285714285714 0.6201550387596899
0.574468085106383 0.627906976744186
0.5704225352112676 0.627906976744186
0.5734265734265734 0.6356589147286822
0.5763888888888888 0.6434108527131783
0.5724137931034483 0.6434108527131783
0.5753424657534246 0.6511627906976745
0.5714285714285714 0.6511627906976745
0.5743243243243243 0.6589147286821705
0.5771812080536913 0.6666666666666666
0.58 0.6744186046511628
0.5827814569536424 0.6821705426356589
0.5855263157894737 0.689922480620155
0.5882352941176471 0.6976744186046512
0.5844155844155844 0.6976744186046512
0.5870967741935483 0.7054263565891473
0.5833333333333334 0.7054263565891473
0.5796178343949044 0.7054263565891473
0.5759493670886076 0.7054263565891473
0.5723270440251572 0.7054263565891473
0.575 0.7131782945736435
0.5714285714285714 0.7131782945736435
0.5679012345679012 0.7131782945736435
0.5644171779141104 0.7131782945736435
0.5670731707317073 0.7209302325581395
0.5696969696969697 0.7286821705426356
0.572289156626506 0.7364341085271318
0.5748502994011976 0.7441860465116279
0.5714285714285714 0.7441860465116279
0.5680473372781065 0.7441860465116279
0.5647058823529412 0.7441860465116279
0.5614035087719298 0.7441860465116279
0.5581395348837209 0.7441860465116279
0.5549132947976878 0.7441860465116279
0.5517241379310345 0.7441860465116279
0.5542857142857143 0.751937984496124
0.5511363636363636 0.751937984496124
0.5480225988700564 0.751937984496124
0.5449438202247191 0.751937984496124
0.547486033519553 0.7596899224806202
0.55 0.7674418604651163
0.5524861878453039 0.7751937984496124
0.5494505494505495 0.7751937984496124
0.5519125683060109 0.7829457364341085
0.5489130434782609 0.7829457364341085
0.5513513513513514 0.7906976744186046
0.5483870967741935 0.7906976744186046
0.5508021390374331 0.7984496124031008
0.5531914893617021 0.8062015503875969
0.5502645502645502 0.8062015503875969
0.5526315789473685 0.813953488372093
0.5497382198952879 0.813953488372093
0.546875 0.813953488372093
0.5440414507772021 0.813953488372093
0.5412371134020618 0.813953488372093
0.5435897435897435 0.8217054263565892
0.5408163265306123 0.8217054263565892
0.5431472081218274 0.8294573643410853
0.5454545454545454 0.8372093023255814
0.542713567839196 0.8372093023255814
0.54 0.8372093023255814
0.5373134328358209 0.8372093023255814
0.5346534653465347 0.8372093023255814
0.5320197044334976 0.8372093023255814
0.5294117647058824 0.8372093023255814
0.526829268292683 0.8372093023255814
0.5242718446601942 0.8372093023255814
0.5217391304347826 0.8372093023255814
0.5192307692307693 0.8372093023255814
0.5167464114832536 0.8372093023255814
0.5142857142857142 0.8372093023255814
0.5118483412322274 0.8372093023255814
0.5094339622641509 0.8372093023255814
0.5070422535211268 0.8372093023255814
0.5046728971962616 0.8372093023255814
0.5023255813953489 0.8372093023255814
0.5 0.8372093023255814
0.4976958525345622 0.8372093023255814
0.4954128440366973 0.8372093023255814
0.4931506849315068 0.8372093023255814
0.4909090909090909 0.8372093023255814
0.49321266968325794 0.8449612403100775
0.49099099099099097 0.8449612403100775
0.48878923766816146 0.8449612403100775
0.48660714285714285 0.8449612403100775
0.4888888888888889 0.8527131782945736
0.48672566371681414 0.8527131782945736
0.4845814977973568 0.8527131782945736
0.4824561403508772 0.8527131782945736
0.48034934497816595 0.8527131782945736
0.4782608695652174 0.8527131782945736
0.47619047619047616 0.8527131782945736
0.47413793103448276 0.8527131782945736
0.4721030042918455 0.8527131782945736
0.4700854700854701 0.8527131782945736
0.46808510638297873 0.8527131782945736
0.4661016949152542 0.8527131782945736
0.4641350210970464 0.8527131782945736
0.46218487394957986 0.8527131782945736
0.4602510460251046 0.8527131782945736
0.4583333333333333 0.8527131782945736
0.45643153526970953 0.8527131782945736
0.45454545454545453 0.8527131782945736
0.45267489711934156 0.8527131782945736
0.45081967213114754 0.8527131782945736
0.4489795918367347 0.8527131782945736
0.44715447154471544 0.8527131782945736
0.44534412955465585 0.8527131782945736
0.4435483870967742 0.8527131782945736
0.44176706827309237 0.8527131782945736
0.44 0.8527131782945736
0.43824701195219123 0.8527131782945736
0.4365079365079365 0.8527131782945736
0.43478260869565216 0.8527131782945736
0.4330708661417323 0.8527131782945736
0.43137254901960786 0.8527131782945736
0.4296875 0.8527131782945736
0.4280155642023346 0.8527131782945736
0.4263565891472868 0.8527131782945736
0.4247104247104247 0.8527131782945736
0.4230769230769231 0.8527131782945736
0.421455938697318 0.8527131782945736
0.4198473282442748 0.8527131782945736
0.41825095057034223 0.8527131782945736
0.4166666666666667 0.8527131782945736
0.41509433962264153 0.8527131782945736
0.41353383458646614 0.8527131782945736
0.41198501872659177 0.8527131782945736
0.41044776119402987 0.8527131782945736
0.40892193308550184 0.8527131782945736
0.4074074074074074 0.8527131782945736
0.4059040590405904 0.8527131782945736
0.40441176470588236 0.8527131782945736
0.40293040293040294 0.8527131782945736
0.40145985401459855 0.8527131782945736
0.4 0.8527131782945736
0.39855072463768115 0.8527131782945736
0.3971119133574007 0.8527131782945736
0.39568345323741005 0.8527131782945736
0.3942652329749104 0.8527131782945736
0.3964285714285714 0.8604651162790697
0.39501779359430605 0.8604651162790697
0.39361702127659576 0.8604651162790697
0.392226148409894 0.8604651162790697
0.3908450704225352 0.8604651162790697
0.3894736842105263 0.8604651162790697
0.3881118881118881 0.8604651162790697
0.3867595818815331 0.8604651162790697
0.3854166666666667 0.8604651162790697
0.38408304498269896 0.8604651162790697
0.38275862068965516 0.8604651162790697
0.38144329896907214 0.8604651162790697
0.3801369863013699 0.8604651162790697
0.378839590443686 0.8604651162790697
0.37755102040816324 0.8604651162790697
0.376271186440678 0.8604651162790697
0.375 0.8604651162790697
0.37373737373737376 0.8604651162790697
0.3724832214765101 0.8604651162790697
0.3712374581939799 0.8604651162790697
0.37333333333333335 0.8682170542635659
0.37209302325581395 0.8682170542635659
0.3741721854304636 0.875968992248062
0.37293729372937295 0.875968992248062
0.3717105263157895 0.875968992248062
0.3737704918032787 0.8837209302325582
0.37254901960784315 0.8837209302325582
0.3713355048859935 0.8837209302325582
0.37012987012987014 0.8837209302325582
0.36893203883495146 0.8837209302325582
0.36774193548387096 0.8837209302325582
0.3665594855305466 0.8837209302325582
0.36538461538461536 0.8837209302325582
0.36421725239616615 0.8837209302325582
0.3630573248407643 0.8837209302325582
0.3619047619047619 0.8837209302325582
0.36075949367088606 0.8837209302325582
0.35962145110410093 0.8837209302325582
0.3584905660377358 0.8837209302325582
0.3573667711598746 0.8837209302325582
0.35625 0.8837209302325582
0.35514018691588783 0.8837209302325582
0.35403726708074534 0.8837209302325582
0.35294117647058826 0.8837209302325582
0.35185185185185186 0.8837209302325582
0.3507692307692308 0.8837209302325582
0.3496932515337423 0.8837209302325582
0.3486238532110092 0.8837209302325582
0.3475609756097561 0.8837209302325582
0.3465045592705167 0.8837209302325582
0.34545454545454546 0.8837209302325582
0.34441087613293053 0.8837209302325582
0.3433734939759036 0.8837209302325582
0.34234234234234234 0.8837209302325582
0.3413173652694611 0.8837209302325582
0.3402985074626866 0.8837209302325582
0.3392857142857143 0.8837209302325582
0.33827893175074186 0.8837209302325582
0.33727810650887574 0.8837209302325582
0.336283185840708 0.8837209302325582
0.3352941176470588 0.8837209302325582
0.3343108504398827 0.8837209302325582
0.3333333333333333 0.8837209302325582
0.3323615160349854 0.8837209302325582
0.3313953488372093 0.8837209302325582
0.33043478260869563 0.8837209302325582
0.32947976878612717 0.8837209302325582
0.3314121037463977 0.8914728682170543
0.33045977011494254 0.8914728682170543
0.32951289398280803 0.8914728682170543
0.32857142857142857 0.8914728682170543
0.32763532763532766 0.8914728682170543
0.32670454545454547 0.8914728682170543
0.32577903682719545 0.8914728682170543
0.3248587570621469 0.8914728682170543
0.323943661971831 0.8914728682170543
0.32303370786516855 0.8914728682170543
0.32212885154061627 0.8914728682170543
0.32122905027932963 0.8914728682170543
0.3203342618384401 0.8914728682170543
0.3194444444444444 0.8914728682170543
0.3185595567867036 0.8914728682170543
0.31767955801104975 0.8914728682170543
0.3168044077134986 0.8914728682170543
0.3159340659340659 0.8914728682170543
0.3150684931506849 0.8914728682170543
0.31420765027322406 0.8914728682170543
0.3133514986376022 0.8914728682170543
0.3125 0.8914728682170543
0.3116531165311653 0.8914728682170543
0.3108108108108108 0.8914728682170543
0.30997304582210244 0.8914728682170543
0.30913978494623656 0.8914728682170543
0.3109919571045576 0.8992248062015504
0.31016042780748665 0.8992248062015504
0.30933333333333335 0.8992248062015504
0.30851063829787234 0.8992248062015504
0.3076923076923077 0.8992248062015504
0.30687830687830686 0.8992248062015504
0.30606860158311344 0.8992248062015504
0.30526315789473685 0.8992248062015504
0.30446194225721784 0.8992248062015504
0.3036649214659686 0.8992248062015504
0.3028720626631854 0.8992248062015504
0.3020833333333333 0.8992248062015504
0.3012987012987013 0.8992248062015504
0.3005181347150259 0.8992248062015504
0.2997416020671835 0.8992248062015504
0.29896907216494845 0.8992248062015504
0.2982005141388175 0.8992248062015504
0.29743589743589743 0.8992248062015504
0.2966751918158568 0.8992248062015504
0.29591836734693877 0.8992248062015504
0.2951653944020356 0.8992248062015504
0.29441624365482233 0.8992248062015504
0.2936708860759494 0.8992248062015504
0.29545454545454547 0.9069767441860465
0.2972292191435768 0.9147286821705426
0.2964824120603015 0.9147286821705426
0.2957393483709273 0.9147286821705426
0.295 0.9147286821705426
0.2942643391521197 0.9147286821705426
0.2935323383084577 0.9147286821705426
0.29280397022332505 0.9147286821705426
0.29207920792079206 0.9147286821705426
0.291358024691358 0.9147286821705426
0.29064039408866993 0.9147286821705426
0.28992628992628994 0.9147286821705426
0.28921568627450983 0.9147286821705426
0.2885085574572127 0.9147286821705426
0.28780487804878047 0.9147286821705426
0.2871046228710462 0.9147286821705426
0.28640776699029125 0.9147286821705426
0.2857142857142857 0.9147286821705426
0.28502415458937197 0.9147286821705426
0.28433734939759037 0.9147286821705426
0.28365384615384615 0.9147286821705426
0.2829736211031175 0.9147286821705426
0.2822966507177033 0.9147286821705426
0.28162291169451076 0.9147286821705426
0.28095238095238095 0.9147286821705426
0.28028503562945367 0.9147286821705426
0.2796208530805687 0.9147286821705426
0.2789598108747045 0.9147286821705426
0.2783018867924528 0.9147286821705426
0.2776470588235294 0.9147286821705426
0.27699530516431925 0.9147286821705426
0.27634660421545665 0.9147286821705426
0.2757009345794392 0.9147286821705426
0.27505827505827507 0.9147286821705426
0.2744186046511628 0.9147286821705426
0.2737819025522042 0.9147286821705426
0.27314814814814814 0.9147286821705426
0.27251732101616627 0.9147286821705426
0.271889400921659 0.9147286821705426
0.271264367816092 0.9147286821705426
0.2706422018348624 0.9147286821705426
0.2700228832951945 0.9147286821705426
0.2694063926940639 0.9147286821705426
0.26879271070615035 0.9147286821705426
0.2681818181818182 0.9147286821705426
0.2675736961451247 0.9147286821705426
0.2669683257918552 0.9147286821705426
0.26636568848758463 0.9147286821705426
0.268018018018018 0.9224806201550387
0.26741573033707866 0.9224806201550387
0.26681614349775784 0.9224806201550387
0.2662192393736018 0.9224806201550387
0.265625 0.9224806201550387
0.2650334075723831 0.9224806201550387
0.2644444444444444 0.9224806201550387
0.2638580931263858 0.9224806201550387
0.26327433628318586 0.9224806201550387
0.26269315673289184 0.9224806201550387
0.2621145374449339 0.9224806201550387
0.26153846153846155 0.9224806201550387
0.26096491228070173 0.9224806201550387
0.2603938730853392 0.9224806201550387
0.259825327510917 0.9224806201550387
0.25925925925925924 0.9224806201550387
0.25869565217391305 0.9224806201550387
0.25813449023861174 0.9224806201550387
0.25757575757575757 0.9224806201550387
0.2570194384449244 0.9224806201550387
0.25646551724137934 0.9224806201550387
0.25806451612903225 0.9302325581395349
0.2575107296137339 0.9302325581395349
0.2569593147751606 0.9302325581395349
0.2564102564102564 0.9302325581395349
0.255863539445629 0.9302325581395349
0.2553191489361702 0.9302325581395349
0.25477707006369427 0.9302325581395349
0.2542372881355932 0.9302325581395349
0.2536997885835095 0.9302325581395349
0.25316455696202533 0.9302325581395349
0.25263157894736843 0.9302325581395349
0.25210084033613445 0.9302325581395349
0.25157232704402516 0.9302325581395349
0.2510460251046025 0.9302325581395349
0.25052192066805845 0.9302325581395349
0.25 0.9302325581395349
0.2494802494802495 0.9302325581395349
0.24896265560165975 0.9302325581395349
0.2484472049689441 0.9302325581395349
0.24793388429752067 0.9302325581395349
0.24742268041237114 0.9302325581395349
0.24691358024691357 0.9302325581395349
0.2464065708418891 0.9302325581395349
0.2459016393442623 0.9302325581395349
0.24539877300613497 0.9302325581395349
0.24489795918367346 0.9302325581395349
0.24439918533604887 0.9302325581395349
0.24390243902439024 0.9302325581395349
0.2434077079107505 0.9302325581395349
0.242914979757085 0.9302325581395349
0.24242424242424243 0.9302325581395349
0.24193548387096775 0.9302325581395349
0.2414486921529175 0.9302325581395349
0.24096385542168675 0.9302325581395349
0.24048096192384769 0.9302325581395349
0.24 0.9302325581395349
0.23952095808383234 0.9302325581395349
0.23904382470119523 0.9302325581395349
0.23856858846918488 0.9302325581395349
0.23809523809523808 0.9302325581395349
0.2376237623762376 0.9302325581395349
0.23715415019762845 0.9302325581395349
0.23668639053254437 0.9302325581395349
0.23622047244094488 0.9302325581395349
0.2357563850687623 0.9302325581395349
0.23529411764705882 0.9302325581395349
0.23483365949119372 0.9302325581395349
0.234375 0.9302325581395349
0.23391812865497075 0.9302325581395349
0.23346303501945526 0.9302325581395349
0.23300970873786409 0.9302325581395349
0.23255813953488372 0.9302325581395349
0.23210831721470018 0.9302325581395349
0.23166023166023167 0.9302325581395349
0.23121387283236994 0.9302325581395349
0.23076923076923078 0.9302325581395349
0.23032629558541268 0.9302325581395349
0.22988505747126436 0.9302325581395349
0.2294455066921606 0.9302325581395349
0.22900763358778625 0.9302325581395349
0.22857142857142856 0.9302325581395349
0.22813688212927757 0.9302325581395349
0.22770398481973433 0.9302325581395349
0.22727272727272727 0.9302325581395349
0.22684310018903592 0.9302325581395349
0.22641509433962265 0.9302325581395349
0.22598870056497175 0.9302325581395349
0.22556390977443608 0.9302325581395349
0.225140712945591 0.9302325581395349
0.2247191011235955 0.9302325581395349
0.22429906542056074 0.9302325581395349
0.22388059701492538 0.9302325581395349
0.22346368715083798 0.9302325581395349
0.22304832713754646 0.9302325581395349
0.22263450834879406 0.9302325581395349
0.2222222222222222 0.9302325581395349
0.22181146025878004 0.9302325581395349
0.22140221402214022 0.9302325581395349
0.22099447513812154 0.9302325581395349
0.22058823529411764 0.9302325581395349
0.22018348623853212 0.9302325581395349
0.21978021978021978 0.9302325581395349
0.21937842778793418 0.9302325581395349
0.21897810218978103 0.9302325581395349
0.2185792349726776 0.9302325581395349
0.21818181818181817 0.9302325581395349
0.2177858439201452 0.9302325581395349
0.21739130434782608 0.9302325581395349
0.21699819168173598 0.9302325581395349
0.21660649819494585 0.9302325581395349
0.21621621621621623 0.9302325581395349
0.2158273381294964 0.9302325581395349
0.21543985637342908 0.9302325581395349
0.21505376344086022 0.9302325581395349
0.2146690518783542 0.9302325581395349
0.21428571428571427 0.9302325581395349
0.21390374331550802 0.9302325581395349
0.21352313167259787 0.9302325581395349
0.21314387211367672 0.9302325581395349
0.2127659574468085 0.9302325581395349
0.21238938053097345 0.9302325581395349
0.21201413427561838 0.9302325581395349
0.21164021164021163 0.9302325581395349
0.2112676056338028 0.9302325581395349
0.210896309314587 0.9302325581395349
0.21052631578947367 0.9302325581395349
0.21015761821366025 0.9302325581395349
0.2097902097902098 0.9302325581395349
0.2094240837696335 0.9302325581395349
0.20905923344947736 0.9302325581395349
0.20869565217391303 0.9302325581395349
0.20833333333333334 0.9302325581395349
0.20797227036395147 0.9302325581395349
0.20761245674740483 0.9302325581395349
0.20725388601036268 0.9302325581395349
0.20689655172413793 0.9302325581395349
0.20654044750430292 0.9302325581395349
0.20618556701030927 0.9302325581395349
0.2058319039451115 0.9302325581395349
0.2054794520547945 0.9302325581395349
0.20512820512820512 0.9302325581395349
0.20477815699658702 0.9302325581395349
0.20442930153321975 0.9302325581395349
0.20408163265306123 0.9302325581395349
0.2037351443123939 0.9302325581395349
0.2033898305084746 0.9302325581395349
0.20304568527918782 0.9302325581395349
0.20270270270270271 0.9302325581395349
0.20236087689713322 0.9302325581395349
0.20202020202020202 0.9302325581395349
0.20168067226890757 0.9302325581395349
0.20134228187919462 0.9302325581395349
0.20100502512562815 0.9302325581395349
0.20066889632107024 0.9302325581395349
0.2003338898163606 0.9302325581395349
0.2 0.9302325581395349
0.19966722129783693 0.9302325581395349
0.19933554817275748 0.9302325581395349
0.19900497512437812 0.9302325581395349
0.1986754966887417 0.9302325581395349
0.19834710743801653 0.9302325581395349
0.19801980198019803 0.9302325581395349
0.19769357495881384 0.9302325581395349
0.19736842105263158 0.9302325581395349
0.19704433497536947 0.9302325581395349
0.19672131147540983 0.9302325581395349
0.19639934533551553 0.9302325581395349
0.19607843137254902 0.9302325581395349
0.19575856443719414 0.9302325581395349
0.19543973941368079 0.9302325581395349
0.1951219512195122 0.9302325581395349
0.19480519480519481 0.9302325581395349
0.19448946515397084 0.9302325581395349
0.1941747572815534 0.9302325581395349
0.1938610662358643 0.9302325581395349
0.1935483870967742 0.9302325581395349
0.1932367149758454 0.9302325581395349
0.19292604501607716 0.9302325581395349
0.1926163723916533 0.9302325581395349
0.19230769230769232 0.9302325581395349
0.192 0.9302325581395349
0.19169329073482427 0.9302325581395349
0.19138755980861244 0.9302325581395349
0.1910828025477707 0.9302325581395349
0.1907790143084261 0.9302325581395349
0.19047619047619047 0.9302325581395349
0.1901743264659271 0.9302325581395349
0.189873417721519 0.9302325581395349
0.1895734597156398 0.9302325581395349
0.1892744479495268 0.9302325581395349
0.1889763779527559 0.9302325581395349
0.18867924528301888 0.9302325581395349
0.18838304552590268 0.9302325581395349
0.18808777429467086 0.9302325581395349
0.18779342723004694 0.9302325581395349
0.1875 0.9302325581395349
0.187207488299532 0.9302325581395349
0.18691588785046728 0.9302325581395349
0.18662519440124417 0.9302325581395349
0.18633540372670807 0.9302325581395349
0.18604651162790697 0.9302325581395349
0.18575851393188855 0.9302325581395349
0.18547140649149924 0.9302325581395349
0.18518518518518517 0.9302325581395349
0.18489984591679506 0.9302325581395349
0.18461538461538463 0.9302325581395349
0.18433179723502305 0.9302325581395349
0.18404907975460122 0.9302325581395349
0.18376722817764166 0.9302325581395349
0.1834862385321101 0.9302325581395349
0.183206106870229 0.9302325581395349
0.18292682926829268 0.9302325581395349
0.182648401826484 0.9302325581395349
0.182370820668693 0.9302325581395349
0.18209408194233687 0.9302325581395349
0.18181818181818182 0.9302325581395349
0.1815431164901664 0.9302325581395349
0.18126888217522658 0.9302325581395349
0.18099547511312217 0.9302325581395349
0.18072289156626506 0.9302325581395349
0.18045112781954886 0.9302325581395349
0.18018018018018017 0.9302325581395349
0.17991004497751126 0.9302325581395349
0.17964071856287425 0.9302325581395349
0.17937219730941703 0.9302325581395349
0.1791044776119403 0.9302325581395349
0.17883755588673622 0.9302325581395349
0.17857142857142858 0.9302325581395349
0.17830609212481427 0.9302325581395349
0.17804154302670624 0.9302325581395349
0.17777777777777778 0.9302325581395349
0.17751479289940827 0.9302325581395349
0.17725258493353027 0.9302325581395349
0.17699115044247787 0.9302325581395349
0.17673048600883653 0.9302325581395349
0.17647058823529413 0.9302325581395349
0.1762114537444934 0.9302325581395349
0.17595307917888564 0.9302325581395349
0.17569546120058566 0.9302325581395349
0.17543859649122806 0.9302325581395349
0.17518248175182483 0.9302325581395349
0.1749271137026239 0.9302325581395349
0.17467248908296942 0.9302325581395349
0.1744186046511628 0.9302325581395349
0.1741654571843251 0.9302325581395349
0.17391304347826086 0.9302325581395349
0.1736613603473227 0.9302325581395349
0.17341040462427745 0.9302325581395349
0.17316017316017315 0.9302325581395349
0.1729106628242075 0.9302325581395349
0.17266187050359713 0.9302325581395349
0.1724137931034483 0.9302325581395349
0.17216642754662842 0.9302325581395349
0.17191977077363896 0.9302325581395349
0.17167381974248927 0.9302325581395349
0.17142857142857143 0.9302325581395349
0.17118402282453637 0.9302325581395349
0.17094017094017094 0.9302325581395349
0.1721194879089616 0.937984496124031
0.171875 0.937984496124031
0.17163120567375886 0.937984496124031
0.17138810198300283 0.937984496124031
0.17114568599717114 0.937984496124031
0.1709039548022599 0.937984496124031
0.17066290550070523 0.937984496124031
0.1704225352112676 0.937984496124031
0.170182841068917 0.937984496124031
0.1699438202247191 0.937984496124031
0.1697054698457223 0.937984496124031
0.16946778711484595 0.937984496124031
0.16923076923076924 0.937984496124031
0.16899441340782123 0.937984496124031
0.16875871687587168 0.937984496124031
0.16852367688022285 0.937984496124031
0.16828929068150209 0.937984496124031
0.16805555555555557 0.937984496124031
0.1678224687933426 0.937984496124031
0.16759002770083103 0.937984496124031
0.1673582295988935 0.937984496124031
0.1671270718232044 0.937984496124031
0.16689655172413792 0.937984496124031
0.16666666666666666 0.937984496124031
0.16643741403026135 0.937984496124031
0.1662087912087912 0.937984496124031
0.16598079561042525 0.937984496124031
0.16575342465753426 0.937984496124031
0.16552667578659372 0.937984496124031
0.16530054644808742 0.937984496124031
0.165075034106412 0.937984496124031
0.164850136239782 0.937984496124031
0.16462585034013605 0.937984496124031
0.1644021739130435 0.937984496124031
0.16417910447761194 0.937984496124031
0.16395663956639567 0.937984496124031
0.16373477672530445 0.937984496124031
0.16486486486486487 0.9457364341085271
0.16464237516869096 0.9457364341085271
0.16442048517520216 0.9457364341085271
0.1641991924629879 0.9457364341085271
0.1639784946236559 0.9457364341085271
0.16375838926174496 0.9457364341085271
0.16353887399463807 0.9457364341085271
0.16331994645247658 0.9457364341085271
0.16310160427807488 0.9457364341085271
0.1628838451268358 0.9457364341085271
0.16266666666666665 0.9457364341085271
0.16245006657789615 0.9457364341085271
0.1622340425531915 0.9457364341085271
0.16201859229747675 0.9457364341085271
0.16180371352785147 0.9457364341085271
0.16158940397350993 0.9457364341085271
0.16137566137566137 0.9457364341085271
0.16116248348745046 0.9457364341085271
0.16094986807387862 0.9457364341085271
0.16073781291172595 0.9457364341085271
0.16052631578947368 0.9457364341085271
0.16031537450722733 0.9457364341085271
0.16010498687664043 0.9457364341085271
0.1598951507208388 0.9457364341085271
0.15968586387434555 0.9457364341085271
0.15947712418300652 0.9457364341085271
0.15926892950391644 0.9457364341085271
0.1590612777053455 0.9457364341085271
0.15885416666666666 0.9457364341085271
0.15864759427828348 0.9457364341085271
0.15844155844155844 0.9457364341085271
0.1582360570687419 0.9457364341085271
0.15803108808290156 0.9457364341085271
0.15782664941785252 0.9457364341085271
0.15762273901808785 0.9457364341085271
0.15741935483870967 0.9457364341085271
0.15721649484536082 0.9457364341085271
0.15701415701415702 0.9457364341085271
0.15681233933161953 0.9457364341085271
0.15661103979460847 0.9457364341085271
0.1564102564102564 0.9457364341085271
0.15620998719590268 0.9457364341085271
0.15601023017902813 0.9457364341085271
0.1558109833971903 0.9457364341085271
0.1556122448979592 0.9457364341085271
0.1554140127388535 0.9457364341085271
0.15521628498727735 0.9457364341085271
0.15501905972045743 0.9457364341085271
0.1548223350253807 0.9457364341085271
0.15462610899873258 0.9457364341085271
0.15443037974683543 0.9457364341085271
0.15423514538558786 0.9457364341085271
0.15404040404040403 0.9457364341085271
0.15384615384615385 0.9457364341085271
0.15365239294710328 0.9457364341085271
0.15345911949685534 0.9457364341085271
0.15326633165829145 0.9457364341085271
0.15307402760351319 0.9457364341085271
0.15288220551378445 0.9457364341085271
0.15269086357947434 0.9457364341085271
0.1525 0.9457364341085271
0.1523096129837703 0.9457364341085271
0.15211970074812967 0.9457364341085271
0.1519302615193026 0.9457364341085271
0.1517412935323383 0.9457364341085271
0.1515527950310559 0.9457364341085271
0.1513647642679901 0.9457364341085271
0.15117719950433706 0.9457364341085271
0.15099009900990099 0.9457364341085271
0.1508034610630408 0.9457364341085271
0.1506172839506173 0.9457364341085271
0.1504315659679408 0.9457364341085271
0.15024630541871922 0.9457364341085271
0.15006150061500614 0.9457364341085271
0.14987714987714987 0.9457364341085271
0.14969325153374233 0.9457364341085271
0.14950980392156862 0.9457364341085271
0.14932680538555693 0.9457364341085271
0.1491442542787286 0.9457364341085271
0.14896214896214896 0.9457364341085271
0.14878048780487804 0.9457364341085271
0.14859926918392205 0.9457364341085271
0.14841849148418493 0.9457364341085271
0.14823815309842042 0.9457364341085271
0.14805825242718446 0.9457364341085271
0.1478787878787879 0.9457364341085271
0.14769975786924938 0.9457364341085271
0.1475211608222491 0.9457364341085271
0.1473429951690821 0.9457364341085271
0.1471652593486128 0.9457364341085271
0.14698795180722893 0.9457364341085271
0.14681107099879662 0.9457364341085271
0.1466346153846154 0.9457364341085271
0.14645858343337334 0.9457364341085271
0.14628297362110312 0.9457364341085271
0.14610778443113773 0.9457364341085271
0.145933014354067 0.9457364341085271
0.14575866188769415 0.9457364341085271
0.14558472553699284 0.9457364341085271
0.14541120381406436 0.9457364341085271
0.14523809523809525 0.9457364341085271
0.1450653983353151 0.9457364341085271
0.14489311163895488 0.9457364341085271
0.14472123368920523 0.9457364341085271
0.14454976303317535 0.9457364341085271
0.14437869822485208 0.9457364341085271
0.14420803782505912 0.9457364341085271
0.14403778040141677 0.9457364341085271
0.14386792452830188 0.9457364341085271
0.143698468786808 0.9457364341085271
0.14352941176470588 0.9457364341085271
0.1445358401880141 0.9534883720930233
0.1443661971830986 0.9534883720930233
0.14419695193434937 0.9534883720930233
0.14402810304449648 0.9534883720930233
0.14385964912280702 0.9534883720930233
0.14369158878504673 0.9534883720930233
0.14352392065344224 0.9534883720930233
0.14335664335664336 0.9534883720930233
0.14318975552968569 0.9534883720930233
0.14302325581395348 0.9534883720930233
0.14285714285714285 0.9534883720930233
0.14269141531322505 0.9534883720930233
0.1425260718424102 0.9534883720930233
0.1423611111111111 0.9534883720930233
0.14219653179190753 0.9534883720930233
0.1420323325635104 0.9534883720930233
0.14186851211072665 0.9534883720930233
0.14170506912442396 0.9534883720930233
0.14154200230149597 0.9534883720930233
0.1413793103448276 0.9534883720930233
0.14121699196326062 0.9534883720930233
0.14105504587155962 0.9534883720930233
0.140893470790378 0.9534883720930233
0.14073226544622425 0.9534883720930233
0.14057142857142857 0.9534883720930233
0.1404109589041096 0.9534883720930233
0.1402508551881414 0.9534883720930233
0.14009111617312073 0.9534883720930233
0.13993174061433447 0.9534883720930233
0.13977272727272727 0.9534883720930233
0.13961407491486946 0.9534883720930233
0.13945578231292516 0.9534883720930233
0.1392978482446206 0.9534883720930233
0.13914027149321267 0.9534883720930233
0.13898305084745763 0.9534883720930233
0.13882618510158012 0.9534883720930233
0.1386696730552424 0.9534883720930233
0.13851351351351351 0.9534883720930233
0.13835770528683913 0.9534883720930233
0.13820224719101123 0.9534883720930233
0.13804713804713806 0.9534883720930233
0.13789237668161436 0.9534883720930233
0.13773796192609183 0.9534883720930233
0.13758389261744966 0.9534883720930233
0.13743016759776536 0.9534883720930233
0.13727678571428573 0.9534883720930233
0.13712374581939799 0.9534883720930233
0.13697104677060135 0.9534883720930233
0.13681868743047831 0.9534883720930233
0.13666666666666666 0.9534883720930233
0.1365149833518313 0.9534883720930233
0.13636363636363635 0.9534883720930233
0.1362126245847176 0.9534883720930233
0.13606194690265486 0.9534883720930233
0.13591160220994475 0.9534883720930233
0.1357615894039735 0.9534883720930233
0.13561190738699008 0.9534883720930233
0.1354625550660793 0.9534883720930233
0.1353135313531353 0.9534883720930233
0.13516483516483516 0.9534883720930233
0.1350164654226125 0.9534883720930233
0.13486842105263158 0.9534883720930233
0.13472070098576122 0.9534883720930233
0.13457330415754923 0.9534883720930233
0.13442622950819672 0.9534883720930233
0.13427947598253276 0.9534883720930233
0.1341330425299891 0.9534883720930233
0.13398692810457516 0.9534883720930233
0.1338411316648531 0.9534883720930233
0.13369565217391305 0.9534883720930233
0.13355048859934854 0.9534883720930233
0.1334056399132321 0.9534883720930233
0.13326110509209102 0.9534883720930233
0.1331168831168831 0.9534883720930233
0.13297297297297297 0.9534883720930233
0.132829373650108 0.9534883720930233
0.13268608414239483 0.9534883720930233
0.13254310344827586 0.9534883720930233
0.13240043057050593 0.9534883720930233
0.13225806451612904 0.9534883720930233
0.13211600429645542 0.9534883720930233
0.13197424892703863 0.9534883720930233
0.13183279742765272 0.9534883720930233
0.1316916488222698 0.9534883720930233
0.13155080213903744 0.9534883720930233
0.13141025641025642 0.9534883720930233
0.13127001067235858 0.9534883720930233
0.13113006396588486 0.9534883720930233
0.13099041533546327 0.9534883720930233
0.13085106382978723 0.9534883720930233
0.13071200850159406 0.9534883720930233
0.1305732484076433 0.9534883720930233
0.13043478260869565 0.9534883720930233
0.13029661016949154 0.9534883720930233
0.13015873015873017 0.9534883720930233
0.13002114164904863 0.9534883720930233
0.12988384371700107 0.9534883720930233
0.12974683544303797 0.9534883720930233
0.12961011591148577 0.9534883720930233
0.12947368421052632 0.9534883720930233
0.12933753943217666 0.9534883720930233
0.12920168067226892 0.9534883720930233
0.12906610703043023 0.9534883720930233
0.1289308176100629 0.9534883720930233
0.12879581151832462 0.9534883720930233
0.12866108786610878 0.9534883720930233
0.12852664576802508 0.9534883720930233
0.12839248434237996 0.9534883720930233
0.12825860271115747 0.9534883720930233
0.128125 0.9534883720930233
0.1279916753381894 0.9534883720930233
0.12785862785862787 0.9534883720930233
0.1277258566978193 0.9534883720930233
0.1275933609958506 0.9534883720930233
0.12746113989637306 0.9534883720930233
0.12732919254658384 0.9534883720930233
0.12719751809720786 0.9534883720930233
0.12706611570247933 0.9534883720930233
0.12693498452012383 0.9534883720930233
0.1268041237113402 0.9534883720930233
0.1266735324407827 0.9534883720930233
0.12654320987654322 0.9534883720930233
0.1264131551901336 0.9534883720930233
0.12628336755646818 0.9534883720930233
0.12615384615384614 0.9534883720930233
0.1260245901639344 0.9534883720930233
0.12589559877175024 0.9534883720930233
0.12576687116564417 0.9534883720930233
0.12563840653728295 0.9534883720930233
0.12551020408163266 0.9534883720930233
0.12538226299694188 0.9534883720930233
0.12525458248472504 0.9534883720930233
0.12512716174974567 0.9534883720930233
0.125 0.9534883720930233
0.12487309644670051 0.9534883720930233
0.12474645030425964 0.9534883720930233
0.12462006079027356 0.9534883720930233
0.12449392712550607 0.9534883720930233
0.1243680485338726 0.9534883720930233
0.12424242424242424 0.9534883720930233
0.124117053481332 0.9534883720930233
0.12399193548387097 0.9534883720930233
0.12386706948640483 0.9534883720930233
0.12374245472837023 0.9534883720930233
0.12361809045226131 0.9534883720930233
0.12349397590361445 0.9534883720930233
0.12337011033099297 0.9534883720930233
0.12324649298597194 0.9534883720930233
0.12312312312312312 0.9534883720930233
0.123 0.9534883720930233
0.12287712287712288 0.9534883720930233
0.12275449101796407 0.9534883720930233
0.1226321036889332 0.9534883720930233
0.12250996015936255 0.9534883720930233
0.12238805970149254 0.9534883720930233
0.12226640159045726 0.9534883720930233
0.1221449851042701 0.9534883720930233
0.12202380952380952 0.9534883720930233
0.12190287413280476 0.9534883720930233
0.12178217821782178 0.9534883720930233
0.12166172106824925 0.9534883720930233
0.12154150197628459 0.9534883720930233
0.12142152023692004 0.9534883720930233
0.12130177514792899 0.9534883720930233
0.12118226600985221 0.9534883720930233
0.12106299212598425 0.9534883720930233
0.12094395280235988 0.9534883720930233
0.12082514734774066 0.9534883720930233
0.12070657507360157 0.9534883720930233
0.12058823529411765 0.9534883720930233
0.12047012732615084 0.9534883720930233
0.12035225048923678 0.9534883720930233
0.12023460410557185 0.9534883720930233
0.1201171875 0.9534883720930233
0.12 0.9534883720930233
0.11988304093567251 0.9534883720930233
0.11976630963972736 0.9534883720930233
0.11964980544747082 0.9534883720930233
0.119533527696793 0.9534883720930233
0.11941747572815534 0.9534883720930233
0.11930164888457807 0.9534883720930233
0.11918604651162791 0.9534883720930233
0.11907066795740562 0.9534883720930233
0.11895551257253385 0.9534883720930233
0.11884057971014493 0.9534883720930233
0.11872586872586872 0.9534883720930233
0.11861137897782063 0.9534883720930233
0.11849710982658959 0.9534883720930233
0.11838306063522618 0.9534883720930233
0.11826923076923077 0.9534883720930233
0.11815561959654179 0.9534883720930233
0.118042226487524 0.9534883720930233
0.11792905081495686 0.9534883720930233
0.11781609195402298 0.9534883720930233
0.11770334928229666 0.9534883720930233
0.11759082217973231 0.9534883720930233
0.1174785100286533 0.9534883720930233
0.11736641221374046 0.9534883720930233
0.11725452812202097 0.9534883720930233
0.11714285714285715 0.9534883720930233
0.1170313986679353 0.9534883720930233
0.11692015209125475 0.9534883720930233
0.1168091168091168 0.9534883720930233
0.11669829222011385 0.9534883720930233
0.11658767772511848 0.9534883720930233
0.11647727272727272 0.9534883720930233
0.11636707663197729 0.9534883720930233
0.11625708884688091 0.9534883720930233
0.11614730878186968 0.9534883720930233
0.1160377358490566 0.9534883720930233
0.11592836946277098 0.9534883720930233
0.11581920903954802 0.9534883720930233
0.11571025399811853 0.9534883720930233
0.1156015037593985 0.9534883720930233
0.11549295774647887 0.9534883720930233
0.11538461538461539 0.9534883720930233
0.11527647610121837 0.9534883720930233
0.1151685393258427 0.9534883720930233
0.11506080449017773 0.9534883720930233
0.11495327102803739 0.9534883720930233
0.11484593837535013 0.9534883720930233
0.11473880597014925 0.9534883720930233
0.11463187325256291 0.9534883720930233
0.11452513966480447 0.9534883720930233
0.1144186046511628 0.9534883720930233
0.11431226765799256 0.9534883720930233
0.11420612813370473 0.9534883720930233
0.11410018552875696 0.9534883720930233
0.11399443929564411 0.9534883720930233
0.11388888888888889 0.9534883720930233
0.11378353376503238 0.9534883720930233
0.11367837338262476 0.9534883720930233
0.11357340720221606 0.9534883720930233
0.11346863468634687 0.9534883720930233
0.11336405529953918 0.9534883720930233
0.1132596685082873 0.9534883720930233
0.11315547378104876 0.9534883720930233
0.1130514705882353 0.9534883720930233
0.11294765840220386 0.9534883720930233
0.11284403669724771 0.9534883720930233
0.11274060494958753 0.9534883720930233
0.11263736263736264 0.9534883720930233
0.11253430924062215 0.9534883720930233
0.11243144424131626 0.9534883720930233
0.11232876712328767 0.9534883720930233
0.11222627737226278 0.9534883720930233
0.11212397447584321 0.9534883720930233
0.11202185792349727 0.9534883720930233
0.11191992720655142 0.9534883720930233
0.11181818181818182 0.9534883720930233
0.11171662125340599 0.9534883720930233
0.11161524500907441 0.9534883720930233
0.1115140525838622 0.9534883720930233
0.11141304347826086 0.9534883720930233
0.11131221719457013 0.9534883720930233
0.1112115732368897 0.9534883720930233
0.1111111111111111 0.9534883720930233
0.11101083032490974 0.9534883720930233
0.1109107303877367 0.9534883720930233
0.11081081081081082 0.9534883720930233
0.11071107110711072 0.9534883720930233
0.11061151079136691 0.9534883720930233
0.1105121293800539 0.9534883720930233
0.11041292639138241 0.9534883720930233
0.11031390134529148 0.9534883720930233
0.11021505376344086 0.9534883720930233
0.11011638316920322 0.9534883720930233
0.11001788908765653 0.9534883720930233
0.10991957104557641 0.9534883720930233
0.10982142857142857 0.9534883720930233
0.10972346119536129 0.9534883720930233
0.10962566844919786 0.9534883720930233
0.10952804986642921 0.9534883720930233
0.1094306049822064 0.9534883720930233
0.10933333333333334 0.9534883720930233
0.10923623445825932 0.9534883720930233
0.10913930789707187 0.9534883720930233
0.10904255319148937 0.9534883720930233
0.10894596988485385 0.9534883720930233
0.1088495575221239 0.9534883720930233
0.10875331564986737 0.9534883720930233
0.10865724381625441 0.9534883720930233
0.10856134157105031 0.9534883720930233
0.10846560846560846 0.9534883720930233
0.10837004405286343 0.9534883720930233
0.10827464788732394 0.9534883720930233
0.10817941952506596 0.9534883720930233
0.10808435852372583 0.9534883720930233
0.10798946444249341 0.9534883720930233
0.10789473684210527 0.9534883720930233
0.10780017528483786 0.9534883720930233
0.10770577933450087 0.9534883720930233
0.10761154855643044 0.9534883720930233
0.10751748251748251 0.9534883720930233
0.10742358078602621 0.9534883720930233
0.10732984293193717 0.9534883720930233
0.10723626852659111 0.9534883720930233
0.10714285714285714 0.9534883720930233
0.10704960835509138 0.9534883720930233
0.10695652173913044 0.9534883720930233
0.10686359687228497 0.9534883720930233
0.10677083333333333 0.9534883720930233
0.10667823070251518 0.9534883720930233
0.10658578856152513 0.9534883720930233
0.10649350649350649 0.9534883720930233
0.10640138408304499 0.9534883720930233
0.1063094209161625 0.9534883720930233
0.10621761658031088 0.9534883720930233
0.10612597066436583 0.9534883720930233
0.1060344827586207 0.9534883720930233
0.10594315245478036 0.9534883720930233
0.10585197934595525 0.9534883720930233
0.1057609630266552 0.9534883720930233
0.1056701030927835 0.9534883720930233
0.1055793991416309 0.9534883720930233
0.10548885077186965 0.9534883720930233
0.10539845758354756 0.9534883720930233
0.1053082191780822 0.9534883720930233
0.10521813515825491 0.9534883720930233
0.10512820512820513 0.9534883720930233
0.10503842869342442 0.9534883720930233
0.10494880546075085 0.9534883720930233
0.10485933503836317 0.9534883720930233
0.10477001703577513 0.9534883720930233
0.1046808510638298 0.9534883720930233
0.10459183673469388 0.9534883720930233
0.10450297366185217 0.9534883720930233
0.10441426146010187 0.9534883720930233
0.10432569974554708 0.9534883720930233
0.10423728813559321 0.9534883720930233
0.10414902624894158 0.9534883720930233
0.10406091370558376 0.9534883720930233
0.10397295012679628 0.9534883720930233
0.10388513513513513 0.9534883720930233
0.10379746835443038 0.9534883720930233
0.10370994940978077 0.9534883720930233
0.10362257792754845 0.9534883720930233
0.10353535353535354 0.9534883720930233
0.10344827586206896 0.9534883720930233
0.10336134453781512 0.9534883720930233
0.10327455919395466 0.9534883720930233
0.10318791946308725 0.9534883720930233
0.10310142497904443 0.9534883720930233
0.10301507537688442 0.9534883720930233
0.10292887029288703 0.9534883720930233
0.1028428093645485 0.9534883720930233
0.10275689223057644 0.9534883720930233
0.10267111853088481 0.9534883720930233
0.10258548790658882 0.9534883720930233
0.1025 0.9534883720930233
0.10241465445462115 0.9534883720930233
0.10232945091514144 0.9534883720930233
0.10224438902743142 0.9534883720930233
0.10215946843853821 0.9534883720930233
0.1020746887966805 0.9534883720930233
0.10199004975124377 0.9534883720930233
0.10190555095277548 0.9534883720930233
0.10182119205298014 0.9534883720930233
0.10173697270471464 0.9534883720930233
0.10165289256198347 0.9534883720930233
0.10156895127993394 0.9534883720930233
0.10148514851485149 0.9534883720930233
0.10140148392415499 0.9534883720930233
0.1013179571663921 0.9534883720930233
0.10123456790123457 0.9534883720930233
0.10115131578947369 0.9534883720930233
0.10106820049301561 0.9534883720930233
0.10098522167487685 0.9534883720930233
0.10090237899917966 0.9534883720930233
0.10081967213114754 0.9534883720930233
0.10073710073710074 0.9534883720930233
0.10065466448445172 0.9534883720930233
0.10057236304170074 0.9534883720930233
0.10049019607843138 0.9534883720930233
0.10040816326530612 0.9534883720930233
0.100326264274062 0.9534883720930233
0.10024449877750612 0.9534883720930233
0.1001628664495114 0.9534883720930233
0.1000813669650122 0.9534883720930233
0.1 0.9534883720930233
0.09991876523151909 0.9534883720930233
0.09983766233766234 0.9534883720930233
0.09975669099756691 0.9534883720930233
0.09967585089141005 0.9534883720930233
0.09959514170040486 0.9534883720930233
0.09951456310679611 0.9534883720930233
0.09943411479385611 0.9534883720930233
0.09935379644588045 0.9534883720930233
0.09927360774818401 0.9534883720930233
0.09919354838709678 0.9534883720930233
0.0991136180499597 0.9534883720930233
0.09903381642512077 0.9534883720930233
0.09895414320193081 0.9534883720930233
0.09887459807073955 0.9534883720930233
0.09879518072289156 0.9534883720930233
0.09871589085072231 0.9534883720930233
0.09863672814755413 0.9534883720930233
0.0985576923076923 0.9534883720930233
0.09847878302642114 0.9534883720930233
0.0984 0.9534883720930233
0.09832134292565947 0.9534883720930233
0.09824281150159744 0.9534883720930233
0.09816440542697526 0.9534883720930233
0.09808612440191387 0.9534883720930233
0.09800796812749003 0.9534883720930233
0.09792993630573249 0.9534883720930233
0.09785202863961814 0.9534883720930233
0.09777424483306836 0.9534883720930233
0.0976965845909452 0.9534883720930233
0.09761904761904762 0.9534883720930233
0.09754163362410785 0.9534883720930233
0.09746434231378764 0.9534883720930233
0.09738717339667459 0.9534883720930233
0.09731012658227849 0.9534883720930233
0.09723320158102766 0.9534883720930233
0.0971563981042654 0.9534883720930233
0.09707971586424625 0.9534883720930233
0.09700315457413249 0.9534883720930233
0.09692671394799054 0.9534883720930233
0.09685039370078741 0.9534883720930233
0.0967741935483871 0.9534883720930233
0.09669811320754718 0.9534883720930233
0.09662215239591516 0.9534883720930233
0.09654631083202511 0.9534883720930233
0.09647058823529411 0.9534883720930233
0.09639498432601881 0.9534883720930233
0.09631949882537197 0.9534883720930233
0.09624413145539906 0.9534883720930233
0.09616888193901485 0.9534883720930233
0.09609375 0.9534883720930233
0.09601873536299765 0.9534883720930233
0.09594383775351015 0.9534883720930233
0.09586905689789556 0.9534883720930233
0.09579439252336448 0.9534883720930233
0.09571984435797666 0.9534883720930233
0.09564541213063764 0.9534883720930233
0.09557109557109557 0.9534883720930233
0.09549689440993789 0.9534883720930233
0.09542280837858805 0.9534883720930233
0.09534883720930233 0.9534883720930233
0.09527498063516654 0.9534883720930233
0.09520123839009288 0.9534883720930233
0.0951276102088167 0.9534883720930233
0.09505409582689335 0.9534883720930233
0.09498069498069497 0.9534883720930233
0.09490740740740741 0.9534883720930233
0.09483423284502698 0.9534883720930233
0.09476117103235747 0.9534883720930233
0.09468822170900693 0.9534883720930233
0.09461538461538462 0.9534883720930233
0.09454265949269793 0.9534883720930233
0.0944700460829493 0.9534883720930233
0.09439754412893323 0.9534883720930233
0.09432515337423313 0.9534883720930233
0.09425287356321839 0.9534883720930233
0.09418070444104135 0.9534883720930233
0.09410864575363427 0.9534883720930233
0.09403669724770643 0.9534883720930233
0.09396485867074103 0.9534883720930233
0.09389312977099237 0.9534883720930233
0.09382151029748284 0.9534883720930233
0.09375 0.9534883720930233
0.09367859862909368 0.9534883720930233
0.09360730593607305 0.9534883720930233
0.0935361216730038 0.9534883720930233
0.09346504559270517 0.9534883720930233
0.09339407744874716 0.9534883720930233
0.09332321699544764 0.9534883720930233
0.0932524639878696 0.9534883720930233
0.09318181818181819 0.9534883720930233
0.093111279333838 0.9534883720930233
0.09304084720121028 0.9534883720930233
0.09297052154195011 0.9534883720930233
0.09290030211480363 0.9534883720930233
0.09283018867924528 0.9534883720930233
0.09276018099547512 0.9534883720930233
0.09269027882441598 0.9534883720930233
0.09262048192771084 0.9534883720930233
0.09255079006772009 0.9534883720930233
0.0924812030075188 0.9534883720930233
0.09241172051089407 0.9534883720930233
0.09234234234234234 0.9534883720930233
0.09227306826706677 0.9534883720930233
0.09220389805097451 0.9534883720930233
0.09213483146067415 0.9534883720930233
0.09206586826347306 0.9534883720930233
0.09199700822737472 0.9534883720930233
0.09192825112107623 0.9534883720930233
0.09185959671396565 0.9534883720930233
0.09179104477611941 0.9534883720930233
0.09172259507829977 0.9534883720930233
0.09165424739195231 0.9534883720930233
0.09158600148920328 0.9534883720930233
0.09151785714285714 0.9534883720930233
0.09144981412639405 0.9534883720930233
0.0913818722139673 0.9534883720930233
0.09131403118040089 0.9534883720930233
0.09124629080118694 0.9534883720930233
0.09117865085248332 0.9534883720930233
0.09111111111111111 0.9534883720930233
0.09104367135455219 0.9534883720930233
0.09097633136094675 0.9534883720930233
0.09090909090909091 0.9534883720930233
0.09084194977843427 0.9534883720930233
0.0907749077490775 0.9534883720930233
0.09070796460176991 0.9534883720930233
0.09064112011790715 0.9534883720930233
0.09057437407952872 0.9534883720930233
0.09050772626931568 0.9534883720930233
0.09044117647058823 0.9534883720930233
0.09037472446730345 0.9534883720930233
0.09030837004405286 0.9534883720930233
0.09024211298606016 0.9534883720930233
0.09017595307917889 0.9534883720930233
0.09010989010989011 0.9534883720930233
0.09004392386530015 0.9534883720930233
0.08997805413313825 0.9534883720930233
0.08991228070175439 0.9534883720930233
0.08984660336011688 0.9534883720930233
0.08978102189781022 0.9534883720930233
0.08971553610503283 0.9534883720930233
0.08965014577259475 0.9534883720930233
0.08958485069191552 0.9534883720930233
0.08951965065502183 0.9534883720930233
0.08945454545454545 0.9534883720930233
0.08938953488372094 0.9534883720930233
0.08932461873638345 0.9534883720930233
0.08925979680696662 0.9534883720930233
0.08919506889050036 0.9534883720930233
0.0891304347826087 0.9534883720930233
0.0890658942795076 0.9534883720930233
0.08900144717800289 0.9534883720930233
0.08893709327548807 0.9534883720930233
0.0888728323699422 0.9534883720930233
0.0888086642599278 0.9534883720930233
0.08874458874458875 0.9534883720930233
0.08868060562364816 0.9534883720930233
0.08861671469740634 0.9534883720930233
0.08855291576673865 0.9534883720930233
0.08848920863309352 0.9534883720930233
0.0884255930984903 0.9534883720930233
0.08836206896551724 0.9534883720930233
0.0882986360373295 0.9534883720930233
0.08823529411764706 0.9534883720930233
0.08817204301075268 0.9534883720930233
0.08810888252148998 0.9534883720930233
0.08804581245526127 0.9534883720930233
0.08798283261802575 0.9534883720930233
0.08791994281629735 0.9534883720930233
0.08785714285714286 0.9534883720930233
0.08779443254817987 0.9534883720930233
0.0884450784593438 0.9612403100775194
0.08838203848895225 0.9612403100775194
0.08831908831908832 0.9612403100775194
0.08825622775800712 0.9612403100775194
0.08819345661450925 0.9612403100775194
0.08813077469793888 0.9612403100775194
0.08806818181818182 0.9612403100775194
0.0880056777856636 0.9612403100775194
0.08794326241134752 0.9612403100775194
0.08788093550673282 0.9612403100775194
0.08781869688385269 0.9612403100775194
0.08775654635527247 0.9612403100775194
0.0876944837340877 0.9612403100775194
0.08763250883392226 0.9612403100775194
0.08757062146892655 0.9612403100775194
0.08750882145377559 0.9612403100775194
0.08744710860366714 0.9612403100775194
0.08738548273431994 0.9612403100775194
0.08732394366197183 0.9612403100775194
0.08726249120337791 0.9612403100775194
0.08720112517580872 0.9612403100775194
0.08713984539704848 0.9612403100775194
0.08707865168539326 0.9612403100775194
0.08701754385964912 0.9612403100775194
0.08695652173913043 0.9612403100775194
0.08689558514365803 0.9612403100775194
0.08683473389355742 0.9612403100775194
0.0867739678096571 0.9612403100775194
0.08671328671328671 0.9612403100775194
0.08665269042627533 0.9612403100775194
0.08659217877094973 0.9612403100775194
0.08653175157013258 0.9612403100775194
0.08716875871687588 0.9689922480620154
0.08710801393728224 0.9689922480620154
0.08704735376044569 0.9689922480620154
0.08698677800974251 0.9689922480620154
0.08692628650904033 0.9689922480620154
0.08686587908269632 0.9689922480620154
0.08680555555555555 0.9689922480620154
0.08674531575294935 0.9689922480620154
0.08668515950069348 0.9689922480620154
0.08662508662508663 0.9689922480620154
0.0865650969529086 0.9689922480620154
0.08650519031141868 0.9689922480620154
0.08644536652835408 0.9689922480620154
0.08638562543192813 0.9689922480620154
0.08632596685082873 0.9689922480620154
0.0862663906142167 0.9689922480620154
0.08620689655172414 0.9689922480620154
0.08614748449345279 0.9689922480620154
0.08608815426997245 0.9689922480620154
0.08602890571231935 0.9689922480620154
0.0859697386519945 0.9689922480620154
0.0859106529209622 0.9689922480620154
0.08585164835164835 0.9689922480620154
0.08579272477693892 0.9689922480620154
0.08573388203017833 0.9689922480620154
0.08567511994516792 0.9689922480620154
0.08561643835616438 0.9689922480620154
0.08555783709787816 0.9689922480620154
0.08549931600547196 0.9689922480620154
0.08544087491455912 0.9689922480620154
0.08538251366120218 0.9689922480620154
0.08532423208191127 0.9689922480620154
0.08526603001364257 0.9689922480620154
0.08520790729379686 0.9689922480620154
0.08514986376021798 0.9689922480620154
0.08509189925119129 0.9689922480620154
0.08503401360544217 0.9689922480620154
0.0849762066621346 0.9689922480620154
0.08491847826086957 0.9689922480620154
0.08486082824168364 0.9689922480620154
0.08480325644504749 0.9689922480620154
0.0847457627118644 0.9689922480620154
0.08468834688346884 0.9689922480620154
0.08463100880162491 0.9689922480620154
0.08457374830852503 0.9689922480620154
0.08451656524678837 0.9689922480620154
0.08445945945945946 0.9689922480620154
0.08440243079000675 0.9689922480620154
0.08434547908232119 0.9689922480620154
0.08428860418071477 0.9689922480620154
0.08423180592991913 0.9689922480620154
0.08417508417508418 0.9689922480620154
0.08411843876177658 0.9689922480620154
0.08406186953597848 0.9689922480620154
0.08400537634408602 0.9689922480620154
0.08394895903290799 0.9689922480620154
0.08389261744966443 0.9689922480620154
0.08383635144198524 0.9689922480620154
0.08378016085790885 0.9689922480620154
0.08372404554588078 0.9689922480620154
0.08366800535475234 0.9689922480620154
0.08361204013377926 0.9689922480620154
0.08355614973262032 0.9689922480620154
0.08350033400133601 0.9689922480620154
0.08344459279038718 0.9689922480620154
0.08338892595063375 0.9689922480620154
0.08333333333333333 0.9689922480620154
0.0832778147901399 0.9689922480620154
0.08322237017310254 0.9689922480620154
0.08316699933466401 0.9689922480620154
0.08311170212765957 0.9689922480620154
0.08305647840531562 0.9689922480620154
0.08300132802124834 0.9689922480620154
0.08294625082946251 0.9689922480620154
0.08289124668435013 0.9689922480620154
0.0828363154406892 0.9689922480620154
0.08278145695364239 0.9689922480620154
0.0827266710787558 0.9689922480620154
0.08267195767195767 0.9689922480620154
0.08261731658955718 0.9689922480620154
0.08256274768824307 0.9689922480620154
0.08250825082508251 0.9689922480620154
0.08245382585751979 0.9689922480620154
0.08239947264337508 0.9689922480620154
0.08234519104084322 0.9689922480620154
0.08229098090849243 0.9689922480620154
0.08223684210526316 0.9689922480620154
0.08218277449046679 0.9689922480620154
0.0821287779237845 0.9689922480620154
0.08207485226526592 0.9689922480620154
0.08202099737532809 0.9689922480620154
0.08196721311475409 0.9689922480620154
0.08191349934469201 0.9689922480620154
0.08185985592665357 0.9689922480620154
0.08180628272251309 0.9689922480620154
0.08175277959450622 0.9689922480620154
0.08169934640522876 0.9689922480620154
0.08164598301763554 0.9689922480620154
0.08159268929503917 0.9689922480620154
0.08153946510110893 0.9689922480620154
0.08148631029986962 0.9689922480620154
0.08143322475570032 0.9689922480620154
0.08138020833333333 0.9689922480620154
0.08132726089785296 0.9689922480620154
0.0812743823146944 0.9689922480620154
0.08122157244964262 0.9689922480620154
0.08116883116883117 0.9689922480620154
0.08111615833874107 0.9689922480620154
0.08106355382619974 0.9689922480620154
0.08101101749837979 0.9689922480620154
0.08095854922279792 0.9689922480620154
0.08090614886731391 0.9689922480620154
0.08085381630012936 0.9689922480620154
0.08080155138978669 0.9689922480620154
0.08074935400516796 0.9689922480620154
0.08069722401549387 0.9689922480620154
0.08064516129032258 0.9689922480620154
0.08059316569954868 0.9689922480620154
0.08054123711340207 0.9689922480620154
0.08048937540244688 0.9689922480620154
0.08043758043758044 0.9689922480620154
0.08038585209003216 0.9689922480620154
0.08033419023136247 0.9689922480620154
0.08028259473346179 0.9689922480620154
0.08023106546854943 0.9689922480620154
0.08017960230917255 0.9689922480620154
0.08012820512820513 0.9689922480620154
0.0800768737988469 0.9689922480620154
0.08002560819462227 0.9689922480620154
0.0799744081893794 0.9689922480620154
0.079923273657289 0.9689922480620154
0.07987220447284345 0.9689922480620154
0.07982120051085569 0.9689922480620154
0.0797702616464582 0.9689922480620154
0.07971938775510204 0.9689922480620154
0.07966857871255577 0.9689922480620154
0.07961783439490445 0.9689922480620154
0.07956715467854869 0.9689922480620154
0.07951653944020357 0.9689922480620154
0.08010171646535283 0.9767441860465116
0.08005082592121983 0.9767441860465116
0.08 0.9767441860465116
0.0799492385786802 0.9767441860465116
0.07989854153455929 0.9767441860465116
0.07984790874524715 0.9767441860465116
0.07979734008866371 0.9767441860465116
0.07974683544303797 0.9767441860465116
0.07969639468690702 0.9767441860465116
0.07964601769911504 0.9767441860465116
0.07959570435881239 0.9767441860465116
0.07954545454545454 0.9767441860465116
0.07949526813880126 0.9767441860465116
0.07944514501891552 0.9767441860465116
0.07939508506616257 0.9767441860465116
0.07934508816120907 0.9767441860465116
0.07929515418502203 0.9767441860465116
0.07924528301886792 0.9767441860465116
0.07919547454431175 0.9767441860465116
0.07914572864321608 0.9767441860465116
0.07909604519774012 0.9767441860465116
0.07904642409033877 0.9767441860465116
0.07899686520376176 0.9767441860465116
0.07894736842105263 0.9767441860465116
0.07889793362554791 0.9767441860465116
0.07884856070087609 0.9767441860465116
0.07879924953095685 0.9767441860465116
0.07875 0.9767441860465116
0.07870081199250469 0.9767441860465116
0.07865168539325842 0.9767441860465116
0.07860262008733625 0.9767441860465116
0.07855361596009976 0.9767441860465116
0.07850467289719626 0.9767441860465116
0.0784557907845579 0.9767441860465116
0.07840696950840075 0.9767441860465116
0.07835820895522388 0.9767441860465116
0.07830950901180858 0.9767441860465116
0.0782608695652174 0.9767441860465116
0.0782122905027933 0.9767441860465116
0.07816377171215881 0.9767441860465116
0.07811531308121512 0.9767441860465116
0.07806691449814127 0.9767441860465116
0.07801857585139318 0.9767441860465116
0.07797029702970297 0.9767441860465116
0.07792207792207792 0.9767441860465116
0.07787391841779975 0.9767441860465116
0.07782581840642372 0.9767441860465116
0.07777777777777778 0.9767441860465116
0.07772979642196175 0.9767441860465116
0.07768187422934648 0.9767441860465116
0.07763401109057301 0.9767441860465116
0.07758620689655173 0.9767441860465116
0.07753846153846154 0.9767441860465116
0.07749077490774908 0.9767441860465116
0.07744314689612784 0.9767441860465116
0.0773955773955774 0.9767441860465116
0.07734806629834254 0.9767441860465116
0.07730061349693251 0.9767441860465116
0.07725321888412018 0.9767441860465116
0.07720588235294118 0.9767441860465116
0.0771586037966932 0.9767441860465116
0.07711138310893513 0.9767441860465116
0.07706422018348624 0.9767441860465116
0.07701711491442542 0.9767441860465116
0.07697006719609041 0.9767441860465116
0.07692307692307693 0.9767441860465116
0.07687614399023796 0.9767441860465116
0.07682926829268293 0.9767441860465116
0.07678244972577697 0.9767441860465116
0.07673568818514007 0.9767441860465116
0.07668898356664638 0.9767441860465116
0.07664233576642336 0.9767441860465116
0.07659574468085106 0.9767441860465116
0.07654921020656136 0.9767441860465116
0.07650273224043716 0.9767441860465116
0.07645631067961164 0.9767441860465116
0.07640994542146756 0.9767441860465116
0.07636363636363637 0.9767441860465116
0.07631738340399757 0.9767441860465116
0.07627118644067797 0.9767441860465116
0.07622504537205081 0.9767441860465116
0.0761789600967352 0.9767441860465116
0.07613293051359517 0.9767441860465116
0.07608695652173914 0.9767441860465116
0.07604103802051901 0.9767441860465116
0.07599517490952955 0.9767441860465116
0.0759493670886076 0.9767441860465116
0.07590361445783132 0.9767441860465116
0.07585791691751957 0.9767441860465116
0.07581227436823104 0.9767441860465116
0.07576668671076368 0.9767441860465116
0.07572115384615384 0.9767441860465116
0.07567567567567568 0.9767441860465116
0.07563025210084033 0.9767441860465116
0.07558488302339532 0.9767441860465116
0.07553956834532374 0.9767441860465116
0.07549430796884361 0.9767441860465116
0.07544910179640718 0.9767441860465116
0.07540394973070018 0.9767441860465116
0.07535885167464115 0.9767441860465116
0.07531380753138076 0.9767441860465116
0.07526881720430108 0.9767441860465116
0.07522388059701493 0.9767441860465116
0.07517899761336516 0.9767441860465116
0.07513416815742398 0.9767441860465116
0.07508939213349225 0.9767441860465116
0.07504466944609887 0.9767441860465116
0.075 0.9767441860465116
0.07495538370017847 0.9767441860465116
0.07491082045184304 0.9767441860465116
0.0754604872251931 0.9844961240310077
0.07541567695961995 0.9844961240310077
0.07537091988130563 0.9844961240310077
0.0753262158956109 0.9844961240310077
0.07528156490812092 0.9844961240310077
0.07523696682464455 0.9844961240310077
0.07519242155121374 0.9844961240310077
0.07514792899408285 0.9844961240310077
0.07510348905972797 0.9844961240310077
0.07505910165484633 0.9844961240310077
0.07501476668635558 0.9844961240310077
0.07497048406139316 0.9844961240310077
0.07492625368731563 0.9844961240310077
0.07488207547169812 0.9844961240310077
0.07483794932233354 0.9844961240310077
0.07479387514723204 0.9844961240310077
0.07474985285462037 0.9844961240310077
0.07470588235294118 0.9844961240310077
0.07466196355085244 0.9844961240310077
0.0746180963572268 0.9844961240310077
0.0745742806811509 0.9844961240310077
0.07453051643192488 0.9844961240310077
0.07448680351906159 0.9844961240310077
0.07444314185228605 0.9844961240310077
0.07439953134153486 0.9844961240310077
0.0743559718969555 0.9844961240310077
0.0743124634289058 0.9844961240310077
0.07426900584795322 0.9844961240310077
0.07422559906487435 0.9844961240310077
0.0741822429906542 0.9844961240310077
0.07413893753648569 0.9844961240310077
0.07409568261376896 0.9844961240310077
0.07405247813411078 0.9844961240310077
0.07400932400932402 0.9844961240310077
0.07396622015142691 0.9844961240310077
0.0739231664726426 0.9844961240310077
0.07388016288539849 0.9844961240310077
0.07383720930232558 0.9844961240310077
0.073794305636258 0.9844961240310077
0.07375145180023229 0.9844961240310077
0.07370864770748695 0.9844961240310077
0.07366589327146171 0.9844961240310077
0.0736231884057971 0.9844961240310077
0.07358053302433372 0.9844961240310077
0.07353792704111176 0.9844961240310077
0.07349537037037036 0.9844961240310077
0.07345286292654714 0.9844961240310077
0.07341040462427746 0.9844961240310077
0.07336799537839399 0.9844961240310077
0.07332563510392609 0.9844961240310077
0.07328332371609925 0.9844961240310077
0.07324106113033449 0.9844961240310077
0.07319884726224783 0.9844961240310077
0.07315668202764977 0.9844961240310077
0.07311456534254462 0.9844961240310077
0.07307249712313003 0.9844961240310077
0.07303047728579644 0.9844961240310077
0.07298850574712644 0.9844961240310077
0.07294658242389432 0.9844961240310077
0.07290470723306544 0.9844961240310077
0.07286288009179576 0.9844961240310077
0.07282110091743119 0.9844961240310077
0.07277936962750717 0.9844961240310077
0.072737686139748 0.9844961240310077
0.0726960503720664 0.9844961240310077
0.07265446224256293 0.9844961240310077
0.07261292166952545 0.9844961240310077
0.07257142857142856 0.9844961240310077
0.07252998286693318 0.9844961240310077
0.07248858447488585 0.9844961240310077
0.07244723331431831 0.9844961240310077
0.07240592930444698 0.9844961240310077
0.07236467236467237 0.9844961240310077
0.07232346241457858 0.9844961240310077
0.07228229937393284 0.9844961240310077
0.07224118316268487 0.9844961240310077
0.07220011370096646 0.9844961240310077
0.07215909090909091 0.9844961240310077
0.07211811470755253 0.9844961240310077
0.0720771850170261 0.9844961240310077
0.07203630175836642 0.9844961240310077
0.07199546485260772 0.9844961240310077
0.07195467422096317 0.9844961240310077
0.07191392978482446 0.9844961240310077
0.07187323146576118 0.9844961240310077
0.07183257918552036 0.9844961240310077
0.071791972866026 0.9844961240310077
0.07175141242937853 0.9844961240310077
0.07171089779785432 0.9844961240310077
0.0716704288939052 0.9844961240310077
0.07163000564015792 0.9844961240310077
0.07158962795941376 0.9844961240310077
0.07154929577464789 0.9844961240310077
0.07150900900900901 0.9844961240310077
0.0714687675858188 0.9844961240310077
0.07142857142857142 0.9844961240310077
0.0713884204609331 0.9844961240310077
0.07134831460674157 0.9844961240310077
0.07130825379000562 0.9844961240310077
0.0712682379349046 0.9844961240310077
0.071228266965788 0.9844961240310077
0.07118834080717489 0.9844961240310077
0.0711484593837535 0.9844961240310077
0.07110862262038074 0.9844961240310077
0.0710688304420817 0.9844961240310077
0.07102908277404922 0.9844961240310077
0.07098937954164337 0.9844961240310077
0.07094972067039106 0.9844961240310077
0.07091010608598548 0.9844961240310077
0.07087053571428571 0.9844961240310077
0.07083100948131622 0.9844961240310077
0.07079152731326645 0.9844961240310077
0.07075208913649025 0.9844961240310077
0.07071269487750557 0.9844961240310077
0.07067334446299388 0.9844961240310077
0.07063403781979978 0.9844961240310077
0.07059477487493052 0.9844961240310077
0.07055555555555555 0.9844961240310077
0.07051637978900611 0.9844961240310077
0.07047724750277469 0.9844961240310077
0.0704381586245147 0.9844961240310077
0.07039911308203992 0.9844961240310077
0.0703601108033241 0.9844961240310077
0.07032115171650055 0.9844961240310077
0.07028223574986164 0.9844961240310077
0.0702433628318584 0.9844961240310077
0.07020453289110005 0.9844961240310077
0.07016574585635359 0.9844961240310077
0.07012700165654334 0.9844961240310077
0.07008830022075055 0.9844961240310077
0.07004964147821291 0.9844961240310077
0.07001102535832414 0.9844961240310077
0.0699724517906336 0.9844961240310077
0.06993392070484582 0.9844961240310077
0.06989543203082003 0.9844961240310077
0.06985698569856985 0.9844961240310077
0.06981858163826278 0.9844961240310077
0.06978021978021978 0.9844961240310077
0.06974190005491489 0.9844961240310077
0.06970362239297476 0.9844961240310077
0.06966538672517827 0.9844961240310077
0.06962719298245613 0.9844961240310077
0.06958904109589041 0.9844961240310077
0.06955093099671412 0.9844961240310077
0.06951286261631089 0.9844961240310077
0.06947483588621445 0.9844961240310077
0.06943685073810825 0.9844961240310077
0.06939890710382514 0.9844961240310077
0.0693610049153468 0.9844961240310077
0.06932314410480349 0.9844961240310077
0.06928532460447354 0.9844961240310077
0.06924754634678298 0.9844961240310077
0.06920980926430517 0.9844961240310077
0.06917211328976035 0.9844961240310077
0.06913445835601524 0.9844961240310077
0.0690968443960827 0.9844961240310077
0.06905927134312126 0.9844961240310077
0.06902173913043479 0.9844961240310077
0.06898424769147203 0.9844961240310077
0.06894679695982628 0.9844961240310077
0.06890938686923494 0.9844961240310077
0.06887201735357917 0.9844961240310077
0.06883468834688347 0.9844961240310077
0.06879739978331528 0.9844961240310077
0.06876015159718463 0.9844961240310077
0.06872294372294373 0.9844961240310077
0.06868577609518658 0.9844961240310077
0.06864864864864866 0.9844961240310077
0.06861156131820638 0.9844961240310077
0.06857451403887689 0.9844961240310077
0.06853750674581759 0.9844961240310077
0.06850053937432578 0.9844961240310077
0.06846361185983828 0.9844961240310077
0.06842672413793104 0.9844961240310077
0.0683898761443188 0.9844961240310077
0.06835306781485469 0.9844961240310077
0.06831629908552986 0.9844961240310077
0.06827956989247312 0.9844961240310077
0.06824288017195057 0.9844961240310077
0.0682062298603652 0.9844961240310077
0.06816961889425657 0.9844961240310077
0.06813304721030043 0.9844961240310077
0.06809651474530831 0.9844961240310077
0.06806002143622722 0.9844961240310077
0.06802356722013926 0.9844961240310077
0.06798715203426124 0.9844961240310077
0.06795077581594436 0.9844961240310077
0.0679144385026738 0.9844961240310077
0.06787814003206841 0.9844961240310077
0.06784188034188034 0.9844961240310077
0.06780565936999466 0.9844961240310077
0.06776947705442903 0.9844961240310077
0.06773333333333334 0.9844961240310077
0.06769722814498934 0.9844961240310077
0.06766116142781034 0.9844961240310077
0.06762513312034078 0.9844961240310077
0.06758914316125599 0.9844961240310077
0.0675531914893617 0.9844961240310077
0.06751727804359384 0.9844961240310077
0.06748140276301806 0.9844961240310077
0.06744556558682953 0.9844961240310077
0.06740976645435244 0.9844961240310077
0.06737400530503979 0.9844961240310077
0.06733828207847296 0.9844961240310077
0.06730259671436142 0.9844961240310077
0.06726694915254237 0.9844961240310077
0.06723133933298041 0.9844961240310077
0.0671957671957672 0.9844961240310077
0.0671602326811211 0.9844961240310077
0.06712473572938689 0.9844961240310077
0.06708927628103539 0.9844961240310077
0.06705385427666315 0.9844961240310077
0.06701846965699208 0.9844961240310077
0.0669831223628692 0.9844961240310077
0.06694781233526621 0.9844961240310077
0.06691253951527924 0.9844961240310077
0.06687730384412849 0.9844961240310077
0.0668421052631579 0.9844961240310077
0.06680694371383482 0.9844961240310077
0.06677181913774974 0.9844961240310077
0.06673673147661587 0.9844961240310077
0.0667016806722689 0.9844961240310077
0.06666666666666667 0.9844961240310077
0.06663168940188877 0.9844961240310077
0.06659674882013635 0.9844961240310077
0.06656184486373165 0.9844961240310077
0.06652697747511786 0.9844961240310077
0.06649214659685863 0.9844961240310077
0.06645735217163788 0.9844961240310077
0.06642259414225941 0.9844961240310077
0.06638787245164662 0.9844961240310077
0.06635318704284221 0.9844961240310077
0.06631853785900783 0.9844961240310077
0.0662839248434238 0.9844961240310077
0.06624934793948878 0.9844961240310077
0.0662148070907195 0.9844961240310077
0.06618030224075039 0.9844961240310077
0.06614583333333333 0.9844961240310077
0.06611140031233732 0.9844961240310077
0.06607700312174818 0.9844961240310077
0.06604264170566823 0.9844961240310077
0.06600831600831601 0.9844961240310077
0.06597402597402598 0.9844961240310077
0.06593977154724819 0.9844961240310077
0.065905552672548 0.9844961240310077
0.06587136929460581 0.9844961240310077
0.0658372213582167 0.9844961240310077
0.06580310880829016 0.9844961240310077
0.06576903158984981 0.9844961240310077
0.06573498964803312 0.9844961240310077
0.06570098292809105 0.9844961240310077
0.0656670113753878 0.9844961240310077
0.06563307493540052 0.9844961240310077
0.06559917355371901 0.9844961240310077
0.06556530717604543 0.9844961240310077
0.06553147574819401 0.9844961240310077
0.06549767921609077 0.9844961240310077
0.0654639175257732 0.9844961240310077
0.06543019062339 0.9844961240310077
0.06539649845520082 0.9844961240310077
0.06536284096757591 0.9844961240310077
0.06532921810699588 0.9844961240310077
0.06529562982005141 0.9844961240310077
0.06526207605344296 0.9844961240310077
0.06522855675398048 0.9844961240310077
0.06519507186858316 0.9844961240310077
0.06516162134427912 0.9844961240310077
0.06512820512820512 0.9844961240310077
0.06509482316760636 0.9844961240310077
0.06506147540983606 0.9844961240310077
0.06502816180235535 0.9844961240310077
0.06499488229273286 0.9844961240310077
0.0649616368286445 0.9844961240310077
0.06492842535787322 0.9844961240310077
0.06489524782830863 0.9844961240310077
0.06486210418794688 0.9844961240310077
0.06482899438489025 0.9844961240310077
0.06479591836734694 0.9844961240310077
0.0647628760836308 0.9844961240310077
0.06472986748216106 0.9844961240310077
0.06469689251146205 0.9844961240310077
0.06466395112016293 0.9844961240310077
0.06463104325699745 0.9844961240310077
0.06459816887080366 0.9844961240310077
0.06456532791052363 0.9844961240310077
0.06453252032520325 0.9844961240310077
0.06449974606399188 0.9844961240310077
0.06446700507614213 0.9844961240310077
0.06443429731100964 0.9844961240310077
0.06440162271805273 0.9844961240310077
0.06436898124683224 0.9844961240310077
0.06433637284701114 0.9844961240310077
0.06430379746835443 0.9844961240310077
0.06427125506072874 0.9844961240310077
0.06423874557410217 0.9844961240310077
0.06420626895854398 0.9844961240310077
0.06417382516422436 0.9844961240310077
0.06414141414141414 0.9844961240310077
0.06410903584048461 0.9844961240310077
0.06407669021190716 0.9844961240310077
0.06404437720625315 0.9844961240310077
0.06401209677419355 0.9844961240310077
0.06397984886649874 0.9844961240310077
0.06394763343403827 0.9844961240310077
0.06391545042778057 0.9844961240310077
0.06388329979879276 0.9844961240310077
0.06385118149824032 0.9844961240310077
0.06381909547738693 0.9844961240310077
0.06378704168759418 0.9844961240310077
0.06375502008032129 0.9844961240310077
0.06372303060712493 0.9844961240310077
0.06369107321965897 0.9844961240310077
0.06365914786967418 0.9844961240310077
0.06362725450901803 0.9844961240310077
0.06359539308963445 0.9844961240310077
0.06356356356356356 0.9844961240310077
0.06353176588294147 0.9844961240310077
0.0635 0.9844961240310077
0.06346826586706647 0.9844961240310077
0.06343656343656344 0.9844961240310077
0.06340489266100849 0.9844961240310077
0.06337325349301397 0.9844961240310077
0.06334164588528678 0.9844961240310077
0.06331006979062812 0.9844961240310077
0.06327852516193323 0.9844961240310077
0.06324701195219123 0.9844961240310077
0.06321553011448482 0.9844961240310077
0.06318407960199005 0.9844961240310077
0.06315266036797614 0.9844961240310077
0.06312127236580517 0.9844961240310077
0.06308991554893194 0.9844961240310077
0.06305858987090368 0.9844961240310077
0.0630272952853598 0.9844961240310077
0.06299603174603174 0.9844961240310077
0.06296479920674268 0.9844961240310077
0.06293359762140734 0.9844961240310077
0.0629024269440317 0.9844961240310077
0.06287128712871287 0.9844961240310077
0.0628401781296388 0.9844961240310077
0.06280909990108803 0.9844961240310077
0.06277805239742956 0.9844961240310077
0.06274703557312253 0.9844961240310077
0.06271604938271605 0.9844961240310077
0.06268509378084897 0.9844961240310077
0.06265416872224963 0.9844961240310077
0.0626232741617357 0.9844961240310077
0.0625924100542139 0.9844961240310077
0.06256157635467981 0.9844961240310077
0.06253077301821763 0.9844961240310077
0.0625 0.9844961240310077
0.06246925725528775 0.9844961240310077
0.0624385447394297 0.9844961240310077
0.062407862407862405 0.9844961240310077
0.06237721021611002 0.9844961240310077
0.062346588119784 0.9844961240310077
0.06231599607458292 0.9844961240310077
0.0622854340362923 0.9844961240310077
0.062254901960784315 0.9844961240310077
0.06222439980401764 0.9844961240310077
0.062193927522037215 0.9844961240310077
0.06216348507097406 0.9844961240310077
0.062133072407045006 0.9844961240310077
0.062102689486552565 0.9844961240310077
0.06207233626588465 0.9844961240310077
0.06204201270151441 0.9844961240310077
0.06201171875 0.9844961240310077
0.061981454367984384 0.9844961240310077
0.06195121951219512 0.9844961240310077
0.061921014139444175 0.9844961240310077
0.06189083820662768 0.9844961240310077
0.06186069167072577 0.9844961240310077
0.06183057448880234 0.9844961240310077
0.061800486618004864 0.9844961240310077
0.061770428015564205 0.9844961240310077
0.06174039863879436 0.9844961240310077
0.061710398445092324 0.9844961240310077
0.06168042739193783 0.9844961240310077
0.06165048543689321 0.9844961240310077
0.061620572537603106 0.9844961240310077
0.06159068865179437 0.9844961240310077
0.06156083373727581 0.9844961240310077
0.06153100775193798 0.9844961240310077
0.061501210653753025 0.9844961240310077
0.06147144240077444 0.9844961240310077
0.06144170295113691 0.9844961240310077
0.06141199226305609 0.9844961240310077
0.06138231029482842 0.9844961240310077
0.06135265700483092 0.9844961240310077
0.061323032351521006 0.9844961240310077
0.061293436293436296 0.9844961240310077
0.0612638687891944 0.9844961240310077
0.06123432979749277 0.9844961240310077
0.061204819277108434 0.9844961240310077
0.06117533718689788 0.9844961240310077
0.061145883485796824 0.9844961240310077
0.06111645813282002 0.9844961240310077
0.061087061087061086 0.9844961240310077
0.061057692307692306 0.9844961240310077
0.06102835175396444 0.9844961240310077
0.06099903938520653 0.9844961240310077
0.060969755160825735 0.9844961240310077
0.0609404990403071 0.9844961240310077
0.06091127098321343 0.9844961240310077
0.060882070949185046 0.9844961240310077
0.06085289889793963 0.9844961240310077
0.06082375478927203 0.9844961240310077
0.060794638583054096 0.9844961240310077
0.06076555023923445 0.9844961240310077
0.060736489717838356 0.9844961240310077
0.0607074569789675 0.9844961240310077
0.06067845198279981 0.9844961240310077
0.060649474689589304 0.9844961240310077
0.06062052505966587 0.9844961240310077
0.06059160305343511 0.9844961240310077
0.06056270863137816 0.9844961240310077
0.06053384175405148 0.9844961240310077
0.060505002382086705 0.9844961240310077
0.060476190476190475 0.9844961240310077
0.06044740599714422 0.9844961240310077
0.060418648905804 0.9844961240310077
0.06038991916310033 0.9844961240310077
0.060361216730038025 0.9844961240310077
0.06033254156769596 0.9844961240310077
0.06030389363722697 0.9844961240310077
0.06027527289985762 0.9844961240310077
0.06024667931688805 0.9844961240310077
0.0602181128496918 0.9844961240310077
0.06018957345971564 0.9844961240310077
0.060161061108479394 0.9844961240310077
0.06013257575757576 0.9844961240310077
0.060104117368670135 0.9844961240310077
0.06007568590350047 0.9844961240310077
0.06004728132387707 0.9844961240310077
0.06001890359168242 0.9844961240310077
0.059990552668871044 0.9844961240310077
0.05996222851746931 0.9844961240310077
0.059933931099575274 0.9844961240310077
0.05990566037735849 0.9844961240310077
0.05987741631305988 0.9844961240310077
0.05984919886899152 0.9844961240310077
0.05982100800753651 0.9844961240310077
0.059792843691148775 0.9844961240310077
0.05976470588235294 0.9844961240310077
0.05973659454374412 0.9844961240310077
0.059708509637987774 0.9844961240310077
0.05968045112781955 0.9844961240310077
0.05965241897604509 0.9844961240310077
0.05962441314553991 0.9844961240310077
0.059596433599249175 0.9844961240310077
0.05956848030018762 0.9844961240310077
0.059540553211439286 0.9844961240310077
0.05951265229615745 0.9844961240310077
0.059484777517564404 0.9844961240310077
0.05945692883895131 0.9844961240310077
0.05942910622367805 0.9844961240310077
0.05940130963517306 0.9844961240310077
0.05937353903693315 0.9844961240310077
0.05934579439252336 0.9844961240310077
0.059318075665576835 0.9844961240310077
0.05929038281979458 0.9844961240310077
0.059262715818945405 0.9844961240310077
0.05923507462686567 0.9844961240310077
0.05920745920745921 0.9844961240310077
0.05917986952469711 0.9844961240310077
