8684 741
8684 740
741 5242
741 8684
741 8685
741 6904
741 6914
741 740
741 8689
741 742
741 737
741 6916
8685 741
741 159
7991 4780
7991 1812
7991 3103
7991 830
7991 4174
7991 9456
7991 1513
7991 185
7991 70
7991 4816
7991 1255
7991 3754
7991 4554
7991 4483
7991 7805
7991 4187
7991 2233
7991 1488
7991 54
7991 5512
7991 771
7991 14180
7991 4958
7991 6202
7991 4444
7991 2742
7991 107
7991 105
741 8687
741 8691
741 6909
741 6915
741 6910
741 6911
741 8686
741 6899
741 8688
741 8690
6909 741
6911 741
8690 741
8689 741
7991 872
7991 582
7991 164
6904 741
6904 6914
6916 741
6916 6914
6916 6353
6904 678
8688 165
14180 7991
14180 261
737 740
737 741
742 740
742 741
8689 1621
6914 6904
6914 741
6914 6906
6914 6916
6914 6917
6910 741
8688 741
14180 11735
6914 4483
6914 2554
6910 5242
6910 1024
8689 12744
737 742
742 737
6915 2554
6915 4483
8687 741
8687 740
737 738
737 739
737 539
742 738
742 739
742 539
6915 741
8687 8277
8687 11209
8687 8691
6915 1024
6915 5242
8686 2414
8686 2417
8686 8673
15715 9395
740 1614
740 3103
740 2457
740 5505
740 149
740 11881
740 175
740 3089
740 96
740 5520
740 991
740 158
740 456
740 2799
740 160
740 6093
740 3099
740 771
740 231
740 737
740 6257
740 5516
740 5571
740 10315
740 14645
740 3427
740 685
740 93
740 9272
740 11875
740 5808
740 5527
740 1803
740 1554
740 6083
740 1555
740 12452
740 15715
740 1649
740 41
740 105
740 5532
740 4373
740 4595
740 5170
740 2559
740 5538
740 3458
740 3453
740 1381
740 5540
740 524
740 2171
740 7604
740 5509
740 4800
740 9521
740 5523
740 4728
740 4487
740 11931
740 3102
740 2233
740 199
740 1621
740 741
740 13153
740 4667
740 2370
740 7519
740 554
740 206
740 207
740 8497
740 5555
740 3545
740 10921
740 885
740 3091
740 407
740 5512
740 742
740 569
740 106
740 5557
740 4581
740 13883
740 1255
740 9339
740 3494
740 3138
6899 15496
6899 4483
6899 16952
6899 16287
6899 2554
6899 2061
6899 17042
8687 6065
14645 680
740 123
8686 4478
740 3485
740 1305
740 4801
740 1625
740 2999
740 1160
740 1025
740 10316
740 10294
740 10321
15496 6899
16952 6899
17042 6899
740 1136
5242 741
8686 2384
740 10334
740 2053
740 678
740 165
740 13875
740 2527
740 494
740 401
740 9523
740 2988
740 115
740 2017
6899 165
6899 5216
5242 4483
5242 2554
740 11693
8691 96
8691 4483
8691 5431
8691 6534
8691 6065
8691 2554
8691 95
8691 3433
8691 3318
8691 7455
8686 4483
8686 2554
8686 741
740 4494
740 4479
740 8691
740 4480
740 8684
740 4490
740 3106
740 4492
740 4482
740 8687
740 8670
740 4491
740 4495
740 4486
740 4484
740 4489
740 4493
5242 165
740 11820
740 3428
740 14966
6899 741
16287 6899
6917 8743
6917 6914
6917 1866
6917 6906
12744 604
12744 4764
8691 172
740 4174
740 100
740 5327
740 1067
740 3098
740 83
740 176
740 3928
740 6670
740 5530
740 9276
740 3083
740 3564
740 872
740 3843
740 5228
740 9524
740 2742
740 1495
740 1416
740 16901
740 12003
740 1553
740 3437
740 5828
740 1246
740 2055
740 1141
8691 741
6917 4483
6917 2554
8691 740
5242 5241
5242 13337
5242 6898
5242 11207
5242 14926
5242 16876
5242 12157
5242 9728
5242 11123
5242 9637
5242 11917
5242 13124
5242 7797
5242 82
5242 923
5242 2582
5242 774
5242 1406
5242 7531
5242 10773
5242 8151
5242 3775
5242 6910
5242 15096
5242 8589
5242 5467
5242 7535
5242 10306
5242 5096
5242 6915
5242 10305
5242 9233
10316 93
10316 96
16876 5242
740 1780
8691 8687
10321 5259
10321 96
11931 11930
11931 740
11931 1823
10316 107
8691 68
8691 2226
8691 56
8691 2244
8691 2236
13883 177
13883 16090
13883 96
13883 3494
16287 5874
11735 13814
11735 15030
11735 10298
5530 2554
10321 107
13875 4483
13875 159
5512 656
5512 7266
5512 93
5512 268
5512 206
5512 9456
5512 6737
5512 524
5512 96
5512 1605
5512 6521
5512 2171
5512 2571
5512 3138
5512 173
5512 4456
5512 7555
5512 653
5512 5523
5512 160
5512 5130
5512 208
5512 5018
5512 664
5512 3629
5512 7991
5512 9460
5512 199
5512 105
5512 5509
5512 158
5512 3670
5512 672
5512 947
5512 3494
5512 2211
5512 508
5512 7648
5512 207
261 14180
261 7991
12744 6523
12744 5729
771 4320
771 4667
771 524
771 96
771 620
771 5520
771 2171
771 1803
771 199
771 1923
771 6083
771 7436
771 107
771 1381
771 7991
771 2233
771 1649
771 6093
771 231
771 105
771 1555
771 2554
771 1416
771 1612
5241 648
11735 1555
11735 10701
11735 225
10316 158
5512 662
11735 685
11735 700
11735 14180
11735 5231
1812 4793
1812 299
1812 7066
1812 1488
1812 7805
1812 6202
1812 3978
1812 1513
1812 6248
1812 693
1812 4551
1812 70
1812 4816
1812 3754
1812 4780
1812 4187
1812 963
1812 7984
1812 7986
1812 2906
1812 5735
1812 1472
1812 7991
1812 4444
1812 2742
1812 54
1812 9269
1812 784
1812 115
1812 715
1812 6811
1812 6136
1812 4958
1812 1587
13875 2554
13875 740
10321 158
11820 5527
5512 271
5512 669
5512 2664
1812 5050
4554 13814
4554 9711
4554 3103
4554 406
4554 4174
4554 15030
4554 4458
4554 3232
4554 6673
4554 10501
4554 1814
4554 5287
4554 4841
4554 682
4554 8449
4554 54
4554 5218
4554 1659
4554 9669
4554 11816
4554 4187
4554 7991
4554 6884
4554 2742
4554 4471
4554 1525
4554 15175
4554 558
4554 4559
4554 4201
4554 6251
4554 5231
4554 1195
4554 4593
4554 4676
4554 12473
771 100
771 3090
771 106
15096 5242
15096 1024
16901 740
16901 159
159 165
159 6077
159 1851
159 1614
159 5505
159 1304
159 1381
159 207
159 149
159 5519
159 706
159 449
159 13875
159 524
159 96
159 5520
159 2171
159 7604
159 5509
159 5527
159 5523
159 1803
159 108
159 160
159 199
159 2734
159 5576
159 176
159 6072
159 208
159 7896
159 5557
159 4196
159 7781
159 771
159 665
159 10921
159 15715
159 1625
159 177
159 105
159 4993
159 4323
159 5532
159 3433
159 1246
159 13004
159 106
159 102
159 1518
159 5562
12744 8689
4780 3103
4780 7974
4780 1513
4780 4762
4780 3754
4780 7976
4780 4811
4780 7979
4780 4444
4780 54
4780 784
4780 6136
4780 6641
4780 1488
4780 2205
4780 70
4780 7805
4780 3978
4780 271
4780 6811
4780 1204
4780 715
4780 115
4780 3530
4780 7066
4780 7983
4780 1802
4780 7884
4780 7986
4780 6202
4780 5050
4780 1402
4780 1472
4780 2742
4780 7989
4780 4816
4780 4187
4780 7991
4780 3166
4780 4958
4780 4821
14966 1964
14966 740
14966 2867
10321 1923
1812 684
1812 7884
1812 1489
4489 8671
4780 4928
4554 1488
4554 4551
4554 7805
4554 7989
4554 4958
4958 14246
4958 1455
4958 639
4958 684
4958 3103
4958 4174
4958 1513
4958 3754
4958 9620
4958 4684
4958 6884
4958 4444
4958 4886
4958 4865
4958 4780
4958 1488
4958 1684
4958 343
4958 70
4958 7805
4958 802
4958 682
4958 4783
4958 11934
4958 2318
4958 7174
4958 2727
4958 4539
4958 715
4958 2711
4958 4551
4958 1802
4958 7419
4958 7884
4958 8449
4958 2742
4958 2362
4958 3041
4958 4793
4958 1812
4958 1683
4958 3085
4958 3994
4958 7570
4958 6202
4958 210
4958 4187
4958 1635
4958 11684
4958 3006
4958 4816
4958 2392
4958 7991
4958 823
4958 631
4958 6057
6353 4465
6353 1182
6353 1473
6353 4715
6353 7837
6353 1501
6353 7271
6353 6470
6353 1101
6353 14360
6353 580
4958 784
4958 115
4958 1472
16901 6284
5557 1554
5557 11737
5557 13153
5557 6360
5557 177
5557 321
5557 159
5557 2852
5557 456
771 3103
771 54
12744 800
159 5541
4483 3430
4483 3103
4483 5505
4483 64
4483 3089
4483 2117
4483 96
4483 1982
4483 740
4483 159
4483 5523
4483 6907
4483 3098
4483 1503
4483 5512
4483 771
4483 3451
4483 1009
4483 5516
4483 5525
4483 13873
4483 13020
4483 8691
4483 3466
4483 3318
4483 3468
4483 9007
4483 7417
4483 685
4483 13874
4483 167
4483 13875
4483 3436
4483 3456
4483 1554
4483 176
4483 13876
4483 3100
4483 4865
4483 3437
4483 3453
4483 3455
4483 3460
4483 177
4483 105
4483 5509
4483 3461
4483 4492
4483 1587
4483 514
4483 688
4483 3458
4483 3316
4483 1381
4483 4216
4483 5540
4483 4994
4483 3438
4483 3439
4483 3429
4483 456
4483 2734
4483 6880
4483 2780
4483 13878
4483 3447
4483 3448
4483 3442
4483 5541
4483 3454
4483 2233
4483 2742
4483 199
4483 3459
4483 3317
4483 3463
4483 13879
4483 13880
4483 3444
4483 3084
4483 3452
4483 194
4483 3138
4483 3091
4483 3443
4483 3130
4483 407
4483 216
4483 11194
4483 3006
4483 5557
4483 107
4483 13883
4483 5534
4483 7991
4483 3441
4483 7499
4483 11737
4483 3464
4483 179
4483 1449
4483 3494
4554 6459
4554 220
4554 4327
4554 6854
4554 985
4554 56
4554 11578
159 10321
159 6083
159 1555
159 231
159 10294
159 2233
159 1649
159 6093
159 10316
8555 165
3754 8040
3754 686
3754 1691
3754 981
3754 269
3754 1513
3754 7793
3754 10334
3754 9695
3754 567
3754 6162
3754 4178
3754 11639
3754 4444
3754 4199
3754 54
3754 1192
3754 2494
3754 4969
3754 6246
3754 1859
3754 4780
3754 3971
3754 358
3754 1488
3754 11110
3754 7253
3754 1346
3754 7805
3754 3978
3754 1203
3754 7254
3754 127
3754 9195
3754 4200
3754 316
3754 3981
3754 8573
3754 11640
3754 933
3754 587
3754 6851
3754 2780
3754 6202
3754 4958
3754 948
3754 715
3754 2742
3754 1812
3754 345
3754 2421
3754 4638
3754 4816
3754 4187
3754 11643
3754 11644
3754 1440
3754 4139
3754 7991
3754 4151
5530 740
5530 159
4780 7880
4780 2322
4780 1533
1335 140
771 4445
771 4433
771 31
771 604
771 206
771 633
7519 5536
7519 740
7519 1381
7519 4481
7519 8671
5532 5244
5532 105
5532 96
5532 10027
5532 6683
5532 1416
5532 2233
7519 7514
4958 2019
1488 4761
1488 1513
1488 449
1488 3754
1488 2983
1488 4444
1488 1503
1488 4775
1488 2494
1488 397
1488 4780
1488 6077
1488 358
1488 5679
1488 4039
1488 2005
1488 11708
1488 800
1488 7805
1488 308
1488 96
1488 715
1488 1101
1488 4786
1488 524
1488 534
1488 4810
1488 4958
1488 845
1488 7067
1488 7989
1488 1812
1488 3085
1488 6673
1488 1604
1488 1234
1488 1531
1488 4816
1488 8325
1488 2430
1488 7991
1488 3111
1488 3119
1488 1160
1488 1246
1488 396
1488 2149
1488 3020
159 1285
159 6512
159 7437
159 4732
5512 151
5512 190
5512 219
5512 12825
15030 54
15030 4554
15030 3103
15030 70
261 13899
261 931
261 10244
261 1086
261 11130
261 13830
261 107
4780 7975
4780 7977
4780 7978
4780 4925
4780 4333
4780 7642
4780 3660
4780 7990
4174 3103
4174 9268
4174 9402
4174 14444
4174 16095
4174 5327
4174 686
4174 6884
4174 54
4174 7918
4174 5231
4174 7414
4174 1513
4174 6248
4174 70
4174 2698
4174 15175
4174 682
4174 11934
4174 4471
4174 1525
4174 9276
4174 8755
4174 2019
4174 2218
4174 688
4174 4554
4174 5158
4174 7419
4174 4800
4174 8356
4174 8449
4174 6202
4174 6579
4174 5218
4174 4215
4174 4160
4174 12473
4174 10832
4174 2742
4174 1621
4174 10572
4174 7376
4174 2284
4174 1814
4174 6673
4174 3303
4174 10340
4174 4187
4174 2054
4174 1031
4174 5287
4174 3006
4174 3928
4174 107
4174 600
4174 11816
4174 7991
4174 2490
4174 6650
4174 1236
4174 631
4174 5228
4174 5747
4174 13935
6353 434
159 166
159 2988
4780 639
4780 2362
159 2187
4554 6202
4479 7519
4479 8670
4479 5536
4479 3106
4479 4595
4479 4487
4484 7519
4484 8670
4484 5536
4484 3106
4484 4487
4484 4595
4486 7519
4486 8670
4486 5536
4486 3106
4486 4487
4486 4595
4493 7519
4493 8670
4493 5536
4493 3106
4493 4487
4493 4595
4494 7519
4494 8670
4494 5536
4494 3106
4494 4595
4494 4487
4483 3315
4483 3457
4483 3467
4483 3435
4483 3446
4483 3465
4483 3433
4483 3440
4483 3445
4483 3462
4483 3449
4780 684
4780 165
4780 401
4780 4793
4780 1489
3754 1533
9523 165
9523 740
4958 7638
6202 4174
6202 686
6202 9861
6202 5519
6202 1513
6202 449
6202 751
6202 3754
6202 1982
6202 3092
6202 419
6202 883
6202 311
6202 4444
6202 54
6202 672
6202 473
6202 1966
6202 6136
6202 4865
6202 3688
6202 4780
6202 685
6202 1488
6202 5716
6202 793
6202 3689
6202 3887
6202 4039
6202 70
6202 80
6202 1576
6202 7805
6202 10464
6202 2123
6202 3679
6202 1924
6202 12096
6202 12097
6202 7063
6202 1099
6202 1101
6202 179
6202 700
6202 4794
6202 2880
6202 4551
6202 1129
6202 7419
6202 4800
6202 10418
6202 846
6202 8449
6202 1
6202 3217
6202 194
6202 534
6202 535
6202 4958
6202 4452
6202 2742
6202 861
6202 8460
6202 8542
6202 5232
6202 1812
6202 875
6202 1604
6202 1234
6202 4816
6202 1246
6202 4187
6202 1148
6202 2384
6202 888
6202 6533
6202 3928
6202 6153
6202 7991
6202 4626
6202 762
6202 1160
6202 5747
6202 2405
6202 2149
6202 3020
261 258
261 3031
261 11926
261 2869
261 7653
261 3521
261 189
261 8086
261 122
261 9620
261 222
261 819
261 2598
261 6638
261 10839
261 1655
12452 96
12452 1255
12452 3138
12452 106
12452 5505
12452 4667
12452 1829
12452 158
12452 208
4780 296
4780 4429
4780 7173
4495 7519
4495 8670
4495 5536
4495 3106
4495 4595
4495 4487
4595 100
4595 96
4595 108
4595 106
4595 107
4595 102
771 21
771 4436
771 1475
771 108
771 160
771 2734
771 431
771 4215
771 3105
4480 7519
4480 8670
4480 5536
4480 3106
4480 4595
4480 4487
4491 7519
4491 8670
4491 5536
4491 3106
4491 4487
4491 4595
6353 6916
11693 5520
11693 4483
11693 740
11693 3661
11693 185
11693 6093
5241 5242
4187 4174
4187 686
4187 3103
4187 1691
4187 8732
4187 1513
4187 449
4187 3754
4187 1982
4187 4880
4187 10418
4187 456
4187 419
4187 82
4187 4444
4187 5674
4187 784
4187 672
4187 320
4187 6136
4187 3688
4187 4780
4187 1488
4187 793
4187 4039
4187 2003
4187 70
4187 7805
4187 3978
4187 10464
4187 3679
4187 12096
4187 4200
4187 1525
4187 715
4187 7122
4187 12097
4187 115
4187 2126
4187 7063
4187 1101
4187 700
4187 4794
4187 7010
4187 4551
4187 524
4187 4554
4187 1472
4187 194
4187 534
4187 535
4187 37
4187 4966
4187 2742
4187 845
4187 8460
4187 7376
4187 5232
4187 1812
4187 2421
4187 2762
4187 6202
4187 1604
4187 4816
4187 5553
4187 1236
4187 1533
4187 1234
4187 2430
4187 1535
4187 7991
4187 3159
4187 9918
4187 5167
4187 2778
4187 1246
4187 396
4187 2405
4187 4958
4187 2149
4187 3020
4958 2136
4958 8486
4490 1530
4958 4636
7805 4761
7805 1513
7805 449
7805 175
7805 3754
7805 991
7805 4444
7805 7991
7805 4533
7805 4775
7805 1966
7805 396
7805 397
7805 11660
7805 165
7805 10501
7805 845
7805 1472
7805 4039
7805 7880
7805 80
7805 1861
7805 1691
7805 271
7805 2527
7805 308
7805 3893
7805 5811
7805 1924
7805 4786
7805 500
7805 115
7805 1099
7805 1101
7805 3679
7805 917
7805 5118
7805 372
7805 3132
7805 4780
7805 1129
7805 3049
7805 8356
7805 1488
7805 5218
7805 10104
7805 37
7805 4958
7805 3486
7805 715
7805 2742
7805 2983
7805 3504
7805 2320
7805 7989
7805 1812
7805 3085
7805 1604
7805 4810
7805 4458
7805 1234
7805 4816
7805 885
7805 2384
7805 2405
7805 3159
7805 9918
7805 2776
7805 1160
7805 1246
7805 1612
7805 7512
7805 3745
4479 740
4484 740
4486 740
4493 740
4494 740
4958 1525
4958 435
4958 7173
1488 5612
1488 2322
1488 1533
7519 5707
1554 11737
1554 6360
1554 2171
1554 177
1554 5571
1554 3494
1554 1114
1554 13153
1554 6667
1554 102
1554 5557
1554 2852
5808 105
5808 96
5808 5003
5808 6083
5808 231
5808 1555
5808 2233
5808 6093
4482 7519
4482 8670
4482 5536
4482 3106
4482 4595
4482 4487
11820 740
11820 159
1621 4174
1621 4515
1621 524
1621 10764
1621 6266
1621 8672
1621 8743
1621 740
1621 5459
1621 1616
1621 6670
1621 6881
1621 6882
1621 4581
1621 6166
1621 107
1621 5516
1621 3049
1621 6886
1621 10569
1621 6878
1621 6889
1621 10767
5512 6244
5512 5625
1488 3073
1488 4573
3754 7727
3754 538
3754 1045
3754 1448
4495 740
771 158
7805 1503
7805 2008
4174 684
4174 6057
4480 4483
4480 740
6353 582
6353 1485
6353 2276
6353 6044
4174 5516
4491 740
1812 685
1812 10849
1812 7880
1812 21
1812 11648
1812 271
1812 1811
1812 12412
1812 6579
1812 5218
1812 1279
1812 6166
1812 6884
1812 11739
1812 9874
1812 4471
1812 4603
1812 4195
1812 7988
2233 5518
2233 1614
2233 12445
2233 3103
2233 5504
2233 620
2233 5532
2233 456
2233 656
2233 6093
2233 662
2233 231
2233 5259
2233 2198
2233 2271
2233 260
2233 672
2233 4521
2233 4154
2233 1381
2233 3427
2233 685
2233 6720
2233 168
2233 2984
2233 4667
2233 5808
2233 862
2233 31
2233 6083
2233 1555
2233 5529
2233 664
2233 96
2233 3453
2233 1173
2233 604
2233 7473
2233 3083
2233 115
2233 2554
2233 342
2233 4524
2233 5144
2233 5520
2233 7174
2233 6000
2233 6430
2233 187
2233 2171
2233 1633
2233 4483
2233 2117
2233 2226
2233 2759
2233 208
2233 1542
2233 106
2233 105
2233 1893
2233 158
2233 66
2233 10553
2233 202
2233 5542
2233 3794
2233 3435
2233 771
2233 3165
2233 5554
2233 2999
2233 6268
2233 1607
2233 569
2233 7177
2233 6439
2233 7991
2233 3670
2233 6106
2233 1509
2233 5411
2233 3138
