0.0 0.0
0.0 0.0
0.0 0.0
0.0 0.0
0.0 0.0
0.2222222222222222 0.015503875968992248
0.36363636363636365 0.031007751937984496
0.3076923076923077 0.031007751937984496
0.3333333333333333 0.03875968992248062
0.29411764705882354 0.03875968992248062
0.2777777777777778 0.03875968992248062
0.2631578947368421 0.03875968992248062
0.25 0.03875968992248062
0.23809523809523808 0.03875968992248062
0.21739130434782608 0.03875968992248062
0.2 0.03875968992248062
0.19230769230769232 0.03875968992248062
0.17857142857142858 0.03875968992248062
0.1724137931034483 0.03875968992248062
0.16129032258064516 0.03875968992248062
0.15625 0.03875968992248062
0.14705882352941177 0.03875968992248062
0.1388888888888889 0.03875968992248062
0.13513513513513514 0.03875968992248062
0.1282051282051282 0.03875968992248062
0.12195121951219512 0.03875968992248062
0.11627906976744186 0.03875968992248062
0.1111111111111111 0.03875968992248062
0.10869565217391304 0.03875968992248062
0.10416666666666667 0.03875968992248062
0.1 0.03875968992248062
0.09803921568627451 0.03875968992248062
0.09615384615384616 0.03875968992248062
0.09259259259259259 0.03875968992248062
0.08928571428571429 0.03875968992248062
0.08771929824561403 0.03875968992248062
0.0847457627118644 0.03875968992248062
0.0967741935483871 0.046511627906976744
0.09523809523809523 0.046511627906976744
0.09375 0.046511627906976744
0.09230769230769231 0.046511627906976744
0.09090909090909091 0.046511627906976744
0.08823529411764706 0.046511627906976744
0.08571428571428572 0.046511627906976744
0.08333333333333333 0.046511627906976744
0.0821917808219178 0.046511627906976744
0.08 0.046511627906976744
0.07894736842105263 0.046511627906976744
0.07792207792207792 0.046511627906976744
0.07692307692307693 0.046511627906976744
0.075 0.046511627906976744
0.07407407407407407 0.046511627906976744
0.07317073170731707 0.046511627906976744
0.07142857142857142 0.046511627906976744
0.06976744186046512 0.046511627906976744
0.08045977011494253 0.05426356589147287
0.07954545454545454 0.05426356589147287
0.07777777777777778 0.05426356589147287
0.07692307692307693 0.05426356589147287
0.07608695652173914 0.05426356589147287
0.07446808510638298 0.05426356589147287
0.07368421052631578 0.05426356589147287
0.07291666666666667 0.05426356589147287
0.07142857142857142 0.05426356589147287
0.0707070707070707 0.05426356589147287
0.07 0.05426356589147287
0.06862745098039216 0.05426356589147287
0.06796116504854369 0.05426356589147287
0.06666666666666667 0.05426356589147287
0.0660377358490566 0.05426356589147287
0.06542056074766354 0.05426356589147287
0.06481481481481481 0.05426356589147287
0.06363636363636363 0.05426356589147287
0.06306306306306306 0.05426356589147287
0.0625 0.05426356589147287
0.06140350877192982 0.05426356589147287
0.06956521739130435 0.06201550387596899
0.06896551724137931 0.06201550387596899
0.07692307692307693 0.06976744186046512
0.07627118644067797 0.06976744186046512
0.075 0.06976744186046512
0.07377049180327869 0.06976744186046512
0.07258064516129033 0.06976744186046512
0.07142857142857142 0.06976744186046512
0.0703125 0.06976744186046512
0.06923076923076923 0.06976744186046512
0.06818181818181818 0.06976744186046512
0.06716417910447761 0.06976744186046512
0.06666666666666667 0.06976744186046512
0.0661764705882353 0.06976744186046512
0.06569343065693431 0.06976744186046512
0.06474820143884892 0.06976744186046512
0.06428571428571428 0.06976744186046512
0.06338028169014084 0.06976744186046512
0.06293706293706294 0.06976744186046512
0.0625 0.06976744186046512
0.06206896551724138 0.06976744186046512
0.06164383561643835 0.06976744186046512
0.060810810810810814 0.06976744186046512
0.06040268456375839 0.06976744186046512
0.06 0.06976744186046512
0.05921052631578947 0.06976744186046512
0.058823529411764705 0.06976744186046512
0.05806451612903226 0.06976744186046512
0.057692307692307696 0.06976744186046512
0.05732484076433121 0.06976744186046512
0.056962025316455694 0.06976744186046512
0.05660377358490566 0.06976744186046512
0.05625 0.06976744186046512
0.05555555555555555 0.06976744186046512
0.054878048780487805 0.06976744186046512
0.05454545454545454 0.06976744186046512
0.05421686746987952 0.06976744186046512
0.05357142857142857 0.06976744186046512
0.052941176470588235 0.06976744186046512
0.05263157894736842 0.06976744186046512
0.05232558139534884 0.06976744186046512
0.05202312138728324 0.06976744186046512
0.056818181818181816 0.07751937984496124
0.056179775280898875 0.07751937984496124
0.05555555555555555 0.07751937984496124
0.055248618784530384 0.07751937984496124
0.054945054945054944 0.07751937984496124
0.0546448087431694 0.07751937984496124
0.05405405405405406 0.07751937984496124
0.053763440860215055 0.07751937984496124
0.053475935828877004 0.07751937984496124
0.05291005291005291 0.07751937984496124
0.05235602094240838 0.07751937984496124
0.052083333333333336 0.07751937984496124
0.05181347150259067 0.07751937984496124
0.05154639175257732 0.07751937984496124
0.05128205128205128 0.07751937984496124
0.050761421319796954 0.07751937984496124
0.050505050505050504 0.07751937984496124
0.05025125628140704 0.07751937984496124
0.05 0.07751937984496124
0.04975124378109453 0.07751937984496124
0.04926108374384237 0.07751937984496124
0.049019607843137254 0.07751937984496124
0.04878048780487805 0.07751937984496124
0.04854368932038835 0.07751937984496124
0.04830917874396135 0.07751937984496124
0.05238095238095238 0.08527131782945736
0.056338028169014086 0.09302325581395349
0.05581395348837209 0.09302325581395349
0.055299539170506916 0.09302325581395349
0.05504587155963303 0.09302325581395349
0.0547945205479452 0.09302325581395349
0.05429864253393665 0.09302325581395349
0.05405405405405406 0.09302325581395349
0.053811659192825115 0.09302325581395349
0.05357142857142857 0.09302325581395349
0.05309734513274336 0.09302325581395349
0.05263157894736842 0.09302325581395349
0.05240174672489083 0.09302325581395349
0.05194805194805195 0.09302325581395349
0.05150214592274678 0.09302325581395349
0.05128205128205128 0.09302325581395349
0.05531914893617021 0.10077519379844961
0.05508474576271186 0.10077519379844961
0.05485232067510549 0.10077519379844961
0.0546218487394958 0.10077519379844961
0.05416666666666667 0.10077519379844961
0.05394190871369295 0.10077519379844961
0.05371900826446281 0.10077519379844961
0.05327868852459016 0.10077519379844961
0.052845528455284556 0.10077519379844961
0.05241935483870968 0.10077519379844961
0.052 0.10077519379844961
0.051587301587301584 0.10077519379844961
0.051181102362204724 0.10077519379844961
0.05078125 0.10077519379844961
0.050387596899224806 0.10077519379844961
0.05 0.10077519379844961
0.04980842911877394 0.10077519379844961
0.04961832061068702 0.10077519379844961
0.049429657794676805 0.10077519379844961
0.04924242424242424 0.10077519379844961
0.04887218045112782 0.10077519379844961
0.04868913857677903 0.10077519379844961
0.048327137546468404 0.10077519379844961
0.04814814814814815 0.10077519379844961
0.04779411764705882 0.10077519379844961
0.047619047619047616 0.10077519379844961
0.04727272727272727 0.10077519379844961
0.04710144927536232 0.10077519379844961
0.046762589928057555 0.10077519379844961
0.04642857142857143 0.10077519379844961
0.04609929078014184 0.10077519379844961
0.045774647887323945 0.10077519379844961
0.0456140350877193 0.10077519379844961
0.04529616724738676 0.10077519379844961
0.04498269896193772 0.10077519379844961
0.044673539518900345 0.10077519379844961
0.04452054794520548 0.10077519379844961
0.04421768707482993 0.10077519379844961
0.04391891891891892 0.10077519379844961
0.0436241610738255 0.10077519379844961
0.043333333333333335 0.10077519379844961
0.04304635761589404 0.10077519379844961
0.0462046204620462 0.10852713178294573
0.046052631578947366 0.10852713178294573
0.0457516339869281 0.10852713178294573
0.04560260586319218 0.10852713178294573
0.045307443365695796 0.10852713178294573
0.04516129032258064 0.10852713178294573
0.04501607717041801 0.10852713178294573
0.04487179487179487 0.10852713178294573
0.04472843450479233 0.10852713178294573
0.044585987261146494 0.10852713178294573
0.044444444444444446 0.10852713178294573
0.04430379746835443 0.10852713178294573
0.0440251572327044 0.10852713178294573
0.0438871473354232 0.10852713178294573
0.04375 0.10852713178294573
0.04361370716510903 0.10852713178294573
0.043343653250773995 0.10852713178294573
0.043209876543209874 0.10852713178294573
0.043076923076923075 0.10852713178294573
0.04281345565749235 0.10852713178294573
0.0425531914893617 0.10852713178294573
0.04229607250755287 0.10852713178294573
0.04216867469879518 0.10852713178294573
0.041916167664670656 0.10852713178294573
0.041791044776119404 0.10852713178294573
0.04154302670623145 0.10852713178294573
0.04129793510324484 0.10852713178294573
0.041176470588235294 0.10852713178294573
0.04105571847507331 0.10852713178294573
0.04093567251461988 0.10852713178294573
0.04081632653061224 0.10852713178294573
0.040697674418604654 0.10852713178294573
0.04057971014492753 0.10852713178294573
0.040345821325648415 0.10852713178294573
0.04011461318051576 0.10852713178294573
0.04 0.10852713178294573
0.039886039886039885 0.10852713178294573
0.039660056657223795 0.10852713178294573
0.03954802259887006 0.10852713178294573
0.03943661971830986 0.10852713178294573
0.0392156862745098 0.10852713178294573
0.03910614525139665 0.10852713178294573
0.03888888888888889 0.10852713178294573
0.038781163434903045 0.10852713178294573
0.03856749311294766 0.10852713178294573
0.038356164383561646 0.10852713178294573
0.03814713896457766 0.10852713178294573
0.037940379403794036 0.10852713178294573
0.03783783783783784 0.10852713178294573
0.03773584905660377 0.10852713178294573
0.03763440860215054 0.10852713178294573
0.03753351206434316 0.10852713178294573
0.0398936170212766 0.11627906976744186
0.03978779840848806 0.11627906976744186
0.03968253968253968 0.11627906976744186
0.0395778364116095 0.11627906976744186
0.039473684210526314 0.11627906976744186
0.03937007874015748 0.11627906976744186
0.03926701570680628 0.11627906976744186
0.0390625 0.11627906976744186
0.03896103896103896 0.11627906976744186
0.038860103626943004 0.11627906976744186
0.03865979381443299 0.11627906976744186
0.04113110539845758 0.12403100775193798
0.04336734693877551 0.13178294573643412
0.043256997455470736 0.13178294573643412
0.04314720812182741 0.13178294573643412
0.04292929292929293 0.13178294573643412
0.042821158690176324 0.13178294573643412
0.04271356783919598 0.13178294573643412
0.042606516290726815 0.13178294573643412
0.0425 0.13178294573643412
0.04239401496259352 0.13178294573643412
0.04218362282878412 0.13178294573643412
0.04207920792079208 0.13178294573643412
0.04197530864197531 0.13178294573643412
0.04187192118226601 0.13178294573643412
0.04176904176904177 0.13178294573643412
0.041666666666666664 0.13178294573643412
0.041463414634146344 0.13178294573643412
0.0413625304136253 0.13178294573643412
0.04116222760290557 0.13178294573643412
0.04096385542168675 0.13178294573643412
0.0407673860911271 0.13178294573643412
0.04066985645933014 0.13178294573643412
0.04295942720763723 0.13953488372093023
0.04513064133016627 0.14728682170542637
0.045023696682464455 0.14728682170542637
0.04481132075471698 0.14728682170542637
0.04470588235294118 0.14728682170542637
0.04460093896713615 0.14728682170542637
0.04439252336448598 0.14728682170542637
0.04428904428904429 0.14728682170542637
0.044186046511627906 0.14728682170542637
0.04408352668213457 0.14728682170542637
0.04387990762124711 0.14728682170542637
0.04608294930875576 0.15503875968992248
0.045871559633027525 0.15503875968992248
0.04576659038901602 0.15503875968992248
0.04555808656036447 0.15503875968992248
0.047619047619047616 0.16279069767441862
0.04751131221719457 0.16279069767441862
0.04740406320541761 0.16279069767441862
0.0472972972972973 0.16279069767441862
0.04719101123595506 0.16279069767441862
0.04708520179372197 0.16279069767441862
0.04697986577181208 0.16279069767441862
0.046875 0.16279069767441862
0.04666666666666667 0.16279069767441862
0.04656319290465632 0.16279069767441862
0.046460176991150445 0.16279069767441862
0.04856512141280353 0.17054263565891473
0.048458149779735685 0.17054263565891473
0.04835164835164835 0.17054263565891473
0.04824561403508772 0.17054263565891473
0.04814004376367615 0.17054263565891473
0.048034934497816595 0.17054263565891473
0.04793028322440087 0.17054263565891473
0.04772234273318872 0.17054263565891473
0.047619047619047616 0.17054263565891473
0.047516198704103674 0.17054263565891473
0.04741379310344827 0.17054263565891473
0.047311827956989246 0.17054263565891473
0.047109207708779445 0.17054263565891473
0.04700854700854701 0.17054263565891473
0.046908315565031986 0.17054263565891473
0.04680851063829787 0.17054263565891473
0.04670912951167728 0.17054263565891473
0.046511627906976744 0.17054263565891473
0.046413502109704644 0.17054263565891473
0.04631578947368421 0.17054263565891473
0.04612159329140461 0.17054263565891473
0.04602510460251046 0.17054263565891473
0.04583333333333333 0.17054263565891473
0.04573804573804574 0.17054263565891473
0.04564315352697095 0.17054263565891473
0.045548654244306416 0.17054263565891473
0.045454545454545456 0.17054263565891473
0.04536082474226804 0.17054263565891473
0.045174537987679675 0.17054263565891473
0.045081967213114756 0.17054263565891473
0.044989775051124746 0.17054263565891473
0.044897959183673466 0.17054263565891473
0.04480651731160896 0.17054263565891473
0.044715447154471545 0.17054263565891473
0.044534412955465584 0.17054263565891473
0.044444444444444446 0.17054263565891473
0.04426559356136821 0.17054263565891473
0.04417670682730924 0.17054263565891473
0.044 0.17054263565891473
0.043912175648702596 0.17054263565891473
0.0437375745526839 0.17054263565891473
0.04365079365079365 0.17054263565891473
0.04356435643564356 0.17054263565891473
0.043478260869565216 0.17054263565891473
0.04330708661417323 0.17054263565891473
0.043137254901960784 0.17054263565891473
0.043052837573385516 0.17054263565891473
0.042884990253411304 0.17054263565891473
0.04271844660194175 0.17054263565891473
0.0425531914893617 0.17054263565891473
0.04247104247104247 0.17054263565891473
0.04238921001926782 0.17054263565891473
0.04222648752399232 0.17054263565891473
0.04206500956022945 0.17054263565891473
0.04198473282442748 0.17054263565891473
0.0419047619047619 0.17054263565891473
0.04182509505703422 0.17054263565891473
0.041666666666666664 0.17054263565891473
0.04158790170132325 0.17054263565891473
0.04143126177024482 0.17054263565891473
0.041353383458646614 0.17054263565891473
0.04127579737335835 0.17054263565891473
0.041121495327102804 0.17054263565891473
0.041044776119402986 0.17054263565891473
0.040968342644320296 0.17054263565891473
0.040892193308550186 0.17054263565891473
0.04081632653061224 0.17054263565891473
0.040740740740740744 0.17054263565891473
0.04059040590405904 0.17054263565891473
0.040515653775322284 0.17054263565891473
0.04044117647058824 0.17054263565891473
0.04036697247706422 0.17054263565891473
0.040293040293040296 0.17054263565891473
0.04021937842778794 0.17054263565891473
0.040145985401459854 0.17054263565891473
0.04007285974499089 0.17054263565891473
0.04 0.17054263565891473
0.039927404718693285 0.17054263565891473
0.039783001808318265 0.17054263565891473
0.039711191335740074 0.17054263565891473
0.039568345323741004 0.17054263565891473
0.03949730700179533 0.17054263565891473
0.03942652329749104 0.17054263565891473
0.03935599284436494 0.17054263565891473
0.040998217468805706 0.17829457364341086
0.04092526690391459 0.17829457364341086
0.04085257548845471 0.17829457364341086
0.040780141843971635 0.17829457364341086
0.04070796460176991 0.17829457364341086
0.04056437389770723 0.17829457364341086
0.040421792618629174 0.17829457364341086
0.040280210157618214 0.17829457364341086
0.04020979020979021 0.17829457364341086
0.04013961605584642 0.17829457364341086
0.04006968641114982 0.17829457364341086
0.04 0.17829457364341086
0.03986135181975736 0.17829457364341086
0.039792387543252594 0.17829457364341086
0.039723661485319514 0.17829457364341086
0.039655172413793106 0.17829457364341086
0.03951890034364261 0.17829457364341086
0.0411663807890223 0.18604651162790697
0.042735042735042736 0.1937984496124031
0.042662116040955635 0.1937984496124031
0.04258943781942078 0.1937984496124031
0.04251700680272109 0.1937984496124031
0.042444821731748725 0.1937984496124031
0.04230118443316413 0.1937984496124031
0.04222972972972973 0.1937984496124031
0.04215851602023609 0.1937984496124031
0.04208754208754209 0.1937984496124031
0.04201680672268908 0.1937984496124031
0.0436241610738255 0.20155038759689922
0.0451505016722408 0.20930232558139536
0.045075125208681135 0.20930232558139536
0.04492512479201331 0.20930232558139536
0.04477611940298507 0.20930232558139536
0.04462809917355372 0.20930232558139536
0.04455445544554455 0.20930232558139536
0.044481054365733116 0.20930232558139536
0.044407894736842105 0.20930232558139536
0.04433497536945813 0.20930232558139536
0.044189852700491 0.20930232558139536
0.04411764705882353 0.20930232558139536
0.04404567699836868 0.20930232558139536
0.04390243902439024 0.20930232558139536
0.04383116883116883 0.20930232558139536
0.04376012965964344 0.20930232558139536
0.043689320388349516 0.20930232558139536
0.04361873990306947 0.20930232558139536
0.043548387096774194 0.20930232558139536
0.043478260869565216 0.20930232558139536
0.04340836012861737 0.20930232558139536
0.04333868378812199 0.20930232558139536
0.04326923076923077 0.20930232558139536
0.0432 0.20930232558139536
0.04313099041533546 0.20930232558139536
0.0430622009569378 0.20930232558139536
0.042993630573248405 0.20930232558139536
0.04285714285714286 0.20930232558139536
0.042789223454833596 0.20930232558139536
0.04272151898734177 0.20930232558139536
0.04258675078864353 0.20930232558139536
0.04251968503937008 0.20930232558139536
0.04245283018867924 0.20930232558139536
0.0423861852433281 0.20930232558139536
0.04231974921630094 0.20930232558139536
0.04225352112676056 0.20930232558139536
0.0421875 0.20930232558139536
0.0421216848673947 0.20930232558139536
0.04205607476635514 0.20930232558139536
0.041990668740279936 0.20930232558139536
0.04192546583850932 0.20930232558139536
0.04186046511627907 0.20930232558139536
0.04173106646058733 0.20930232558139536
0.041666666666666664 0.20930232558139536
0.04160246533127889 0.20930232558139536
0.043076923076923075 0.21705426356589147
0.04294478527607362 0.21705426356589147
0.042879019908116385 0.21705426356589147
0.04281345565749235 0.21705426356589147
0.042748091603053436 0.21705426356589147
0.042682926829268296 0.21705426356589147
0.0425531914893617 0.21705426356589147
0.042488619119878605 0.21705426356589147
0.04242424242424243 0.21705426356589147
0.04236006051437216 0.21705426356589147
0.04229607250755287 0.21705426356589147
0.042232277526395176 0.21705426356589147
0.042105263157894736 0.21705426356589147
0.042042042042042045 0.21705426356589147
0.041979010494752625 0.21705426356589147
0.043348281016442454 0.2248062015503876
0.04328358208955224 0.2248062015503876
0.043219076005961254 0.2248062015503876
0.043154761904761904 0.2248062015503876
0.04309063893016345 0.2248062015503876
0.04302670623145401 0.2248062015503876
0.04296296296296296 0.2248062015503876
0.042899408284023666 0.2248062015503876
0.04283604135893648 0.2248062015503876
0.04277286135693215 0.2248062015503876
0.042709867452135494 0.2248062015503876
0.04264705882352941 0.2248062015503876
0.042584434654919234 0.2248062015503876
0.04252199413489736 0.2248062015503876
0.04239766081871345 0.2248062015503876
0.042335766423357665 0.2248062015503876
0.04227405247813411 0.2248062015503876
0.04215116279069767 0.2248062015503876
0.0420899854862119 0.2248062015503876
0.042028985507246375 0.2248062015503876
0.041968162083936326 0.2248062015503876
0.04190751445086705 0.2248062015503876
0.043227665706051875 0.23255813953488372
0.04316546762589928 0.23255813953488372
0.043041606886657105 0.23255813953488372
0.04297994269340974 0.23255813953488372
0.04291845493562232 0.23255813953488372
0.04285714285714286 0.23255813953488372
0.042796005706134094 0.23255813953488372
0.042735042735042736 0.23255813953488372
0.04261363636363636 0.23255813953488372
0.0425531914893617 0.23255813953488372
0.042492917847025496 0.23255813953488372
0.042432814710042434 0.23255813953488372
0.04231311706629055 0.23255813953488372
0.04225352112676056 0.23255813953488372
0.04219409282700422 0.23255813953488372
0.042134831460674156 0.23255813953488372
0.04207573632538569 0.23255813953488372
0.04201680672268908 0.23255813953488372
0.04195804195804196 0.23255813953488372
0.04189944134078212 0.23255813953488372
0.04184100418410042 0.23255813953488372
0.04178272980501393 0.23255813953488372
0.04172461752433936 0.23255813953488372
0.041666666666666664 0.23255813953488372
0.04299583911234397 0.24031007751937986
0.04426002766251729 0.24806201550387597
0.04419889502762431 0.24806201550387597
0.044137931034482755 0.24806201550387597
0.0440771349862259 0.24806201550387597
0.04401650618982118 0.24806201550387597
0.04526748971193416 0.2558139534883721
0.045205479452054796 0.2558139534883721
0.04514363885088919 0.2558139534883721
0.045081967213114756 0.2558139534883721
0.04495912806539509 0.2558139534883721
0.044897959183673466 0.2558139534883721
0.04613297150610583 0.26356589147286824
0.04607046070460705 0.26356589147286824
0.046008119079837616 0.26356589147286824
0.0472972972972973 0.2713178294573643
0.04723346828609987 0.2713178294573643
0.04716981132075472 0.2713178294573643
0.04845222072678331 0.27906976744186046
0.04838709677419355 0.27906976744186046
0.04832214765100671 0.27906976744186046
0.04819277108433735 0.27906976744186046
0.04806408544726302 0.27906976744186046
0.047936085219707054 0.27906976744186046
0.04780876494023904 0.27906976744186046
0.04774535809018567 0.27906976744186046
0.04768211920529802 0.27906976744186046
0.047619047619047616 0.27906976744186046
0.047493403693931395 0.27906976744186046
0.04736842105263158 0.27906976744186046
0.047244094488188976 0.27906976744186046
0.047182175622542594 0.27906976744186046
0.047058823529411764 0.27906976744186046
0.04699738903394256 0.27906976744186046
0.046875 0.27906976744186046
0.046753246753246755 0.27906976744186046
0.04669260700389105 0.27906976744186046
0.04657179818887452 0.27906976744186046
0.04645161290322581 0.27906976744186046
0.04633204633204633 0.27906976744186046
0.04627249357326478 0.27906976744186046
0.046153846153846156 0.27906976744186046
0.04603580562659847 0.27906976744186046
0.04597701149425287 0.27906976744186046
0.04591836734693878 0.27906976744186046
0.04580152671755725 0.27906976744186046
0.04568527918781726 0.27906976744186046
0.045627376425855515 0.27906976744186046
0.045512010113780026 0.27906976744186046
0.04539722572509458 0.27906976744186046
0.04534005037783375 0.27906976744186046
0.045283018867924525 0.27906976744186046
0.0451693851944793 0.27906976744186046
0.04505632040050062 0.27906976744186046
0.0449438202247191 0.27906976744186046
0.04488778054862843 0.27906976744186046
0.0448318804483188 0.27906976744186046
0.04477611940298507 0.27906976744186046
0.04472049689440994 0.27906976744186046
0.04590570719602978 0.2868217054263566
0.04579207920792079 0.2868217054263566
0.04573547589616811 0.2868217054263566
0.04562268803945746 0.2868217054263566
0.04556650246305419 0.2868217054263566
0.04551045510455105 0.2868217054263566
0.04539877300613497 0.2868217054263566
0.04528763769889841 0.2868217054263566
0.04523227383863081 0.2868217054263566
0.045121951219512194 0.2868217054263566
0.045012165450121655 0.2868217054263566
0.04495747266099635 0.2868217054263566
0.044902912621359224 0.2868217054263566
0.044848484848484846 0.2868217054263566
0.044794188861985475 0.2868217054263566
0.044740024183796856 0.2868217054263566
0.04457831325301205 0.2868217054263566
0.044524669073405534 0.2868217054263566
0.04447115384615385 0.2868217054263566
0.04441776710684274 0.2868217054263566
0.04436450839328537 0.2868217054263566
0.04431137724550898 0.2868217054263566
0.04425837320574163 0.2868217054263566
0.04420549581839905 0.2868217054263566
0.04410011918951132 0.2868217054263566
0.04404761904761905 0.2868217054263566
0.04399524375743163 0.2868217054263566
0.043942992874109264 0.2868217054263566
0.04389086595492289 0.2868217054263566
0.04378698224852071 0.2868217054263566
0.04373522458628842 0.2868217054263566
0.043683589138134596 0.2868217054263566
0.04363207547169811 0.2868217054263566
0.04352941176470588 0.2868217054263566
0.04342723004694836 0.2868217054263566
0.04337631887456037 0.2868217054263566
0.04332552693208431 0.2868217054263566
0.04327485380116959 0.2868217054263566
0.043173862310385065 0.2868217054263566
0.04312354312354312 0.2868217054263566
0.04302325581395349 0.2868217054263566
0.0429732868757259 0.2868217054263566
0.042923433874709975 0.2868217054263566
0.04287369640787949 0.2868217054263566
0.04282407407407408 0.2868217054263566
0.04277456647398844 0.2868217054263566
0.042725173210161664 0.2868217054263566
0.04262672811059908 0.2868217054263566
0.04257767548906789 0.2868217054263566
0.04247990815154994 0.2868217054263566
0.04243119266055046 0.2868217054263566
0.04233409610983982 0.2868217054263566
0.04228571428571429 0.2868217054263566
0.04223744292237443 0.2868217054263566
0.04218928164196123 0.2868217054263566
0.04214123006833713 0.2868217054263566
0.04209328782707622 0.2868217054263566
0.04199772985244041 0.2868217054263566
0.04195011337868481 0.2868217054263566
0.0418552036199095 0.2868217054263566
0.04180790960451977 0.2868217054263566
0.04171364148816235 0.2868217054263566
0.041666666666666664 0.2868217054263566
0.04161979752530934 0.2868217054263566
0.04157303370786517 0.2868217054263566
0.04147982062780269 0.2868217054263566
0.04143337066069429 0.2868217054263566
0.041340782122905026 0.2868217054263566
0.04124860646599777 0.2868217054263566
0.041156840934371525 0.2868217054263566
0.04111111111111111 0.2868217054263566
0.041065482796892344 0.2868217054263566
0.04097452934662237 0.2868217054263566
0.04092920353982301 0.2868217054263566
0.04088397790055249 0.2868217054263566
0.040793825799338476 0.2868217054263566
0.040748898678414094 0.2868217054263566
0.0407040704070407 0.2868217054263566
0.04065934065934066 0.2868217054263566
0.04057017543859649 0.2868217054263566
0.040525739320920046 0.2868217054263566
0.04048140043763676 0.2868217054263566
0.040437158469945354 0.2868217054263566
0.04034896401308615 0.2868217054263566
0.04030501089324619 0.2868217054263566
0.04026115342763874 0.2868217054263566
0.04021739130434782 0.2868217054263566
0.04017372421281216 0.2868217054263566
0.04008667388949079 0.2868217054263566
0.04004329004329004 0.2868217054263566
0.03995680345572354 0.2868217054263566
0.039913700107874865 0.2868217054263566
0.03982777179763186 0.2868217054263566
0.03978494623655914 0.2868217054263566
0.0397422126745435 0.2868217054263566
0.03965702036441586 0.2868217054263566
0.03961456102783726 0.2868217054263566
0.039572192513368985 0.2868217054263566
0.03952991452991453 0.2868217054263566
0.03948772678762007 0.2868217054263566
0.039403620873269436 0.2868217054263566
0.039361702127659576 0.2868217054263566
0.039319872476089264 0.2868217054263566
0.03927813163481953 0.2868217054263566
0.03923647932131495 0.2868217054263566
0.039153439153439155 0.2868217054263566
0.039112050739957716 0.2868217054263566
0.03907074973600845 0.2868217054263566
0.03898840885142255 0.2868217054263566
0.03894736842105263 0.2868217054263566
0.03890641430073607 0.2868217054263566
0.03882476390346275 0.2868217054263566
0.03878406708595388 0.2868217054263566
0.0387434554973822 0.2868217054263566
0.038702928870292884 0.2868217054263566
0.038662486938349006 0.2868217054263566
0.038622129436325675 0.2868217054263566
0.03858185610010428 0.2868217054263566
0.03854166666666667 0.2868217054263566
0.03850156087408949 0.2868217054263566
0.038461538461538464 0.2868217054263566
0.03842159916926272 0.2868217054263566
0.038381742738589214 0.2868217054263566
0.0383419689119171 0.2868217054263566
0.038302277432712216 0.2868217054263566
0.038262668045501554 0.2868217054263566
0.038223140495867766 0.2868217054263566
0.038183694530443756 0.2868217054263566
0.03814432989690722 0.2868217054263566
0.03810504634397528 0.2868217054263566
0.03806584362139918 0.2868217054263566
0.03802672147995889 0.2868217054263566
0.037987679671457907 0.2868217054263566
0.03794871794871795 0.2868217054263566
0.03790983606557377 0.2868217054263566
0.037871033776867964 0.2868217054263566
0.03783231083844581 0.2868217054263566
0.03779366700715015 0.2868217054263566
0.03775510204081633 0.2868217054263566
0.03771661569826707 0.2868217054263566
0.03767820773930754 0.2868217054263566
0.03763987792472025 0.2868217054263566
0.03861788617886179 0.29457364341085274
0.03857868020304569 0.29457364341085274
0.03850050658561297 0.29457364341085274
0.038461538461538464 0.29457364341085274
0.03842264914054601 0.29457364341085274
0.03838383838383838 0.29457364341085274
0.038306451612903226 0.29457364341085274
0.038267875125881166 0.29457364341085274
0.03822937625754527 0.29457364341085274
0.03819095477386935 0.29457364341085274
0.03815261044176707 0.29457364341085274
0.03811434302908726 0.29457364341085274
0.03803803803803804 0.29457364341085274
0.038 0.29457364341085274
0.03792415169660679 0.29457364341085274
0.037848605577689244 0.29457364341085274
0.03781094527363184 0.29457364341085274
0.03773584905660377 0.29457364341085274
0.037698412698412696 0.29457364341085274
0.03766105054509415 0.29457364341085274
0.03762376237623762 0.29457364341085274
0.037549407114624504 0.29457364341085274
0.03751233958538993 0.29457364341085274
0.0374384236453202 0.29457364341085274
0.03740157480314961 0.29457364341085274
0.03736479842674533 0.29457364341085274
0.03729146221786065 0.29457364341085274
0.03721841332027424 0.29457364341085274
0.03718199608610567 0.29457364341085274
0.03714565004887586 0.29457364341085274
0.037109375 0.29457364341085274
0.037037037037037035 0.29457364341085274
0.03700097370983447 0.29457364341085274
0.0369290573372206 0.29457364341085274
0.03685741998060136 0.29457364341085274
0.03682170542635659 0.29457364341085274
0.0367504835589942 0.29457364341085274
0.03667953667953668 0.29457364341085274
0.03664416586306654 0.29457364341085274
0.036608863198458574 0.29457364341085274
0.03657362848893166 0.29457364341085274
0.03653846153846154 0.29457364341085274
0.037392138063279005 0.3023255813953488
0.03735632183908046 0.3023255813953488
0.03732057416267943 0.3023255813953488
0.0372848948374761 0.3023255813953488
0.03724928366762178 0.3023255813953488
0.03721374045801527 0.3023255813953488
0.037178265014299335 0.3023255813953488
0.037142857142857144 0.3023255813953488
0.037107516650808754 0.3023255813953488
0.037037037037037035 0.3023255813953488
0.03700189753320683 0.3023255813953488
0.036931818181818184 0.3023255813953488
0.036896877956480605 0.3023255813953488
0.036862003780718335 0.3023255813953488
0.036827195467422094 0.3023255813953488
0.03679245283018868 0.3023255813953488
0.036757775683317624 0.3023255813953488
0.03672316384180791 0.3023255813953488
0.036688617121354655 0.3023255813953488
0.03665413533834586 0.3023255813953488
0.036619718309859155 0.3023255813953488
0.036585365853658534 0.3023255813953488
0.03655107778819119 0.3023255813953488
0.03648269410664172 0.3023255813953488
0.03644859813084112 0.3023255813953488
0.036380597014925374 0.3023255813953488
0.036346691519105315 0.3023255813953488
0.036312849162011177 0.3023255813953488
0.03627906976744186 0.3023255813953488
0.0362453531598513 0.3023255813953488
0.036211699164345405 0.3023255813953488
0.036178107606679034 0.3023255813953488
0.03614457831325301 0.3023255813953488
0.036077705827937095 0.3023255813953488
0.036044362292051754 0.3023255813953488
0.036011080332409975 0.3023255813953488
0.035944700460829496 0.3023255813953488
0.03591160220994475 0.3023255813953488
0.035878564857405704 0.3023255813953488
0.035845588235294115 0.3023255813953488
0.03581267217630854 0.3023255813953488
0.03577981651376147 0.3023255813953488
0.035747021081576534 0.3023255813953488
0.03571428571428571 0.3023255813953488
0.0356489945155393 0.3023255813953488
0.03561643835616438 0.3023255813953488
0.035583941605839414 0.3023255813953488
0.03551912568306011 0.3023255813953488
0.03548680618744313 0.3023255813953488
0.035454545454545454 0.3023255813953488
0.035422343324250684 0.3023255813953488
0.03539019963702359 0.3023255813953488
0.03535811423390753 0.3023255813953488
0.035326086956521736 0.3023255813953488
0.03529411764705882 0.3023255813953488
0.0352622061482821 0.3023255813953488
0.03523035230352303 0.3023255813953488
0.0351985559566787 0.3023255813953488
0.0351668169522092 0.3023255813953488
0.03513513513513514 0.3023255813953488
0.0351035103510351 0.3023255813953488
0.03507194244604316 0.3023255813953488
0.03504043126684636 0.3023255813953488
0.03500897666068223 0.3023255813953488
0.03497757847533632 0.3023255813953488
0.03491495076096687 0.3023255813953488
0.03488372093023256 0.3023255813953488
0.03485254691689008 0.3023255813953488
0.03482142857142857 0.3023255813953488
0.034759358288770054 0.3023255813953488
0.034728406055209264 0.3023255813953488
0.03469750889679715 0.3023255813953488
0.034666666666666665 0.3023255813953488
0.03463587921847247 0.3023255813953488
0.03460514640638864 0.3023255813953488
0.034574468085106384 0.3023255813953488
0.034513274336283185 0.3023255813953488
0.034482758620689655 0.3023255813953488
0.03445229681978799 0.3023255813953488
0.03442188879082083 0.3023255813953488
0.03439153439153439 0.3023255813953488
0.03436123348017621 0.3023255813953488
0.03433098591549296 0.3023255813953488
0.03430079155672823 0.3023255813953488
0.03427065026362039 0.3023255813953488
0.03424056189640035 0.3023255813953488
0.034210526315789476 0.3023255813953488
0.03418054338299737 0.3023255813953488
0.03415061295971979 0.3023255813953488
0.03412073490813648 0.3023255813953488
0.03409090909090909 0.3023255813953488
0.034031413612565446 0.3023255813953488
0.03400174367916303 0.3023255813953488
0.03397212543554007 0.3023255813953488
0.03391304347826087 0.3023255813953488
0.033854166666666664 0.3023255813953488
0.033795493934142114 0.3023255813953488
0.03373702422145329 0.3023255813953488
0.03367875647668394 0.3023255813953488
0.03364969801553063 0.3023255813953488
0.03362068965517241 0.3023255813953488
0.03359173126614987 0.3023255813953488
0.03356282271944923 0.3023255813953488
0.03353396388650043 0.3023255813953488
0.03350515463917526 0.3023255813953488
0.03347639484978541 0.3023255813953488
0.03344768439108062 0.3023255813953488
0.033419023136246784 0.3023255813953488
0.03339041095890411 0.3023255813953488
0.03333333333333333 0.3023255813953488
0.033276450511945395 0.3023255813953488
0.03324808184143223 0.3023255813953488
0.03321976149914821 0.3023255813953488
0.033191489361702124 0.3023255813953488
0.03316326530612245 0.3023255813953488
0.03313508920985556 0.3023255813953488
0.03310696095076401 0.3023255813953488
0.03307888040712468 0.3023255813953488
0.03305084745762712 0.3023255813953488
0.03302286198137172 0.3023255813953488
0.03299492385786802 0.3023255813953488
0.03296703296703297 0.3023255813953488
0.032939189189189186 0.3023255813953488
0.03291139240506329 0.3023255813953488
0.03285593934288121 0.3023255813953488
0.03282828282828283 0.3023255813953488
0.03280067283431455 0.3023255813953488
0.03277310924369748 0.3023255813953488
0.0327455919395466 0.3023255813953488
0.03271812080536913 0.3023255813953488
0.03269069572506287 0.3023255813953488
0.032663316582914576 0.3023255813953488
0.032635983263598324 0.3023255813953488
0.03260869565217391 0.3023255813953488
0.03258145363408521 0.3023255813953488
0.0325542570951586 0.3023255813953488
0.0325 0.3023255813953488
0.0324729392173189 0.3023255813953488
0.0324459234608985 0.3023255813953488
0.032418952618453865 0.3023255813953488
0.03239202657807309 0.3023255813953488
0.03236514522821577 0.3023255813953488
0.03233830845771144 0.3023255813953488
0.03228476821192053 0.3023255813953488
0.032231404958677684 0.3023255813953488
0.03220478943022296 0.3023255813953488
0.03217821782178218 0.3023255813953488
0.03215169002473207 0.3023255813953488
0.03209876543209877 0.3023255813953488
0.032072368421052634 0.3023255813953488
0.03204601479046836 0.3023255813953488
0.03199343724364233 0.3023255813953488
0.03194103194103194 0.3023255813953488
0.031914893617021274 0.3023255813953488
0.03188879803761243 0.3023255813953488
0.031862745098039214 0.3023255813953488
0.03181076672104405 0.3023255813953488
0.03175895765472313 0.3023255813953488
0.03168155970755483 0.3023255813953488
0.03165584415584415 0.3023255813953488
0.031630170316301706 0.3023255813953488
0.031604538087520256 0.3023255813953488
0.03155339805825243 0.3023255813953488
0.03150242326332795 0.3023255813953488
0.031476997578692496 0.3023255813953488
0.031426269137792104 0.3023255813953488
0.03140096618357488 0.3023255813953488
0.031375703942075624 0.3023255813953488
0.03135048231511254 0.3023255813953488
0.03132530120481928 0.3023255813953488
0.03130016051364366 0.3023255813953488
0.03127506014434643 0.3023255813953488
0.03125 0.3023255813953488
0.03122497998398719 0.3023255813953488
0.0312 0.3023255813953488
0.03117505995203837 0.3023255813953488
0.031150159744408944 0.3023255813953488
0.03112529928172386 0.3023255813953488
0.03110047846889952 0.3023255813953488
0.03105095541401274 0.3023255813953488
0.031001589825119236 0.3023255813953488
0.030952380952380953 0.3023255813953488
0.030927835051546393 0.3023255813953488
0.030903328050713153 0.3023255813953488
0.030878859857482184 0.3023255813953488
0.030854430379746837 0.3023255813953488
0.0308300395256917 0.3023255813953488
0.030805687203791468 0.3023255813953488
0.030781373322809787 0.3023255813953488
0.030757097791798107 0.3023255813953488
0.030732860520094562 0.3023255813953488
0.030708661417322834 0.3023255813953488
0.03068450039339103 0.3023255813953488
0.030636292223095052 0.3023255813953488
0.030612244897959183 0.3023255813953488
0.03058823529411765 0.3023255813953488
0.030564263322884012 0.3023255813953488
0.030540328895849646 0.3023255813953488
0.03051643192488263 0.3023255813953488
0.03049257232212666 0.3023255813953488
0.03046875 0.3023255813953488
0.03044496487119438 0.3023255813953488
0.030421216848673948 0.3023255813953488
0.030397505845674203 0.3023255813953488
0.030350194552529183 0.3023255813953488
0.030326594090202177 0.3023255813953488
0.030303030303030304 0.3023255813953488
0.030279503105590064 0.3023255813953488
0.030232558139534883 0.3023255813953488
0.030209140201394268 0.3023255813953488
0.03018575851393189 0.3023255813953488
0.030139103554868624 0.3023255813953488
0.030115830115830116 0.3023255813953488
0.03009259259259259 0.3023255813953488
0.030069390902081727 0.3023255813953488
0.030046224961479198 0.3023255813953488
0.03002309468822171 0.3023255813953488
0.03 0.3023255813953488
0.02997694081475788 0.3023255813953488
0.029953917050691243 0.3023255813953488
0.029930928626247123 0.3023255813953488
0.0299079754601227 0.3023255813953488
0.029885057471264367 0.3023255813953488
0.029839326702371844 0.3023255813953488
0.02981651376146789 0.3023255813953488
0.029793735676088617 0.3023255813953488
0.029770992366412213 0.3023255813953488
0.02972560975609756 0.3023255813953488
0.0297029702970297 0.3023255813953488
0.02968036529680365 0.3023255813953488
0.029635258358662615 0.3023255813953488
0.02959028831562974 0.3023255813953488
0.029567854435178165 0.3023255813953488
0.029523088569265707 0.3023255813953488
0.02947845804988662 0.3023255813953488
0.02945619335347432 0.3023255813953488
0.03018867924528302 0.31007751937984496
0.030165912518853696 0.31007751937984496
0.030120481927710843 0.31007751937984496
0.030097817908201655 0.31007751937984496
0.03007518796992481 0.31007751937984496
0.03005259203606311 0.31007751937984496
0.03003003003003003 0.31007751937984496
0.030007501875468866 0.31007751937984496
0.029985007496251874 0.31007751937984496
0.0299625468164794 0.31007751937984496
0.029940119760479042 0.31007751937984496
0.029917726252804786 0.31007751937984496
0.029895366218236172 0.31007751937984496
0.029873039581777446 0.31007751937984496
0.02982848620432513 0.31007751937984496
0.029806259314456036 0.31007751937984496
0.029784065524944156 0.31007751937984496
0.02976190476190476 0.31007751937984496
0.02973977695167286 0.31007751937984496
0.029717682020802376 0.31007751937984496
0.02969561989606533 0.31007751937984496
0.02967359050445104 0.31007751937984496
0.029651593773165306 0.31007751937984496
0.02962962962962963 0.31007751937984496
0.029607698001480384 0.31007751937984496
0.029563932002956393 0.31007751937984496
0.02952029520295203 0.31007751937984496
0.029498525073746312 0.31007751937984496
0.029455081001472753 0.31007751937984496
0.029433406916850625 0.31007751937984496
0.029411764705882353 0.31007751937984496
0.029390154298310066 0.31007751937984496
0.02936857562408223 0.31007751937984496
0.029347028613352897 0.31007751937984496
0.029304029304029304 0.31007751937984496
0.029282576866764276 0.31007751937984496
0.029261155815654718 0.31007751937984496
0.029239766081871343 0.31007751937984496
0.029218407596785977 0.31007751937984496
0.029175784099197667 0.31007751937984496
0.029154518950437316 0.31007751937984496
0.029133284777858703 0.31007751937984496
0.02911208151382824 0.31007751937984496
0.02909090909090909 0.31007751937984496
0.029069767441860465 0.31007751937984496
0.029048656499636893 0.31007751937984496
0.02902757619738752 0.31007751937984496
0.029006526468455404 0.31007751937984496
0.02896451846488052 0.31007751937984496
0.02894356005788712 0.31007751937984496
0.028901734104046242 0.31007751937984496
0.02888086642599278 0.31007751937984496
0.02886002886002886 0.31007751937984496
0.02883922134102379 0.31007751937984496
0.028797696184305256 0.31007751937984496
0.02877697841726619 0.31007751937984496
0.02875629043853343 0.31007751937984496
0.028735632183908046 0.31007751937984496
0.028715003589375447 0.31007751937984496
0.028694404591104734 0.31007751937984496
0.02865329512893983 0.31007751937984496
0.02863278453829635 0.31007751937984496
0.02861230329041488 0.31007751937984496
0.02857142857142857 0.31007751937984496
0.028551034975017844 0.31007751937984496
0.028530670470756064 0.31007751937984496
0.02849002849002849 0.31007751937984496
0.028469750889679714 0.31007751937984496
0.028429282160625444 0.31007751937984496
0.028409090909090908 0.31007751937984496
0.028388928317955996 0.31007751937984496
0.028368794326241134 0.31007751937984496
0.028348688873139617 0.31007751937984496
0.028328611898016998 0.31007751937984496
0.028308563340410473 0.31007751937984496
0.028288543140028287 0.31007751937984496
0.028268551236749116 0.31007751937984496
0.028228652081863093 0.31007751937984496
0.028208744710860368 0.31007751937984496
0.028188865398167725 0.31007751937984496
0.028169014084507043 0.31007751937984496
0.028149190710767064 0.31007751937984496
0.02812939521800281 0.31007751937984496
0.028109627547434995 0.31007751937984496
0.028089887640449437 0.31007751937984496
0.028070175438596492 0.31007751937984496
0.028050490883590462 0.31007751937984496
0.02803083391730904 0.31007751937984496
0.028011204481792718 0.31007751937984496
0.02799160251924423 0.31007751937984496
0.027972027972027972 0.31007751937984496
0.027952480782669462 0.31007751937984496
0.027932960893854747 0.31007751937984496
0.027913468248429867 0.31007751937984496
0.02789400278940028 0.31007751937984496
0.027874564459930314 0.31007751937984496
0.027855153203342618 0.31007751937984496
0.027835768963117607 0.31007751937984496
0.027816411682892908 0.31007751937984496
0.02779708130646282 0.31007751937984496
0.027777777777777776 0.31007751937984496
0.027758501040943788 0.31007751937984496
0.027739251040221916 0.31007751937984496
0.02772002772002772 0.31007751937984496
0.02768166089965398 0.31007751937984496
0.027662517289073305 0.31007751937984496
0.027643400138217002 0.31007751937984496
0.027624309392265192 0.31007751937984496
0.027586206896551724 0.31007751937984496
0.027548209366391185 0.31007751937984496
0.027510316368638238 0.31007751937984496
0.027491408934707903 0.31007751937984496
0.027472527472527472 0.31007751937984496
0.027434842249657063 0.31007751937984496
0.027416038382453736 0.31007751937984496
0.0273972602739726 0.31007751937984496
0.02737850787132101 0.31007751937984496
0.02734107997265892 0.31007751937984496
0.027303754266211604 0.31007751937984496
0.027285129604365622 0.31007751937984496
0.027266530334014997 0.31007751937984496
0.027247956403269755 0.31007751937984496
0.02722940776038121 0.31007751937984496
0.027210884353741496 0.31007751937984496
0.027192386131883073 0.31007751937984496
0.02717391304347826 0.31007751937984496
0.027155465037338764 0.31007751937984496
0.027137042062415198 0.31007751937984496
0.02711864406779661 0.31007751937984496
0.02710027100271003 0.31007751937984496
0.027081922816519974 0.31007751937984496
0.02706359945872801 0.31007751937984496
0.027045300878972278 0.31007751937984496
0.02702702702702703 0.31007751937984496
0.02700877785280216 0.31007751937984496
0.02699055330634278 0.31007751937984496
0.026972353337828724 0.31007751937984496
0.026954177897574125 0.31007751937984496
0.026936026936026935 0.31007751937984496
0.026917900403768506 0.31007751937984496
0.026899798251513115 0.31007751937984496
0.026881720430107527 0.31007751937984496
0.026845637583892617 0.31007751937984496
0.02682763246143528 0.31007751937984496
0.02680965147453083 0.31007751937984496
0.02679169457468185 0.31007751937984496
0.02677376171352075 0.31007751937984496
0.026755852842809364 0.31007751937984496
0.026737967914438502 0.31007751937984496
0.026720106880427523 0.31007751937984496
0.0266844563042028 0.31007751937984496
0.02666666666666667 0.31007751937984496
0.02664890073284477 0.31007751937984496
0.02663115845539281 0.31007751937984496
0.02661343978709248 0.31007751937984496
0.026595744680851064 0.31007751937984496
0.026578073089700997 0.31007751937984496
0.02656042496679947 0.31007751937984496
0.026525198938992044 0.31007751937984496
0.027152317880794703 0.3178294573643411
0.027134348113831898 0.3178294573643411
0.027116402116402115 0.3178294573643411
0.027098479841374753 0.3178294573643411
0.027080581241743725 0.3178294573643411
0.02706270627062706 0.3178294573643411
0.02704485488126649 0.3178294573643411
0.02702702702702703 0.3178294573643411
0.027009222661396576 0.3178294573643411
0.026991441737985518 0.3178294573643411
0.026973684210526316 0.3178294573643411
0.02695595003287311 0.3178294573643411
0.026920551543007223 0.3178294573643411
0.026885245901639345 0.3178294573643411
0.026867627785058978 0.3178294573643411
0.026850032743942372 0.3178294573643411
0.026832460732984294 0.3178294573643411
0.02679738562091503 0.3178294573643411
0.026762402088772844 0.3178294573643411
0.02674494455316373 0.3178294573643411
0.026727509778357236 0.3178294573643411
0.026710097719869708 0.3178294573643411
0.026692708333333332 0.3178294573643411
0.026675341574495772 0.3178294573643411
0.026657997399219768 0.3178294573643411
0.02664067576348278 0.3178294573643411
0.026606099935107073 0.3178294573643411
0.026571613739468567 0.3178294573643411
0.02655440414507772 0.3178294573643411
0.026537216828478965 0.3178294573643411
0.02652005174644243 0.3178294573643411
0.026502908855850032 0.3178294573643411
0.02648578811369509 0.3178294573643411
0.02646868947708199 0.3178294573643411
0.026451612903225806 0.3178294573643411
0.026434558349451968 0.3178294573643411
0.026417525773195876 0.3178294573643411
0.026400515132002575 0.3178294573643411
0.026366559485530548 0.3178294573643411
0.02634961439588689 0.3178294573643411
0.026332691072575465 0.3178294573643411
0.02631578947368421 0.3178294573643411
0.026298909557408594 0.3178294573643411
0.026282051282051282 0.3178294573643411
0.02626521460602178 0.3178294573643411
0.026231605886116442 0.3178294573643411
0.02619808306709265 0.3178294573643411
0.026181353767560665 0.3178294573643411
0.02616464582003829 0.3178294573643411
0.02614795918367347 0.3178294573643411
0.026131293817718292 0.3178294573643411
0.026114649681528664 0.3178294573643411
0.026098026734563972 0.3178294573643411
0.02608142493638677 0.3178294573643411
0.026064844246662427 0.3178294573643411
0.026048284625158832 0.3178294573643411
0.02603174603174603 0.3178294573643411
0.02601522842639594 0.3178294573643411
0.02599873176918199 0.3178294573643411
0.025982256020278833 0.3178294573643411
0.025965801139962 0.3178294573643411
0.025949367088607594 0.3178294573643411
0.025932953826691967 0.3178294573643411
0.025916561314791402 0.3178294573643411
0.025883838383838384 0.3178294573643411
0.025867507886435333 0.3178294573643411
0.025851197982345524 0.3178294573643411
0.0258349086326402 0.3178294573643411
0.025818639798488665 0.3178294573643411
0.025802391441157962 0.3178294573643411
0.02578616352201258 0.3178294573643411
0.025769956002514142 0.3178294573643411
0.025753768844221106 0.3178294573643411
0.02573760200878845 0.3178294573643411
0.025721455457967377 0.3178294573643411
0.02568922305764411 0.3178294573643411
0.02567313713212273 0.3178294573643411
0.025657071339173967 0.3178294573643411
0.02564102564102564 0.3178294573643411
0.025625 0.3178294573643411
0.02560899437851343 0.3178294573643411
0.025593008739076155 0.3178294573643411
0.025561097256857856 0.3178294573643411
0.02554517133956386 0.3178294573643411
0.02551337896701929 0.3178294573643411
0.025497512437810944 0.3178294573643411
0.0254816656308266 0.3178294573643411
0.02546583850931677 0.3178294573643411
0.025450031036623216 0.3178294573643411
0.02543424317617866 0.3178294573643411
0.02541847489150651 0.3178294573643411
0.02540272614622057 0.3178294573643411
0.025386996904024767 0.3178294573643411
0.025371287128712873 0.3178294573643411
0.025355596784168214 0.3178294573643411
0.0253242742433601 0.3178294573643411
0.025308641975308643 0.3178294573643411
0.025293028994447873 0.3178294573643411
0.02527743526510481 0.3178294573643411
0.025261860751694395 0.3178294573643411
0.025246305418719212 0.3178294573643411
0.02523076923076923 0.3178294573643411
0.025215252152521524 0.3178294573643411
0.02519975414874001 0.3178294573643411
0.025184275184275184 0.3178294573643411
0.025168815224063844 0.3178294573643411
0.025153374233128835 0.3178294573643411
0.025137952176578784 0.3178294573643411
0.02510716472749541 0.3178294573643411
0.025091799265605876 0.3178294573643411
0.02507645259938838 0.3178294573643411
0.02506112469437653 0.3178294573643411
0.02504581551618815 0.3178294573643411
0.025030525030525032 0.3178294573643411
0.025015253203172667 0.3178294573643411
0.024984765386959172 0.3178294573643411
0.024969549330085262 0.3178294573643411
0.024939172749391728 0.3178294573643411
0.02492401215805471 0.3178294573643411
0.02490886998784933 0.3178294573643411
0.024893746205221615 0.3178294573643411
0.02487864077669903 0.3178294573643411
0.024863553668890235 0.3178294573643411
0.02484848484848485 0.3178294573643411
0.02483343428225318 0.3178294573643411
0.024803387779794312 0.3178294573643411
0.024788391777509067 0.3178294573643411
0.024758454106280192 0.3178294573643411
0.024743512371756187 0.3178294573643411
0.024728588661037394 0.3178294573643411
0.02471368294153104 0.3178294573643411
0.02469879518072289 0.3178294573643411
0.024683925346177003 0.3178294573643411
0.0246690734055355 0.3178294573643411
0.02465423932651834 0.3178294573643411
0.024639423076923076 0.3178294573643411
0.024624624624624624 0.3178294573643411
0.02460984393757503 0.3178294573643411
0.02459508098380324 0.3178294573643411
0.024580335731414868 0.3178294573643411
0.02456560814859197 0.3178294573643411
0.024550898203592814 0.3178294573643411
0.024536205864751647 0.3178294573643411
0.02452153110047847 0.3178294573643411
0.024506873879258817 0.3178294573643411
0.024492234169653525 0.3178294573643411
0.02447761194029851 0.3178294573643411
0.024448419797257006 0.3178294573643411
0.024419297200714712 0.3178294573643411
0.024404761904761905 0.3178294573643411
0.02437574316290131 0.3178294573643411
0.024346793349168647 0.3178294573643411
0.02433234421364985 0.3178294573643411
