1.0 0.015503875968992248
1.0 0.031007751937984496
1.0 0.031007751937984496
1.0 0.03875968992248062
1.0 0.03875968992248062
1.0 0.03875968992248062
1.0 0.03875968992248062
1.0 0.03875968992248062
1.0 0.03875968992248062
1.0 0.03875968992248062
1.0 0.03875968992248062
1.0 0.03875968992248062
1.0 0.03875968992248062
1.0 0.03875968992248062
1.0 0.03875968992248062
1.0 0.03875968992248062
1.0 0.03875968992248062
1.0 0.03875968992248062
1.0 0.03875968992248062
1.0 0.03875968992248062
1.0 0.03875968992248062
1.0 0.03875968992248062
1.0 0.03875968992248062
1.0 0.03875968992248062
0.8333333333333334 0.03875968992248062
0.8333333333333334 0.03875968992248062
0.8333333333333334 0.03875968992248062
0.8333333333333334 0.03875968992248062
0.8333333333333334 0.03875968992248062
0.8333333333333334 0.03875968992248062
0.8333333333333334 0.03875968992248062
0.7142857142857143 0.03875968992248062
0.75 0.046511627906976744
0.75 0.046511627906976744
0.75 0.046511627906976744
0.75 0.046511627906976744
0.75 0.046511627906976744
0.75 0.046511627906976744
0.75 0.046511627906976744
0.75 0.046511627906976744
0.75 0.046511627906976744
0.75 0.046511627906976744
0.75 0.046511627906976744
0.75 0.046511627906976744
0.75 0.046511627906976744
0.75 0.046511627906976744
0.75 0.046511627906976744
0.75 0.046511627906976744
0.75 0.046511627906976744
0.75 0.046511627906976744
0.7777777777777778 0.05426356589147287
0.7777777777777778 0.05426356589147287
0.7777777777777778 0.05426356589147287
0.7777777777777778 0.05426356589147287
0.7777777777777778 0.05426356589147287
0.7777777777777778 0.05426356589147287
0.7777777777777778 0.05426356589147287
0.7777777777777778 0.05426356589147287
0.7777777777777778 0.05426356589147287
0.7777777777777778 0.05426356589147287
0.7777777777777778 0.05426356589147287
0.7777777777777778 0.05426356589147287
0.7777777777777778 0.05426356589147287
0.7777777777777778 0.05426356589147287
0.7777777777777778 0.05426356589147287
0.7777777777777778 0.05426356589147287
0.7777777777777778 0.05426356589147287
0.7777777777777778 0.05426356589147287
0.7777777777777778 0.05426356589147287
0.7777777777777778 0.05426356589147287
0.7777777777777778 0.05426356589147287
0.8 0.06201550387596899
0.8 0.06201550387596899
0.8181818181818182 0.06976744186046512
0.8181818181818182 0.06976744186046512
0.8181818181818182 0.06976744186046512
0.8181818181818182 0.06976744186046512
0.8181818181818182 0.06976744186046512
0.8181818181818182 0.06976744186046512
0.8181818181818182 0.06976744186046512
0.8181818181818182 0.06976744186046512
0.8181818181818182 0.06976744186046512
0.8181818181818182 0.06976744186046512
0.8181818181818182 0.06976744186046512
0.8181818181818182 0.06976744186046512
0.8181818181818182 0.06976744186046512
0.8181818181818182 0.06976744186046512
0.8181818181818182 0.06976744186046512
0.8181818181818182 0.06976744186046512
0.75 0.06976744186046512
0.75 0.06976744186046512
0.75 0.06976744186046512
0.75 0.06976744186046512
0.75 0.06976744186046512
0.75 0.06976744186046512
0.75 0.06976744186046512
0.75 0.06976744186046512
0.75 0.06976744186046512
0.75 0.06976744186046512
0.75 0.06976744186046512
0.6923076923076923 0.06976744186046512
0.6923076923076923 0.06976744186046512
0.6923076923076923 0.06976744186046512
0.6923076923076923 0.06976744186046512
0.6923076923076923 0.06976744186046512
0.6923076923076923 0.06976744186046512
0.6923076923076923 0.06976744186046512
0.6923076923076923 0.06976744186046512
0.6923076923076923 0.06976744186046512
0.6923076923076923 0.06976744186046512
0.6923076923076923 0.06976744186046512
0.6923076923076923 0.06976744186046512
0.6923076923076923 0.06976744186046512
0.7142857142857143 0.07751937984496124
0.7142857142857143 0.07751937984496124
0.7142857142857143 0.07751937984496124
0.7142857142857143 0.07751937984496124
0.7142857142857143 0.07751937984496124
0.7142857142857143 0.07751937984496124
0.7142857142857143 0.07751937984496124
0.7142857142857143 0.07751937984496124
0.7142857142857143 0.07751937984496124
0.7142857142857143 0.07751937984496124
0.7142857142857143 0.07751937984496124
0.7142857142857143 0.07751937984496124
0.7142857142857143 0.07751937984496124
0.7142857142857143 0.07751937984496124
0.7142857142857143 0.07751937984496124
0.7142857142857143 0.07751937984496124
0.7142857142857143 0.07751937984496124
0.7142857142857143 0.07751937984496124
0.7142857142857143 0.07751937984496124
0.7142857142857143 0.07751937984496124
0.7142857142857143 0.07751937984496124
0.7142857142857143 0.07751937984496124
0.7142857142857143 0.07751937984496124
0.7142857142857143 0.07751937984496124
0.7142857142857143 0.07751937984496124
0.7333333333333333 0.08527131782945736
0.75 0.09302325581395349
0.75 0.09302325581395349
0.75 0.09302325581395349
0.75 0.09302325581395349
0.75 0.09302325581395349
0.75 0.09302325581395349
0.75 0.09302325581395349
0.75 0.09302325581395349
0.75 0.09302325581395349
0.75 0.09302325581395349
0.75 0.09302325581395349
0.7058823529411765 0.09302325581395349
0.7058823529411765 0.09302325581395349
0.7058823529411765 0.09302325581395349
0.7058823529411765 0.09302325581395349
0.7222222222222222 0.10077519379844961
0.7222222222222222 0.10077519379844961
0.7222222222222222 0.10077519379844961
0.7222222222222222 0.10077519379844961
0.6842105263157895 0.10077519379844961
0.6842105263157895 0.10077519379844961
0.6842105263157895 0.10077519379844961
0.6842105263157895 0.10077519379844961
0.6842105263157895 0.10077519379844961
0.6842105263157895 0.10077519379844961
0.6842105263157895 0.10077519379844961
0.6842105263157895 0.10077519379844961
0.6842105263157895 0.10077519379844961
0.6842105263157895 0.10077519379844961
0.6842105263157895 0.10077519379844961
0.6842105263157895 0.10077519379844961
0.6842105263157895 0.10077519379844961
0.6842105263157895 0.10077519379844961
0.6842105263157895 0.10077519379844961
0.6842105263157895 0.10077519379844961
0.6842105263157895 0.10077519379844961
0.6842105263157895 0.10077519379844961
0.6842105263157895 0.10077519379844961
0.6842105263157895 0.10077519379844961
0.6842105263157895 0.10077519379844961
0.6842105263157895 0.10077519379844961
0.6842105263157895 0.10077519379844961
0.6842105263157895 0.10077519379844961
0.6842105263157895 0.10077519379844961
0.6842105263157895 0.10077519379844961
0.6842105263157895 0.10077519379844961
0.6842105263157895 0.10077519379844961
0.6842105263157895 0.10077519379844961
0.6842105263157895 0.10077519379844961
0.6842105263157895 0.10077519379844961
0.6842105263157895 0.10077519379844961
0.6842105263157895 0.10077519379844961
0.6842105263157895 0.10077519379844961
0.6842105263157895 0.10077519379844961
0.6842105263157895 0.10077519379844961
0.6842105263157895 0.10077519379844961
0.6842105263157895 0.10077519379844961
0.7 0.10852713178294573
0.7 0.10852713178294573
0.7 0.10852713178294573
0.7 0.10852713178294573
0.7 0.10852713178294573
0.7 0.10852713178294573
0.7 0.10852713178294573
0.7 0.10852713178294573
0.7 0.10852713178294573
0.7 0.10852713178294573
0.7 0.10852713178294573
0.7 0.10852713178294573
0.7 0.10852713178294573
0.7 0.10852713178294573
0.7 0.10852713178294573
0.7 0.10852713178294573
0.7 0.10852713178294573
0.7 0.10852713178294573
0.7 0.10852713178294573
0.7 0.10852713178294573
0.7 0.10852713178294573
0.7 0.10852713178294573
0.7 0.10852713178294573
0.7 0.10852713178294573
0.7 0.10852713178294573
0.7 0.10852713178294573
0.7 0.10852713178294573
0.7 0.10852713178294573
0.7 0.10852713178294573
0.7 0.10852713178294573
0.7 0.10852713178294573
0.7 0.10852713178294573
0.7 0.10852713178294573
0.7 0.10852713178294573
0.7 0.10852713178294573
0.7 0.10852713178294573
0.7 0.10852713178294573
0.6666666666666666 0.10852713178294573
0.6666666666666666 0.10852713178294573
0.6666666666666666 0.10852713178294573
0.6666666666666666 0.10852713178294573
0.6666666666666666 0.10852713178294573
0.6666666666666666 0.10852713178294573
0.6666666666666666 0.10852713178294573
0.6666666666666666 0.10852713178294573
0.6666666666666666 0.10852713178294573
0.6666666666666666 0.10852713178294573
0.6666666666666666 0.10852713178294573
0.6666666666666666 0.10852713178294573
0.6666666666666666 0.10852713178294573
0.6666666666666666 0.10852713178294573
0.6666666666666666 0.10852713178294573
0.6818181818181818 0.11627906976744186
0.6818181818181818 0.11627906976744186
0.6818181818181818 0.11627906976744186
0.6818181818181818 0.11627906976744186
0.6818181818181818 0.11627906976744186
0.6818181818181818 0.11627906976744186
0.6818181818181818 0.11627906976744186
0.6521739130434783 0.11627906976744186
0.6521739130434783 0.11627906976744186
0.6521739130434783 0.11627906976744186
0.6521739130434783 0.11627906976744186
0.6666666666666666 0.12403100775193798
0.68 0.13178294573643412
0.68 0.13178294573643412
0.6538461538461539 0.13178294573643412
0.6538461538461539 0.13178294573643412
0.6538461538461539 0.13178294573643412
0.6296296296296297 0.13178294573643412
0.6296296296296297 0.13178294573643412
0.6296296296296297 0.13178294573643412
0.6296296296296297 0.13178294573643412
0.6296296296296297 0.13178294573643412
0.6296296296296297 0.13178294573643412
0.6296296296296297 0.13178294573643412
0.6296296296296297 0.13178294573643412
0.6296296296296297 0.13178294573643412
0.6296296296296297 0.13178294573643412
0.6296296296296297 0.13178294573643412
0.6296296296296297 0.13178294573643412
0.6296296296296297 0.13178294573643412
0.6296296296296297 0.13178294573643412
0.6296296296296297 0.13178294573643412
0.6296296296296297 0.13178294573643412
0.6428571428571429 0.13953488372093023
0.6551724137931034 0.14728682170542637
0.6551724137931034 0.14728682170542637
0.6551724137931034 0.14728682170542637
0.6551724137931034 0.14728682170542637
0.6551724137931034 0.14728682170542637
0.6551724137931034 0.14728682170542637
0.6551724137931034 0.14728682170542637
0.6551724137931034 0.14728682170542637
0.6551724137931034 0.14728682170542637
0.6551724137931034 0.14728682170542637
0.6666666666666666 0.15503875968992248
0.6666666666666666 0.15503875968992248
0.6666666666666666 0.15503875968992248
0.6666666666666666 0.15503875968992248
0.6774193548387096 0.16279069767441862
0.6774193548387096 0.16279069767441862
0.6774193548387096 0.16279069767441862
0.6774193548387096 0.16279069767441862
0.6774193548387096 0.16279069767441862
0.6774193548387096 0.16279069767441862
0.6774193548387096 0.16279069767441862
0.6774193548387096 0.16279069767441862
0.65625 0.16279069767441862
0.65625 0.16279069767441862
0.65625 0.16279069767441862
0.6666666666666666 0.17054263565891473
0.6666666666666666 0.17054263565891473
0.6666666666666666 0.17054263565891473
0.6666666666666666 0.17054263565891473
0.6666666666666666 0.17054263565891473
0.6666666666666666 0.17054263565891473
0.6666666666666666 0.17054263565891473
0.6666666666666666 0.17054263565891473
0.6666666666666666 0.17054263565891473
0.6666666666666666 0.17054263565891473
0.6666666666666666 0.17054263565891473
0.6666666666666666 0.17054263565891473
0.6666666666666666 0.17054263565891473
0.6666666666666666 0.17054263565891473
0.6666666666666666 0.17054263565891473
0.6666666666666666 0.17054263565891473
0.6666666666666666 0.17054263565891473
0.6666666666666666 0.17054263565891473
0.6666666666666666 0.17054263565891473
0.6666666666666666 0.17054263565891473
0.6666666666666666 0.17054263565891473
0.6666666666666666 0.17054263565891473
0.6666666666666666 0.17054263565891473
0.6666666666666666 0.17054263565891473
0.6666666666666666 0.17054263565891473
0.6666666666666666 0.17054263565891473
0.6666666666666666 0.17054263565891473
0.6666666666666666 0.17054263565891473
0.6666666666666666 0.17054263565891473
0.6666666666666666 0.17054263565891473
0.6666666666666666 0.17054263565891473
0.6666666666666666 0.17054263565891473
0.6666666666666666 0.17054263565891473
0.6666666666666666 0.17054263565891473
0.6666666666666666 0.17054263565891473
0.6666666666666666 0.17054263565891473
0.6666666666666666 0.17054263565891473
0.6666666666666666 0.17054263565891473
0.6666666666666666 0.17054263565891473
0.6666666666666666 0.17054263565891473
0.6666666666666666 0.17054263565891473
0.6666666666666666 0.17054263565891473
0.6666666666666666 0.17054263565891473
0.6666666666666666 0.17054263565891473
0.6666666666666666 0.17054263565891473
0.6666666666666666 0.17054263565891473
0.6666666666666666 0.17054263565891473
0.6666666666666666 0.17054263565891473
0.6666666666666666 0.17054263565891473
0.6666666666666666 0.17054263565891473
0.6666666666666666 0.17054263565891473
0.6666666666666666 0.17054263565891473
0.6666666666666666 0.17054263565891473
0.6470588235294118 0.17054263565891473
0.6470588235294118 0.17054263565891473
0.6470588235294118 0.17054263565891473
0.6470588235294118 0.17054263565891473
0.6470588235294118 0.17054263565891473
0.6470588235294118 0.17054263565891473
0.6470588235294118 0.17054263565891473
0.6470588235294118 0.17054263565891473
0.6470588235294118 0.17054263565891473
0.6470588235294118 0.17054263565891473
0.6470588235294118 0.17054263565891473
0.6470588235294118 0.17054263565891473
0.6470588235294118 0.17054263565891473
0.6470588235294118 0.17054263565891473
0.6470588235294118 0.17054263565891473
0.6470588235294118 0.17054263565891473
0.6470588235294118 0.17054263565891473
0.6470588235294118 0.17054263565891473
0.6470588235294118 0.17054263565891473
0.6470588235294118 0.17054263565891473
0.6470588235294118 0.17054263565891473
0.6470588235294118 0.17054263565891473
0.6470588235294118 0.17054263565891473
0.6470588235294118 0.17054263565891473
0.6470588235294118 0.17054263565891473
0.6470588235294118 0.17054263565891473
0.6470588235294118 0.17054263565891473
0.6470588235294118 0.17054263565891473
0.6470588235294118 0.17054263565891473
0.6470588235294118 0.17054263565891473
0.6470588235294118 0.17054263565891473
0.6571428571428571 0.17829457364341086
0.6571428571428571 0.17829457364341086
0.6571428571428571 0.17829457364341086
0.6571428571428571 0.17829457364341086
0.6571428571428571 0.17829457364341086
0.6571428571428571 0.17829457364341086
0.6571428571428571 0.17829457364341086
0.6571428571428571 0.17829457364341086
0.6571428571428571 0.17829457364341086
0.6571428571428571 0.17829457364341086
0.6571428571428571 0.17829457364341086
0.6571428571428571 0.17829457364341086
0.6571428571428571 0.17829457364341086
0.6571428571428571 0.17829457364341086
0.6571428571428571 0.17829457364341086
0.6571428571428571 0.17829457364341086
0.6571428571428571 0.17829457364341086
0.6666666666666666 0.18604651162790697
0.6756756756756757 0.1937984496124031
0.6756756756756757 0.1937984496124031
0.6756756756756757 0.1937984496124031
0.6756756756756757 0.1937984496124031
0.6756756756756757 0.1937984496124031
0.6756756756756757 0.1937984496124031
0.6756756756756757 0.1937984496124031
0.6756756756756757 0.1937984496124031
0.6756756756756757 0.1937984496124031
0.6756756756756757 0.1937984496124031
0.6842105263157895 0.20155038759689922
0.6923076923076923 0.20930232558139536
0.6923076923076923 0.20930232558139536
0.6923076923076923 0.20930232558139536
0.6923076923076923 0.20930232558139536
0.6923076923076923 0.20930232558139536
0.6923076923076923 0.20930232558139536
0.6923076923076923 0.20930232558139536
0.6923076923076923 0.20930232558139536
0.6923076923076923 0.20930232558139536
0.6923076923076923 0.20930232558139536
0.6923076923076923 0.20930232558139536
0.6923076923076923 0.20930232558139536
0.6923076923076923 0.20930232558139536
0.6923076923076923 0.20930232558139536
0.6923076923076923 0.20930232558139536
0.6923076923076923 0.20930232558139536
0.6923076923076923 0.20930232558139536
0.6923076923076923 0.20930232558139536
0.6923076923076923 0.20930232558139536
0.6923076923076923 0.20930232558139536
0.6923076923076923 0.20930232558139536
0.6923076923076923 0.20930232558139536
0.6923076923076923 0.20930232558139536
0.6923076923076923 0.20930232558139536
0.6923076923076923 0.20930232558139536
0.6923076923076923 0.20930232558139536
0.6923076923076923 0.20930232558139536
0.6923076923076923 0.20930232558139536
0.6923076923076923 0.20930232558139536
0.6923076923076923 0.20930232558139536
0.6923076923076923 0.20930232558139536
0.6923076923076923 0.20930232558139536
0.6923076923076923 0.20930232558139536
0.6923076923076923 0.20930232558139536
0.6923076923076923 0.20930232558139536
0.6923076923076923 0.20930232558139536
0.6923076923076923 0.20930232558139536
0.6923076923076923 0.20930232558139536
0.6923076923076923 0.20930232558139536
0.6923076923076923 0.20930232558139536
0.6923076923076923 0.20930232558139536
0.6923076923076923 0.20930232558139536
0.6923076923076923 0.20930232558139536
0.6923076923076923 0.20930232558139536
0.7 0.21705426356589147
0.7 0.21705426356589147
0.7 0.21705426356589147
0.7 0.21705426356589147
0.7 0.21705426356589147
0.7 0.21705426356589147
0.7 0.21705426356589147
0.7 0.21705426356589147
0.7 0.21705426356589147
0.7 0.21705426356589147
0.7 0.21705426356589147
0.7 0.21705426356589147
0.7 0.21705426356589147
0.7 0.21705426356589147
0.7 0.21705426356589147
0.7073170731707317 0.2248062015503876
0.7073170731707317 0.2248062015503876
0.7073170731707317 0.2248062015503876
0.7073170731707317 0.2248062015503876
0.7073170731707317 0.2248062015503876
0.7073170731707317 0.2248062015503876
0.7073170731707317 0.2248062015503876
0.7073170731707317 0.2248062015503876
0.7073170731707317 0.2248062015503876
0.7073170731707317 0.2248062015503876
0.7073170731707317 0.2248062015503876
0.7073170731707317 0.2248062015503876
0.7073170731707317 0.2248062015503876
0.7073170731707317 0.2248062015503876
0.7073170731707317 0.2248062015503876
0.7073170731707317 0.2248062015503876
0.7073170731707317 0.2248062015503876
0.7073170731707317 0.2248062015503876
0.7073170731707317 0.2248062015503876
0.7073170731707317 0.2248062015503876
0.7073170731707317 0.2248062015503876
0.7073170731707317 0.2248062015503876
0.7142857142857143 0.23255813953488372
0.7142857142857143 0.23255813953488372
0.7142857142857143 0.23255813953488372
0.7142857142857143 0.23255813953488372
0.7142857142857143 0.23255813953488372
0.6976744186046512 0.23255813953488372
0.6976744186046512 0.23255813953488372
0.6976744186046512 0.23255813953488372
0.6976744186046512 0.23255813953488372
0.6976744186046512 0.23255813953488372
0.6976744186046512 0.23255813953488372
0.6976744186046512 0.23255813953488372
0.6976744186046512 0.23255813953488372
0.6976744186046512 0.23255813953488372
0.6976744186046512 0.23255813953488372
0.6976744186046512 0.23255813953488372
0.6976744186046512 0.23255813953488372
0.6818181818181818 0.23255813953488372
0.6818181818181818 0.23255813953488372
0.6818181818181818 0.23255813953488372
0.6818181818181818 0.23255813953488372
0.6818181818181818 0.23255813953488372
0.6818181818181818 0.23255813953488372
0.6818181818181818 0.23255813953488372
0.6888888888888889 0.24031007751937986
0.6956521739130435 0.24806201550387597
0.6956521739130435 0.24806201550387597
0.6956521739130435 0.24806201550387597
0.6956521739130435 0.24806201550387597
0.6956521739130435 0.24806201550387597
0.7021276595744681 0.2558139534883721
0.7021276595744681 0.2558139534883721
0.7021276595744681 0.2558139534883721
0.7021276595744681 0.2558139534883721
0.6875 0.2558139534883721
0.6875 0.2558139534883721
0.6938775510204082 0.26356589147286824
0.6938775510204082 0.26356589147286824
0.6938775510204082 0.26356589147286824
0.7 0.2713178294573643
0.7 0.2713178294573643
0.7 0.2713178294573643
0.7058823529411765 0.27906976744186046
0.7058823529411765 0.27906976744186046
0.7058823529411765 0.27906976744186046
0.7058823529411765 0.27906976744186046
0.7058823529411765 0.27906976744186046
0.7058823529411765 0.27906976744186046
0.7058823529411765 0.27906976744186046
0.7058823529411765 0.27906976744186046
0.7058823529411765 0.27906976744186046
0.7058823529411765 0.27906976744186046
0.7058823529411765 0.27906976744186046
0.7058823529411765 0.27906976744186046
0.7058823529411765 0.27906976744186046
0.7058823529411765 0.27906976744186046
0.7058823529411765 0.27906976744186046
0.7058823529411765 0.27906976744186046
0.7058823529411765 0.27906976744186046
0.7058823529411765 0.27906976744186046
0.7058823529411765 0.27906976744186046
0.7058823529411765 0.27906976744186046
0.7058823529411765 0.27906976744186046
0.7058823529411765 0.27906976744186046
0.7058823529411765 0.27906976744186046
0.7058823529411765 0.27906976744186046
0.7058823529411765 0.27906976744186046
0.7058823529411765 0.27906976744186046
0.7058823529411765 0.27906976744186046
0.7058823529411765 0.27906976744186046
0.7058823529411765 0.27906976744186046
0.7058823529411765 0.27906976744186046
0.7058823529411765 0.27906976744186046
0.7058823529411765 0.27906976744186046
0.7058823529411765 0.27906976744186046
0.7058823529411765 0.27906976744186046
0.7058823529411765 0.27906976744186046
0.7058823529411765 0.27906976744186046
0.7058823529411765 0.27906976744186046
0.7058823529411765 0.27906976744186046
0.7058823529411765 0.27906976744186046
0.7058823529411765 0.27906976744186046
0.7058823529411765 0.27906976744186046
0.7115384615384616 0.2868217054263566
0.7115384615384616 0.2868217054263566
0.7115384615384616 0.2868217054263566
0.6981132075471698 0.2868217054263566
0.6981132075471698 0.2868217054263566
0.6981132075471698 0.2868217054263566
0.6981132075471698 0.2868217054263566
0.6981132075471698 0.2868217054263566
0.6981132075471698 0.2868217054263566
0.6981132075471698 0.2868217054263566
0.6981132075471698 0.2868217054263566
0.6981132075471698 0.2868217054263566
0.6981132075471698 0.2868217054263566
0.6981132075471698 0.2868217054263566
0.6981132075471698 0.2868217054263566
0.6981132075471698 0.2868217054263566
0.6981132075471698 0.2868217054263566
0.6981132075471698 0.2868217054263566
0.6981132075471698 0.2868217054263566
0.6981132075471698 0.2868217054263566
0.6981132075471698 0.2868217054263566
0.6981132075471698 0.2868217054263566
0.6981132075471698 0.2868217054263566
0.6981132075471698 0.2868217054263566
0.6981132075471698 0.2868217054263566
0.6981132075471698 0.2868217054263566
0.6981132075471698 0.2868217054263566
0.6981132075471698 0.2868217054263566
0.6981132075471698 0.2868217054263566
0.6981132075471698 0.2868217054263566
0.6981132075471698 0.2868217054263566
0.6981132075471698 0.2868217054263566
0.6981132075471698 0.2868217054263566
0.6981132075471698 0.2868217054263566
0.6981132075471698 0.2868217054263566
0.6981132075471698 0.2868217054263566
0.6981132075471698 0.2868217054263566
0.6981132075471698 0.2868217054263566
0.6981132075471698 0.2868217054263566
0.6981132075471698 0.2868217054263566
0.6981132075471698 0.2868217054263566
0.6981132075471698 0.2868217054263566
0.6981132075471698 0.2868217054263566
0.6981132075471698 0.2868217054263566
0.6981132075471698 0.2868217054263566
0.6981132075471698 0.2868217054263566
0.6981132075471698 0.2868217054263566
0.6981132075471698 0.2868217054263566
0.6981132075471698 0.2868217054263566
0.6981132075471698 0.2868217054263566
0.6981132075471698 0.2868217054263566
0.6981132075471698 0.2868217054263566
0.6981132075471698 0.2868217054263566
0.6981132075471698 0.2868217054263566
0.6851851851851852 0.2868217054263566
0.6851851851851852 0.2868217054263566
0.6851851851851852 0.2868217054263566
0.6851851851851852 0.2868217054263566
0.6851851851851852 0.2868217054263566
0.6851851851851852 0.2868217054263566
0.6851851851851852 0.2868217054263566
0.6851851851851852 0.2868217054263566
0.6851851851851852 0.2868217054263566
0.6851851851851852 0.2868217054263566
0.6851851851851852 0.2868217054263566
0.6851851851851852 0.2868217054263566
0.6851851851851852 0.2868217054263566
0.6851851851851852 0.2868217054263566
0.6851851851851852 0.2868217054263566
0.6727272727272727 0.2868217054263566
0.6727272727272727 0.2868217054263566
0.6727272727272727 0.2868217054263566
0.6727272727272727 0.2868217054263566
0.6727272727272727 0.2868217054263566
0.6727272727272727 0.2868217054263566
0.6727272727272727 0.2868217054263566
0.6727272727272727 0.2868217054263566
0.6727272727272727 0.2868217054263566
0.6727272727272727 0.2868217054263566
0.6727272727272727 0.2868217054263566
0.6727272727272727 0.2868217054263566
0.6727272727272727 0.2868217054263566
0.6727272727272727 0.2868217054263566
0.6727272727272727 0.2868217054263566
0.6727272727272727 0.2868217054263566
0.6727272727272727 0.2868217054263566
0.6727272727272727 0.2868217054263566
0.6727272727272727 0.2868217054263566
0.6727272727272727 0.2868217054263566
0.6727272727272727 0.2868217054263566
0.6727272727272727 0.2868217054263566
0.6727272727272727 0.2868217054263566
0.6727272727272727 0.2868217054263566
0.6727272727272727 0.2868217054263566
0.6727272727272727 0.2868217054263566
0.6727272727272727 0.2868217054263566
0.6727272727272727 0.2868217054263566
0.6727272727272727 0.2868217054263566
0.6727272727272727 0.2868217054263566
0.6727272727272727 0.2868217054263566
0.6727272727272727 0.2868217054263566
0.6727272727272727 0.2868217054263566
0.6727272727272727 0.2868217054263566
0.6727272727272727 0.2868217054263566
0.6727272727272727 0.2868217054263566
0.6727272727272727 0.2868217054263566
0.6727272727272727 0.2868217054263566
0.6727272727272727 0.2868217054263566
0.6727272727272727 0.2868217054263566
0.6727272727272727 0.2868217054263566
0.6727272727272727 0.2868217054263566
0.6727272727272727 0.2868217054263566
0.6727272727272727 0.2868217054263566
0.6727272727272727 0.2868217054263566
0.6727272727272727 0.2868217054263566
0.6727272727272727 0.2868217054263566
0.6727272727272727 0.2868217054263566
0.6727272727272727 0.2868217054263566
0.6727272727272727 0.2868217054263566
0.6727272727272727 0.2868217054263566
0.6727272727272727 0.2868217054263566
0.6727272727272727 0.2868217054263566
0.6727272727272727 0.2868217054263566
0.6727272727272727 0.2868217054263566
0.6727272727272727 0.2868217054263566
0.6727272727272727 0.2868217054263566
0.6727272727272727 0.2868217054263566
0.6727272727272727 0.2868217054263566
0.6727272727272727 0.2868217054263566
0.6727272727272727 0.2868217054263566
0.6727272727272727 0.2868217054263566
0.6727272727272727 0.2868217054263566
0.6727272727272727 0.2868217054263566
0.6727272727272727 0.2868217054263566
0.6727272727272727 0.2868217054263566
0.6727272727272727 0.2868217054263566
0.6727272727272727 0.2868217054263566
0.6727272727272727 0.2868217054263566
0.6727272727272727 0.2868217054263566
0.6727272727272727 0.2868217054263566
0.6727272727272727 0.2868217054263566
0.6727272727272727 0.2868217054263566
0.6785714285714286 0.29457364341085274
0.6785714285714286 0.29457364341085274
0.6785714285714286 0.29457364341085274
0.6785714285714286 0.29457364341085274
0.6785714285714286 0.29457364341085274
0.6785714285714286 0.29457364341085274
0.6785714285714286 0.29457364341085274
0.6785714285714286 0.29457364341085274
0.6785714285714286 0.29457364341085274
0.6785714285714286 0.29457364341085274
0.6785714285714286 0.29457364341085274
0.6785714285714286 0.29457364341085274
0.6785714285714286 0.29457364341085274
0.6785714285714286 0.29457364341085274
0.6785714285714286 0.29457364341085274
0.6785714285714286 0.29457364341085274
0.6785714285714286 0.29457364341085274
0.6785714285714286 0.29457364341085274
0.6785714285714286 0.29457364341085274
0.6785714285714286 0.29457364341085274
0.6785714285714286 0.29457364341085274
0.6785714285714286 0.29457364341085274
0.6785714285714286 0.29457364341085274
0.6785714285714286 0.29457364341085274
0.6785714285714286 0.29457364341085274
0.6785714285714286 0.29457364341085274
0.6785714285714286 0.29457364341085274
0.6785714285714286 0.29457364341085274
0.6785714285714286 0.29457364341085274
0.6785714285714286 0.29457364341085274
0.6785714285714286 0.29457364341085274
0.6785714285714286 0.29457364341085274
0.6785714285714286 0.29457364341085274
0.6785714285714286 0.29457364341085274
0.6785714285714286 0.29457364341085274
0.6785714285714286 0.29457364341085274
0.6785714285714286 0.29457364341085274
0.6666666666666666 0.29457364341085274
0.6666666666666666 0.29457364341085274
0.6666666666666666 0.29457364341085274
0.6551724137931034 0.29457364341085274
0.6551724137931034 0.29457364341085274
0.6610169491525424 0.3023255813953488
0.6610169491525424 0.3023255813953488
0.6610169491525424 0.3023255813953488
0.6610169491525424 0.3023255813953488
0.6610169491525424 0.3023255813953488
0.6610169491525424 0.3023255813953488
0.6610169491525424 0.3023255813953488
0.6610169491525424 0.3023255813953488
0.6610169491525424 0.3023255813953488
0.6610169491525424 0.3023255813953488
0.6610169491525424 0.3023255813953488
0.6610169491525424 0.3023255813953488
0.6610169491525424 0.3023255813953488
0.6610169491525424 0.3023255813953488
0.6610169491525424 0.3023255813953488
0.6610169491525424 0.3023255813953488
0.6610169491525424 0.3023255813953488
0.6610169491525424 0.3023255813953488
0.6610169491525424 0.3023255813953488
0.6610169491525424 0.3023255813953488
0.6610169491525424 0.3023255813953488
0.6610169491525424 0.3023255813953488
0.6610169491525424 0.3023255813953488
0.6610169491525424 0.3023255813953488
0.6610169491525424 0.3023255813953488
0.6610169491525424 0.3023255813953488
0.6610169491525424 0.3023255813953488
0.6610169491525424 0.3023255813953488
0.6610169491525424 0.3023255813953488
0.6610169491525424 0.3023255813953488
0.6610169491525424 0.3023255813953488
0.6610169491525424 0.3023255813953488
0.6610169491525424 0.3023255813953488
0.6610169491525424 0.3023255813953488
0.6610169491525424 0.3023255813953488
0.6610169491525424 0.3023255813953488
0.6610169491525424 0.3023255813953488
0.6610169491525424 0.3023255813953488
0.6610169491525424 0.3023255813953488
0.6610169491525424 0.3023255813953488
0.6610169491525424 0.3023255813953488
0.6610169491525424 0.3023255813953488
0.6610169491525424 0.3023255813953488
0.6610169491525424 0.3023255813953488
0.6610169491525424 0.3023255813953488
0.6610169491525424 0.3023255813953488
0.6610169491525424 0.3023255813953488
0.6610169491525424 0.3023255813953488
0.6610169491525424 0.3023255813953488
0.6610169491525424 0.3023255813953488
0.6610169491525424 0.3023255813953488
0.6610169491525424 0.3023255813953488
0.6610169491525424 0.3023255813953488
0.6610169491525424 0.3023255813953488
0.6610169491525424 0.3023255813953488
0.6610169491525424 0.3023255813953488
0.6610169491525424 0.3023255813953488
0.6610169491525424 0.3023255813953488
0.6610169491525424 0.3023255813953488
0.6610169491525424 0.3023255813953488
0.6610169491525424 0.3023255813953488
0.6610169491525424 0.3023255813953488
0.6610169491525424 0.3023255813953488
0.6610169491525424 0.3023255813953488
0.6610169491525424 0.3023255813953488
0.6610169491525424 0.3023255813953488
0.6610169491525424 0.3023255813953488
0.6610169491525424 0.3023255813953488
0.6610169491525424 0.3023255813953488
0.6610169491525424 0.3023255813953488
0.6610169491525424 0.3023255813953488
0.6610169491525424 0.3023255813953488
0.6610169491525424 0.3023255813953488
0.6610169491525424 0.3023255813953488
0.6610169491525424 0.3023255813953488
0.6610169491525424 0.3023255813953488
0.6610169491525424 0.3023255813953488
0.6610169491525424 0.3023255813953488
0.6610169491525424 0.3023255813953488
0.6610169491525424 0.3023255813953488
0.6610169491525424 0.3023255813953488
0.6610169491525424 0.3023255813953488
0.6610169491525424 0.3023255813953488
0.6610169491525424 0.3023255813953488
0.6610169491525424 0.3023255813953488
0.6610169491525424 0.3023255813953488
0.6610169491525424 0.3023255813953488
0.6610169491525424 0.3023255813953488
0.6610169491525424 0.3023255813953488
0.6610169491525424 0.3023255813953488
0.6610169491525424 0.3023255813953488
0.6610169491525424 0.3023255813953488
0.6610169491525424 0.3023255813953488
0.6610169491525424 0.3023255813953488
0.6610169491525424 0.3023255813953488
0.6610169491525424 0.3023255813953488
0.6610169491525424 0.3023255813953488
0.6610169491525424 0.3023255813953488
0.6610169491525424 0.3023255813953488
0.6610169491525424 0.3023255813953488
0.6610169491525424 0.3023255813953488
0.6610169491525424 0.3023255813953488
0.6610169491525424 0.3023255813953488
0.6610169491525424 0.3023255813953488
0.6610169491525424 0.3023255813953488
0.6610169491525424 0.3023255813953488
0.6610169491525424 0.3023255813953488
0.6610169491525424 0.3023255813953488
0.6610169491525424 0.3023255813953488
0.6610169491525424 0.3023255813953488
0.6610169491525424 0.3023255813953488
0.6610169491525424 0.3023255813953488
0.6610169491525424 0.3023255813953488
0.6610169491525424 0.3023255813953488
0.6610169491525424 0.3023255813953488
0.6610169491525424 0.3023255813953488
0.6610169491525424 0.3023255813953488
0.6610169491525424 0.3023255813953488
0.65 0.3023255813953488
0.65 0.3023255813953488
0.65 0.3023255813953488
0.65 0.3023255813953488
0.65 0.3023255813953488
0.65 0.3023255813953488
0.65 0.3023255813953488
0.65 0.3023255813953488
0.65 0.3023255813953488
0.65 0.3023255813953488
0.65 0.3023255813953488
0.65 0.3023255813953488
0.65 0.3023255813953488
0.65 0.3023255813953488
0.65 0.3023255813953488
0.65 0.3023255813953488
0.65 0.3023255813953488
0.65 0.3023255813953488
0.65 0.3023255813953488
0.65 0.3023255813953488
0.65 0.3023255813953488
0.65 0.3023255813953488
0.65 0.3023255813953488
0.65 0.3023255813953488
0.65 0.3023255813953488
0.65 0.3023255813953488
0.65 0.3023255813953488
0.65 0.3023255813953488
0.65 0.3023255813953488
0.65 0.3023255813953488
0.65 0.3023255813953488
0.65 0.3023255813953488
0.65 0.3023255813953488
0.639344262295082 0.3023255813953488
0.639344262295082 0.3023255813953488
0.639344262295082 0.3023255813953488
0.639344262295082 0.3023255813953488
0.6290322580645161 0.3023255813953488
0.6190476190476191 0.3023255813953488
0.6190476190476191 0.3023255813953488
0.6190476190476191 0.3023255813953488
0.6190476190476191 0.3023255813953488
0.6190476190476191 0.3023255813953488
0.6190476190476191 0.3023255813953488
0.609375 0.3023255813953488
0.609375 0.3023255813953488
0.609375 0.3023255813953488
0.609375 0.3023255813953488
0.609375 0.3023255813953488
0.609375 0.3023255813953488
0.609375 0.3023255813953488
0.609375 0.3023255813953488
0.609375 0.3023255813953488
0.609375 0.3023255813953488
0.609375 0.3023255813953488
0.609375 0.3023255813953488
0.609375 0.3023255813953488
0.609375 0.3023255813953488
0.609375 0.3023255813953488
0.609375 0.3023255813953488
0.609375 0.3023255813953488
0.609375 0.3023255813953488
0.609375 0.3023255813953488
0.609375 0.3023255813953488
0.609375 0.3023255813953488
0.609375 0.3023255813953488
0.609375 0.3023255813953488
0.609375 0.3023255813953488
0.609375 0.3023255813953488
0.609375 0.3023255813953488
0.609375 0.3023255813953488
0.609375 0.3023255813953488
0.609375 0.3023255813953488
0.609375 0.3023255813953488
0.609375 0.3023255813953488
0.609375 0.3023255813953488
0.609375 0.3023255813953488
0.609375 0.3023255813953488
0.609375 0.3023255813953488
0.609375 0.3023255813953488
0.609375 0.3023255813953488
0.609375 0.3023255813953488
0.609375 0.3023255813953488
0.609375 0.3023255813953488
0.609375 0.3023255813953488
0.609375 0.3023255813953488
0.609375 0.3023255813953488
0.609375 0.3023255813953488
0.609375 0.3023255813953488
0.609375 0.3023255813953488
0.609375 0.3023255813953488
0.609375 0.3023255813953488
0.609375 0.3023255813953488
0.609375 0.3023255813953488
0.609375 0.3023255813953488
0.609375 0.3023255813953488
0.609375 0.3023255813953488
0.609375 0.3023255813953488
0.609375 0.3023255813953488
0.609375 0.3023255813953488
0.609375 0.3023255813953488
0.609375 0.3023255813953488
0.609375 0.3023255813953488
0.609375 0.3023255813953488
0.609375 0.3023255813953488
0.609375 0.3023255813953488
0.609375 0.3023255813953488
0.609375 0.3023255813953488
0.609375 0.3023255813953488
0.609375 0.3023255813953488
0.609375 0.3023255813953488
0.609375 0.3023255813953488
0.609375 0.3023255813953488
0.6 0.3023255813953488
0.6 0.3023255813953488
0.6 0.3023255813953488
0.6 0.3023255813953488
0.6 0.3023255813953488
0.6060606060606061 0.31007751937984496
0.6060606060606061 0.31007751937984496
0.6060606060606061 0.31007751937984496
0.6060606060606061 0.31007751937984496
0.6060606060606061 0.31007751937984496
0.6060606060606061 0.31007751937984496
0.6060606060606061 0.31007751937984496
0.6060606060606061 0.31007751937984496
0.6060606060606061 0.31007751937984496
0.6060606060606061 0.31007751937984496
0.6060606060606061 0.31007751937984496
0.6060606060606061 0.31007751937984496
0.6060606060606061 0.31007751937984496
0.6060606060606061 0.31007751937984496
0.6060606060606061 0.31007751937984496
0.6060606060606061 0.31007751937984496
0.6060606060606061 0.31007751937984496
0.6060606060606061 0.31007751937984496
0.6060606060606061 0.31007751937984496
0.6060606060606061 0.31007751937984496
0.6060606060606061 0.31007751937984496
0.6060606060606061 0.31007751937984496
0.6060606060606061 0.31007751937984496
0.6060606060606061 0.31007751937984496
0.5970149253731343 0.31007751937984496
0.5970149253731343 0.31007751937984496
0.5970149253731343 0.31007751937984496
0.5970149253731343 0.31007751937984496
0.5970149253731343 0.31007751937984496
0.5970149253731343 0.31007751937984496
0.5970149253731343 0.31007751937984496
0.5970149253731343 0.31007751937984496
0.5970149253731343 0.31007751937984496
0.5970149253731343 0.31007751937984496
0.5970149253731343 0.31007751937984496
0.5970149253731343 0.31007751937984496
0.5970149253731343 0.31007751937984496
0.5970149253731343 0.31007751937984496
0.5970149253731343 0.31007751937984496
0.5970149253731343 0.31007751937984496
0.5970149253731343 0.31007751937984496
0.5970149253731343 0.31007751937984496
0.5970149253731343 0.31007751937984496
0.5970149253731343 0.31007751937984496
0.5970149253731343 0.31007751937984496
0.5970149253731343 0.31007751937984496
0.5970149253731343 0.31007751937984496
0.5970149253731343 0.31007751937984496
0.5970149253731343 0.31007751937984496
0.5970149253731343 0.31007751937984496
0.5970149253731343 0.31007751937984496
0.5970149253731343 0.31007751937984496
0.5970149253731343 0.31007751937984496
0.5970149253731343 0.31007751937984496
0.5970149253731343 0.31007751937984496
0.5970149253731343 0.31007751937984496
0.5882352941176471 0.31007751937984496
0.5882352941176471 0.31007751937984496
0.5882352941176471 0.31007751937984496
0.5882352941176471 0.31007751937984496
0.5882352941176471 0.31007751937984496
0.5882352941176471 0.31007751937984496
0.5882352941176471 0.31007751937984496
0.5882352941176471 0.31007751937984496
0.5882352941176471 0.31007751937984496
0.5882352941176471 0.31007751937984496
0.5882352941176471 0.31007751937984496
0.5882352941176471 0.31007751937984496
0.5882352941176471 0.31007751937984496
0.5797101449275363 0.31007751937984496
0.5797101449275363 0.31007751937984496
0.5797101449275363 0.31007751937984496
0.5797101449275363 0.31007751937984496
0.5797101449275363 0.31007751937984496
0.5797101449275363 0.31007751937984496
0.5797101449275363 0.31007751937984496
0.5797101449275363 0.31007751937984496
0.5797101449275363 0.31007751937984496
0.5797101449275363 0.31007751937984496
0.5797101449275363 0.31007751937984496
0.5797101449275363 0.31007751937984496
0.5797101449275363 0.31007751937984496
0.5797101449275363 0.31007751937984496
0.5797101449275363 0.31007751937984496
0.5797101449275363 0.31007751937984496
0.5797101449275363 0.31007751937984496
0.5797101449275363 0.31007751937984496
0.5797101449275363 0.31007751937984496
0.5797101449275363 0.31007751937984496
0.5797101449275363 0.31007751937984496
0.5797101449275363 0.31007751937984496
0.5797101449275363 0.31007751937984496
0.5797101449275363 0.31007751937984496
0.5714285714285714 0.31007751937984496
0.5714285714285714 0.31007751937984496
0.5714285714285714 0.31007751937984496
0.5714285714285714 0.31007751937984496
0.5714285714285714 0.31007751937984496
0.5714285714285714 0.31007751937984496
0.5714285714285714 0.31007751937984496
0.5714285714285714 0.31007751937984496
0.5714285714285714 0.31007751937984496
0.5714285714285714 0.31007751937984496
0.5714285714285714 0.31007751937984496
0.5714285714285714 0.31007751937984496
0.5714285714285714 0.31007751937984496
0.5714285714285714 0.31007751937984496
0.5714285714285714 0.31007751937984496
0.5714285714285714 0.31007751937984496
0.5714285714285714 0.31007751937984496
0.5714285714285714 0.31007751937984496
0.5714285714285714 0.31007751937984496
0.5714285714285714 0.31007751937984496
0.5714285714285714 0.31007751937984496
0.5714285714285714 0.31007751937984496
0.5714285714285714 0.31007751937984496
0.5714285714285714 0.31007751937984496
0.5714285714285714 0.31007751937984496
0.5714285714285714 0.31007751937984496
0.5714285714285714 0.31007751937984496
0.5714285714285714 0.31007751937984496
0.5714285714285714 0.31007751937984496
0.5714285714285714 0.31007751937984496
0.5714285714285714 0.31007751937984496
0.5714285714285714 0.31007751937984496
0.5714285714285714 0.31007751937984496
0.5714285714285714 0.31007751937984496
0.5714285714285714 0.31007751937984496
0.5714285714285714 0.31007751937984496
0.5714285714285714 0.31007751937984496
0.5714285714285714 0.31007751937984496
0.5714285714285714 0.31007751937984496
0.5714285714285714 0.31007751937984496
0.5714285714285714 0.31007751937984496
0.5714285714285714 0.31007751937984496
0.5714285714285714 0.31007751937984496
0.5714285714285714 0.31007751937984496
0.5714285714285714 0.31007751937984496
0.5714285714285714 0.31007751937984496
0.5714285714285714 0.31007751937984496
0.5714285714285714 0.31007751937984496
0.5714285714285714 0.31007751937984496
0.5714285714285714 0.31007751937984496
0.5714285714285714 0.31007751937984496
0.5714285714285714 0.31007751937984496
0.5714285714285714 0.31007751937984496
0.5714285714285714 0.31007751937984496
0.5714285714285714 0.31007751937984496
0.5714285714285714 0.31007751937984496
0.5714285714285714 0.31007751937984496
0.5714285714285714 0.31007751937984496
0.5714285714285714 0.31007751937984496
0.5714285714285714 0.31007751937984496
0.5714285714285714 0.31007751937984496
0.5714285714285714 0.31007751937984496
0.5714285714285714 0.31007751937984496
0.5714285714285714 0.31007751937984496
0.5714285714285714 0.31007751937984496
0.5714285714285714 0.31007751937984496
0.5774647887323944 0.3178294573643411
0.5774647887323944 0.3178294573643411
0.5774647887323944 0.3178294573643411
0.5774647887323944 0.3178294573643411
0.5774647887323944 0.3178294573643411
0.5774647887323944 0.3178294573643411
0.5774647887323944 0.3178294573643411
0.5774647887323944 0.3178294573643411
0.5774647887323944 0.3178294573643411
0.5774647887323944 0.3178294573643411
0.5774647887323944 0.3178294573643411
0.5774647887323944 0.3178294573643411
0.5774647887323944 0.3178294573643411
0.5774647887323944 0.3178294573643411
0.5774647887323944 0.3178294573643411
0.5694444444444444 0.3178294573643411
0.5694444444444444 0.3178294573643411
0.5694444444444444 0.3178294573643411
0.5694444444444444 0.3178294573643411
0.5694444444444444 0.3178294573643411
0.5694444444444444 0.3178294573643411
0.5694444444444444 0.3178294573643411
0.5694444444444444 0.3178294573643411
0.5694444444444444 0.3178294573643411
0.5694444444444444 0.3178294573643411
0.5694444444444444 0.3178294573643411
0.5694444444444444 0.3178294573643411
0.5694444444444444 0.3178294573643411
0.5694444444444444 0.3178294573643411
0.5694444444444444 0.3178294573643411
0.5694444444444444 0.3178294573643411
0.5694444444444444 0.3178294573643411
0.5694444444444444 0.3178294573643411
0.5694444444444444 0.3178294573643411
0.5694444444444444 0.3178294573643411
0.5694444444444444 0.3178294573643411
0.5694444444444444 0.3178294573643411
0.5694444444444444 0.3178294573643411
0.5694444444444444 0.3178294573643411
0.5694444444444444 0.3178294573643411
0.5694444444444444 0.3178294573643411
0.5694444444444444 0.3178294573643411
0.5694444444444444 0.3178294573643411
0.5694444444444444 0.3178294573643411
0.5694444444444444 0.3178294573643411
0.5694444444444444 0.3178294573643411
0.5694444444444444 0.3178294573643411
0.5694444444444444 0.3178294573643411
0.5694444444444444 0.3178294573643411
0.5694444444444444 0.3178294573643411
0.5694444444444444 0.3178294573643411
0.5694444444444444 0.3178294573643411
0.5694444444444444 0.3178294573643411
0.5694444444444444 0.3178294573643411
0.5694444444444444 0.3178294573643411
0.5694444444444444 0.3178294573643411
0.5694444444444444 0.3178294573643411
0.5694444444444444 0.3178294573643411
0.5694444444444444 0.3178294573643411
0.5694444444444444 0.3178294573643411
0.5694444444444444 0.3178294573643411
0.5694444444444444 0.3178294573643411
0.5694444444444444 0.3178294573643411
0.5694444444444444 0.3178294573643411
0.5694444444444444 0.3178294573643411
0.5694444444444444 0.3178294573643411
0.5694444444444444 0.3178294573643411
0.5694444444444444 0.3178294573643411
0.5694444444444444 0.3178294573643411
0.5694444444444444 0.3178294573643411
0.5694444444444444 0.3178294573643411
0.5694444444444444 0.3178294573643411
0.5694444444444444 0.3178294573643411
0.5694444444444444 0.3178294573643411
0.5694444444444444 0.3178294573643411
0.5694444444444444 0.3178294573643411
0.5694444444444444 0.3178294573643411
0.5694444444444444 0.3178294573643411
0.5694444444444444 0.3178294573643411
0.5694444444444444 0.3178294573643411
0.5694444444444444 0.3178294573643411
0.5694444444444444 0.3178294573643411
0.5694444444444444 0.3178294573643411
0.5694444444444444 0.3178294573643411
0.5694444444444444 0.3178294573643411
0.5694444444444444 0.3178294573643411
0.5694444444444444 0.3178294573643411
0.5694444444444444 0.3178294573643411
0.5694444444444444 0.3178294573643411
0.5694444444444444 0.3178294573643411
0.5694444444444444 0.3178294573643411
0.5694444444444444 0.3178294573643411
0.5694444444444444 0.3178294573643411
0.5694444444444444 0.3178294573643411
0.5694444444444444 0.3178294573643411
0.5694444444444444 0.3178294573643411
0.5694444444444444 0.3178294573643411
0.5694444444444444 0.3178294573643411
0.5694444444444444 0.3178294573643411
0.5694444444444444 0.3178294573643411
0.5694444444444444 0.3178294573643411
0.5694444444444444 0.3178294573643411
0.5694444444444444 0.3178294573643411
0.5694444444444444 0.3178294573643411
0.5694444444444444 0.3178294573643411
0.5694444444444444 0.3178294573643411
0.5694444444444444 0.3178294573643411
0.5694444444444444 0.3178294573643411
0.5694444444444444 0.3178294573643411
0.5694444444444444 0.3178294573643411
0.5694444444444444 0.3178294573643411
0.5694444444444444 0.3178294573643411
0.5694444444444444 0.3178294573643411
0.5694444444444444 0.3178294573643411
0.5694444444444444 0.3178294573643411
0.5694444444444444 0.3178294573643411
0.5694444444444444 0.3178294573643411
0.5694444444444444 0.3178294573643411
0.5694444444444444 0.3178294573643411
0.5694444444444444 0.3178294573643411
0.5694444444444444 0.3178294573643411
0.5694444444444444 0.3178294573643411
0.5694444444444444 0.3178294573643411
0.5694444444444444 0.3178294573643411
0.5694444444444444 0.3178294573643411
0.5694444444444444 0.3178294573643411
0.5694444444444444 0.3178294573643411
0.5694444444444444 0.3178294573643411
0.5694444444444444 0.3178294573643411
0.5694444444444444 0.3178294573643411
0.5694444444444444 0.3178294573643411
0.5694444444444444 0.3178294573643411
0.5694444444444444 0.3178294573643411
0.5694444444444444 0.3178294573643411
0.5694444444444444 0.3178294573643411
0.5694444444444444 0.3178294573643411
0.5616438356164384 0.3178294573643411
0.5616438356164384 0.3178294573643411
0.5616438356164384 0.3178294573643411
0.5616438356164384 0.3178294573643411
0.5616438356164384 0.3178294573643411
0.5616438356164384 0.3178294573643411
0.5616438356164384 0.3178294573643411
0.5616438356164384 0.3178294573643411
0.5616438356164384 0.3178294573643411
0.5616438356164384 0.3178294573643411
0.5616438356164384 0.3178294573643411
0.5616438356164384 0.3178294573643411
0.5616438356164384 0.3178294573643411
0.5616438356164384 0.3178294573643411
0.5616438356164384 0.3178294573643411
0.5616438356164384 0.3178294573643411
0.5616438356164384 0.3178294573643411
