3449.0 3427.0
3449.0 4994.0
216.0 419.0
216.0 3427.0
216.0 194.0
2780.0 3427.0
2780.0 1037.0
2780.0 795.0
2780.0 2673.0
2780.0 3000.0
2780.0 1193.0
2780.0 1094.0
483.0 1037.0
483.0 1094.0
483.0 4994.0
483.0 795.0
483.0 2762.0
483.0 3000.0
5596.0 2673.0
106.0 194.0
407.0 2673.0
407.0 3427.0
407.0 1037.0
407.0 795.0
407.0 1193.0
407.0 1094.0
407.0 3000.0
407.0 2655.0
2003.0 4444.0
4483.0 4994.0
4483.0 194.0
102.0 537.0
102.0 194.0
102.0 97.0
160.0 1304.0
160.0 537.0
13875.0 4483.0
13875.0 159.0
158.0 1304.0
206.0 1304.0
206.0 537.0
206.0 97.0
21.0 97.0
21.0 537.0
2973.0 795.0
10981.0 483.0
10981.0 3811.0
537.0 2762.0
537.0 795.0
537.0 2673.0
537.0 1193.0
3318.0 3427.0
3318.0 2012.0
3318.0 4994.0
166.0 194.0
166.0 1094.0
2114.0 537.0
524.0 1304.0
524.0 4994.0
524.0 537.0
524.0 3427.0
524.0 2673.0
3098.0 3427.0
2734.0 1304.0
2734.0 3427.0
2734.0 4994.0
8425.0 537.0
190.0 419.0
190.0 4994.0
11275.0 3449.0
11275.0 216.0
178.0 83.0
178.0 2114.0
178.0 21.0
178.0 2003.0
178.0 407.0
178.0 216.0
178.0 2973.0
178.0 160.0
178.0 2780.0
178.0 3098.0
178.0 106.0
178.0 219.0
178.0 8425.0
178.0 5534.0
178.0 1173.0
178.0 199.0
178.0 3449.0
178.0 3318.0
178.0 206.0
740.0 3427.0
159.0 1304.0
3811.0 1193.0
100.0 194.0
260.0 4444.0
199.0 1304.0
199.0 3427.0
199.0 4994.0
199.0 97.0
1173.0 3427.0
1173.0 4994.0
5050.0 2762.0
5050.0 1193.0
5050.0 537.0
5050.0 4444.0
1255.0 1304.0
1255.0 3427.0
1255.0 194.0
1255.0 537.0
5534.0 1193.0
5527.0 100.0
5527.0 740.0
5527.0 159.0
5527.0 216.0
5527.0 2734.0
107.0 419.0
107.0 3427.0
107.0 537.0
107.0 795.0
107.0 4444.0
107.0 4994.0
107.0 194.0
107.0 97.0
219.0 3427.0
83.0 537.0
5050.0 419.0
178.0 3102.0
5050.0 2673.0
5050.0 1037.0
3102.0 3427.0
3102.0 4994.0
94.0 97.0
103.0 97.0
149.0 194.0
442.0 537.0
140.0 1304.0
1076.0 97.0
1077.0 537.0
279.0 795.0
2911.0 537.0
2911.0 795.0
2911.0 3000.0
818.0 537.0
818.0 2762.0
818.0 3000.0
3426.0 3427.0
3986.0 2655.0
1232.0 537.0
4672.0 97.0
1533.0 419.0
1533.0 4444.0
4911.0 537.0
3006.0 795.0
3006.0 1094.0
3449.0 3084.0
3449.0 100.0
3449.0 3316.0
3449.0 4988.0
3449.0 3887.0
3449.0 4989.0
3449.0 4990.0
3449.0 96.0
3449.0 412.0
3449.0 4992.0
3449.0 108.0
3449.0 106.0
3449.0 105.0
3449.0 3591.0
3449.0 3317.0
3449.0 317.0
3449.0 3318.0
3449.0 178.0
2436.0 1037.0
64.0 1037.0
5504.0 3317.0
5504.0 5505.0
5504.0 168.0
5504.0 206.0
5504.0 3433.0
5504.0 1513.0
5504.0 4989.0
5504.0 157.0
5504.0 2171.0
5504.0 2233.0
5504.0 160.0
5504.0 106.0
5504.0 5514.0
5504.0 158.0
5504.0 199.0
5504.0 105.0
5504.0 5516.0
5504.0 3318.0
5504.0 3564.0
5504.0 96.0
216.0 5505.0
216.0 4988.0
216.0 5519.0
216.0 1513.0
216.0 449.0
216.0 700.0
216.0 2233.0
216.0 740.0
216.0 159.0
216.0 160.0
216.0 2984.0
216.0 1941.0
216.0 1851.0
216.0 2077.0
216.0 4989.0
216.0 483.0
216.0 3090.0
216.0 271.0
216.0 569.0
216.0 1555.0
216.0 3100.0
216.0 5531.0
216.0 105.0
216.0 715.0
216.0 5533.0
216.0 3458.0
216.0 3453.0
216.0 1105.0
216.0 5506.0
216.0 4483.0
216.0 2734.0
216.0 2035.0
216.0 534.0
216.0 158.0
216.0 199.0
216.0 4440.0
216.0 93.0
216.0 4636.0
216.0 169.0
216.0 2780.0
216.0 2988.0
216.0 1255.0
216.0 5554.0
216.0 2003.0
216.0 65.0
216.0 889.0
216.0 665.0
216.0 3219.0
216.0 5514.0
216.0 1442.0
216.0 5560.0
216.0 2070.0
3467.0 795.0
2409.0 194.0
3123.0 1094.0
3123.0 795.0
3887.0 2762.0
3887.0 419.0
3887.0 537.0
6140.0 537.0
1586.0 1193.0
6628.0 537.0
124.0 3427.0
7180.0 97.0
4119.0 97.0
7364.0 537.0
7429.0 3478.0
7429.0 2655.0
4170.0 97.0
2117.0 419.0
2117.0 1094.0
317.0 194.0
4780.0 4444.0
8006.0 537.0
3090.0 194.0
2030.0 1193.0
2780.0 7364.0
2780.0 2670.0
2780.0 5873.0
2780.0 2799.0
2780.0 8483.0
2780.0 8486.0
2780.0 7024.0
2780.0 4865.0
2780.0 2941.0
2780.0 93.0
2780.0 2942.0
2780.0 7471.0
2780.0 2945.0
2780.0 7438.0
2780.0 7063.0
2780.0 2118.0
2780.0 830.0
2780.0 872.0
2780.0 4263.0
2780.0 190.0
2780.0 3647.0
2780.0 4636.0
2780.0 1530.0
2780.0 3545.0
2780.0 8497.0
2780.0 407.0
2780.0 1170.0
2780.0 569.0
2780.0 1533.0
2780.0 5505.0
2780.0 7174.0
2780.0 7470.0
2780.0 1187.0
2780.0 8503.0
2780.0 475.0
2780.0 685.0
2780.0 201.0
2780.0 4989.0
2780.0 493.0
2780.0 3979.0
2780.0 811.0
2780.0 1206.0
2780.0 4447.0
2780.0 124.0
2780.0 3046.0
2780.0 524.0
2780.0 2970.0
2780.0 2971.0
2780.0 351.0
2780.0 2985.0
2780.0 875.0
2780.0 8520.0
2780.0 8521.0
2780.0 208.0
2780.0 107.0
2780.0 278.0
2780.0 2523.0
2780.0 3936.0
2780.0 1654.0
2780.0 1509.0
2780.0 3746.0
2780.0 1179.0
2780.0 2667.0
2780.0 2117.0
2780.0 8525.0
2780.0 3123.0
2780.0 3754.0
2780.0 6472.0
2780.0 883.0
2780.0 5088.0
2780.0 5862.0
2780.0 464.0
2780.0 5461.0
2780.0 5716.0
2780.0 7965.0
2780.0 7089.0
2780.0 5239.0
2780.0 494.0
2780.0 498.0
2780.0 178.0
2780.0 1099.0
2780.0 917.0
2780.0 3453.0
2780.0 1780.0
2780.0 4992.0
2780.0 4627.0
2780.0 538.0
2780.0 947.0
2780.0 7346.0
2780.0 4145.0
2780.0 1737.0
2780.0 563.0
2780.0 216.0
2780.0 3003.0
2780.0 1504.0
2780.0 4051.0
2780.0 2917.0
2780.0 1687.0
2780.0 4769.0
2780.0 1782.0
2780.0 1941.0
2780.0 6191.0
2780.0 2940.0
2780.0 83.0
2780.0 3827.0
2780.0 2003.0
2780.0 8556.0
2780.0 8557.0
2780.0 271.0
2780.0 1803.0
2780.0 8231.0
2780.0 179.0
2780.0 1587.0
2780.0 2171.0
2780.0 8565.0
2780.0 5948.0
2780.0 213.0
2780.0 1116.0
2780.0 851.0
2780.0 158.0
2780.0 1503.0
2780.0 223.0
2780.0 4814.0
2780.0 580.0
3991.0 795.0
3991.0 97.0
3928.0 4444.0
3928.0 419.0
3928.0 2762.0
5056.0 1193.0
1687.0 1193.0
1687.0 537.0
4514.0 7230.0
9543.0 97.0
8556.0 795.0
9659.0 97.0
5638.0 537.0
41.0 537.0
7877.0 537.0
1210.0 537.0
2186.0 2762.0
2186.0 2673.0
2799.0 1193.0
4865.0 4444.0
4865.0 194.0
3614.0 2655.0
3614.0 3478.0
3614.0 1094.0
10459.0 537.0
5529.0 2734.0
5529.0 105.0
5529.0 2233.0
1101.0 2762.0
1101.0 419.0
1101.0 537.0
1101.0 4444.0
1101.0 1094.0
1101.0 97.0
1219.0 795.0
2106.0 537.0
2251.0 684.0
2251.0 784.0
2251.0 1472.0
2251.0 172.0
2251.0 963.0
2251.0 715.0
2251.0 115.0
2251.0 717.0
2251.0 2732.0
2251.0 1489.0
2251.0 4793.0
2251.0 2991.0
9487.0 1193.0
9487.0 1037.0
2669.0 97.0
2265.0 97.0
1525.0 419.0
1525.0 4444.0
3428.0 1094.0
3428.0 97.0
866.0 97.0
4849.0 2762.0
11469.0 97.0
606.0 419.0
606.0 2762.0
606.0 795.0
1654.0 1193.0
1654.0 2673.0
1654.0 1094.0
1654.0 795.0
9400.0 97.0
3754.0 4444.0
11646.0 97.0
938.0 2762.0
938.0 194.0
784.0 419.0
784.0 537.0
6564.0 537.0
5716.0 3427.0
5716.0 2673.0
5716.0 2762.0
5716.0 4994.0
7965.0 2762.0
7965.0 3000.0
11019.0 537.0
483.0 2186.0
483.0 1974.0
483.0 1614.0
483.0 449.0
483.0 4445.0
483.0 3023.0
483.0 2670.0
483.0 512.0
483.0 102.0
483.0 5573.0
483.0 274.0
483.0 216.0
483.0 2738.0
483.0 475.0
483.0 5461.0
483.0 2940.0
483.0 1691.0
483.0 569.0
483.0 2210.0
483.0 43.0
483.0 5533.0
483.0 2766.0
483.0 1915.0
483.0 179.0
483.0 1587.0
483.0 266.0
483.0 4819.0
483.0 278.0
483.0 317.0
483.0 984.0
483.0 4433.0
483.0 524.0
483.0 4992.0
483.0 3711.0
483.0 93.0
483.0 2985.0
483.0 4636.0
483.0 1783.0
483.0 4457.0
483.0 985.0
483.0 1008.0
483.0 885.0
483.0 2054.0
483.0 710.0
483.0 4158.0
483.0 2776.0
31.0 2762.0
31.0 419.0
31.0 3478.0
31.0 97.0
5596.0 4058.0
5596.0 620.0
5596.0 96.0
5596.0 1861.0
5596.0 108.0
5596.0 3895.0
5596.0 1206.0
5596.0 604.0
5596.0 178.0
5596.0 1503.0
5596.0 1605.0
5596.0 2778.0
5596.0 102.0
6430.0 4444.0
6430.0 3478.0
6430.0 537.0
6430.0 2762.0
947.0 1193.0
2211.0 1193.0
4222.0 419.0
865.0 1193.0
8317.0 97.0
4187.0 419.0
4187.0 4444.0
4187.0 194.0
4187.0 2762.0
885.0 2762.0
885.0 537.0
885.0 1037.0
885.0 419.0
885.0 1094.0
2430.0 12058.0
2430.0 1094.0
1163.0 537.0
2676.0 97.0
5672.0 419.0
5672.0 1193.0
5672.0 1037.0
5672.0 795.0
5672.0 2762.0
5672.0 2655.0
5672.0 537.0
781.0 1193.0
1469.0 2012.0
1094.0 2673.0
1094.0 3000.0
1094.0 795.0
1094.0 1193.0
1094.0 537.0
1094.0 1037.0
1094.0 2762.0
1094.0 3478.0
1094.0 2655.0
5004.0 97.0
2470.0 795.0
2470.0 537.0
4993.0 2734.0
4993.0 524.0
4993.0 963.0
4993.0 665.0
4993.0 96.0
4993.0 5505.0
4993.0 2127.0
4993.0 1255.0
173.0 1513.0
173.0 157.0
173.0 96.0
173.0 7693.0
173.0 2211.0
173.0 8546.0
173.0 3318.0
173.0 105.0
173.0 607.0
173.0 178.0
173.0 2554.0
173.0 5514.0
173.0 1212.0
173.0 8231.0
173.0 2171.0
173.0 534.0
173.0 106.0
173.0 11797.0
173.0 4629.0
173.0 7011.0
173.0 1533.0
173.0 569.0
173.0 2778.0
11701.0 537.0
4887.0 2762.0
106.0 3090.0
106.0 103.0
106.0 5505.0
106.0 13001.0
106.0 149.0
106.0 96.0
106.0 6269.0
106.0 13003.0
106.0 159.0
106.0 199.0
106.0 7434.0
106.0 478.0
106.0 3098.0
106.0 10324.0
106.0 2633.0
106.0 1922.0
106.0 3512.0
106.0 5803.0
106.0 12234.0
106.0 3614.0
106.0 93.0
106.0 1899.0
106.0 1861.0
106.0 1168.0
106.0 168.0
106.0 7436.0
106.0 11611.0
106.0 3100.0
106.0 10318.0
106.0 10199.0
106.0 568.0
106.0 179.0
106.0 182.0
106.0 7066.0
106.0 2171.0
106.0 6506.0
106.0 190.0
106.0 13006.0
106.0 208.0
106.0 232.0
106.0 7441.0
106.0 8495.0
106.0 158.0
106.0 1120.0
106.0 42.0
106.0 3318.0
106.0 4804.0
106.0 3653.0
106.0 13008.0
106.0 3991.0
106.0 12389.0
106.0 4629.0
106.0 7063.0
106.0 202.0
106.0 1255.0
106.0 9455.0
106.0 3449.0
106.0 665.0
106.0 1982.0
106.0 1242.0
106.0 7429.0
106.0 9716.0
106.0 1160.0
106.0 8221.0
106.0 4170.0
6129.0 537.0
407.0 7364.0
407.0 2670.0
407.0 2118.0
407.0 5873.0
407.0 2799.0
407.0 8486.0
407.0 7024.0
407.0 4865.0
407.0 2941.0
407.0 93.0
407.0 7471.0
407.0 172.0
407.0 7438.0
407.0 279.0
407.0 4488.0
407.0 7174.0
407.0 872.0
407.0 8231.0
407.0 4263.0
407.0 190.0
407.0 3986.0
407.0 4636.0
407.0 1530.0
407.0 3545.0
407.0 8497.0
407.0 1170.0
407.0 569.0
407.0 1533.0
407.0 2436.0
407.0 7470.0
407.0 3003.0
407.0 8503.0
407.0 201.0
407.0 4989.0
407.0 811.0
407.0 1173.0
407.0 1206.0
407.0 4447.0
407.0 3564.0
407.0 124.0
407.0 3046.0
407.0 524.0
407.0 2970.0
407.0 2985.0
407.0 875.0
407.0 8520.0
407.0 8521.0
407.0 8249.0
407.0 107.0
407.0 3160.0
407.0 2890.0
407.0 1654.0
407.0 1509.0
407.0 3747.0
407.0 1179.0
407.0 2667.0
407.0 2117.0
407.0 8525.0
407.0 3123.0
407.0 6472.0
407.0 883.0
407.0 5088.0
407.0 5862.0
407.0 464.0
407.0 5461.0
407.0 5716.0
407.0 483.0
407.0 5239.0
407.0 750.0
407.0 494.0
407.0 498.0
407.0 2554.0
407.0 1099.0
407.0 2838.0
407.0 3453.0
407.0 2172.0
407.0 1780.0
407.0 4627.0
407.0 2780.0
407.0 947.0
407.0 7346.0
407.0 4145.0
407.0 1737.0
407.0 213.0
407.0 563.0
407.0 216.0
407.0 320.0
407.0 5514.0
407.0 4051.0
407.0 2917.0
407.0 3811.0
407.0 1782.0
407.0 2940.0
407.0 2003.0
407.0 8557.0
407.0 271.0
407.0 179.0
407.0 1587.0
407.0 278.0
407.0 1545.0
407.0 8565.0
407.0 5948.0
407.0 1116.0
407.0 1542.0
407.0 158.0
407.0 1503.0
407.0 223.0
407.0 4814.0
434.0 537.0
2764.0 537.0
2764.0 2655.0
1170.0 537.0
1170.0 795.0
9339.0 3478.0
2405.0 419.0
2405.0 4444.0
2169.0 537.0
1193.0 1037.0
1193.0 795.0
1193.0 537.0
1193.0 1094.0
1193.0 2655.0
1193.0 2762.0
1193.0 2673.0
6640.0 201.0
6640.0 2411.0
6640.0 1553.0
6640.0 96.0
6640.0 1255.0
6640.0 2171.0
6640.0 208.0
6640.0 1535.0
6640.0 6313.0
6640.0 13004.0
3893.0 795.0
3893.0 537.0
3316.0 3427.0
3316.0 2012.0
3316.0 4994.0
4928.0 1193.0
4928.0 795.0
4928.0 1094.0
4928.0 537.0
4928.0 2762.0
4928.0 2673.0
2971.0 12058.0
2971.0 1094.0
2971.0 2762.0
2971.0 7230.0
2971.0 1193.0
2971.0 2012.0
2971.0 3427.0
2971.0 537.0
2971.0 1037.0
2971.0 795.0
2971.0 2673.0
2971.0 4994.0
2971.0 97.0
2971.0 3000.0
2971.0 2655.0
11121.0 537.0
1642.0 1037.0
2991.0 795.0
95.0 1193.0
5683.0 2762.0
5683.0 419.0
5683.0 1193.0
5683.0 1037.0
5683.0 537.0
5683.0 795.0
5683.0 2655.0
4804.0 97.0
4804.0 4444.0
555.0 795.0
1737.0 795.0
10322.0 3427.0
10322.0 4994.0
10322.0 4444.0
5003.0 6348.0
5003.0 175.0
5003.0 2118.0
5003.0 9456.0
5003.0 160.0
5003.0 1187.0
5003.0 3428.0
5003.0 168.0
5003.0 201.0
5003.0 5808.0
5003.0 3369.0
5003.0 665.0
5003.0 715.0
5003.0 56.0
5003.0 508.0
5003.0 86.0
5003.0 1214.0
5003.0 524.0
5003.0 208.0
5003.0 158.0
5003.0 199.0
5003.0 3718.0
5003.0 7305.0
5003.0 4916.0
5003.0 206.0
5003.0 207.0
5003.0 4457.0
5003.0 211.0
5003.0 65.0
5003.0 922.0
5003.0 219.0
5003.0 4729.0
5003.0 3663.0
5003.0 606.0
5003.0 11311.0
5003.0 579.0
13731.0 97.0
3023.0 97.0
2926.0 1193.0
164.0 4444.0
164.0 1094.0
1941.0 97.0
2940.0 2673.0
2940.0 537.0
2940.0 795.0
6634.0 537.0
2003.0 745.0
2003.0 686.0
2003.0 9269.0
2003.0 4187.0
2003.0 2002.0
2003.0 1513.0
2003.0 563.0
2003.0 4051.0
2003.0 784.0
2003.0 414.0
2003.0 4865.0
2003.0 4676.0
2003.0 172.0
2003.0 6166.0
2003.0 127.0
2003.0 105.0
2003.0 715.0
2003.0 115.0
2003.0 508.0
2003.0 3842.0
2003.0 7880.0
2003.0 516.0
2003.0 4928.0
2003.0 2077.0
2003.0 6430.0
2003.0 525.0
2003.0 1633.0
2003.0 3126.0
2003.0 190.0
2003.0 1472.0
2003.0 1851.0
2003.0 413.0
2003.0 4156.0
2003.0 2991.0
2003.0 2780.0
2003.0 3660.0
2003.0 21.0
2003.0 12399.0
2003.0 407.0
2003.0 216.0
2003.0 434.0
2003.0 278.0
2003.0 5534.0
2003.0 3724.0
2003.0 2778.0
2003.0 2886.0
2003.0 4849.0
2003.0 1587.0
2003.0 3020.0
9248.0 97.0
508.0 537.0
2171.0 3427.0
4483.0 3103.0
4483.0 5505.0
4483.0 64.0
4483.0 2117.0
4483.0 96.0
4483.0 1982.0
4483.0 740.0
4483.0 159.0
4483.0 3098.0
4483.0 1503.0
4483.0 1009.0
4483.0 5516.0
4483.0 3318.0
4483.0 685.0
4483.0 3100.0
4483.0 4865.0
4483.0 3453.0
4483.0 105.0
4483.0 1587.0
4483.0 514.0
4483.0 3458.0
4483.0 3316.0
4483.0 2734.0
4483.0 2780.0
4483.0 2233.0
4483.0 2742.0
4483.0 199.0
4483.0 3317.0
4483.0 3084.0
4483.0 3452.0
4483.0 3130.0
4483.0 407.0
4483.0 216.0
4483.0 3006.0
4483.0 107.0
4483.0 5534.0
4483.0 7991.0
4483.0 179.0
4483.0 1449.0
6663.0 537.0
102.0 103.0
102.0 6269.0
102.0 9987.0
102.0 13970.0
102.0 9759.0
102.0 7238.0
102.0 11175.0
102.0 2516.0
102.0 10888.0
102.0 1945.0
102.0 3100.0
102.0 105.0
102.0 3108.0
102.0 3657.0
102.0 7430.0
102.0 690.0
102.0 3433.0
102.0 8231.0
102.0 6506.0
102.0 202.0
102.0 9639.0
102.0 1927.0
102.0 8495.0
102.0 10294.0
102.0 199.0
102.0 4440.0
102.0 3653.0
102.0 4636.0
102.0 7305.0
102.0 13008.0
102.0 206.0
102.0 3545.0
102.0 4672.0
102.0 211.0
102.0 2401.0
102.0 9455.0
102.0 569.0
102.0 1242.0
102.0 9716.0
102.0 10324.0
102.0 6712.0
102.0 4912.0
102.0 5505.0
102.0 100.0
102.0 13972.0
102.0 2669.0
102.0 96.0
102.0 13973.0
102.0 740.0
102.0 159.0
102.0 1187.0
102.0 516.0
102.0 3512.0
102.0 165.0
102.0 166.0
102.0 168.0
102.0 987.0
102.0 12537.0
102.0 2695.0
102.0 94.0
102.0 11649.0
102.0 13319.0
102.0 11611.0
102.0 4148.0
102.0 11006.0
102.0 5153.0
102.0 7465.0
102.0 5531.0
102.0 2714.0
102.0 10199.0
102.0 3458.0
102.0 3316.0
102.0 13975.0
102.0 5506.0
102.0 2222.0
102.0 2734.0
102.0 13003.0
102.0 3389.0
102.0 3318.0
102.0 8316.0
102.0 3718.0
102.0 4119.0
102.0 866.0
102.0 10321.0
102.0 5554.0
102.0 12419.0
102.0 9248.0
102.0 4170.0
102.0 6348.0
102.0 700.0
102.0 3103.0
102.0 1922.0
102.0 13001.0
102.0 3428.0
102.0 4039.0
102.0 232.0
102.0 483.0
102.0 11469.0
102.0 1861.0
102.0 3090.0
102.0 1307.0
102.0 13979.0
102.0 10691.0
102.0 157.0
102.0 13980.0
102.0 401.0
102.0 3453.0
102.0 7180.0
102.0 2554.0
102.0 3465.0
102.0 13981.0
102.0 5596.0
102.0 2077.0
102.0 13982.0
102.0 593.0
102.0 6490.0
102.0 534.0
102.0 13983.0
102.0 4804.0
102.0 3991.0
102.0 5826.0
102.0 3790.0
102.0 872.0
102.0 554.0
102.0 12389.0
102.0 2988.0
102.0 8317.0
102.0 1255.0
102.0 2430.0
102.0 665.0
102.0 13731.0
102.0 12810.0
102.0 449.0
102.0 13984.0
102.0 13044.0
102.0 11185.0
102.0 3023.0
102.0 1982.0
102.0 13711.0
102.0 2676.0
102.0 1782.0
102.0 9543.0
102.0 164.0
102.0 1941.0
102.0 13985.0
102.0 5803.0
102.0 12234.0
102.0 83.0
102.0 2295.0
102.0 9659.0
102.0 1899.0
102.0 1555.0
102.0 107.0
102.0 10316.0
102.0 508.0
102.0 179.0
102.0 3274.0
102.0 13986.0
102.0 11697.0
102.0 2729.0
102.0 2171.0
102.0 208.0
102.0 3733.0
102.0 1542.0
102.0 3854.0
102.0 2233.0
102.0 3105.0
102.0 1851.0
102.0 6869.0
102.0 12624.0
102.0 1449.0
102.0 10762.0
102.0 6838.0
102.0 5534.0
102.0 1448.0
102.0 4253.0
412.0 419.0
412.0 1193.0
412.0 3427.0
412.0 4994.0
412.0 537.0
478.0 97.0
10324.0 97.0
2886.0 4444.0
2886.0 2762.0
2602.0 1094.0
2602.0 2762.0
2602.0 2673.0
2602.0 537.0
3108.0 97.0
7430.0 97.0
3647.0 4444.0
1120.0 2762.0
3657.0 97.0
3084.0 3427.0
3084.0 2012.0
3084.0 4994.0
3084.0 194.0
4816.0 419.0
4816.0 4444.0
4816.0 194.0
4816.0 795.0
4816.0 2762.0
4816.0 537.0
211.0 97.0
3222.0 537.0
11624.0 97.0
1246.0 419.0
1246.0 4444.0
1246.0 1193.0
1246.0 1094.0
160.0 100.0
160.0 11516.0
160.0 149.0
160.0 157.0
160.0 96.0
160.0 158.0
160.0 740.0
160.0 159.0
160.0 3591.0
160.0 13004.0
160.0 5516.0
160.0 5564.0
160.0 4989.0
160.0 108.0
160.0 604.0
160.0 107.0
160.0 105.0
160.0 5646.0
160.0 6269.0
160.0 3564.0
160.0 2554.0
160.0 10316.0
160.0 5534.0
160.0 182.0
160.0 184.0
160.0 5506.0
160.0 185.0
160.0 2729.0
160.0 524.0
160.0 2171.0
160.0 1542.0
160.0 106.0
160.0 851.0
160.0 10294.0
160.0 2233.0
160.0 11797.0
160.0 5551.0
160.0 169.0
160.0 3087.0
160.0 10321.0
160.0 178.0
160.0 208.0
160.0 1255.0
160.0 216.0
160.0 12360.0
160.0 1607.0
160.0 5514.0
160.0 6057.0
7724.0 419.0
8503.0 1037.0
3046.0 795.0
2970.0 3427.0
2970.0 2762.0
2970.0 537.0
10228.0 537.0
2035.0 97.0
11660.0 537.0
3389.0 97.0
7089.0 1094.0
710.0 4444.0
710.0 795.0
710.0 2762.0
710.0 2673.0
7991.0 4444.0
1442.0 3478.0
5738.0 537.0
883.0 419.0
883.0 2762.0
5505.0 194.0
3706.0 1193.0
3706.0 537.0
5519.0 2762.0
5519.0 537.0
5519.0 4444.0
232.0 97.0
2019.0 2762.0
2019.0 419.0
2019.0 4444.0
2019.0 2655.0
2838.0 537.0
621.0 407.0
621.0 2926.0
621.0 606.0
62.0 537.0
1783.0 419.0
1783.0 7230.0
1783.0 1193.0
1783.0 795.0
1783.0 1094.0
2141.0 537.0
8497.0 419.0
8497.0 2673.0
8497.0 1037.0
65.0 537.0
9837.0 795.0
3842.0 1094.0
4434.0 2762.0
4434.0 2655.0
701.0 2762.0
701.0 537.0
701.0 795.0
701.0 1037.0
701.0 3427.0
701.0 1094.0
701.0 97.0
1179.0 795.0
1179.0 1193.0
1179.0 1094.0
1179.0 3000.0
1179.0 2673.0
1179.0 537.0
158.0 3087.0
158.0 83.0
158.0 5505.0
158.0 100.0
158.0 184.0
158.0 4988.0
158.0 169.0
158.0 149.0
158.0 4989.0
158.0 5506.0
158.0 185.0
158.0 2554.0
158.0 96.0
158.0 2171.0
158.0 178.0
158.0 740.0
158.0 1099.0
158.0 407.0
158.0 216.0
158.0 1803.0
158.0 108.0
158.0 1607.0
158.0 11516.0
158.0 208.0
158.0 1555.0
158.0 182.0
158.0 5564.0
158.0 10294.0
158.0 2233.0
158.0 105.0
158.0 5516.0
158.0 2778.0
158.0 3564.0
158.0 106.0
1503.0 419.0
207.0 7230.0
207.0 97.0
4814.0 97.0
580.0 795.0
580.0 537.0
5239.0 1193.0
1574.0 1094.0
1574.0 537.0
1574.0 97.0
964.0 537.0
964.0 4444.0
4538.0 537.0
336.0 4514.0
336.0 4887.0
336.0 1934.0
336.0 11624.0
336.0 1795.0
336.0 3585.0
336.0 1212.0
336.0 2755.0
5715.0 1094.0
5715.0 537.0
206.0 11516.0
206.0 149.0
206.0 5519.0
206.0 449.0
206.0 7364.0
206.0 175.0
206.0 157.0
206.0 740.0
206.0 10228.0
206.0 2233.0
206.0 781.0
206.0 317.0
206.0 4990.0
206.0 5716.0
206.0 168.0
206.0 4989.0
206.0 1803.0
206.0 108.0
206.0 8231.0
206.0 1962.0
206.0 96.0
206.0 6269.0
206.0 2554.0
206.0 10316.0
206.0 5514.0
206.0 2625.0
206.0 86.0
206.0 2171.0
206.0 2077.0
206.0 5506.0
206.0 524.0
206.0 525.0
206.0 1388.0
206.0 1605.0
206.0 3733.0
206.0 1542.0
206.0 927.0
206.0 106.0
206.0 105.0
206.0 8442.0
206.0 10294.0
206.0 3317.0
206.0 534.0
206.0 3663.0
206.0 3318.0
206.0 569.0
206.0 10321.0
206.0 875.0
206.0 207.0
206.0 593.0
206.0 178.0
206.0 4629.0
206.0 5534.0
206.0 1255.0
206.0 3087.0
206.0 102.0
21.0 10294.0
21.0 2233.0
21.0 10316.0
21.0 2669.0
21.0 96.0
21.0 1255.0
21.0 7364.0
21.0 105.0
21.0 8231.0
21.0 106.0
21.0 10321.0
21.0 534.0
21.0 5514.0
21.0 9456.0
21.0 2003.0
21.0 2171.0
21.0 4988.0
21.0 412.0
21.0 1555.0
2625.0 1193.0
14932.0 537.0
2883.0 419.0
2883.0 537.0
47.0 2762.0
8207.0 537.0
1977.0 537.0
157.0 3427.0
157.0 4994.0
157.0 2762.0
475.0 795.0
475.0 2762.0
475.0 537.0
475.0 3000.0
8579.0 1193.0
4783.0 537.0
665.0 96.0
665.0 159.0
665.0 5516.0
665.0 2409.0
665.0 1568.0
665.0 4989.0
665.0 1803.0
665.0 3564.0
665.0 105.0
665.0 178.0
665.0 2127.0
665.0 182.0
665.0 106.0
665.0 10348.0
665.0 211.0
665.0 11311.0
665.0 107.0
665.0 5514.0
3415.0 1193.0
167.0 10321.0
167.0 100.0
167.0 3887.0
167.0 1.0
167.0 633.0
167.0 2169.0
167.0 96.0
167.0 1605.0
167.0 2171.0
167.0 1168.0
167.0 108.0
167.0 1255.0
167.0 107.0
167.0 4307.0
167.0 13004.0
167.0 106.0
167.0 7367.0
167.0 102.0
167.0 3747.0
8267.0 537.0
332.0 194.0
745.0 1193.0
3504.0 1193.0
4445.0 1193.0
4445.0 97.0
620.0 1193.0
620.0 97.0
512.0 1193.0
1984.0 1193.0
1984.0 97.0
5088.0 795.0
5088.0 1037.0
5088.0 7230.0
464.0 795.0
464.0 3000.0
3718.0 97.0
14460.0 537.0
6166.0 4444.0
7693.0 795.0
2554.0 3427.0
2554.0 4994.0
1780.0 1037.0
7346.0 1094.0
3452.0 2012.0
1504.0 2762.0
1504.0 419.0
1504.0 2673.0
1504.0 1193.0
1504.0 537.0
1504.0 1037.0
1504.0 795.0
1504.0 1094.0
3962.0 537.0
1982.0 4444.0
1982.0 1037.0
1982.0 537.0
1982.0 2762.0
1982.0 97.0
86.0 537.0
2922.0 795.0
2922.0 537.0
1899.0 97.0
271.0 2762.0
271.0 3427.0
271.0 795.0
271.0 2673.0
271.0 1094.0
271.0 194.0
271.0 3000.0
1587.0 1094.0
1587.0 2673.0
1587.0 537.0
1587.0 1193.0
1587.0 3000.0
10199.0 97.0
2973.0 96.0
2973.0 165.0
2973.0 271.0
2973.0 3477.0
2973.0 2714.0
2973.0 525.0
2973.0 3784.0
2973.0 191.0
2973.0 985.0
2973.0 1530.0
2973.0 885.0
2973.0 563.0
2973.0 332.0
2973.0 178.0
2973.0 1241.0
2973.0 909.0
861.0 1193.0
2118.0 194.0
2118.0 3000.0
546.0 537.0
7438.0 1094.0
7438.0 795.0
690.0 97.0
4571.0 1037.0
4571.0 537.0
4263.0 795.0
13986.0 97.0
202.0 97.0
1553.0 537.0
5555.0 97.0
4729.0 537.0
5411.0 4444.0
5411.0 1037.0
5411.0 1193.0
1974.0 1193.0
11873.0 97.0
811.0 1094.0
11611.0 97.0
604.0 537.0
604.0 97.0
604.0 2655.0
12865.0 537.0
516.0 1094.0
516.0 795.0
11087.0 3427.0
11087.0 4994.0
