7729 2117
11820 5527
13875 4483
13875 159
13875 2554
13875 740
11820 740
11820 159
11820 483
11820 102
11275 336
11275 621
11275 3449
11275 216
11275 83
11275 1945
10981 483
10981 3811
10981 2251
10981 5546
10981 5527
10981 9350
11275 73
11275 765
10981 102
10981 715
10981 115
10981 784
10981 1472
5527 100
5527 7561
5527 10981
5527 5552
5527 290
5527 740
5527 159
5527 216
5527 2734
5527 4993
5527 5003
5527 5529
5527 903
5527 7145
5527 7147
5527 6326
5527 6640
5527 11820
10981 605
10981 2356
10981 3653
10981 963
10981 1306
5527 5543
5527 4705
5527 166
5527 2171
5527 7369
5527 11487
5527 5063
5527 3084
5527 5211
5527 1381
5527 15139
5527 5492
5527 5222
5527 11367
5527 11366
5527 5225
5527 2233
5527 5226
5527 105
178 83
178 2114
178 167
178 1381
178 3435
178 21
178 1901
178 2003
178 5504
178 407
178 216
178 2973
178 160
178 2780
178 3098
178 106
178 219
178 8425
178 5534
178 1173
178 3102
178 199
178 3449
178 3318
178 206
5527 7660
178 10280
178 4773
178 4109
178 6716
178 10427
178 3184
178 12252
178 1013
178 6811
178 9901
178 3733
178 1044
178 2086
7147 5527
7147 5150
178 4182
178 10136
178 144
178 96
178 4488
7145 5527
178 1195
7145 1214
15715 9395
7147 201
178 1168
5543 1255
5543 5536
5543 216
159 165
159 6077
159 1851
159 1614
159 5505
159 1304
159 1381
159 207
159 149
159 5519
159 706
159 449
159 13875
159 524
159 96
159 5520
159 2171
159 7604
159 5509
159 5527
159 5523
159 1803
159 108
159 160
159 199
159 2734
159 5576
159 176
159 6072
159 208
159 7896
159 5557
159 4196
159 7781
159 771
159 665
159 10921
159 15715
159 1625
159 177
159 105
159 4993
159 4323
159 5532
159 3433
159 1246
159 13004
159 106
159 102
159 1518
159 5562
178 517
178 11678
178 149
178 11523
178 9305
178 10824
178 25
178 2761
178 4136
178 32
178 10826
178 7083
178 7429
178 7923
178 6353
178 223
5543 2734
5543 5527
5529 2734
5529 105
5529 5527
5529 2233
159 5541
9350 4053
9350 10294
9350 5561
9350 11615
9350 5392
159 10321
159 6083
159 1555
159 231
159 10294
159 2233
159 1649
159 6093
159 10316
7145 208
7145 201
7145 2405
9350 5571
9350 2799
621 10190
621 11275
621 4286
621 1231
621 5642
621 11534
621 407
621 2926
621 606
621 5270
621 10172
621 1075
5543 1495
159 1285
159 6512
159 7437
159 4732
3449 3427
3449 3084
3449 100
3449 3316
3449 4988
3449 3887
3449 4989
3449 4990
3449 96
3449 412
3449 4992
3449 108
3449 4993
3449 106
3449 105
3449 3591
3449 4994
3449 4996
3449 3317
3449 317
3449 3318
3449 178
3449 321
7145 171
9350 179
159 166
159 2988
159 2187
9350 10981
11487 605
11487 1829
11487 321
5529 96
5529 5509
5529 185
5546 2339
5546 4573
5546 1182
5546 5222
5546 5211
5546 2254
5546 2345
5546 1381
5546 216
5546 10981
5546 1975
5546 5225
5546 5226
7561 1226
7561 5527
7561 332
3449 1214
5546 5547
3449 3365
159 5561
621 1485
621 6044
11367 420
15139 76
15139 4328
5530 2554
5546 4988
3449 2171
3449 569
3449 2233
3449 2554
10316 93
10316 96
159 6295
159 5540
159 11820
159 6880
3449 4991
3449 2029
7561 535
5546 593
5546 1894
7561 227
7561 232
10321 5259
10321 96
5546 7648
7561 165
4993 2734
4993 524
4993 963
4993 665
4993 5527
4993 96
4993 5505
4993 12793
4993 2127
4993 1255
159 2264
159 5530
159 1495
159 16901
159 3020
10316 107
5529 10559
5529 1612
740 1614
740 3103
740 2457
740 5505
740 149
740 11881
740 175
740 3089
740 96
740 5520
740 991
740 158
740 456
740 2799
740 160
740 6093
740 3099
740 771
740 231
740 737
740 6257
740 5516
740 5571
740 10315
740 14645
740 3427
740 685
740 93
740 9272
740 11875
740 5808
740 5527
740 1803
740 1554
740 6083
740 1555
740 12452
740 15715
740 1649
740 41
740 105
740 5532
740 4373
740 4595
740 5170
740 2559
740 5538
740 3458
740 3453
740 1381
740 5540
740 524
740 2171
740 7604
740 5509
740 4800
740 9521
740 5523
740 4728
740 4487
740 11931
740 3102
740 2233
740 199
740 1621
740 741
740 13153
740 4667
740 2370
740 7519
740 554
740 206
740 207
740 8497
740 5555
740 3545
740 10921
740 885
740 3091
740 407
740 5512
740 742
740 569
740 106
740 5557
740 4581
740 13883
740 1255
740 9339
740 3494
740 3138
290 2117
290 2601
290 5527
290 297
290 7391
290 293
290 296
290 5379
290 2863
3449 151
4993 1214
4993 1800
10321 107
3449 278
6909 741
6911 741
9350 9586
9350 10329
9350 496
9350 506
9350 285
9350 10662
9350 9479
5546 11328
5546 10803
14645 680
740 123
621 2727
621 6453
621 3049
621 616
621 3568
621 4139
621 3935
740 3485
740 1305
740 4801
740 1625
740 2999
740 1160
740 1025
740 10316
740 10294
740 10321
7660 234
7660 3084
7660 3318
7660 235
7660 242
3449 4995
3449 4222
740 1136
621 701
621 9499
621 6535
4993 2115
4993 2086
4993 1044
4993 3103
4993 1975
5543 159
11487 3178
11487 3323
11487 5527
290 288
10316 158
4993 4174
5546 1886
7561 208
7561 431
7561 201
7561 2405
740 10334
740 2053
740 678
740 165
740 13875
740 2527
740 494
740 401
740 9523
740 2988
621 1182
621 5853
5525 2554
5525 4483
159 5543
740 115
740 2017
621 4059
621 4113
621 2097
290 285
290 903
4483 3430
4483 3103
4483 5505
4483 64
4483 3089
4483 2117
4483 96
4483 1982
4483 740
4483 159
4483 5523
4483 6907
4483 3098
4483 1503
4483 5512
4483 771
4483 3451
4483 1009
4483 5516
4483 5525
4483 13873
4483 13020
4483 8691
4483 3466
4483 3318
4483 3468
4483 9007
4483 7417
4483 685
4483 13874
4483 167
4483 13875
4483 3436
4483 3456
4483 1554
4483 176
4483 13876
4483 3100
4483 4865
4483 3437
4483 3453
4483 3455
4483 3460
4483 177
4483 105
4483 5509
4483 3461
4483 4492
4483 1587
4483 514
4483 688
4483 3458
4483 3316
4483 1381
4483 4216
4483 5540
4483 4994
4483 3438
4483 3439
4483 3429
4483 456
4483 2734
4483 6880
4483 2780
4483 13878
4483 3447
4483 3448
4483 3442
4483 5541
4483 3454
4483 2233
4483 2742
4483 199
4483 3459
4483 3317
4483 3463
4483 13879
4483 13880
4483 3444
4483 3084
4483 3452
4483 194
4483 3138
4483 3091
4483 3443
4483 3130
4483 407
4483 216
4483 11194
4483 3006
4483 5557
4483 107
4483 13883
4483 5534
4483 7991
4483 3441
4483 7499
4483 11737
4483 3464
4483 179
4483 1449
4483 3494
7561 37
7561 456
740 11693
10321 158
7660 2734
1335 140
8555 165
11367 3605
11367 11225
11367 402
11367 1878
11367 11455
11367 5527
11367 5833
11367 3607
11367 1865
5541 2779
5541 4483
15139 6329
15139 5527
15139 14746
15139 1524
15139 1298
15139 6892
15139 3626
1945 2187
1945 182
1945 2130
1945 4427
1945 4989
1945 4457
1945 1901
1945 4836
1945 524
1945 4445
1945 412
1945 7830
1945 1883
1945 10592
1945 83
1945 1502
1945 1803
1945 1607
1945 10888
1945 1923
1945 4903
1945 10311
1945 662
1945 8484
1945 96
1945 6158
1945 10324
1945 176
1945 108
1945 604
1945 105
1945 1851
1945 396
1945 3108
1945 4890
1945 102
1945 1587
9350 781
5530 740
5530 159
740 4494
740 4479
740 8691
740 4480
740 8684
740 4490
740 3106
740 4492
740 4482
740 8687
740 8670
740 4491
740 4495
740 4486
740 4484
740 4489
740 4493
7660 1503
7660 2117
621 6171
621 3502
621 1756
621 2310
621 2761
621 3848
621 1088
621 3979
621 5570
621 11
621 11720
621 12066
621 5591
621 5586
621 2661
621 9322
4483 3315
4483 3457
4483 3467
4483 3435
4483 3446
4483 3465
4483 3433
4483 3440
4483 3445
4483 3462
4483 3449
2117 3199
2117 3609
2117 2187
2117 1614
2117 2197
2117 2664
2117 3649
2117 3103
2117 2915
2117 1464
2117 1058
2117 7653
2117 5956
2117 7654
2117 1308
2117 5074
2117 7655
2117 1687
2117 1145
2117 2118
2117 1313
2117 2233
2117 7656
2117 1183
2117 2472
2117 2473
2117 419
2117 2799
2117 1120
2117 4237
2117 7624
2117 1072
2117 776
2117 2485
2117 296
2117 7662
2117 1964
2117 3350
2117 49
2117 7663
2117 2809
2117 42
2117 5270
2117 6482
2117 633
2117 473
2117 7667
2117 6530
2117 1333
2117 7219
2117 2285
2117 3935
2117 251
2117 7669
2117 1089
2117 4677
2117 3616
2117 7674
2117 4039
2117 7371
2117 1574
2117 1867
2117 80
2117 6854
2117 1861
2117 3623
2117 7676
2117 7678
2117 1160
2117 6522
2117 5005
2117 4091
2117 4446
2117 625
2117 3504
2117 449
2117 7028
2117 1924
2117 7681
2117 7682
2117 1580
2117 2953
2117 7684
2117 7685
2117 7686
2117 130
2117 7687
2117 290
2117 7688
2117 4785
2117 4786
2117 279
2117 5589
2117 7691
2117 1091
2117 620
2117 1481
2117 7693
2117 297
2117 7695
2117 903
2117 7696
2117 5592
2117 7697
2117 1101
2117 3332
2117 7698
2117 7699
2117 826
2117 5814
2117 1379
2117 2025
2117 478
2117 617
2117 4433
2117 524
2117 4837
2117 2841
2117 31
2117 4483
2117 377
2117 7703
2117 7704
2117 1487
2117 7705
2117 5088
2117 845
2117 2734
2117 1923
2117 4801
2117 2713
2117 2746
2117 7707
2117 3419
2117 2411
2117 3073
2117 2290
2117 7708
2117 1875
2117 1094
2117 2040
2117 7709
2117 3856
2117 7711
2117 1503
2117 3317
2117 894
2117 501
2117 1517
2117 7712
2117 7713
2117 1851
2117 184
2117 4636
2117 3630
2117 1944
2117 7714
2117 6894
2117 6880
2117 4060
2117 1230
2117 2594
2117 3723
2117 2235
2117 1791
2117 4748
2117 1603
2117 7716
2117 4810
2117 4618
2117 7717
2117 604
2117 7718
2117 1321
2117 985
2117 4042
2117 6100
2117 7719
2117 7720
2117 1533
2117 7722
2117 161
2117 7724
2117 434
2117 4577
2117 1504
2117 7725
2117 3518
2117 2430
2117 6597
2117 1612
2117 7728
2117 662
2117 107
2117 4096
2117 12
2117 2132
2117 4114
2117 5990
2117 7732
2117 5657
2117 7733
2117 7734
2117 3803
2117 2885
2117 1810
2117 6521
2117 2909
2117 7062
2117 1246
2117 6323
2117 293
2117 396
2117 3745
2117 579
2117 4682
216 5518
216 5505
216 4988
216 4361
216 5519
216 1513
216 449
216 700
216 5522
216 2233
216 740
216 159
216 5523
216 419
216 160
216 4993
216 5524
216 161
216 771
216 3086
216 2984
216 5525
216 1941
216 3427
216 1851
216 2077
216 4989
216 483
216 3090
216 5145
216 271
216 5527
216 569
216 1554
216 176
216 1555
216 5529
216 3100
216 5530
216 2321
216 5531
216 105
216 715
216 5532
216 5533
216 2017
216 181
216 5537
216 4478
216 5538
216 3458
216 3453
216 1105
216 5506
216 5540
216 4483
216 5509
216 3092
216 456
216 2734
216 2035
216 194
216 534
216 5542
216 1893
216 5543
216 158
216 5545
216 199
216 4440
216 4667
216 93
216 5546
216 1495
216 4636
216 741
216 169
216 5549
216 2780
216 2988
216 5552
216 5553
216 1255
216 5554
216 2003
216 1502
216 65
216 889
216 5557
216 665
216 3219
216 177
216 5010
216 5514
216 5558
216 5559
216 1442
216 5560
216 1245
216 5561
216 2070
216 5562
740 11820
740 3428
740 14966
3449 1
12252 1163
12252 151
12252 659
12252 2130
12252 6463
12252 178
12252 170
2554 151
2554 3086
2554 5505
2554 6737
2554 175
2554 96
2554 1980
2554 9456
2554 1411
2554 8551
2554 456
2554 160
2554 3098
2554 5512
2554 771
2554 1644
2554 4343
2554 12595
2554 5525
2554 13873
2554 7648
2554 3318
2554 3427
2554 83
2554 685
2554 13874
2554 168
2554 93
2554 3616
2554 3435
2554 6521
2554 1168
2554 1803
2554 2211
2554 176
2554 2233
2554 524
2554 8691
2554 3629
2554 5530
2554 1173
2554 105
2554 7693
2554 3083
2554 3127
2554 3106
2554 508
2554 179
2554 3458
2554 1381
2554 3433
2554 5540
2554 8231
2554 4994
2554 10318
2554 2171
2554 2571
2554 5509
2554 9349
2554 190
2554 5130
2554 208
2554 4728
2554 1542
2554 5018
2554 10261
2554 4879
2554 3454
2554 3102
2554 9460
2554 199
2554 7163
2554 13879
2554 13880
2554 947
2554 3919
2554 169
2554 7266
2554 12389
2554 268
2554 206
2554 4456
2554 1553
2554 4816
2554 1255
2554 3138
2554 3091
2554 3443
2554 7555
2554 11194
2554 569
2554 219
2554 107
2554 1605
2554 7499
2554 3670
2554 11737
2554 3020
10190 621
10321 1923
6063 102
4993 11873
4993 377
216 5521
5525 2384
290 2486
483 3609
483 2186
483 1974
483 2081
483 1614
483 449
483 4445
483 3023
483 2670
483 512
483 102
483 5573
483 2151
483 274
483 216
483 903
483 9788
483 5403
483 2809
483 972
483 1037
483 2738
483 11821
483 8257
483 475
483 5461
483 2940
483 10981
483 7251
483 7212
483 6230
483 1691
483 569
483 2210
483 2952
483 1094
483 43
483 5533
483 2766
483 1915
483 179
483 1587
483 266
483 4819
483 2559
483 278
483 11823
483 317
483 984
483 4433
483 524
483 4994
483 3132
483 2033
483 4992
483 7884
483 11824
483 2735
483 2975
483 3711
483 93
483 2985
483 1495
483 4636
483 1783
483 795
483 1024
483 2762
483 5550
483 4457
483 985
483 5486
483 3000
483 1008
483 885
483 4159
483 2054
483 710
483 4158
483 2776
483 7899
483 6337
12252 165
12252 3936
13883 177
13883 16090
13883 96
13883 3494
1381 1495
1381 181
1381 140
1381 5505
1381 4667
1381 524
1381 96
1381 1255
1381 3090
1381 5509
1381 5523
1381 216
1381 7519
1381 208
1381 106
1381 771
1381 4487
1381 10921
1381 412
1381 2233
1381 13004
1381 105
1381 3083
1381 5546
1381 4804
1381 178
1381 321
1381 1416
483 3002
2117 4741
4483 2988
8684 741
83 9573
83 4988
83 7364
83 149
83 443
83 2799
83 1067
83 7502
83 3591
83 8529
83 123
83 10315
83 166
83 93
83 7212
83 4989
83 1899
83 105
83 3564
83 8573
83 2559
83 922
83 1105
83 524
83 10318
83 1545
83 1114
83 2780
83 537
83 158
83 95
83 4457
83 1553
83 107
83 578
83 3222
83 7499
83 102
7561 7559
4483 1531
4483 4237
4483 3427
4483 12653
4483 191
4483 4618
4483 21
6916 741
6916 6914
740 4174
740 100
740 5327
740 1067
740 3098
740 83
740 176
740 3928
740 6670
740 5530
740 9276
740 3083
740 3564
740 872
740 3843
740 5228
740 9524
740 2742
740 1495
740 1416
740 16901
740 12003
740 1553
740 3437
740 5828
740 1246
2117 1509
216 5541
216 5555
6716 659
6716 6006
6716 124
6716 6463
6716 271
6716 906
6716 4865
6716 178
6716 6389
6716 6507
1945 4925
216 149
216 2322
216 5534
7674 2117
7691 2117
7722 2117
6904 741
6904 6914
2117 7651
7660 4213
5557 1554
5557 11737
5557 13153
5557 6360
5557 177
5557 321
5557 159
5557 2852
5557 456
2117 7675
2117 7679
2117 1469
2117 6081
2117 7710
3653 100
3653 5866
3653 96
3653 97
3653 351
3653 108
3653 99
3653 106
3653 107
3653 1974
3653 105
3653 102
16901 740
16901 159
6716 165
290 274
290 2844
290 270
290 4361
290 1123
1381 3103
2554 202
4483 11072
4483 82
4483 11693
177 1554
177 105
177 5557
177 4483
177 159
177 149
177 13883
5541 96
5541 5371
5541 2554
5541 3902
1945 11275
1945 1105
1945 216
216 4925
483 751
740 2055
740 1141
2554 1136
13020 4483
5063 5059
5063 2757
5063 3455
5063 10746
5063 7567
5063 11358
5063 10686
5063 6136
5063 5550
5063 5527
5063 5833
5063 8277
5063 3293
5063 1180
5063 3592
7660 5527
1945 101
1945 925
1945 1513
1945 3590
1945 4800
1945 1620
1945 3697
1945 3598
1945 3745
2117 5573
2117 5516
2117 7671
2117 1090
2117 7727
1381 4361
1381 211
216 232
9901 12660
2554 3437
11158 3096
11615 9350
290 6240
10427 6526
10427 6006
10427 193
10427 4747
10427 2130
10427 10847
10427 1176
10427 4865
10427 1614
10427 178
10427 271
5492 3811
5492 12522
5492 8353
5492 14095
5492 6667
5492 5478
5492 4729
5492 606
5492 5151
5492 1282
11615 7694
83 1502
83 2405
216 3428
216 5528
216 1945
216 1587
216 5146
216 213
216 5150
483 853
9901 6818
1013 659
1013 8585
1013 151
1013 218
1013 12164
1013 534
1013 8416
1013 13199
1013 178
1013 16505
1013 206
1013 170
6908 2554
6908 4483
2117 749
2117 7657
2117 4760
2117 7670
2117 5638
2117 25
4483 4480
4483 5554
216 2554
216 5536
216 3377
216 537
216 3084
216 5550
216 97
5063 713
5532 5244
5532 105
5532 96
5532 10027
5532 6683
5532 1416
5532 2233
6326 278
6326 2942
6326 1590
6326 271
6326 5527
6326 2527
6326 2054
6326 1351
6326 9346
6326 2883
6326 4627
6326 821
6326 885
10294 68
10294 93
10294 96
10294 1923
10294 158
10294 9350
10294 66
10294 2236
483 288
1381 9423
177 1255
12252 8557
2554 13875
2554 3774
2554 106
2554 3449
2554 5541
6063 16723
16901 6284
2554 7877
2554 1167
2554 3429
2554 10025
2554 216
13873 2554
13873 4483
483 5150
483 2672
483 2731
483 1003
483 9519
483 1185
483 7225
483 2804
483 9403
483 5239
483 3259
483 9864
483 506
483 843
483 1499
483 2603
483 4128
483 3936
483 1535
483 3062
483 3013
483 3009
483 2760
2117 7729
2117 278
83 288
83 5948
83 3537
83 4681
83 9302
216 185
2251 684
2251 1306
2251 7172
2251 2268
2251 4811
2251 295
2251 784
2251 9177
2251 6811
2251 1472
2251 172
2251 963
2251 4626
2251 7082
2251 2249
2251 715
2251 115
2251 717
2251 2336
2251 10981
2251 10982
2251 2732
2251 1115
2251 1489
2251 2038
2251 7540
2251 2360
2251 2297
2251 734
2251 4793
2251 1872
2251 22
2251 2991
2251 4821
483 3427
483 11822
483 1116
483 889
483 6830
4483 8686
4483 3774
