0.0 0.0
0.5 0.002178649237472767
0.3333333333333333 0.002178649237472767
0.5 0.004357298474945534
0.6 0.006535947712418301
0.6666666666666666 0.008714596949891068
0.5714285714285714 0.008714596949891068
0.625 0.010893246187363835
0.5555555555555556 0.010893246187363835
0.5 0.010893246187363835
0.45454545454545453 0.010893246187363835
0.4166666666666667 0.010893246187363835
0.38461538461538464 0.010893246187363835
0.35714285714285715 0.010893246187363835
0.3333333333333333 0.010893246187363835
0.3125 0.010893246187363835
0.29411764705882354 0.010893246187363835
0.2777777777777778 0.010893246187363835
0.2631578947368421 0.010893246187363835
0.25 0.010893246187363835
0.23809523809523808 0.010893246187363835
0.22727272727272727 0.010893246187363835
0.21739130434782608 0.010893246187363835
0.20833333333333334 0.010893246187363835
0.2 0.010893246187363835
0.19230769230769232 0.010893246187363835
0.18518518518518517 0.010893246187363835
0.17857142857142858 0.010893246187363835
0.1724137931034483 0.010893246187363835
0.16666666666666666 0.010893246187363835
0.16129032258064516 0.010893246187363835
0.15625 0.010893246187363835
0.15151515151515152 0.010893246187363835
0.14705882352941177 0.010893246187363835
0.14285714285714285 0.010893246187363835
0.1388888888888889 0.010893246187363835
0.13513513513513514 0.010893246187363835
0.13157894736842105 0.010893246187363835
0.1282051282051282 0.010893246187363835
0.125 0.010893246187363835
0.12195121951219512 0.010893246187363835
0.11904761904761904 0.010893246187363835
0.11627906976744186 0.010893246187363835
0.11363636363636363 0.010893246187363835
0.1111111111111111 0.010893246187363835
0.10869565217391304 0.010893246187363835
0.10638297872340426 0.010893246187363835
0.10416666666666667 0.010893246187363835
0.10204081632653061 0.010893246187363835
0.1 0.010893246187363835
0.09803921568627451 0.010893246187363835
0.09615384615384616 0.010893246187363835
0.09433962264150944 0.010893246187363835
0.09259259259259259 0.010893246187363835
0.09090909090909091 0.010893246187363835
0.08928571428571429 0.010893246187363835
0.08771929824561403 0.010893246187363835
0.08620689655172414 0.010893246187363835
0.0847457627118644 0.010893246187363835
0.1 0.013071895424836602
0.09836065573770492 0.013071895424836602
0.0967741935483871 0.013071895424836602
0.09523809523809523 0.013071895424836602
0.09375 0.013071895424836602
0.09230769230769231 0.013071895424836602
0.09090909090909091 0.013071895424836602
0.08955223880597014 0.013071895424836602
0.08823529411764706 0.013071895424836602
0.10144927536231885 0.015250544662309368
0.1 0.015250544662309368
0.09859154929577464 0.015250544662309368
0.09722222222222222 0.015250544662309368
0.0958904109589041 0.015250544662309368
0.0945945945945946 0.015250544662309368
0.09333333333333334 0.015250544662309368
0.10526315789473684 0.017429193899782137
0.11688311688311688 0.0196078431372549
0.1282051282051282 0.02178649237472767
0.13924050632911392 0.023965141612200435
0.15 0.026143790849673203
0.14814814814814814 0.026143790849673203
0.14634146341463414 0.026143790849673203
0.1566265060240964 0.02832244008714597
0.16666666666666666 0.030501089324618737
0.16470588235294117 0.030501089324618737
0.16279069767441862 0.030501089324618737
0.16091954022988506 0.030501089324618737
0.1590909090909091 0.030501089324618737
0.15730337078651685 0.030501089324618737
0.15555555555555556 0.030501089324618737
0.15384615384615385 0.030501089324618737
0.15217391304347827 0.030501089324618737
0.15053763440860216 0.030501089324618737
0.14893617021276595 0.030501089324618737
0.14736842105263157 0.030501089324618737
0.14583333333333334 0.030501089324618737
0.14432989690721648 0.030501089324618737
0.14285714285714285 0.030501089324618737
0.15151515151515152 0.032679738562091505
0.15 0.032679738562091505
0.1485148514851485 0.032679738562091505
0.14705882352941177 0.032679738562091505
0.14563106796116504 0.032679738562091505
0.14423076923076922 0.032679738562091505
0.14285714285714285 0.032679738562091505
0.14150943396226415 0.032679738562091505
0.14018691588785046 0.032679738562091505
0.1388888888888889 0.032679738562091505
0.13761467889908258 0.032679738562091505
0.13636363636363635 0.032679738562091505
0.13513513513513514 0.032679738562091505
0.13392857142857142 0.032679738562091505
0.13274336283185842 0.032679738562091505
0.13157894736842105 0.032679738562091505
0.13043478260869565 0.032679738562091505
0.12931034482758622 0.032679738562091505
0.1282051282051282 0.032679738562091505
0.1271186440677966 0.032679738562091505
0.13445378151260504 0.034858387799564274
0.14166666666666666 0.037037037037037035
0.14049586776859505 0.037037037037037035
0.13934426229508196 0.037037037037037035
0.13821138211382114 0.037037037037037035
0.14516129032258066 0.0392156862745098
0.144 0.0392156862745098
0.14285714285714285 0.0392156862745098
0.14173228346456693 0.0392156862745098
0.140625 0.0392156862745098
0.13953488372093023 0.0392156862745098
0.13846153846153847 0.0392156862745098
0.13740458015267176 0.0392156862745098
0.13636363636363635 0.0392156862745098
0.13533834586466165 0.0392156862745098
0.13432835820895522 0.0392156862745098
0.13333333333333333 0.0392156862745098
0.1323529411764706 0.0392156862745098
0.13138686131386862 0.0392156862745098
0.13043478260869565 0.0392156862745098
0.1366906474820144 0.04139433551198257
0.1357142857142857 0.04139433551198257
0.1347517730496454 0.04139433551198257
0.14084507042253522 0.04357298474945534
0.13986013986013987 0.04357298474945534
0.1388888888888889 0.04357298474945534
0.13793103448275862 0.04357298474945534
0.136986301369863 0.04357298474945534
0.1360544217687075 0.04357298474945534
0.13513513513513514 0.04357298474945534
0.1342281879194631 0.04357298474945534
0.14 0.0457516339869281
0.1390728476821192 0.0457516339869281
0.13815789473684212 0.0457516339869281
0.13725490196078433 0.0457516339869281
0.13636363636363635 0.0457516339869281
0.13548387096774195 0.0457516339869281
0.1346153846153846 0.0457516339869281
0.1337579617834395 0.0457516339869281
0.13291139240506328 0.0457516339869281
0.1320754716981132 0.0457516339869281
0.13125 0.0457516339869281
0.13043478260869565 0.0457516339869281
0.12962962962962962 0.0457516339869281
0.12883435582822086 0.0457516339869281
0.13414634146341464 0.04793028322440087
0.1393939393939394 0.05010893246187364
0.14457831325301204 0.05228758169934641
0.1437125748502994 0.05228758169934641
0.14285714285714285 0.05228758169934641
0.14201183431952663 0.05228758169934641
0.1411764705882353 0.05228758169934641
0.14035087719298245 0.05228758169934641
0.13953488372093023 0.05228758169934641
0.13872832369942195 0.05228758169934641
0.13793103448275862 0.05228758169934641
0.13714285714285715 0.05228758169934641
0.13636363636363635 0.05228758169934641
0.13559322033898305 0.05228758169934641
0.1348314606741573 0.05228758169934641
0.1340782122905028 0.05228758169934641
0.13333333333333333 0.05228758169934641
0.13259668508287292 0.05228758169934641
0.13186813186813187 0.05228758169934641
0.13114754098360656 0.05228758169934641
0.13043478260869565 0.05228758169934641
0.12972972972972974 0.05228758169934641
0.12903225806451613 0.05228758169934641
0.12834224598930483 0.05228758169934641
0.1276595744680851 0.05228758169934641
0.12698412698412698 0.05228758169934641
0.12631578947368421 0.05228758169934641
0.1256544502617801 0.05228758169934641
0.125 0.05228758169934641
0.12435233160621761 0.05228758169934641
0.12371134020618557 0.05228758169934641
0.12307692307692308 0.05228758169934641
0.12244897959183673 0.05228758169934641
0.1218274111675127 0.05228758169934641
0.12121212121212122 0.05228758169934641
0.12060301507537688 0.05228758169934641
0.12 0.05228758169934641
0.11940298507462686 0.05228758169934641
0.1188118811881188 0.05228758169934641
0.11822660098522167 0.05228758169934641
0.11764705882352941 0.05228758169934641
0.11707317073170732 0.05228758169934641
0.11650485436893204 0.05228758169934641
0.11594202898550725 0.05228758169934641
0.11538461538461539 0.05228758169934641
0.11483253588516747 0.05228758169934641
0.11428571428571428 0.05228758169934641
0.11374407582938388 0.05228758169934641
0.11320754716981132 0.05228758169934641
0.11267605633802817 0.05228758169934641
0.11214953271028037 0.05228758169934641
0.11162790697674418 0.05228758169934641
0.1111111111111111 0.05228758169934641
0.11059907834101383 0.05228758169934641
0.11009174311926606 0.05228758169934641
0.1095890410958904 0.05228758169934641
0.10909090909090909 0.05228758169934641
0.1085972850678733 0.05228758169934641
0.10810810810810811 0.05228758169934641
0.10762331838565023 0.05228758169934641
0.10714285714285714 0.05228758169934641
0.10666666666666667 0.05228758169934641
0.10619469026548672 0.05228758169934641
0.10572687224669604 0.05228758169934641
0.10526315789473684 0.05228758169934641
0.10480349344978165 0.05228758169934641
0.10434782608695652 0.05228758169934641
0.1038961038961039 0.05228758169934641
0.10344827586206896 0.05228758169934641
0.10300429184549356 0.05228758169934641
0.10256410256410256 0.05228758169934641
0.10212765957446808 0.05228758169934641
0.1059322033898305 0.054466230936819175
0.10548523206751055 0.054466230936819175
0.10504201680672269 0.054466230936819175
0.10460251046025104 0.054466230936819175
0.10416666666666667 0.054466230936819175
0.1037344398340249 0.054466230936819175
0.10330578512396695 0.054466230936819175
0.102880658436214 0.054466230936819175
0.10245901639344263 0.054466230936819175
0.10612244897959183 0.05664488017429194
0.10569105691056911 0.05664488017429194
0.10526315789473684 0.05664488017429194
0.10483870967741936 0.05664488017429194
0.10441767068273092 0.05664488017429194
0.104 0.05664488017429194
0.10358565737051793 0.05664488017429194
0.10317460317460317 0.05664488017429194
0.10276679841897234 0.05664488017429194
0.10236220472440945 0.05664488017429194
0.10196078431372549 0.05664488017429194
0.1015625 0.05664488017429194
0.10116731517509728 0.05664488017429194
0.10077519379844961 0.05664488017429194
0.10038610038610038 0.05664488017429194
0.1 0.05664488017429194
0.10344827586206896 0.058823529411764705
0.10305343511450382 0.058823529411764705
0.10266159695817491 0.058823529411764705
0.10227272727272728 0.058823529411764705
0.1018867924528302 0.058823529411764705
0.10150375939849623 0.058823529411764705
0.10112359550561797 0.058823529411764705
0.10074626865671642 0.058823529411764705
0.10037174721189591 0.058823529411764705
0.1 0.058823529411764705
0.0996309963099631 0.058823529411764705
0.09926470588235294 0.058823529411764705
0.0989010989010989 0.058823529411764705
0.09854014598540146 0.058823529411764705
0.09818181818181818 0.058823529411764705
0.09782608695652174 0.058823529411764705
0.09747292418772563 0.058823529411764705
0.09712230215827339 0.058823529411764705
0.0967741935483871 0.058823529411764705
0.09642857142857143 0.058823529411764705
0.09608540925266904 0.058823529411764705
0.09574468085106383 0.058823529411764705
0.09540636042402827 0.058823529411764705
0.09507042253521127 0.058823529411764705
0.09473684210526316 0.058823529411764705
0.0944055944055944 0.058823529411764705
0.09407665505226481 0.058823529411764705
0.09375 0.058823529411764705
0.09342560553633218 0.058823529411764705
0.09310344827586207 0.058823529411764705
0.09278350515463918 0.058823529411764705
0.09246575342465753 0.058823529411764705
0.09215017064846416 0.058823529411764705
0.09183673469387756 0.058823529411764705
0.09152542372881356 0.058823529411764705
0.09121621621621621 0.058823529411764705
0.09090909090909091 0.058823529411764705
0.09060402684563758 0.058823529411764705
0.0903010033444816 0.058823529411764705
0.09 0.058823529411764705
0.08970099667774087 0.058823529411764705
0.08940397350993377 0.058823529411764705
0.0924092409240924 0.06100217864923747
0.09210526315789473 0.06100217864923747
0.09180327868852459 0.06100217864923747
0.0915032679738562 0.06100217864923747
0.09120521172638436 0.06100217864923747
0.09090909090909091 0.06100217864923747
0.09061488673139159 0.06100217864923747
0.09032258064516129 0.06100217864923747
0.09003215434083602 0.06100217864923747
0.08974358974358974 0.06100217864923747
0.08945686900958466 0.06100217864923747
0.08917197452229299 0.06100217864923747
0.08888888888888889 0.06100217864923747
0.09177215189873418 0.06318082788671024
0.0914826498422713 0.06318082788671024
0.09119496855345911 0.06318082788671024
0.09090909090909091 0.06318082788671024
0.090625 0.06318082788671024
0.09034267912772585 0.06318082788671024
0.09006211180124224 0.06318082788671024
0.08978328173374613 0.06318082788671024
0.08950617283950617 0.06318082788671024
0.08923076923076922 0.06318082788671024
0.08895705521472393 0.06318082788671024
0.08868501529051988 0.06318082788671024
0.08841463414634146 0.06318082788671024
0.08814589665653495 0.06318082788671024
0.08787878787878788 0.06318082788671024
0.08761329305135952 0.06318082788671024
0.08734939759036145 0.06318082788671024
0.09009009009009009 0.06535947712418301
0.09281437125748503 0.06753812636165578
0.0955223880597015 0.06971677559912855
0.09523809523809523 0.06971677559912855
0.09495548961424333 0.06971677559912855
0.09467455621301775 0.06971677559912855
0.0943952802359882 0.06971677559912855
0.09705882352941177 0.0718954248366013
0.0967741935483871 0.0718954248366013
0.09649122807017543 0.0718954248366013
0.09620991253644315 0.0718954248366013
0.09593023255813954 0.0718954248366013
0.09565217391304348 0.0718954248366013
0.0953757225433526 0.0718954248366013
0.09510086455331412 0.0718954248366013
0.09482758620689655 0.0718954248366013
0.09455587392550144 0.0718954248366013
0.09428571428571429 0.0718954248366013
0.09401709401709402 0.0718954248366013
0.09375 0.0718954248366013
0.09348441926345609 0.0718954248366013
0.09322033898305085 0.0718954248366013
0.09295774647887324 0.0718954248366013
0.09269662921348315 0.0718954248366013
0.09243697478991597 0.0718954248366013
0.09217877094972067 0.0718954248366013
0.09192200557103064 0.0718954248366013
0.09166666666666666 0.0718954248366013
0.09141274238227147 0.0718954248366013
0.09116022099447514 0.0718954248366013
0.09090909090909091 0.0718954248366013
0.09065934065934066 0.0718954248366013
0.09041095890410959 0.0718954248366013
0.09016393442622951 0.0718954248366013
0.08991825613079019 0.0718954248366013
0.08967391304347826 0.0718954248366013
0.08943089430894309 0.0718954248366013
0.0891891891891892 0.0718954248366013
0.0889487870619946 0.0718954248366013
0.08870967741935484 0.0718954248366013
0.08847184986595175 0.0718954248366013
0.08823529411764706 0.0718954248366013
0.088 0.0718954248366013
0.08776595744680851 0.0718954248366013
0.08753315649867374 0.0718954248366013
0.0873015873015873 0.0718954248366013
0.0870712401055409 0.0718954248366013
0.0868421052631579 0.0718954248366013
0.08661417322834646 0.0718954248366013
0.08638743455497382 0.0718954248366013
0.08616187989556136 0.0718954248366013
0.0859375 0.0718954248366013
0.08571428571428572 0.0718954248366013
0.08549222797927461 0.0718954248366013
0.08527131782945736 0.0718954248366013
0.08505154639175258 0.0718954248366013
0.08483290488431877 0.0718954248366013
0.08461538461538462 0.0718954248366013
0.08439897698209718 0.0718954248366013
0.08418367346938775 0.0718954248366013
0.08396946564885496 0.0718954248366013
0.08375634517766498 0.0718954248366013
0.08354430379746836 0.0718954248366013
0.08333333333333333 0.0718954248366013
0.08312342569269521 0.0718954248366013
0.0829145728643216 0.0718954248366013
0.08270676691729323 0.0718954248366013
0.0825 0.0718954248366013
0.08229426433915212 0.0718954248366013
0.08208955223880597 0.0718954248366013
0.08188585607940446 0.0718954248366013
0.08168316831683169 0.0718954248366013
0.08148148148148149 0.0718954248366013
0.0812807881773399 0.0718954248366013
0.08108108108108109 0.0718954248366013
0.08088235294117647 0.0718954248366013
0.08068459657701711 0.0718954248366013
0.08048780487804878 0.0718954248366013
0.08029197080291971 0.0718954248366013
0.08009708737864078 0.0718954248366013
0.07990314769975787 0.0718954248366013
0.07971014492753623 0.0718954248366013
0.07951807228915662 0.0718954248366013
0.07932692307692307 0.0718954248366013
0.07913669064748201 0.0718954248366013
0.08133971291866028 0.07407407407407407
0.081145584725537 0.07407407407407407
0.08333333333333333 0.07625272331154684
0.0855106888361045 0.0784313725490196
0.08767772511848342 0.08061002178649238
0.08983451536643026 0.08278867102396514
0.08962264150943396 0.08278867102396514
0.08941176470588236 0.08278867102396514
0.0892018779342723 0.08278867102396514
0.08899297423887588 0.08278867102396514
0.08878504672897196 0.08278867102396514
0.08857808857808858 0.08278867102396514
0.08837209302325581 0.08278867102396514
0.08816705336426914 0.08278867102396514
0.08796296296296297 0.08278867102396514
0.08775981524249422 0.08278867102396514
0.08755760368663594 0.08278867102396514
0.08735632183908046 0.08278867102396514
0.0871559633027523 0.08278867102396514
0.08695652173913043 0.08278867102396514
0.0867579908675799 0.08278867102396514
0.08656036446469248 0.08278867102396514
0.08636363636363636 0.08278867102396514
0.08616780045351474 0.08278867102396514
0.08597285067873303 0.08278867102396514
0.08577878103837472 0.08278867102396514
0.08558558558558559 0.08278867102396514
0.0853932584269663 0.08278867102396514
0.08520179372197309 0.08278867102396514
0.08501118568232663 0.08278867102396514
0.08482142857142858 0.08278867102396514
0.08463251670378619 0.08278867102396514
0.08444444444444445 0.08278867102396514
0.08425720620842572 0.08278867102396514
0.084070796460177 0.08278867102396514
0.08388520971302428 0.08278867102396514
0.08590308370044053 0.08496732026143791
0.08571428571428572 0.08496732026143791
0.08552631578947369 0.08496732026143791
0.08533916849015317 0.08496732026143791
0.0851528384279476 0.08496732026143791
0.08496732026143791 0.08496732026143791
0.08478260869565217 0.08496732026143791
0.08459869848156182 0.08496732026143791
0.08441558441558442 0.08496732026143791
0.08423326133909287 0.08496732026143791
0.08405172413793104 0.08496732026143791
0.08387096774193549 0.08496732026143791
0.08369098712446352 0.08496732026143791
0.0835117773019272 0.08496732026143791
0.08333333333333333 0.08496732026143791
0.08315565031982942 0.08496732026143791
0.08297872340425531 0.08496732026143791
0.08280254777070063 0.08496732026143791
0.0826271186440678 0.08496732026143791
0.0824524312896406 0.08496732026143791
0.08227848101265822 0.08496732026143791
0.08210526315789474 0.08496732026143791
0.0819327731092437 0.08496732026143791
0.08176100628930817 0.08496732026143791
0.08158995815899582 0.08496732026143791
0.081419624217119 0.08496732026143791
0.08125 0.08496732026143791
0.08108108108108109 0.08496732026143791
0.08091286307053942 0.08496732026143791
0.08074534161490683 0.08496732026143791
0.08264462809917356 0.08714596949891068
0.08247422680412371 0.08714596949891068
0.0823045267489712 0.08714596949891068
0.08213552361396304 0.08714596949891068
0.08196721311475409 0.08714596949891068
0.081799591002045 0.08714596949891068
0.08163265306122448 0.08714596949891068
0.0814663951120163 0.08714596949891068
0.08130081300813008 0.08714596949891068
0.08113590263691683 0.08714596949891068
0.08097165991902834 0.08714596949891068
0.08080808080808081 0.08714596949891068
0.08064516129032258 0.08714596949891068
0.08048289738430583 0.08714596949891068
0.08032128514056225 0.08714596949891068
0.08016032064128256 0.08714596949891068
0.08 0.08714596949891068
0.07984031936127745 0.08714596949891068
0.0796812749003984 0.08714596949891068
0.07952286282306163 0.08714596949891068
0.07936507936507936 0.08714596949891068
0.07920792079207921 0.08714596949891068
0.07905138339920949 0.08714596949891068
0.07889546351084813 0.08714596949891068
0.07874015748031496 0.08714596949891068
0.07858546168958742 0.08714596949891068
0.0784313725490196 0.08714596949891068
0.07827788649706457 0.08714596949891068
0.078125 0.08714596949891068
0.07797270955165692 0.08714596949891068
0.07782101167315175 0.08714596949891068
0.07766990291262135 0.08714596949891068
0.07945736434108527 0.08932461873638345
0.07930367504835589 0.08932461873638345
0.07915057915057915 0.08932461873638345
0.0789980732177264 0.08932461873638345
0.07884615384615384 0.08932461873638345
0.07869481765834933 0.08932461873638345
0.07854406130268199 0.08932461873638345
0.07839388145315487 0.08932461873638345
0.07824427480916031 0.08932461873638345
0.07809523809523809 0.08932461873638345
0.0779467680608365 0.08932461873638345
0.0777988614800759 0.08932461873638345
0.07765151515151515 0.08932461873638345
0.07750472589792061 0.08932461873638345
0.07735849056603773 0.08932461873638345
0.07721280602636535 0.08932461873638345
0.07706766917293233 0.08932461873638345
0.07692307692307693 0.08932461873638345
0.07677902621722846 0.08932461873638345
0.07663551401869159 0.08932461873638345
0.07649253731343283 0.08932461873638345
0.07635009310986965 0.08932461873638345
0.0762081784386617 0.08932461873638345
0.07606679035250463 0.08932461873638345
0.07592592592592592 0.08932461873638345
0.07578558225508318 0.08932461873638345
0.07564575645756458 0.08932461873638345
0.07550644567219153 0.08932461873638345
0.07536764705882353 0.08932461873638345
0.07522935779816514 0.08932461873638345
0.07509157509157509 0.08932461873638345
0.07495429616087751 0.08932461873638345
0.07481751824817519 0.08932461873638345
0.07468123861566485 0.08932461873638345
0.07454545454545454 0.08932461873638345
0.07441016333938294 0.08932461873638345
0.07427536231884058 0.08932461873638345
0.07414104882459313 0.08932461873638345
0.0740072202166065 0.08932461873638345
0.07387387387387387 0.08932461873638345
0.0737410071942446 0.08932461873638345
0.07360861759425494 0.08932461873638345
0.07347670250896057 0.08932461873638345
0.07334525939177101 0.08932461873638345
0.07321428571428572 0.08932461873638345
0.07308377896613191 0.08932461873638345
0.07295373665480427 0.08932461873638345
0.07282415630550622 0.08932461873638345
0.0726950354609929 0.08932461873638345
0.07256637168141593 0.08932461873638345
0.07243816254416961 0.08932461873638345
0.07231040564373897 0.08932461873638345
0.0721830985915493 0.08932461873638345
0.07205623901581722 0.08932461873638345
0.07192982456140351 0.08932461873638345
0.07180385288966724 0.08932461873638345
0.07167832167832168 0.08932461873638345
0.07155322862129145 0.08932461873638345
0.07142857142857142 0.08932461873638345
0.07130434782608695 0.08932461873638345
0.07118055555555555 0.08932461873638345
0.07105719237435008 0.08932461873638345
0.0726643598615917 0.0915032679738562
0.07253886010362694 0.0915032679738562
0.07241379310344828 0.0915032679738562
0.07228915662650602 0.0915032679738562
0.07216494845360824 0.0915032679738562
0.07204116638078903 0.0915032679738562
0.07191780821917808 0.0915032679738562
0.07179487179487179 0.0915032679738562
0.07167235494880546 0.0915032679738562
0.07155025553662692 0.0915032679738562
0.07142857142857142 0.0915032679738562
0.07130730050933787 0.0915032679738562
0.0711864406779661 0.0915032679738562
0.07106598984771574 0.0915032679738562
0.07094594594594594 0.0915032679738562
0.07082630691399663 0.0915032679738562
0.0707070707070707 0.0915032679738562
0.07058823529411765 0.0915032679738562
0.07046979865771812 0.0915032679738562
0.07035175879396985 0.0915032679738562
0.07023411371237458 0.0915032679738562
0.07011686143572621 0.0915032679738562
0.07 0.0915032679738562
0.06988352745424292 0.0915032679738562
0.06976744186046512 0.0915032679738562
0.06965174129353234 0.0915032679738562
0.0695364238410596 0.0915032679738562
0.06942148760330578 0.0915032679738562
0.06930693069306931 0.0915032679738562
0.06919275123558484 0.0915032679738562
0.06907894736842106 0.0915032679738562
0.06896551724137931 0.0915032679738562
0.06885245901639345 0.0915032679738562
0.06873977086743044 0.0915032679738562
0.06862745098039216 0.0915032679738562
0.06851549755301795 0.0915032679738562
0.06840390879478828 0.0915032679738562
0.06829268292682927 0.0915032679738562
0.06818181818181818 0.0915032679738562
0.06807131280388978 0.0915032679738562
0.06796116504854369 0.0915032679738562
0.06785137318255251 0.0915032679738562
0.06774193548387097 0.0915032679738562
0.06763285024154589 0.0915032679738562
0.06752411575562701 0.0915032679738562
0.06741573033707865 0.0915032679738562
0.0673076923076923 0.0915032679738562
0.0672 0.0915032679738562
0.0670926517571885 0.0915032679738562
0.06698564593301436 0.0915032679738562
0.06687898089171974 0.0915032679738562
0.06677265500794913 0.0915032679738562
0.06666666666666667 0.0915032679738562
0.06656101426307448 0.0915032679738562
0.06645569620253164 0.0915032679738562
0.06635071090047394 0.0915032679738562
0.06624605678233439 0.0915032679738562
0.06614173228346457 0.0915032679738562
0.0660377358490566 0.0915032679738562
0.06593406593406594 0.0915032679738562
0.06583072100313479 0.0915032679738562
0.06572769953051644 0.0915032679738562
0.065625 0.0915032679738562
0.0655226209048362 0.0915032679738562
0.06542056074766354 0.0915032679738562
0.06531881804043546 0.0915032679738562
0.06521739130434782 0.0915032679738562
0.06511627906976744 0.0915032679738562
0.06501547987616099 0.0915032679738562
0.06491499227202473 0.0915032679738562
0.06481481481481481 0.0915032679738562
0.06471494607087827 0.0915032679738562
0.06461538461538462 0.0915032679738562
0.06451612903225806 0.0915032679738562
0.06441717791411043 0.0915032679738562
0.06431852986217458 0.0915032679738562
0.06422018348623854 0.0915032679738562
0.06412213740458016 0.0915032679738562
0.06402439024390244 0.0915032679738562
0.0639269406392694 0.0915032679738562
0.06382978723404255 0.0915032679738562
0.0637329286798179 0.0915032679738562
0.06363636363636363 0.0915032679738562
0.06354009077155824 0.0915032679738562
0.0634441087613293 0.0915032679738562
0.06334841628959276 0.0915032679738562
0.06325301204819277 0.0915032679738562
0.06315789473684211 0.0915032679738562
0.06306306306306306 0.0915032679738562
0.06296851574212893 0.0915032679738562
0.06287425149700598 0.0915032679738562
0.06278026905829596 0.0915032679738562
0.0626865671641791 0.0915032679738562
0.06259314456035768 0.0915032679738562
0.0625 0.0915032679738562
0.06240713224368499 0.0915032679738562
0.06231454005934718 0.0915032679738562
0.06222222222222222 0.0915032679738562
0.0621301775147929 0.0915032679738562
0.0620384047267356 0.0915032679738562
0.061946902654867256 0.0915032679738562
0.061855670103092786 0.0915032679738562
0.061764705882352944 0.0915032679738562
0.06167400881057269 0.0915032679738562
0.06158357771260997 0.0915032679738562
0.06149341142020498 0.0915032679738562
0.06140350877192982 0.0915032679738562
0.061313868613138686 0.0915032679738562
0.061224489795918366 0.0915032679738562
0.0611353711790393 0.0915032679738562
0.061046511627906974 0.0915032679738562
0.06095791001451379 0.0915032679738562
0.06086956521739131 0.0915032679738562
0.060781476121562955 0.0915032679738562
0.06069364161849711 0.0915032679738562
0.06060606060606061 0.0915032679738562
0.06051873198847262 0.0915032679738562
0.060431654676258995 0.0915032679738562
0.0603448275862069 0.0915032679738562
0.06025824964131994 0.0915032679738562
0.06017191977077364 0.0915032679738562
0.060085836909871244 0.0915032679738562
0.06 0.0915032679738562
0.05991440798858773 0.0915032679738562
0.05982905982905983 0.0915032679738562
0.059743954480796585 0.0915032679738562
0.05965909090909091 0.0915032679738562
0.059574468085106386 0.0915032679738562
0.059490084985835696 0.0915032679738562
0.0594059405940594 0.0915032679738562
0.059322033898305086 0.0915032679738562
0.05923836389280677 0.0915032679738562
0.059154929577464786 0.0915032679738562
0.05907172995780591 0.0915032679738562
0.05898876404494382 0.0915032679738562
0.05890603085553997 0.0915032679738562
0.058823529411764705 0.0915032679738562
0.05874125874125874 0.0915032679738562
0.05865921787709497 0.0915032679738562
0.058577405857740586 0.0915032679738562
0.0584958217270195 0.0915032679738562
0.0584144645340751 0.0915032679738562
0.058333333333333334 0.0915032679738562
0.05825242718446602 0.0915032679738562
0.05817174515235457 0.0915032679738562
0.058091286307053944 0.0915032679738562
0.058011049723756904 0.0915032679738562
0.057931034482758624 0.0915032679738562
0.05785123966942149 0.0915032679738562
0.0577716643741403 0.0915032679738562
0.059065934065934064 0.09368191721132897
0.05898491083676269 0.09368191721132897
0.0589041095890411 0.09368191721132897
0.058823529411764705 0.09368191721132897
0.05874316939890711 0.09368191721132897
0.06002728512960437 0.09586056644880174
0.05994550408719346 0.09586056644880174
0.05986394557823129 0.09586056644880174
0.059782608695652176 0.09586056644880174
0.05970149253731343 0.09586056644880174
0.05962059620596206 0.09586056644880174
0.05953991880920163 0.09586056644880174
0.05945945945945946 0.09586056644880174
0.059379217273954114 0.09586056644880174
0.05929919137466307 0.09586056644880174
0.059219380888290714 0.09586056644880174
0.05913978494623656 0.09586056644880174
0.05906040268456376 0.09586056644880174
0.058981233243967826 0.09586056644880174
0.058902275769745646 0.09586056644880174
0.058823529411764705 0.09586056644880174
0.05874499332443257 0.09586056644880174
0.058666666666666666 0.09586056644880174
0.05858854860186418 0.09586056644880174
0.05851063829787234 0.09586056644880174
0.05843293492695883 0.09586056644880174
0.058355437665782495 0.09586056644880174
0.05827814569536424 0.09586056644880174
0.0582010582010582 0.09586056644880174
0.05812417437252312 0.09586056644880174
0.05804749340369393 0.09586056644880174
0.057971014492753624 0.09586056644880174
0.05789473684210526 0.09586056644880174
0.05781865965834428 0.09586056644880174
0.05774278215223097 0.09586056644880174
0.057667103538663174 0.09586056644880174
0.05759162303664921 0.09586056644880174
0.05751633986928104 0.09586056644880174
0.057441253263707574 0.09586056644880174
0.05736636245110821 0.09586056644880174
0.057291666666666664 0.09586056644880174
0.05721716514954486 0.09586056644880174
0.05844155844155844 0.09803921568627451
0.05966277561608301 0.10021786492374728
0.05958549222797927 0.10021786492374728
0.059508408796895215 0.10021786492374728
0.060723514211886306 0.10239651416122005
0.06064516129032258 0.10239651416122005
0.061855670103092786 0.10457516339869281
0.06177606177606178 0.10457516339869281
0.061696658097686374 0.10457516339869281
0.06290115532734275 0.10675381263616558
0.06282051282051282 0.10675381263616558
0.06274007682458387 0.10675381263616558
0.06265984654731457 0.10675381263616558
0.06385696040868455 0.10893246187363835
0.06377551020408163 0.10893246187363835
0.06369426751592357 0.10893246187363835
0.06361323155216285 0.10893246187363835
0.06353240152477764 0.10893246187363835
0.06345177664974619 0.10893246187363835
0.06337135614702155 0.10893246187363835
0.06329113924050633 0.10893246187363835
0.0632111251580278 0.10893246187363835
0.06313131313131314 0.10893246187363835
0.06305170239596469 0.10893246187363835
0.06297229219143577 0.10893246187363835
0.06289308176100629 0.10893246187363835
0.06281407035175879 0.10893246187363835
0.06273525721455459 0.10893246187363835
0.06265664160401002 0.10893246187363835
0.0625782227784731 0.10893246187363835
0.0625 0.10893246187363835
0.062421972534332085 0.10893246187363835
0.06234413965087282 0.10893246187363835
0.062266500622665005 0.10893246187363835
0.06218905472636816 0.10893246187363835
0.062111801242236024 0.10893246187363835
0.062034739454094295 0.10893246187363835
0.061957868649318466 0.10893246187363835
0.06188118811881188 0.10893246187363835
0.06180469715698393 0.10893246187363835
0.06172839506172839 0.10893246187363835
0.06165228113440197 0.10893246187363835
0.06157635467980296 0.10893246187363835
0.06150061500615006 0.10893246187363835
0.06265356265356266 0.1111111111111111
0.0638036809815951 0.11328976034858387
0.06372549019607843 0.11328976034858387
0.06364749082007344 0.11328976034858387
0.06356968215158924 0.11328976034858387
0.06349206349206349 0.11328976034858387
0.06341463414634146 0.11328976034858387
0.06333739342265529 0.11328976034858387
0.06326034063260341 0.11328976034858387
0.06318347509113001 0.11328976034858387
0.06310679611650485 0.11328976034858387
0.06303030303030303 0.11328976034858387
0.06295399515738499 0.11328976034858387
0.06287787182587666 0.11328976034858387
0.06280193236714976 0.11328976034858387
0.06272617611580217 0.11328976034858387
0.06265060240963856 0.11328976034858387
0.06257521058965103 0.11328976034858387
0.0625 0.11328976034858387
0.062424969987995196 0.11328976034858387
0.06235011990407674 0.11328976034858387
0.06227544910179641 0.11328976034858387
0.06220095693779904 0.11328976034858387
0.06212664277180406 0.11328976034858387
0.06205250596658711 0.11328976034858387
0.06197854588796186 0.11328976034858387
0.06190476190476191 0.11328976034858387
0.06183115338882283 0.11328976034858387
0.06175771971496437 0.11328976034858387
0.06168446026097272 0.11328976034858387
0.061611374407582936 0.11328976034858387
0.06153846153846154 0.11328976034858387
0.061465721040189124 0.11328976034858387
0.06139315230224321 0.11328976034858387
0.06132075471698113 0.11328976034858387
0.061248527679623084 0.11328976034858387
0.0611764705882353 0.11328976034858387
0.06110458284371328 0.11328976034858387
0.06103286384976526 0.11328976034858387
0.06096131301289566 0.11328976034858387
0.06088992974238876 0.11328976034858387
0.0608187134502924 0.11328976034858387
0.06074766355140187 0.11328976034858387
0.060676779463243874 0.11328976034858387
0.06060606060606061 0.11328976034858387
0.06053550640279395 0.11328976034858387
0.06046511627906977 0.11328976034858387
0.06039488966318235 0.11328976034858387
0.060324825986078884 0.11328976034858387
0.06025492468134415 0.11328976034858387
0.06018518518518518 0.11328976034858387
0.06011560693641618 0.11328976034858387
0.06004618937644342 0.11328976034858387
0.05997693194925029 0.11328976034858387
0.06105990783410138 0.11546840958605664
0.06098964326812428 0.11546840958605664
0.06091954022988506 0.11546840958605664
0.060849598163030996 0.11546840958605664
0.06077981651376147 0.11546840958605664
0.06071019473081329 0.11546840958605664
0.06064073226544622 0.11546840958605664
0.060571428571428575 0.11546840958605664
0.06050228310502283 0.11546840958605664
0.06043329532497149 0.11546840958605664
0.06036446469248292 0.11546840958605664
0.06029579067121729 0.11546840958605664
0.060227272727272727 0.11546840958605664
0.060158910329171394 0.11546840958605664
0.060090702947845805 0.11546840958605664
0.06002265005662514 0.11546840958605664
0.05995475113122172 0.11546840958605664
0.059887005649717516 0.11546840958605664
0.05981941309255079 0.11546840958605664
0.05975197294250282 0.11546840958605664
0.060810810810810814 0.11764705882352941
0.06186726659167604 0.11982570806100218
0.06179775280898876 0.11982570806100218
0.06172839506172839 0.11982570806100218
0.061659192825112105 0.11982570806100218
0.06159014557670773 0.11982570806100218
0.06152125279642058 0.11982570806100218
0.061452513966480445 0.11982570806100218
0.06138392857142857 0.11982570806100218
0.06131549609810479 0.11982570806100218
0.061247216035634745 0.11982570806100218
0.06117908787541713 0.11982570806100218
0.06111111111111111 0.11982570806100218
0.06104328523862375 0.11982570806100218
0.06097560975609756 0.11982570806100218
0.06090808416389812 0.11982570806100218
0.06084070796460177 0.11982570806100218
0.06077348066298342 0.11982570806100218
0.06070640176600441 0.11982570806100218
0.06063947078280044 0.11982570806100218
0.0605726872246696 0.11982570806100218
0.06050605060506051 0.11982570806100218
0.06043956043956044 0.11982570806100218
0.06037321624588365 0.11982570806100218
0.06030701754385965 0.11982570806100218
0.060240963855421686 0.11982570806100218
0.060175054704595186 0.11982570806100218
0.060109289617486336 0.11982570806100218
0.060043668122270744 0.11982570806100218
0.05997818974918211 0.11982570806100218
0.05991285403050109 0.11982570806100218
0.05984766050054407 0.11982570806100218
0.059782608695652176 0.11982570806100218
0.05971769815418024 0.11982570806100218
0.0596529284164859 0.11982570806100218
0.059588299024918745 0.11982570806100218
0.05952380952380952 0.11982570806100218
0.05945945945945946 0.11982570806100218
0.05939524838012959 0.11982570806100218
0.0593311758360302 0.11982570806100218
0.059267241379310345 0.11982570806100218
0.059203444564047365 0.11982570806100218
0.05913978494623656 0.11982570806100218
0.05907626208378088 0.11982570806100218
0.059012875536480686 0.11982570806100218
0.05894962486602358 0.11982570806100218
0.058886509635974305 0.11982570806100218
0.058823529411764705 0.11982570806100218
0.05876068376068376 0.11982570806100218
0.05869797225186766 0.11982570806100218
0.05863539445628998 0.11982570806100218
0.058572949946751864 0.11982570806100218
0.05851063829787234 0.11982570806100218
0.05844845908607864 0.11982570806100218
0.058386411889596604 0.11982570806100218
0.05832449628844114 0.11982570806100218
0.05826271186440678 0.11982570806100218
0.0582010582010582 0.11982570806100218
0.05813953488372093 0.11982570806100218
0.05807814149947202 0.11982570806100218
0.0580168776371308 0.11982570806100218
0.05795574288724974 0.11982570806100218
0.05789473684210526 0.11982570806100218
0.05783385909568875 0.11982570806100218
0.05777310924369748 0.11982570806100218
0.05771248688352571 0.11982570806100218
0.057651991614255764 0.11982570806100218
0.05759162303664921 0.11982570806100218
0.05753138075313807 0.11982570806100218
0.05747126436781609 0.11982570806100218
0.05741127348643006 0.11982570806100218
0.05735140771637122 0.11982570806100218
0.057291666666666664 0.11982570806100218
0.05723204994797086 0.11982570806100218
0.057172557172557176 0.11982570806100218
0.05711318795430945 0.11982570806100218
0.05705394190871369 0.11982570806100218
0.05699481865284974 0.11982570806100218
0.056935817805383024 0.11982570806100218
0.05687693898655636 0.11982570806100218
0.05785123966942149 0.12200435729847495
0.058823529411764705 0.12418300653594772
0.05979381443298969 0.12636165577342048
0.05973223480947477 0.12636165577342048
0.059670781893004114 0.12636165577342048
0.05960945529290853 0.12636165577342048
0.059548254620123205 0.12636165577342048
0.059487179487179485 0.12636165577342048
0.05942622950819672 0.12636165577342048
0.0593654042988741 0.12636165577342048
0.05930470347648262 0.12636165577342048
0.059244126659857 0.12636165577342048
0.05918367346938776 0.12636165577342048
0.059123343527013254 0.12636165577342048
0.059063136456211814 0.12636165577342048
0.059003051881993895 0.12636165577342048
0.05894308943089431 0.12636165577342048
0.05888324873096447 0.12636165577342048
0.058823529411764705 0.12636165577342048
0.05876393110435663 0.12636165577342048
0.058704453441295545 0.12636165577342048
0.05864509605662285 0.12636165577342048
0.05858585858585859 0.12636165577342048
0.05852674066599395 0.12636165577342048
0.05846774193548387 0.12636165577342048
0.05840886203423968 0.12636165577342048
0.05835010060362173 0.12636165577342048
0.05829145728643216 0.12636165577342048
0.05823293172690763 0.12636165577342048
0.058174523570712136 0.12636165577342048
0.05811623246492986 0.12636165577342048
0.05805805805805806 0.12636165577342048
0.058 0.12636165577342048
0.057942057942057944 0.12636165577342048
0.05788423153692615 0.12636165577342048
0.05782652043868395 0.12636165577342048
0.05776892430278884 0.12636165577342048
0.05771144278606965 0.12636165577342048
0.05765407554671968 0.12636165577342048
