0.0 0.0
0.0 0.0
0.0 0.0
0.0 0.0
0.0 0.0
0.0 0.0
0.0 0.0
0.0 0.0
0.0 0.0
0.0 0.0
0.0 0.0
0.05263157894736842 0.002178649237472767
0.1 0.004357298474945534
0.09523809523809523 0.004357298474945534
0.08695652173913043 0.004357298474945534
0.08333333333333333 0.004357298474945534
0.08 0.004357298474945534
0.07692307692307693 0.004357298474945534
0.07407407407407407 0.004357298474945534
0.06896551724137931 0.004357298474945534
0.06451612903225806 0.004357298474945534
0.06060606060606061 0.004357298474945534
0.058823529411764705 0.004357298474945534
0.05714285714285714 0.004357298474945534
0.05405405405405406 0.004357298474945534
0.05263157894736842 0.004357298474945534
0.05128205128205128 0.004357298474945534
0.05 0.004357298474945534
0.04878048780487805 0.004357298474945534
0.047619047619047616 0.004357298474945534
0.046511627906976744 0.004357298474945534
0.045454545454545456 0.004357298474945534
0.043478260869565216 0.004357298474945534
0.0425531914893617 0.004357298474945534
0.041666666666666664 0.004357298474945534
0.04081632653061224 0.004357298474945534
0.04 0.004357298474945534
0.0392156862745098 0.004357298474945534
0.038461538461538464 0.004357298474945534
0.03773584905660377 0.004357298474945534
0.03636363636363636 0.004357298474945534
0.03571428571428571 0.004357298474945534
0.03508771929824561 0.004357298474945534
0.03389830508474576 0.004357298474945534
0.03278688524590164 0.004357298474945534
0.03225806451612903 0.004357298474945534
0.031746031746031744 0.004357298474945534
0.03076923076923077 0.004357298474945534
0.029850746268656716 0.004357298474945534
0.029411764705882353 0.004357298474945534
0.028985507246376812 0.004357298474945534
0.028169014084507043 0.004357298474945534
0.027777777777777776 0.004357298474945534
0.02702702702702703 0.004357298474945534
0.02631578947368421 0.004357298474945534
0.02564102564102564 0.004357298474945534
0.025 0.004357298474945534
0.024390243902439025 0.004357298474945534
0.023809523809523808 0.004357298474945534
0.023529411764705882 0.004357298474945534
0.022988505747126436 0.004357298474945534
0.03409090909090909 0.006535947712418301
0.033707865168539325 0.006535947712418301
0.03296703296703297 0.006535947712418301
0.03260869565217391 0.006535947712418301
0.03225806451612903 0.006535947712418301
0.031578947368421054 0.006535947712418301
0.030927835051546393 0.006535947712418301
0.030303030303030304 0.006535947712418301
0.0297029702970297 0.006535947712418301
0.02912621359223301 0.006535947712418301
0.028846153846153848 0.006535947712418301
0.02857142857142857 0.006535947712418301
0.02830188679245283 0.006535947712418301
0.028037383177570093 0.006535947712418301
0.027777777777777776 0.006535947712418301
0.027522935779816515 0.006535947712418301
0.02727272727272727 0.006535947712418301
0.02702702702702703 0.006535947712418301
0.026785714285714284 0.006535947712418301
0.02654867256637168 0.006535947712418301
0.02631578947368421 0.006535947712418301
0.02608695652173913 0.006535947712418301
0.02564102564102564 0.006535947712418301
0.025423728813559324 0.006535947712418301
0.025 0.006535947712418301
0.024793388429752067 0.006535947712418301
0.024390243902439025 0.006535947712418301
0.024 0.006535947712418301
0.023622047244094488 0.006535947712418301
0.0234375 0.006535947712418301
0.023255813953488372 0.006535947712418301
0.023076923076923078 0.006535947712418301
0.022727272727272728 0.006535947712418301
0.022556390977443608 0.006535947712418301
0.022388059701492536 0.006535947712418301
0.022222222222222223 0.006535947712418301
0.021897810218978103 0.006535947712418301
0.021739130434782608 0.006535947712418301
0.02158273381294964 0.006535947712418301
0.02142857142857143 0.006535947712418301
0.02127659574468085 0.006535947712418301
0.02112676056338028 0.006535947712418301
0.02097902097902098 0.006535947712418301
0.020833333333333332 0.006535947712418301
0.020689655172413793 0.006535947712418301
0.02040816326530612 0.006535947712418301
0.02027027027027027 0.006535947712418301
0.020134228187919462 0.006535947712418301
0.02 0.006535947712418301
0.019867549668874173 0.006535947712418301
0.019736842105263157 0.006535947712418301
0.01948051948051948 0.006535947712418301
0.01935483870967742 0.006535947712418301
0.01910828025477707 0.006535947712418301
0.018867924528301886 0.006535947712418301
0.01875 0.006535947712418301
0.018633540372670808 0.006535947712418301
0.018518518518518517 0.006535947712418301
0.018404907975460124 0.006535947712418301
0.018292682926829267 0.006535947712418301
0.01818181818181818 0.006535947712418301
0.018072289156626505 0.006535947712418301
0.017964071856287425 0.006535947712418301
0.01775147928994083 0.006535947712418301
0.01764705882352941 0.006535947712418301
0.01744186046511628 0.006535947712418301
0.017341040462427744 0.006535947712418301
0.022857142857142857 0.008714596949891068
0.022727272727272728 0.008714596949891068
0.02824858757062147 0.010893246187363835
0.027932960893854747 0.010893246187363835
0.027777777777777776 0.010893246187363835
0.027624309392265192 0.010893246187363835
0.0273224043715847 0.010893246187363835
0.02717391304347826 0.010893246187363835
0.02702702702702703 0.010893246187363835
0.026737967914438502 0.010893246187363835
0.026595744680851064 0.010893246187363835
0.02631578947368421 0.010893246187363835
0.026041666666666668 0.010893246187363835
0.02577319587628866 0.010893246187363835
0.02564102564102564 0.010893246187363835
0.025380710659898477 0.010893246187363835
0.025252525252525252 0.010893246187363835
0.025 0.010893246187363835
0.024875621890547265 0.010893246187363835
0.024752475247524754 0.010893246187363835
0.024630541871921183 0.010893246187363835
0.024390243902439025 0.010893246187363835
0.024154589371980676 0.010893246187363835
0.028708133971291867 0.013071895424836602
0.02857142857142857 0.013071895424836602
0.02830188679245283 0.013071895424836602
0.028169014084507043 0.013071895424836602
0.028037383177570093 0.013071895424836602
0.027906976744186046 0.013071895424836602
0.027777777777777776 0.013071895424836602
0.027649769585253458 0.013071895424836602
0.03211009174311927 0.015250544662309368
0.0319634703196347 0.015250544662309368
0.031818181818181815 0.015250544662309368
0.03167420814479638 0.015250544662309368
0.03153153153153153 0.015250544662309368
0.03587443946188341 0.017429193899782137
0.035555555555555556 0.017429193899782137
0.035398230088495575 0.017429193899782137
0.03508771929824561 0.017429193899782137
0.034934497816593885 0.017429193899782137
0.03463203463203463 0.017429193899782137
0.034482758620689655 0.017429193899782137
0.034334763948497854 0.017429193899782137
0.03404255319148936 0.017429193899782137
0.03375527426160337 0.017429193899782137
0.03361344537815126 0.017429193899782137
0.03347280334728033 0.017429193899782137
0.03319502074688797 0.017429193899782137
0.03305785123966942 0.017429193899782137
0.03292181069958848 0.017429193899782137
0.03278688524590164 0.017429193899782137
0.0326530612244898 0.017429193899782137
0.032520325203252036 0.017429193899782137
0.032388663967611336 0.017429193899782137
0.03225806451612903 0.017429193899782137
0.0321285140562249 0.017429193899782137
0.032 0.017429193899782137
0.03187250996015936 0.017429193899782137
0.031746031746031744 0.017429193899782137
0.03162055335968379 0.017429193899782137
0.031496062992125984 0.017429193899782137
0.03125 0.017429193899782137
0.0311284046692607 0.017429193899782137
0.031007751937984496 0.017429193899782137
0.03088803088803089 0.017429193899782137
0.03065134099616858 0.017429193899782137
0.030534351145038167 0.017429193899782137
0.030418250950570342 0.017429193899782137
0.03018867924528302 0.017429193899782137
0.03007518796992481 0.017429193899782137
0.029850746268656716 0.017429193899782137
0.02962962962962963 0.017429193899782137
0.029411764705882353 0.017429193899782137
0.029304029304029304 0.017429193899782137
0.029197080291970802 0.017429193899782137
0.02909090909090909 0.017429193899782137
0.032490974729241874 0.0196078431372549
0.03225806451612903 0.0196078431372549
0.03214285714285714 0.0196078431372549
0.03202846975088968 0.0196078431372549
0.03180212014134275 0.0196078431372549
0.03169014084507042 0.0196078431372549
0.031578947368421054 0.0196078431372549
0.0313588850174216 0.0196078431372549
0.03125 0.0196078431372549
0.031141868512110725 0.0196078431372549
0.03103448275862069 0.0196078431372549
0.030821917808219176 0.0196078431372549
0.030716723549488054 0.0196078431372549
0.030612244897959183 0.0196078431372549
0.030508474576271188 0.0196078431372549
0.030303030303030304 0.0196078431372549
0.030201342281879196 0.0196078431372549
0.030100334448160536 0.0196078431372549
0.029900332225913623 0.0196078431372549
0.0297029702970297 0.0196078431372549
0.03289473684210526 0.02178649237472767
0.03278688524590164 0.02178649237472767
0.032679738562091505 0.02178649237472767
0.03257328990228013 0.02178649237472767
0.032467532467532464 0.02178649237472767
0.03559870550161812 0.023965141612200435
0.03870967741935484 0.026143790849673203
0.038461538461538464 0.026143790849673203
0.03821656050955414 0.026143790849673203
0.0380952380952381 0.026143790849673203
0.03785488958990536 0.026143790849673203
0.03773584905660377 0.026143790849673203
0.03761755485893417 0.026143790849673203
0.037383177570093455 0.026143790849673203
0.03715170278637771 0.026143790849673203
0.036923076923076927 0.026143790849673203
0.03669724770642202 0.026143790849673203
0.0364741641337386 0.026143790849673203
0.03636363636363636 0.026143790849673203
0.03614457831325301 0.026143790849673203
0.036036036036036036 0.026143790849673203
0.03592814371257485 0.026143790849673203
0.03880597014925373 0.02832244008714597
0.03869047619047619 0.02832244008714597
0.03857566765578635 0.02832244008714597
0.038461538461538464 0.02832244008714597
0.038348082595870206 0.02832244008714597
0.03812316715542522 0.02832244008714597
0.038011695906432746 0.02832244008714597
0.0377906976744186 0.02832244008714597
0.03757225433526012 0.02832244008714597
0.037463976945244955 0.02832244008714597
0.03724928366762178 0.02832244008714597
0.037142857142857144 0.02832244008714597
0.037037037037037035 0.02832244008714597
0.036931818181818184 0.02832244008714597
0.03672316384180791 0.02832244008714597
0.036619718309859155 0.02832244008714597
0.03932584269662921 0.030501089324618737
0.0392156862745098 0.030501089324618737
0.03899721448467967 0.030501089324618737
0.038781163434903045 0.030501089324618737
0.03856749311294766 0.030501089324618737
0.038461538461538464 0.030501089324618737
0.038356164383561646 0.030501089324618737
0.03825136612021858 0.030501089324618737
0.03814713896457766 0.030501089324618737
0.03804347826086957 0.030501089324618737
0.03783783783783784 0.030501089324618737
0.03763440860215054 0.030501089324618737
0.03753351206434316 0.030501089324618737
0.037333333333333336 0.030501089324618737
0.03723404255319149 0.030501089324618737
0.037037037037037035 0.030501089324618737
0.03684210526315789 0.030501089324618737
0.03664921465968586 0.030501089324618737
0.03655352480417755 0.030501089324618737
0.036458333333333336 0.030501089324618737
0.03636363636363636 0.030501089324618737
0.03617571059431524 0.030501089324618737
0.03598971722365039 0.030501089324618737
0.035897435897435895 0.030501089324618737
0.03580562659846547 0.030501089324618737
0.03571428571428571 0.030501089324618737
0.035623409669211195 0.030501089324618737
0.03553299492385787 0.030501089324618737
0.035443037974683546 0.030501089324618737
0.03535353535353535 0.030501089324618737
0.035175879396984924 0.030501089324618737
0.03508771929824561 0.030501089324618737
0.035 0.030501089324618737
0.034912718204488775 0.030501089324618737
0.03482587064676617 0.030501089324618737
0.034739454094292806 0.030501089324618737
0.0345679012345679 0.030501089324618737
0.034482758620689655 0.030501089324618737
0.0343980343980344 0.030501089324618737
0.03431372549019608 0.030501089324618737
0.034229828850855744 0.030501089324618737
0.036585365853658534 0.032679738562091505
0.0364963503649635 0.032679738562091505
0.03640776699029126 0.032679738562091505
0.0387409200968523 0.034858387799564274
0.03855421686746988 0.034858387799564274
0.03836930455635491 0.034858387799564274
0.03827751196172249 0.034858387799564274
0.03818615751789976 0.034858387799564274
0.0380952380952381 0.034858387799564274
0.037914691943127965 0.034858387799564274
0.037825059101654845 0.034858387799564274
0.03773584905660377 0.034858387799564274
0.03755868544600939 0.034858387799564274
0.037383177570093455 0.034858387799564274
0.037209302325581395 0.034858387799564274
0.037122969837587005 0.034858387799564274
0.037037037037037035 0.034858387799564274
0.03695150115473441 0.034858387799564274
0.03686635944700461 0.034858387799564274
0.03669724770642202 0.034858387799564274
0.036613272311212815 0.034858387799564274
0.0365296803652968 0.034858387799564274
0.03644646924829157 0.034858387799564274
0.03636363636363636 0.034858387799564274
0.036281179138321996 0.034858387799564274
0.03611738148984198 0.034858387799564274
0.036036036036036036 0.034858387799564274
0.03587443946188341 0.034858387799564274
0.03571428571428571 0.034858387799564274
0.035634743875278395 0.034858387799564274
0.035555555555555556 0.034858387799564274
0.035398230088495575 0.034858387799564274
0.03532008830022075 0.034858387799564274
0.03524229074889868 0.034858387799564274
0.03508771929824561 0.034858387799564274
0.0350109409190372 0.034858387799564274
0.034934497816593885 0.034858387799564274
0.034858387799564274 0.034858387799564274
0.034782608695652174 0.034858387799564274
0.03463203463203463 0.034858387799564274
0.034482758620689655 0.034858387799564274
0.034334763948497854 0.034858387799564274
0.034261241970021415 0.034858387799564274
0.03411513859275053 0.034858387799564274
0.03404255319148936 0.034858387799564274
0.03397027600849257 0.034858387799564274
0.03389830508474576 0.034858387799564274
0.03382663847780127 0.034858387799564274
0.03375527426160337 0.034858387799564274
0.03368421052631579 0.034858387799564274
0.033542976939203356 0.034858387799564274
0.03347280334728033 0.034858387799564274
0.033402922755741124 0.034858387799564274
0.03333333333333333 0.034858387799564274
0.033264033264033266 0.034858387799564274
0.03319502074688797 0.034858387799564274
0.033126293995859216 0.034858387799564274
0.03305785123966942 0.034858387799564274
0.032989690721649485 0.034858387799564274
0.03292181069958848 0.034858387799564274
0.03285420944558522 0.034858387799564274
0.03278688524590164 0.034858387799564274
0.032719836400818 0.034858387799564274
0.0326530612244898 0.034858387799564274
0.032586558044806514 0.034858387799564274
0.032520325203252036 0.034858387799564274
0.032454361054766734 0.034858387799564274
0.032388663967611336 0.034858387799564274
0.03232323232323232 0.034858387799564274
0.03225806451612903 0.034858387799564274
0.03219315895372234 0.034858387799564274
0.0321285140562249 0.034858387799564274
0.03206412825651302 0.034858387799564274
0.032 0.034858387799564274
0.03187250996015936 0.034858387799564274
0.03180914512922465 0.034858387799564274
0.031746031746031744 0.034858387799564274
0.031683168316831684 0.034858387799564274
0.03162055335968379 0.034858387799564274
0.03155818540433925 0.034858387799564274
0.031496062992125984 0.034858387799564274
0.03143418467583497 0.034858387799564274
0.03137254901960784 0.034858387799564274
0.03131115459882583 0.034858387799564274
0.03125 0.034858387799564274
0.0311284046692607 0.034858387799564274
0.031067961165048542 0.034858387799564274
0.031007751937984496 0.034858387799564274
0.030947775628626693 0.034858387799564274
0.03088803088803089 0.034858387799564274
0.030828516377649325 0.034858387799564274
0.03076923076923077 0.034858387799564274
0.030592734225621414 0.034858387799564274
0.030534351145038167 0.034858387799564274
0.030476190476190476 0.034858387799564274
0.030360531309297913 0.034858387799564274
0.030303030303030304 0.034858387799564274
0.030245746691871456 0.034858387799564274
0.03018867924528302 0.034858387799564274
0.030131826741996232 0.034858387799564274
0.03007518796992481 0.034858387799564274
0.0299625468164794 0.034858387799564274
0.029906542056074768 0.034858387799564274
0.0297951582867784 0.034858387799564274
0.029684601113172542 0.034858387799564274
0.029574861367837338 0.034858387799564274
0.02952029520295203 0.034858387799564274
0.029465930018416207 0.034858387799564274
0.029357798165137616 0.034858387799564274
0.029304029304029304 0.034858387799564274
0.029197080291970802 0.034858387799564274
0.02909090909090909 0.034858387799564274
0.029038112522686024 0.034858387799564274
0.028985507246376812 0.034858387799564274
0.03074141048824593 0.037037037037037035
0.030685920577617327 0.037037037037037035
0.03063063063063063 0.037037037037037035
0.030575539568345324 0.037037037037037035
0.03046594982078853 0.037037037037037035
0.030357142857142857 0.037037037037037035
0.030303030303030304 0.037037037037037035
0.030249110320284697 0.037037037037037035
0.03019538188277087 0.037037037037037035
0.030141843971631204 0.037037037037037035
0.03008849557522124 0.037037037037037035
0.030035335689045935 0.037037037037037035
0.029982363315696647 0.037037037037037035
0.02992957746478873 0.037037037037037035
0.029876977152899824 0.037037037037037035
0.02982456140350877 0.037037037037037035
0.0297723292469352 0.037037037037037035
0.029668411867364748 0.037037037037037035
0.029616724738675958 0.037037037037037035
0.029565217391304348 0.037037037037037035
0.029513888888888888 0.037037037037037035
0.029462738301559793 0.037037037037037035
0.029411764705882353 0.037037037037037035
0.02936096718480138 0.037037037037037035
0.029310344827586206 0.037037037037037035
0.029259896729776247 0.037037037037037035
0.029209621993127148 0.037037037037037035
0.029159519725557463 0.037037037037037035
0.02905982905982906 0.037037037037037035
0.02901023890784983 0.037037037037037035
0.028960817717206135 0.037037037037037035
0.02891156462585034 0.037037037037037035
0.028862478777589132 0.037037037037037035
0.0288135593220339 0.037037037037037035
0.028716216216216218 0.037037037037037035
0.02861952861952862 0.037037037037037035
0.028523489932885907 0.037037037037037035
0.028428093645484948 0.037037037037037035
0.028380634390651086 0.037037037037037035
0.028333333333333332 0.037037037037037035
0.028286189683860232 0.037037037037037035
0.02823920265780731 0.037037037037037035
0.028192371475953566 0.037037037037037035
0.02809917355371901 0.037037037037037035
0.028052805280528052 0.037037037037037035
0.02800658978583196 0.037037037037037035
0.027914614121510674 0.037037037037037035
0.027868852459016394 0.037037037037037035
0.027777777777777776 0.037037037037037035
0.02768729641693811 0.037037037037037035
0.027642276422764227 0.037037037037037035
0.027552674230145867 0.037037037037037035
0.02750809061488673 0.037037037037037035
0.027419354838709678 0.037037037037037035
0.027375201288244767 0.037037037037037035
0.027331189710610933 0.037037037037037035
0.027287319422150885 0.037037037037037035
0.0272 0.037037037037037035
0.02711323763955343 0.037037037037037035
0.027070063694267517 0.037037037037037035
0.026984126984126985 0.037037037037037035
0.02694136291600634 0.037037037037037035
0.02689873417721519 0.037037037037037035
0.026813880126182965 0.037037037037037035
0.026729559748427674 0.037037037037037035
0.02664576802507837 0.037037037037037035
0.0265625 0.037037037037037035
0.0264797507788162 0.037037037037037035
0.026438569206842923 0.037037037037037035
0.02635658914728682 0.037037037037037035
0.02631578947368421 0.037037037037037035
0.026234567901234566 0.037037037037037035
0.026194144838212634 0.037037037037037035
0.026113671274961597 0.037037037037037035
0.026033690658499236 0.037037037037037035
0.02599388379204893 0.037037037037037035
0.025914634146341462 0.037037037037037035
0.025835866261398176 0.037037037037037035
0.025796661608497723 0.037037037037037035
0.025757575757575757 0.037037037037037035
0.025718608169440244 0.037037037037037035
0.02564102564102564 0.037037037037037035
0.02556390977443609 0.037037037037037035
0.025487256371814093 0.037037037037037035
0.025411061285500747 0.037037037037037035
0.02533532041728763 0.037037037037037035
0.02526002971768202 0.037037037037037035
0.025222551928783383 0.037037037037037035
0.025185185185185185 0.037037037037037035
0.02514792899408284 0.037037037037037035
0.025073746312684365 0.037037037037037035
0.025 0.037037037037037035
0.024926686217008796 0.037037037037037035
0.024853801169590642 0.037037037037037035
0.024817518248175182 0.037037037037037035
0.02478134110787172 0.037037037037037035
0.024709302325581394 0.037037037037037035
0.02463768115942029 0.037037037037037035
0.024566473988439308 0.037037037037037035
0.024495677233429394 0.037037037037037035
0.02442528735632184 0.037037037037037035
0.024390243902439025 0.037037037037037035
0.024320457796852647 0.037037037037037035
0.024285714285714285 0.037037037037037035
0.024251069900142655 0.037037037037037035
0.02418207681365576 0.037037037037037035
0.024113475177304965 0.037037037037037035
0.024079320113314446 0.037037037037037035
0.02545968882602546 0.0392156862745098
0.026836158192090395 0.04139433551198257
0.028208744710860368 0.04357298474945534
0.02812939521800281 0.04357298474945534
0.028089887640449437 0.04357298474945534
0.028050490883590462 0.04357298474945534
0.028011204481792718 0.04357298474945534
0.027972027972027972 0.04357298474945534
0.027932960893854747 0.04357298474945534
0.02789400278940028 0.04357298474945534
0.027855153203342618 0.04357298474945534
0.027777777777777776 0.04357298474945534
0.027700831024930747 0.04357298474945534
0.027662517289073305 0.04357298474945534
0.027586206896551724 0.04357298474945534
0.027548209366391185 0.04357298474945534
0.027510316368638238 0.04357298474945534
0.027434842249657063 0.04357298474945534
0.027359781121751026 0.04357298474945534
0.028688524590163935 0.0457516339869281
0.02857142857142857 0.0457516339869281
0.028532608695652172 0.0457516339869281
0.028493894165535955 0.0457516339869281
0.028455284552845527 0.0457516339869281
0.028416779431664412 0.0457516339869281
0.02837837837837838 0.0457516339869281
0.02834008097165992 0.0457516339869281
0.02830188679245283 0.0457516339869281
0.028225806451612902 0.0457516339869281
0.028150134048257374 0.0457516339869281
0.028112449799196786 0.0457516339869281
0.02807486631016043 0.0457516339869281
0.028037383177570093 0.0457516339869281
0.028 0.0457516339869281
0.027925531914893616 0.0457516339869281
0.027888446215139442 0.0457516339869281
0.027851458885941646 0.0457516339869281
0.02781456953642384 0.0457516339869281
0.027777777777777776 0.0457516339869281
0.02906208718626156 0.04793028322440087
0.029023746701846966 0.04793028322440087
0.028985507246376812 0.04793028322440087
0.02894736842105263 0.04793028322440087
0.02890932982917214 0.04793028322440087
0.028871391076115485 0.04793028322440087
0.028833551769331587 0.04793028322440087
0.02875816993464052 0.04793028322440087
0.028720626631853787 0.04793028322440087
0.029947916666666668 0.05010893246187364
0.02990897269180754 0.05010893246187364
0.02987012987012987 0.05010893246187364
0.029831387808041506 0.05010893246187364
0.029792746113989636 0.05010893246187364
0.029754204398447608 0.05010893246187364
0.02967741935483871 0.05010893246187364
0.029639175257731958 0.05010893246187364
0.030848329048843187 0.05228758169934641
0.03080872913992298 0.05228758169934641
0.030729833546734954 0.05228758169934641
0.030690537084398978 0.05228758169934641
0.03065134099616858 0.05228758169934641
0.030612244897959183 0.05228758169934641
0.030534351145038167 0.05228758169934641
0.030495552731893267 0.05228758169934641
0.030456852791878174 0.05228758169934641
0.030418250950570342 0.05228758169934641
0.030379746835443037 0.05228758169934641
0.03034134007585335 0.05228758169934641
0.030303030303030304 0.05228758169934641
0.03026481715006305 0.05228758169934641
0.030226700251889168 0.05228758169934641
0.03018867924528302 0.05228758169934641
0.03015075376884422 0.05228758169934641
0.030112923462986198 0.05228758169934641
0.03007518796992481 0.05228758169934641
0.030037546933667083 0.05228758169934641
0.03 0.05228758169934641
0.0299625468164794 0.05228758169934641
0.029925187032418952 0.05228758169934641
0.029887920298879204 0.05228758169934641
0.02981366459627329 0.05228758169934641
0.02977667493796526 0.05228758169934641
0.0297029702970297 0.05228758169934641
0.030864197530864196 0.054466230936819175
0.032059186189889025 0.05664488017429194
0.03201970443349754 0.05664488017429194
0.03198031980319803 0.05664488017429194
0.03190184049079755 0.05664488017429194
0.031862745098039214 0.05664488017429194
0.03178484107579462 0.05664488017429194
0.031746031746031744 0.05664488017429194
0.031668696711327646 0.05664488017429194
0.031630170316301706 0.05664488017429194
0.031591737545565005 0.05664488017429194
0.03151515151515152 0.05664488017429194
0.031476997578692496 0.05664488017429194
0.03143893591293833 0.05664488017429194
0.03140096618357488 0.05664488017429194
0.031363088057901084 0.05664488017429194
0.03132530120481928 0.05664488017429194
0.03125 0.05664488017429194
0.03117505995203837 0.05664488017429194
0.03110047846889952 0.05664488017429194
0.03106332138590203 0.05664488017429194
0.03098927294398093 0.05664488017429194
0.030915576694411414 0.05664488017429194
0.030878859857482184 0.05664488017429194
0.030805687203791468 0.05664488017429194
0.03076923076923077 0.05664488017429194
0.030732860520094562 0.05664488017429194
0.030696576151121605 0.05664488017429194
0.031839622641509434 0.058823529411764705
0.03297997644287397 0.06100217864923747
0.03411764705882353 0.06318082788671024
0.03407755581668625 0.06318082788671024
0.03403755868544601 0.06318082788671024
0.0351288056206089 0.06535947712418301
0.03508771929824561 0.06535947712418301
0.03613053613053613 0.06753812636165578
0.03608847497089639 0.06753812636165578
0.03604651162790698 0.06753812636165578
0.036004645760743324 0.06753812636165578
0.03596287703016241 0.06753812636165578
0.03592120509849363 0.06753812636165578
0.03587962962962963 0.06753812636165578
0.03579676674364896 0.06753812636165578
0.03690888119953864 0.06971677559912855
0.03686635944700461 0.06971677559912855
0.03682393555811277 0.06971677559912855
0.03793103448275862 0.0718954248366013
0.03788748564867968 0.0718954248366013
0.03784403669724771 0.0718954248366013
0.037800687285223365 0.0718954248366013
0.03775743707093822 0.0718954248366013
0.037714285714285714 0.0718954248366013
0.03881278538812785 0.07407407407407407
0.03876852907639681 0.07407407407407407
0.03986332574031891 0.07625272331154684
0.040955631399317405 0.0784313725490196
0.04090909090909091 0.0784313725490196
0.04195011337868481 0.08061002178649238
0.04190260475651189 0.08061002178649238
0.04293785310734463 0.08278867102396514
0.04288939051918736 0.08278867102396514
0.04279279279279279 0.08278867102396514
0.04274465691788527 0.08278867102396514
0.04269662921348315 0.08278867102396514
0.04264870931537598 0.08278867102396514
0.042600896860986545 0.08278867102396514
0.0425531914893617 0.08278867102396514
0.042458100558659215 0.08278867102396514
0.04352678571428571 0.08496732026143791
0.043478260869565216 0.08496732026143791
0.04338153503893215 0.08496732026143791
0.043333333333333335 0.08496732026143791
0.04328523862375139 0.08496732026143791
0.043237250554323724 0.08496732026143791
0.04318936877076412 0.08496732026143791
0.04314159292035398 0.08496732026143791
0.0430939226519337 0.08496732026143791
0.04304635761589404 0.08496732026143791
0.042951541850220265 0.08496732026143791
0.0429042904290429 0.08496732026143791
0.04285714285714286 0.08496732026143791
0.042810098792535674 0.08496732026143791
0.04276315789473684 0.08496732026143791
0.04271631982475356 0.08496732026143791
0.04266958424507659 0.08496732026143791
0.04262295081967213 0.08496732026143791
0.0425764192139738 0.08496732026143791
0.04252998909487459 0.08496732026143791
0.042483660130718956 0.08496732026143791
0.042437431991294884 0.08496732026143791
0.043478260869565216 0.08714596949891068
0.04343105320304017 0.08714596949891068
0.04338394793926247 0.08714596949891068
0.04333694474539545 0.08714596949891068
0.04329004329004329 0.08714596949891068
0.04432432432432432 0.08932461873638345
0.04427645788336933 0.08932461873638345
0.04422869471413161 0.08932461873638345
0.04413347685683531 0.08932461873638345
0.04408602150537634 0.08932461873638345
0.04403866809881848 0.08932461873638345
0.043991416309012876 0.08932461873638345
0.04394426580921758 0.08932461873638345
0.04385026737967915 0.08932461873638345
0.04375667022411953 0.08932461873638345
0.04371002132196162 0.08932461873638345
0.043663471778487756 0.08932461873638345
0.04357066950053135 0.08932461873638345
0.0435244161358811 0.08932461873638345
0.04343220338983051 0.08932461873638345
0.04338624338624339 0.08932461873638345
0.04329461457233368 0.08932461873638345
0.043248945147679324 0.08932461873638345
0.0431578947368421 0.08932461873638345
0.04311251314405889 0.08932461873638345
0.04302203567681007 0.08932461873638345
0.0429769392033543 0.08932461873638345
0.04293193717277487 0.08932461873638345
0.042842215256008356 0.08932461873638345
0.04279749478079332 0.08932461873638345
0.042708333333333334 0.08932461873638345
0.04266389177939646 0.08932461873638345
0.04261954261954262 0.08932461873638345
0.04257528556593977 0.08932461873638345
0.04248704663212435 0.08932461873638345
0.042443064182194616 0.08932461873638345
0.043343653250773995 0.0915032679738562
0.04325437693099897 0.0915032679738562
0.044238683127572016 0.09368191721132897
0.044147843942505136 0.09368191721132897
0.0441025641025641 0.09368191721132897
0.045081967213114756 0.09586056644880174
0.04605936540429888 0.09803921568627451
0.045965270684371805 0.09803921568627451
0.04591836734693878 0.09803921568627451
0.045871559633027525 0.09803921568627451
0.045824847250509164 0.09803921568627451
0.04577822990844354 0.09803921568627451
0.04568527918781726 0.09803921568627451
0.04563894523326572 0.09803921568627451
0.04554655870445344 0.09803921568627451
0.045454545454545456 0.09803921568627451
0.04536290322580645 0.09803921568627451
0.045317220543806644 0.09803921568627451
0.04723618090452261 0.10239651416122005
0.04819277108433735 0.10457516339869281
0.04914744232698094 0.10675381263616558
0.04904904904904905 0.10675381263616558
0.049 0.10675381263616558
0.04895104895104895 0.10675381263616558
0.04890219560878244 0.10675381263616558
0.04885343968095713 0.10675381263616558
0.049800796812749 0.10893246187363835
0.04975124378109453 0.10893246187363835
0.05069582504970179 0.1111111111111111
