7991.0 1513.0
7991.0 4444.0
4800.0 5716.0
3887.0 2762.0
3887.0 1535.0
3887.0 419.0
3887.0 1691.0
3887.0 5379.0
4780.0 1513.0
4780.0 4444.0
4780.0 3978.0
37.0 1513.0
37.0 419.0
37.0 812.0
37.0 2762.0
3928.0 1513.0
3928.0 4444.0
3928.0 419.0
3928.0 2762.0
3928.0 606.0
1101.0 1519.0
1101.0 812.0
1101.0 2762.0
1101.0 1535.0
1101.0 1513.0
1101.0 419.0
1101.0 606.0
1101.0 1691.0
1101.0 5379.0
1101.0 4444.0
3754.0 1691.0
3754.0 1513.0
3754.0 4444.0
3754.0 3978.0
5716.0 2970.0
5716.0 868.0
5716.0 1008.0
5716.0 2762.0
5716.0 885.0
4187.0 1691.0
4187.0 1513.0
4187.0 419.0
4187.0 4444.0
4187.0 3978.0
4187.0 2762.0
4187.0 1535.0
5770.0 1513.0
2405.0 1513.0
2405.0 419.0
2405.0 4444.0
2405.0 1519.0
2405.0 812.0
2405.0 5379.0
308.0 5379.0
3629.0 1513.0
1604.0 2527.0
1604.0 1535.0
4816.0 1513.0
4816.0 419.0
4816.0 4444.0
4816.0 1519.0
4816.0 1691.0
4816.0 3978.0
4816.0 2971.0
4816.0 795.0
4816.0 2762.0
4816.0 698.0
4816.0 5379.0
4816.0 1535.0
3119.0 4444.0
1246.0 1513.0
1246.0 419.0
1246.0 4444.0
1246.0 1519.0
1246.0 1691.0
1246.0 5379.0
1246.0 1535.0
7991.0 4780.0
7991.0 1812.0
7991.0 3103.0
7991.0 830.0
7991.0 4174.0
7991.0 185.0
7991.0 70.0
7991.0 4816.0
7991.0 3754.0
7991.0 7805.0
7991.0 4187.0
7991.0 1488.0
7991.0 54.0
7991.0 4958.0
7991.0 6202.0
7991.0 2742.0
7991.0 107.0
7991.0 105.0
883.0 1513.0
883.0 419.0
883.0 1691.0
883.0 812.0
883.0 2762.0
883.0 1535.0
6202.0 1513.0
6202.0 419.0
6202.0 4444.0
6202.0 5716.0
4958.0 1513.0
4958.0 4444.0
4626.0 1519.0
4626.0 812.0
80.0 1513.0
80.0 1535.0
811.0 885.0
811.0 4849.0
185.0 4444.0
185.0 869.0
888.0 1513.0
888.0 1691.0
889.0 419.0
3419.0 1513.0
12473.0 54.0
12473.0 4174.0
12473.0 811.0
12473.0 70.0
42.0 1519.0
42.0 812.0
42.0 1535.0
42.0 1513.0
42.0 5379.0
42.0 2971.0
42.0 4444.0
793.0 1691.0
793.0 1513.0
793.0 419.0
7805.0 1513.0
7805.0 4444.0
7805.0 1691.0
7805.0 2527.0
7805.0 5811.0
7805.0 885.0
1.0 1535.0
1.0 419.0
1.0 1691.0
1.0 5379.0
431.0 1513.0
431.0 2919.0
845.0 419.0
845.0 1513.0
845.0 4444.0
845.0 1519.0
845.0 606.0
845.0 1691.0
845.0 5379.0
845.0 1535.0
70.0 4444.0
70.0 1513.0
70.0 3978.0
2742.0 419.0
2742.0 4444.0
2742.0 1513.0
2742.0 2762.0
2742.0 698.0
1099.0 4444.0
1099.0 1519.0
1099.0 606.0
4800.0 4174.0
4800.0 751.0
4800.0 754.0
4800.0 3679.0
4800.0 740.0
4800.0 42.0
4800.0 3507.0
4800.0 54.0
4800.0 800.0
4800.0 3352.0
4800.0 473.0
4800.0 2289.0
4800.0 976.0
4800.0 685.0
4800.0 793.0
4800.0 3887.0
4800.0 4039.0
4800.0 70.0
4800.0 80.0
4800.0 1861.0
4800.0 37.0
4800.0 308.0
4800.0 1924.0
4800.0 1962.0
4800.0 3629.0
4800.0 3419.0
4800.0 431.0
4800.0 884.0
4800.0 1099.0
4800.0 1101.0
4800.0 2880.0
4800.0 4551.0
4800.0 351.0
4800.0 4626.0
4800.0 1112.0
4800.0 4452.0
4800.0 1.0
4800.0 3119.0
4800.0 845.0
4800.0 858.0
4800.0 1126.0
4800.0 1421.0
4800.0 1129.0
4800.0 6202.0
4800.0 4629.0
4800.0 1604.0
4800.0 5770.0
4800.0 1234.0
4800.0 883.0
4800.0 564.0
4800.0 1148.0
4800.0 217.0
4800.0 888.0
4800.0 889.0
4800.0 3928.0
4800.0 3159.0
4800.0 3067.0
4800.0 1160.0
4800.0 1246.0
4800.0 396.0
4800.0 2405.0
4800.0 2149.0
1160.0 1519.0
1160.0 2762.0
1160.0 1535.0
1160.0 1513.0
1160.0 606.0
1160.0 4444.0
4444.0 1513.0
4444.0 419.0
4444.0 795.0
4444.0 1691.0
4444.0 3978.0
4444.0 3711.0
4444.0 1519.0
4444.0 2762.0
4444.0 698.0
4444.0 5379.0
4444.0 1535.0
4444.0 606.0
1234.0 1691.0
1234.0 1513.0
1234.0 4444.0
1234.0 1519.0
1234.0 1535.0
1488.0 1513.0
1488.0 4444.0
754.0 1513.0
217.0 1513.0
217.0 419.0
217.0 4444.0
217.0 2762.0
217.0 5379.0
217.0 1535.0
3067.0 4849.0
3103.0 1513.0
3103.0 869.0
3103.0 4444.0
3103.0 2896.0
685.0 1513.0
685.0 419.0
685.0 5716.0
685.0 1691.0
685.0 3978.0
685.0 812.0
685.0 2762.0
685.0 1535.0
2880.0 1513.0
1962.0 1513.0
2149.0 1513.0
2149.0 419.0
2149.0 1519.0
2149.0 1691.0
2149.0 4444.0
2149.0 2762.0
2149.0 5379.0
2149.0 698.0
2149.0 1535.0
2149.0 606.0
105.0 294.0
105.0 2970.0
105.0 419.0
3352.0 2762.0
1812.0 3978.0
1812.0 1513.0
1812.0 4444.0
740.0 885.0
4551.0 1513.0
4551.0 419.0
4551.0 4444.0
54.0 1535.0
54.0 1513.0
54.0 419.0
54.0 1441.0
54.0 1691.0
54.0 4444.0
54.0 3978.0
800.0 1513.0
800.0 1519.0
800.0 1691.0
800.0 698.0
800.0 606.0
1924.0 1513.0
1924.0 4444.0
1924.0 1535.0
1924.0 1519.0
1924.0 419.0
1924.0 2971.0
1924.0 606.0
1924.0 5379.0
4039.0 1513.0
4039.0 419.0
4039.0 4444.0
4039.0 1519.0
4039.0 5379.0
4039.0 1535.0
4039.0 606.0
1861.0 1513.0
1861.0 4444.0
1421.0 1513.0
1112.0 1513.0
1112.0 1519.0
1112.0 812.0
1112.0 1535.0
1126.0 1535.0
1513.0 2762.0
1513.0 1535.0
1513.0 419.0
1513.0 795.0
1513.0 1691.0
1513.0 869.0
1513.0 5379.0
1513.0 4444.0
1513.0 3978.0
751.0 1519.0
751.0 1513.0
751.0 812.0
751.0 1691.0
751.0 1535.0
751.0 2971.0
751.0 2762.0
884.0 1513.0
351.0 606.0
473.0 1513.0
473.0 1691.0
1148.0 1513.0
1148.0 812.0
1148.0 1535.0
396.0 1519.0
396.0 2762.0
396.0 1535.0
396.0 1513.0
396.0 419.0
396.0 606.0
396.0 1691.0
396.0 5379.0
396.0 4444.0
396.0 698.0
4174.0 1513.0
830.0 2541.0
830.0 869.0
830.0 2971.0
830.0 606.0
2289.0 1513.0
4452.0 1535.0
1129.0 1513.0
1129.0 1535.0
107.0 5481.0
107.0 1513.0
107.0 419.0
107.0 5716.0
107.0 795.0
107.0 4444.0
564.0 885.0
3159.0 1513.0
3159.0 419.0
3159.0 4444.0
3159.0 1519.0
3159.0 5379.0
3159.0 1535.0
3507.0 812.0
3507.0 1535.0
3679.0 1513.0
3679.0 1519.0
3679.0 1535.0
6136.0 1513.0
6136.0 4444.0
6136.0 3978.0
976.0 1513.0
976.0 4444.0
976.0 812.0
858.0 1513.0
858.0 812.0
858.0 5716.0
858.0 885.0
4780.0 4928.0
107.0 8154.0
107.0 2896.0
42.0 868.0
4187.0 2971.0
4816.0 606.0
811.0 795.0
751.0 4444.0
6136.0 419.0
2738.0 1519.0
2738.0 795.0
2738.0 2527.0
2738.0 4928.0
2738.0 2762.0
2738.0 885.0
4800.0 2738.0
308.0 868.0
4800.0 311.0
311.0 868.0
7805.0 5481.0
442.0 186.0
743.0 186.0
1052.0 812.0
1177.0 812.0
140.0 1441.0
1077.0 1513.0
1077.0 1519.0
1077.0 1535.0
1078.0 1513.0
279.0 885.0
279.0 186.0
279.0 869.0
279.0 795.0
279.0 868.0
2911.0 297.0
2911.0 186.0
2911.0 2971.0
2911.0 795.0
818.0 2762.0
933.0 869.0
841.0 868.0
841.0 869.0
2421.0 3978.0
1125.0 1535.0
1656.0 4444.0
4720.0 1008.0
1533.0 419.0
1533.0 4444.0
3006.0 795.0
3006.0 1008.0
3006.0 2971.0
904.0 812.0
904.0 2971.0
904.0 1535.0
2436.0 5182.0
1969.0 2541.0
5285.0 698.0
5504.0 1513.0
216.0 1513.0
216.0 419.0
216.0 5531.0
3467.0 5716.0
3467.0 795.0
5403.0 885.0
5403.0 2970.0
3887.0 54.0
3887.0 2886.0
3887.0 360.0
3887.0 964.0
3887.0 3433.0
3887.0 6124.0
3887.0 6125.0
3887.0 517.0
3887.0 985.0
3887.0 4014.0
3887.0 5612.0
3887.0 906.0
3887.0 579.0
3887.0 6136.0
3887.0 685.0
3887.0 6137.0
3887.0 389.0
3887.0 2741.0
3887.0 6145.0
3887.0 537.0
3887.0 1024.0
3887.0 170.0
3887.0 1.0
3887.0 2424.0
3887.0 278.0
3887.0 1509.0
3887.0 2667.0
3887.0 5862.0
3887.0 3477.0
3887.0 896.0
3887.0 5683.0
3887.0 593.0
3887.0 4222.0
3887.0 563.0
3887.0 3928.0
3887.0 2917.0
3887.0 6191.0
3887.0 1479.0
3887.0 715.0
3887.0 5013.0
3887.0 393.0
3887.0 2962.0
3887.0 1587.0
3887.0 828.0
3887.0 4800.0
3887.0 6202.0
3887.0 193.0
3887.0 3733.0
3887.0 1113.0
3887.0 1179.0
3887.0 42.0
3887.0 3860.0
3887.0 4793.0
3887.0 210.0
3887.0 1654.0
3887.0 6214.0
3887.0 6057.0
2825.0 3876.0
2825.0 6313.0
1351.0 4928.0
1351.0 812.0
6396.0 1513.0
6501.0 186.0
1586.0 1008.0
124.0 6313.0
124.0 2971.0
688.0 1513.0
2841.0 1691.0
2841.0 885.0
7187.0 186.0
7187.0 885.0
874.0 4928.0
874.0 868.0
874.0 1008.0
874.0 885.0
7468.0 54.0
7468.0 4775.0
7468.0 473.0
7468.0 3146.0
7468.0 500.0
7468.0 356.0
7468.0 2559.0
7468.0 524.0
7468.0 4944.0
7468.0 2226.0
7468.0 4800.0
7468.0 1851.0
7468.0 283.0
7468.0 66.0
7468.0 2236.0
7468.0 1638.0
7468.0 70.0
7468.0 4319.0
2117.0 419.0
2117.0 296.0
2117.0 297.0
2117.0 293.0
7753.0 1513.0
2481.0 2762.0
2481.0 186.0
2481.0 812.0
2689.0 5716.0
4780.0 3103.0
4780.0 7974.0
4780.0 3754.0
4780.0 54.0
4780.0 784.0
4780.0 6136.0
4780.0 1488.0
4780.0 2205.0
4780.0 70.0
4780.0 7805.0
4780.0 271.0
4780.0 715.0
4780.0 115.0
4780.0 7066.0
4780.0 7983.0
4780.0 1802.0
4780.0 7986.0
4780.0 6202.0
4780.0 5050.0
4780.0 1472.0
4780.0 2742.0
4780.0 7989.0
4780.0 4816.0
4780.0 4187.0
4780.0 7991.0
4780.0 4958.0
6652.0 1513.0
2780.0 2970.0
2780.0 2971.0
2780.0 5716.0
2780.0 795.0
37.0 1161.0
37.0 1060.0
37.0 1063.0
37.0 96.0
37.0 1069.0
37.0 1072.0
37.0 54.0
37.0 42.0
37.0 1075.0
37.0 1052.0
37.0 165.0
37.0 685.0
37.0 1078.0
37.0 1058.0
37.0 1081.0
37.0 7805.0
37.0 1151.0
37.0 4187.0
37.0 1098.0
37.0 124.0
37.0 1077.0
37.0 1108.0
37.0 1109.0
37.0 4800.0
37.0 1525.0
37.0 2738.0
37.0 1097.0
37.0 1125.0
37.0 267.0
37.0 1095.0
37.0 985.0
37.0 1159.0
37.0 2778.0
8618.0 2970.0
2854.0 4444.0
2854.0 812.0
2109.0 2527.0
2109.0 885.0
2042.0 1513.0
2042.0 606.0
3991.0 795.0
2241.0 1513.0
3928.0 6873.0
3928.0 1142.0
3928.0 100.0
3928.0 468.0
3928.0 6246.0
3928.0 449.0
3928.0 1060.0
3928.0 1161.0
3928.0 452.0
3928.0 2742.0
3928.0 5327.0
3928.0 686.0
3928.0 4880.0
3928.0 9268.0
3928.0 9269.0
3928.0 4747.0
3928.0 6136.0
3928.0 7414.0
3928.0 397.0
3928.0 2292.0
3928.0 685.0
3928.0 7965.0
3928.0 169.0
3928.0 3887.0
3928.0 4039.0
3928.0 3768.0
3928.0 271.0
3928.0 396.0
3928.0 4446.0
3928.0 372.0
3928.0 6202.0
3928.0 56.0
3928.0 1101.0
3928.0 2019.0
3928.0 2218.0
3928.0 827.0
3928.0 6359.0
3928.0 525.0
3928.0 2972.0
3928.0 351.0
3928.0 7419.0
3928.0 4800.0
3928.0 1126.0
3928.0 534.0
3928.0 3647.0
3928.0 715.0
3928.0 845.0
3928.0 1.0
3928.0 1234.0
3928.0 559.0
3928.0 4816.0
3928.0 561.0
3928.0 1574.0
3928.0 2003.0
3928.0 1145.0
3928.0 564.0
3928.0 565.0
3928.0 488.0
3928.0 1612.0
3928.0 7011.0
3928.0 823.0
3928.0 1159.0
3928.0 54.0
3928.0 1160.0
3928.0 1246.0
3928.0 577.0
285.0 186.0
285.0 297.0
285.0 296.0
285.0 885.0
3024.0 4928.0
2285.0 4343.0
8556.0 795.0
8556.0 2971.0
8556.0 812.0
1785.0 5182.0
1785.0 2971.0
7877.0 1008.0
821.0 5481.0
1794.0 1691.0
1794.0 698.0
9943.0 1513.0
7896.0 1513.0
7896.0 698.0
4136.0 2971.0
10177.0 1513.0
4417.0 4800.0
2186.0 1513.0
2186.0 2762.0
2186.0 1691.0
2186.0 698.0
456.0 5716.0
2994.0 8154.0
2994.0 812.0
2994.0 2896.0
2994.0 1008.0
4865.0 4444.0
4865.0 3978.0
1082.0 1519.0
1082.0 1535.0
1200.0 606.0
1452.0 1513.0
1452.0 4928.0
8208.0 419.0
1101.0 623.0
1101.0 5573.0
1101.0 1488.0
1101.0 93.0
1101.0 7805.0
1101.0 4794.0
1101.0 7419.0
1101.0 3485.0
1101.0 715.0
1101.0 517.0
1101.0 1604.0
1101.0 3545.0
1101.0 4816.0
1101.0 1533.0
1101.0 1502.0
1101.0 434.0
1101.0 217.0
1101.0 658.0
1101.0 906.0
1101.0 3103.0
1101.0 96.0
1101.0 54.0
1101.0 396.0
1101.0 165.0
1101.0 685.0
1101.0 10256.0
1101.0 3979.0
1101.0 2543.0
1101.0 7083.0
1101.0 604.0
1101.0 1525.0
1101.0 124.0
1101.0 524.0
1101.0 1226.0
1101.0 1531.0
1101.0 1966.0
1101.0 10584.0
1101.0 332.0
1101.0 2778.0
1101.0 172.0
1101.0 537.0
1101.0 2186.0
1101.0 1476.0
1101.0 2117.0
1101.0 991.0
1101.0 121.0
1101.0 477.0
1101.0 10586.0
1101.0 70.0
1101.0 31.0
1101.0 6166.0
1101.0 1962.0
1101.0 498.0
1101.0 1099.0
1101.0 2019.0
1101.0 2563.0
1101.0 3784.0
1101.0 6389.0
1101.0 4187.0
1101.0 6137.0
1101.0 3928.0
1101.0 3111.0
1101.0 3020.0
1101.0 7372.0
1101.0 449.0
1101.0 4800.0
1101.0 6884.0
1101.0 2200.0
1101.0 308.0
1101.0 115.0
1101.0 1094.0
1101.0 6202.0
1101.0 196.0
1101.0 851.0
1101.0 1503.0
1101.0 97.0
1101.0 4136.0
1101.0 8478.0
1182.0 2541.0
2972.0 2762.0
2972.0 795.0
2972.0 2971.0
2972.0 885.0
7240.0 869.0
6008.0 2762.0
6008.0 5379.0
6008.0 885.0
6008.0 2527.0
5612.0 2762.0
2809.0 698.0
9421.0 885.0
10931.0 1513.0
2457.0 885.0
2253.0 2971.0
2253.0 698.0
4765.0 1513.0
231.0 186.0
4775.0 2762.0
485.0 2971.0
8629.0 2559.0
8629.0 685.0
8629.0 524.0
8629.0 563.0
8629.0 4800.0
8629.0 2854.0
8629.0 2778.0
2955.0 795.0
2955.0 2971.0
2955.0 3711.0
2955.0 2762.0
2955.0 1008.0
1525.0 1513.0
1525.0 419.0
1525.0 4444.0
1525.0 1535.0
2724.0 2971.0
2724.0 1535.0
3428.0 2971.0
2088.0 6313.0
4849.0 2762.0
4944.0 186.0
605.0 4343.0
606.0 419.0
606.0 6669.0
606.0 1519.0
606.0 8154.0
606.0 1691.0
606.0 297.0
606.0 2971.0
606.0 2762.0
606.0 795.0
606.0 5379.0
606.0 1535.0
1654.0 2971.0
1654.0 4849.0
1654.0 795.0
1841.0 1513.0
5984.0 5716.0
5984.0 2762.0
5984.0 795.0
5984.0 1691.0
5984.0 1008.0
5984.0 885.0
2115.0 868.0
2115.0 869.0
3754.0 686.0
3754.0 981.0
3754.0 6162.0
3754.0 4178.0
3754.0 54.0
3754.0 2494.0
3754.0 4969.0
3754.0 6246.0
3754.0 1859.0
3754.0 4780.0
3754.0 3971.0
3754.0 358.0
3754.0 1488.0
3754.0 7805.0
3754.0 127.0
3754.0 4200.0
3754.0 316.0
3754.0 8573.0
3754.0 933.0
3754.0 2780.0
3754.0 6202.0
3754.0 4958.0
3754.0 715.0
3754.0 2742.0
3754.0 1812.0
3754.0 2421.0
3754.0 4816.0
3754.0 4187.0
3754.0 7991.0
938.0 5481.0
938.0 812.0
938.0 2762.0
938.0 4928.0
938.0 869.0
938.0 885.0
938.0 2527.0
784.0 419.0
784.0 1513.0
784.0 3978.0
1859.0 869.0
1859.0 6313.0
10586.0 2971.0
10586.0 795.0
5716.0 1972.0
5716.0 2808.0
5716.0 11779.0
5716.0 991.0
5716.0 1167.0
5716.0 11780.0
5716.0 456.0
5716.0 10861.0
5716.0 11781.0
5716.0 1659.0
5716.0 7063.0
5716.0 6633.0
5716.0 164.0
5716.0 6347.0
5716.0 475.0
5716.0 436.0
5716.0 3427.0
5716.0 685.0
5716.0 3979.0
5716.0 1781.0
5716.0 1437.0
5716.0 7083.0
5716.0 43.0
5716.0 5360.0
5716.0 342.0
5716.0 4794.0
5716.0 6621.0
5716.0 1485.0
5716.0 4800.0
5716.0 3453.0
5716.0 701.0
5716.0 8449.0
5716.0 6202.0
5716.0 534.0
5716.0 3454.0
5716.0 10564.0
5716.0 1503.0
5716.0 858.0
5716.0 426.0
5716.0 2942.0
5716.0 3705.0
5716.0 4284.0
5716.0 7394.0
5716.0 206.0
5716.0 3544.0
5716.0 3730.0
5716.0 5560.0
5716.0 11790.0
5716.0 2054.0
5716.0 2673.0
5716.0 2716.0
5716.0 3925.0
5716.0 3006.0
5716.0 569.0
5716.0 219.0
5716.0 1345.0
5716.0 4040.0
5716.0 278.0
5716.0 4994.0
5716.0 1442.0
5716.0 823.0
5716.0 3598.0
5716.0 3745.0
5716.0 5984.0
7965.0 1691.0
7965.0 2762.0
483.0 1691.0
483.0 3711.0
483.0 795.0
483.0 2762.0
483.0 1008.0
483.0 885.0
4446.0 1513.0
31.0 2762.0
31.0 419.0
6430.0 4444.0
6430.0 2762.0
3132.0 2527.0
3132.0 4928.0
3132.0 2970.0
3132.0 885.0
3784.0 812.0
6389.0 2762.0
6389.0 885.0
6389.0 2527.0
6389.0 2971.0
6389.0 6313.0
2362.0 4343.0
947.0 1513.0
947.0 812.0
2211.0 1513.0
2211.0 812.0
4222.0 419.0
4222.0 5379.0
12063.0 1513.0
4187.0 4174.0
4187.0 686.0
4187.0 3103.0
4187.0 8732.0
4187.0 449.0
4187.0 3754.0
4187.0 1982.0
4187.0 4880.0
4187.0 456.0
4187.0 82.0
4187.0 5674.0
4187.0 784.0
4187.0 672.0
4187.0 320.0
4187.0 6136.0
4187.0 4780.0
4187.0 1488.0
4187.0 793.0
4187.0 4039.0
4187.0 2003.0
4187.0 70.0
4187.0 7805.0
4187.0 10464.0
4187.0 3679.0
4187.0 4200.0
4187.0 1525.0
4187.0 715.0
4187.0 7122.0
4187.0 115.0
4187.0 7063.0
4187.0 1101.0
4187.0 700.0
4187.0 4794.0
4187.0 4551.0
4187.0 524.0
4187.0 1472.0
4187.0 194.0
4187.0 534.0
4187.0 37.0
4187.0 2742.0
4187.0 845.0
4187.0 1812.0
4187.0 2421.0
4187.0 6202.0
4187.0 1604.0
4187.0 4816.0
4187.0 5553.0
4187.0 1533.0
4187.0 1234.0
4187.0 7991.0
4187.0 3159.0
4187.0 5167.0
4187.0 2778.0
4187.0 1246.0
4187.0 396.0
4187.0 2405.0
4187.0 4958.0
4187.0 2149.0
4187.0 3020.0
885.0 812.0
885.0 186.0
885.0 2762.0
885.0 4928.0
885.0 2971.0
885.0 5716.0
885.0 1691.0
885.0 419.0
885.0 1008.0
885.0 2527.0
885.0 3876.0
885.0 6313.0
4843.0 2527.0
1437.0 5716.0
1437.0 186.0
1437.0 2527.0
698.0 5531.0
698.0 1691.0
698.0 4444.0
4872.0 606.0
5672.0 419.0
5672.0 795.0
5672.0 1691.0
5672.0 2971.0
5672.0 2762.0
1188.0 419.0
1188.0 8154.0
1188.0 2896.0
6633.0 5716.0
9558.0 2919.0
9558.0 1008.0
9558.0 3711.0
9558.0 6313.0
9558.0 3876.0
4524.0 293.0
6297.0 1513.0
1473.0 885.0
3960.0 6313.0
1829.0 2919.0
1829.0 2970.0
1829.0 4343.0
1094.0 795.0
1094.0 3876.0
1094.0 885.0
1094.0 5531.0
1094.0 4928.0
1094.0 2971.0
1094.0 3711.0
1094.0 1691.0
1094.0 698.0
1094.0 6313.0
1094.0 186.0
1094.0 2762.0
1094.0 2919.0
5770.0 4794.0
5770.0 7671.0
5770.0 3544.0
5770.0 4040.0
5770.0 2120.0
5770.0 4757.0
5770.0 1179.0
5770.0 332.0
5770.0 2854.0
5770.0 4002.0
5770.0 2246.0
5770.0 819.0
5770.0 5270.0
5770.0 396.0
5770.0 4800.0
5770.0 2019.0
2112.0 1513.0
12065.0 698.0
6199.0 293.0
3719.0 812.0
3856.0 1008.0
8471.0 885.0
8471.0 2527.0
4621.0 795.0
4628.0 795.0
759.0 2971.0
3244.0 4444.0
7709.0 698.0
12825.0 1513.0
6587.0 4524.0
6587.0 3706.0
6587.0 1473.0
6587.0 3031.0
6587.0 9738.0
6587.0 2122.0
6587.0 3039.0
6587.0 6671.0
6587.0 692.0
6587.0 4800.0
6587.0 2580.0
6587.0 2976.0
6587.0 2654.0
6587.0 3856.0
6587.0 8651.0
6587.0 257.0
6587.0 1586.0
6587.0 2633.0
6587.0 3062.0
1081.0 812.0
6316.0 4928.0
173.0 1513.0
3476.0 2971.0
6927.0 186.0
4887.0 2762.0
4887.0 606.0
7177.0 6313.0
6621.0 5716.0
1908.0 1513.0
530.0 4444.0
530.0 1519.0
530.0 1535.0
530.0 5379.0
2136.0 2762.0
407.0 5481.0
407.0 2970.0
407.0 5716.0
407.0 795.0
434.0 1513.0
2764.0 294.0
2764.0 812.0
2764.0 2527.0
2764.0 885.0
1170.0 795.0
1540.0 812.0
3062.0 2970.0
2417.0 5285.0
2417.0 1459.0
2417.0 3027.0
2417.0 7980.0
2417.0 6034.0
2417.0 3219.0
2417.0 1182.0
2417.0 4800.0
2417.0 1226.0
2417.0 434.0
2417.0 332.0
2417.0 5315.0
2417.0 6830.0
2417.0 6798.0
3104.0 6313.0
9339.0 885.0
2405.0 3103.0
2405.0 4058.0
2405.0 4377.0
2405.0 938.0
2405.0 4800.0
2405.0 1123.0
2405.0 6884.0
2405.0 54.0
2405.0 470.0
2405.0 685.0
2405.0 70.0
2405.0 7805.0
2405.0 96.0
2405.0 1525.0
2405.0 3419.0
2405.0 2019.0
2405.0 356.0
2405.0 1206.0
2405.0 6202.0
2405.0 944.0
2405.0 747.0
2405.0 2040.0
2405.0 614.0
2405.0 122.0
2405.0 4816.0
2405.0 1605.0
2405.0 1533.0
2405.0 4187.0
2405.0 3867.0
2405.0 563.0
2405.0 1502.0
2405.0 534.0
2405.0 776.0
2405.0 2778.0
2405.0 221.0
2405.0 5747.0
2405.0 874.0
2405.0 2436.0
12804.0 4444.0
768.0 869.0
768.0 1513.0
3242.0 885.0
771.0 524.0
771.0 96.0
771.0 620.0
771.0 199.0
771.0 107.0
771.0 7991.0
771.0 231.0
771.0 105.0
771.0 1555.0
771.0 2554.0
771.0 1612.0
1324.0 869.0
3472.0 1519.0
3472.0 297.0
3472.0 4928.0
3472.0 294.0
3472.0 293.0
1193.0 4928.0
1193.0 795.0
1193.0 1691.0
1193.0 186.0
1193.0 2971.0
1193.0 2762.0
6830.0 812.0
5341.0 606.0
1520.0 2527.0
1520.0 186.0
6640.0 1535.0
6640.0 6313.0
3893.0 795.0
3201.0 1513.0
2543.0 2527.0
316.0 795.0
316.0 2971.0
3316.0 5716.0
3316.0 698.0
2971.0 186.0
2971.0 2762.0
2971.0 5531.0
2971.0 2970.0
2971.0 606.0
2971.0 5182.0
2971.0 5716.0
2971.0 795.0
2971.0 1691.0
2971.0 868.0
2971.0 885.0
11121.0 4800.0
11121.0 964.0
11121.0 2741.0
11121.0 6145.0
11121.0 1503.0
11121.0 537.0
11121.0 579.0
299.0 4343.0
299.0 4928.0
299.0 3876.0
299.0 606.0
3730.0 5716.0
7080.0 165.0
7080.0 685.0
7080.0 1472.0
7080.0 7671.0
7080.0 3544.0
7080.0 4040.0
7080.0 11090.0
7080.0 9323.0
7080.0 563.0
7080.0 4800.0
7080.0 12123.0
7080.0 2252.0
7080.0 715.0
7080.0 332.0
7080.0 115.0
7080.0 1226.0
7080.0 784.0
4710.0 8154.0
4710.0 2896.0
3688.0 2453.0
3688.0 685.0
3688.0 933.0
3688.0 3103.0
3688.0 4629.0
3688.0 22.0
3688.0 2285.0
3688.0 3485.0
3688.0 70.0
3688.0 4800.0
3688.0 1612.0
3688.0 6202.0
3688.0 1533.0
3688.0 4187.0
3688.0 396.0
12115.0 186.0
12115.0 885.0
1627.0 4928.0
5683.0 186.0
5683.0 2762.0
5683.0 419.0
5683.0 2971.0
5683.0 795.0
5683.0 1691.0
5683.0 5379.0
1517.0 296.0
1517.0 812.0
4804.0 4444.0
555.0 795.0
935.0 1519.0
935.0 812.0
935.0 5379.0
10322.0 4444.0
5003.0 606.0
1245.0 4928.0
1245.0 869.0
9456.0 100.0
