13815 2762
13815 1691
12473 54
12473 4174
12473 811
12473 70
13815 6166
7991 1513
7991 4444
13815 623
12473 4554
4800 5716
13815 5459
7991 4780
7991 1812
7991 3103
7991 830
7991 4174
7991 185
7991 70
7991 4816
7991 3754
7991 7805
7991 4187
7991 1488
7991 54
7991 4958
7991 6202
7991 2742
7991 107
7991 105
4800 4174
4800 751
4800 754
4800 3679
4800 740
4800 42
4800 3507
4800 54
4800 800
4800 3352
4800 473
4800 2289
4800 976
4800 685
4800 793
4800 3887
4800 4039
4800 70
4800 80
4800 1861
4800 37
4800 308
4800 1924
4800 1962
4800 3629
4800 3419
4800 431
4800 884
4800 1099
4800 1101
4800 2880
4800 4551
4800 351
4800 4626
4800 1112
4800 4452
4800 1
4800 3119
4800 845
4800 858
4800 1126
4800 1421
4800 1129
4800 6202
4800 4629
4800 1604
4800 5770
4800 1234
4800 883
4800 564
4800 1148
4800 217
4800 888
4800 889
4800 3928
4800 3159
4800 3067
4800 1160
4800 1246
4800 396
4800 2405
4800 2149
13815 8408
7991 9456
7991 1255
7991 4554
7991 4483
7991 2233
7991 5512
7991 771
7991 14180
4174 1513
4800 2738
14180 7991
4444 1513
4444 419
4444 795
4444 1691
4444 3978
4444 3711
4444 1519
4444 2762
4444 698
4444 5379
4444 1535
4444 606
889 419
4800 311
1812 3978
1812 1513
1812 4444
70 4444
70 1513
70 3978
884 1513
4800 1458
4800 14322
4800 762
4800 4732
4800 3688
4800 1337
4800 2814
4800 13142
4800 6587
4800 1867
4800 1199
4800 1576
4800 6200
4800 655
4800 3760
4800 8629
4800 3694
4800 2855
4800 7033
4800 179
4800 349
4800 6752
4800 8062
4800 846
4800 2352
4800 7080
4800 11121
4800 861
4800 9359
4800 875
4800 9711
4800 343
4800 1147
4800 6153
4800 1930
4800 2417
4800 5300
4800 2146
4800 7468
4800 12998
4800 10974
4800 4417
4800 4803
4800 900
4780 1513
4780 4444
4780 3978
1513 2762
1513 1535
1513 419
1513 795
1513 1691
1513 869
1513 5379
1513 4444
1513 3978
1488 1513
1488 4444
811 885
811 4849
4800 2211
4800 947
4958 1513
4958 4444
5716 2970
5716 868
5716 1008
5716 2762
5716 885
3754 1691
3754 1513
3754 4444
3754 3978
4800 7693
4800 1502
4800 1472
4800 715
4800 1533
6202 1513
6202 419
6202 4444
6202 5716
2880 1513
4780 4928
3067 4849
3978 1513
3978 4444
54 1535
54 1513
54 419
54 1441
54 1691
54 4444
54 3978
2289 1513
754 1513
12998 4800
3119 4444
5770 1513
1421 1513
7805 1513
7805 4444
7805 1691
7805 2527
7805 5811
7805 885
4417 4800
80 1513
80 1535
4174 3103
4174 9268
4174 5327
4174 686
4174 6884
4174 54
4174 7414
4174 70
4174 2698
4174 682
4174 1525
4174 2019
4174 2218
4174 688
4174 5158
4174 7419
4174 4800
4174 8449
4174 6202
4174 5218
4174 4160
4174 2742
4174 2284
4174 3303
4174 4187
4174 2054
4174 1031
4174 3006
4174 3928
4174 107
4174 7991
4174 2490
4174 5747
185 4444
185 869
830 2541
830 869
830 2971
830 606
4187 1691
4187 1513
4187 419
4187 4444
4187 3978
4187 2762
4187 1535
12473 9272
12473 9711
793 1691
793 1513
793 419
4452 1535
7033 4800
3679 1513
3679 1519
3679 1535
888 1513
888 1691
4174 1535
2742 419
2742 4444
2742 1513
2742 2762
2742 698
976 1513
976 4444
976 812
3629 1513
4800 8529
800 1513
800 1519
800 1691
800 698
800 606
1535 1513
1535 4444
1535 419
1535 5481
1535 1519
1535 1691
1535 2762
1535 5379
1535 606
1126 1535
4800 10351
1962 1513
1129 1513
1129 1535
105 294
105 2970
105 419
811 795
419 1513
419 885
419 4444
419 1519
419 1691
419 2527
419 868
419 869
419 2762
419 5379
419 1535
419 606
1691 14225
1691 1519
1691 2762
1691 1535
1691 4928
1691 5531
1691 606
1691 885
1691 4444
1691 2541
1691 2971
1691 5379
1691 698
14180 261
1234 1691
1234 1513
1234 4444
1234 1519
1234 1535
308 5379
3159 1513
3159 419
3159 4444
3159 1519
3159 5379
3159 1535
1604 2527
1604 1535
1099 4444
1099 1519
1099 606
4039 1513
4039 419
4039 4444
4039 1519
4039 5379
4039 1535
4039 606
7989 1513
4816 1513
4816 419
4816 4444
4816 1519
4816 1691
4816 3978
4816 2971
4816 795
4816 2762
4816 698
4816 5379
4816 1535
217 1513
217 419
217 4444
217 2762
217 5379
217 1535
1519 2919
1519 419
1519 1691
1519 2541
1519 5531
1519 3711
1519 2762
1519 1008
1519 1535
1519 3876
1519 606
1519 6313
7991 872
7991 582
7991 164
5379 288
5379 419
5379 296
5379 8154
5379 1691
5379 294
5379 297
5379 1535
5379 2970
5379 2762
5379 2896
5379 606
5379 293
14225 1691
14225 2762
4551 1513
4551 419
4551 4444
4444 14223
4444 6873
4444 4455
4444 9269
4444 5519
4444 449
4444 2917
4444 155
4444 2116
4444 620
4444 3754
4444 1982
4444 4819
4444 4011
4444 2742
4444 9704
4444 686
4444 845
4444 3244
4444 12804
4444 464
4444 6858
4444 5674
4444 164
4444 8450
4444 414
4444 2886
4444 1966
4444 6136
4444 4865
4444 4780
4444 976
4444 685
4444 8533
4444 168
4444 6147
4444 4039
4444 2002
4444 2003
4444 70
4444 320
4444 1861
4444 7654
4444 10464
4444 4446
4444 6694
4444 1924
4444 2536
4444 883
4444 964
4444 6166
4444 1525
4444 56
4444 1656
4444 1099
4444 1101
4444 342
4444 13244
4444 917
4444 4794
4444 5117
4444 4551
4444 8231
4444 525
4444 2972
4444 1633
4444 6137
4444 1388
4444 9349
4444 1113
4444 2732
4444 1394
4444 530
4444 8449
4444 6202
4444 193
4444 534
4444 6637
4444 4958
4444 851
4444 2854
4444 3445
4444 42
4444 4804
4444 7986
4444 1812
4444 874
4444 8520
4444 3725
4444 2869
4444 4629
4444 3660
4444 4014
4444 3303
4444 3827
4444 10322
4444 4816
4444 194
4444 1533
4444 6606
4444 1029
4444 10592
4444 2673
4444 1234
4444 2716
4444 217
4444 704
4444 3647
4444 3928
4444 1915
4444 210
4444 3219
4444 2405
4444 278
4444 710
4444 7991
4444 3159
4444 1605
4444 3119
4444 1242
4444 1160
4444 1246
4444 2387
4444 396
4444 13701
4444 537
4444 2149
4444 3020
4849 2762
7414 1513
740 885
1148 1513
1148 812
1148 1535
37 1513
37 419
37 812
37 2762
889 96
889 4800
889 1206
889 93
10974 31
10974 4800
1112 1513
1112 1519
1112 812
1112 1535
845 419
845 1513
845 4444
845 1519
845 606
845 1691
845 5379
845 1535
2149 1513
2149 419
2149 1519
2149 1691
2149 4444
2149 2762
2149 5379
2149 698
2149 1535
2149 606
564 885
883 1513
883 419
883 1691
883 812
883 2762
883 1535
4187 2971
1 1535
1 419
1 1691
1 5379
431 1513
431 2919
1246 1513
1246 419
1246 4444
1246 1519
1246 1691
1246 5379
1246 1535
2405 1513
2405 419
2405 4444
2405 1519
2405 812
2405 5379
2762 1519
2762 1535
2762 4928
2762 2970
2762 4849
2762 606
2762 5182
2762 5716
2762 795
2762 1691
2762 885
2762 4444
2762 3978
2762 2527
2762 2541
2762 5379
351 606
4800 5707
4800 7245
3507 812
3507 1535
14322 685
14322 4800
5327 1513
3303 1513
3303 4444
3928 1513
3928 4444
3928 419
3928 2762
3928 606
1812 4793
1812 299
1812 7066
1812 1488
1812 7805
1812 6202
1812 693
1812 4551
1812 70
1812 4816
1812 3754
1812 4780
1812 4187
1812 963
1812 7986
1812 1472
1812 7991
1812 2742
1812 54
1812 9269
1812 784
1812 115
1812 715
1812 6136
1812 4958
1812 1587
70 4174
70 981
70 449
70 759
70 4872
70 883
70 4196
70 3103
70 3024
70 6884
70 54
70 4350
70 4203
70 685
70 3689
70 1226
70 2205
70 4039
70 693
70 1200
70 862
70 3768
70 308
70 6670
70 682
70 811
70 3526
70 6359
70 5357
70 1525
70 715
70 7122
70 1099
70 4887
70 1101
70 8573
70 4780
70 1182
70 2480
70 6212
70 8049
70 4551
70 3379
70 3132
70 351
70 7419
70 4800
70 5390
70 6202
70 793
70 4958
70 538
70 845
70 4809
70 6936
70 3860
70 1530
70 4157
70 1812
70 2751
70 5377
70 143
70 3432
70 1604
70 1234
70 4816
70 4187
70 5218
70 107
70 7991
70 191
70 3159
70 4794
70 1246
70 888
70 2405
70 6057
70 2149
4444 14225
884 124
884 2778
884 8471
884 985
884 1533
884 563
884 4800
884 1120
4174 684
4174 6057
685 1513
685 419
685 5716
685 1691
685 3978
685 812
685 2762
685 1535
4174 5516
4174 6248
4174 1621
1861 1513
1861 4444
3103 1513
3103 869
3103 4444
3103 2896
14223 4444
4800 115
4554 3103
4554 4174
4554 682
4554 8449
4554 54
4554 5218
4554 1659
4554 4187
4554 7991
4554 6884
4554 2742
4554 1525
4554 4559
4554 1195
4554 4676
6884 1513
4626 1519
4626 812
3352 2762
473 1513
473 1691
1924 1513
1924 4444
1924 1535
1924 1519
1924 419
1924 2971
1924 606
1924 5379
5481 812
5481 1535
6136 1513
6136 4444
6136 3978
4780 3103
4780 7974
4780 3754
4780 54
4780 784
4780 6136
4780 1488
4780 2205
4780 70
4780 7805
4780 271
4780 715
4780 115
4780 7066
4780 7983
4780 1802
4780 7986
4780 6202
4780 5050
4780 1472
4780 2742
4780 7989
4780 4816
4780 4187
4780 7991
4780 4958
858 1513
858 812
858 5716
858 885
1513 4174
1513 4643
1513 6246
1513 2116
1513 5504
1513 7160
1513 5327
1513 10793
1513 4178
1513 54
1513 414
1513 11573
1513 7232
1513 12825
1513 1459
1513 8779
1513 1077
1513 1078
1513 1472
1513 6147
1513 9818
1513 1452
1513 173
1513 6082
1513 10464
1513 2280
1513 2211
1513 449
1513 12502
1513 3629
1513 4099
1513 7063
1513 1101
1513 12611
1513 8231
1513 1908
1513 5158
1513 5626
1513 9349
1513 7986
1513 8449
1513 10856
1513 3537
1513 7303
1513 3330
1513 43
1513 7593
1513 6125
1513 7989
1513 1812
1513 3084
1513 1625
1513 5770
1513 15213
1513 5008
1513 4816
1513 2871
1513 6655
1513 13709
1513 217
1513 658
1513 8499
1513 431
1513 4042
1513 10931
1513 1246
1513 2405
1513 908
1513 2589
1513 5314
1513 1305
1513 11881
1513 1564
1513 4058
1513 4765
1513 3679
1513 10556
1513 1146
1513 10568
1513 768
1513 776
1513 10975
1513 3686
1513 46
1513 6777
1513 784
1513 2289
1513 4075
1513 6136
1513 16307
1513 10177
1513 8637
1513 685
1513 4802
1513 80
1513 800
1513 1924
1513 7414
1513 6396
1513 36
1513 1173
1513 1206
1513 4787
1513 604
1513 884
1513 266
1513 688
1513 1949
1513 5506
1513 3201
1513 524
1513 15524
1513 1592
1513 8717
1513 246
1513 1390
1513 13940
1513 5757
1513 1597
1513 845
1513 2364
1513 3318
1513 16277
1513 1129
1513 1135
1513 3728
1513 1140
1513 1141
1513 1142
1513 702
1513 8470
1513 1608
1513 7011
1513 710
1513 7991
1513 12860
1513 8445
1513 8276
1513 15055
1513 1509
1513 1841
1513 2186
1513 9269
1513 9486
1513 2786
1513 1060
1513 754
1513 4819
1513 5566
1513 1169
1513 82
1513 883
1513 7219
1513 1876
1513 470
1513 9920
1513 8450
1513 473
1513 1194
1513 4780
1513 5693
1513 11575
1513 5519
1513 4039
1513 70
1513 1861
1513 751
1513 4446
1513 6166
1513 1962
1513 13537
1513 1931
1513 2019
1513 8573
1513 1212
1513 6652
1513 4336
1513 8051
1513 525
1513 376
1513 4396
1513 9692
1513 1394
1513 534
1513 37
1513 3102
1513 1598
1513 543
1513 947
1513 1783
1513 2042
1513 8022
1513 10144
1513 1421
1513 2754
1513 12063
1513 4629
1513 2378
1513 2184
1513 563
1513 216
1513 1148
1513 4838
1513 888
1513 6137
1513 2241
1513 3928
1513 3219
1513 4647
1513 10926
1513 2490
1513 16195
1513 2149
1513 13416
1513 7753
1513 6873
1513 2915
1513 15915
1513 2081
1513 1982
1513 3811
1513 4011
1513 1563
1513 6884
1513 675
1513 164
1513 1713
1513 8046
1513 6297
1513 976
1513 6813
1513 2003
1513 11840
1513 1565
1513 623
1513 4300
1513 1091
1513 4200
1513 6369
1513 3419
1513 715
1513 9507
1513 5013
1513 115
1513 143
1513 436
1513 6671
1513 1100
1513 4975
1513 2112
1513 5261
1513 2880
1513 10655
1513 9943
1513 1886
1513 7700
1513 1112
1513 6202
1513 193
1513 194
1513 5719
1513 1117
1513 793
1513 4958
1513 7708
1513 851
1513 42
1513 858
1513 1414
1513 10643
1513 322
1513 6051
1513 4639
1513 3303
1513 3867
1513 1234
1513 4034
1513 862
1513 11333
1513 13095
1513 4469
1513 14085
1513 3159
1513 2290
1513 4794
1513 1160
1513 396
1488 4761
1488 449
1488 3754
1488 2983
1488 1503
1488 4775
1488 2494
1488 397
1488 4780
1488 6077
1488 358
1488 4039
1488 11708
1488 800
1488 7805
1488 308
1488 96
1488 715
1488 1101
1488 524
1488 534
1488 4958
1488 845
1488 7989
1488 1812
1488 3085
1488 1604
1488 1234
1488 1531
1488 4816
1488 7991
1488 3111
1488 3119
1488 1160
1488 1246
1488 396
1488 2149
1488 3020
811 116
811 2457
811 2039
811 163
811 2481
811 1990
811 2922
811 7643
811 14942
811 1859
811 70
811 4963
811 9394
811 3476
811 494
811 7222
811 2953
811 1094
811 4887
811 9558
811 2766
811 8509
811 11213
811 3132
811 6764
811 4111
811 8471
811 4220
811 11164
811 500
811 1651
811 2677
811 62
811 4118
811 6008
811 4720
811 9778
811 3061
811 278
811 2776
811 2902
811 743
4800 1814
5218 2896
869 1513
869 419
869 186
869 868
3445 4444
4958 14246
4958 684
4958 3103
4958 4174
4958 3754
4958 9620
4958 6884
4958 4865
4958 4780
4958 1488
4958 1684
4958 70
4958 7805
4958 682
4958 4783
4958 2318
4958 2727
4958 715
4958 2711
4958 4551
4958 1802
4958 7419
4958 8449
4958 2742
4958 2362
4958 3041
4958 4793
4958 1812
4958 3085
4958 3994
4958 6202
4958 210
4958 4187
4958 3006
4958 4816
4958 7991
4958 823
4958 6057
5716 1972
5716 2808
5716 11779
5716 991
5716 1167
5716 11780
5716 456
5716 10861
5716 11781
5716 1659
5716 7063
5716 6633
5716 164
5716 6347
5716 475
5716 436
5716 3427
5716 685
5716 3979
5716 1781
5716 1437
5716 7083
5716 43
5716 5360
5716 342
5716 4794
5716 6621
5716 1485
5716 4800
5716 3453
5716 701
5716 8449
5716 6202
5716 534
5716 3454
5716 10564
5716 1503
5716 858
5716 426
5716 2942
5716 3705
5716 4284
5716 7394
5716 206
5716 3544
5716 3730
5716 5560
5716 11790
5716 2054
5716 2673
5716 2716
5716 3925
5716 3006
5716 569
5716 219
5716 1345
5716 4040
5716 278
5716 4994
5716 1442
5716 823
5716 3598
5716 3745
5716 5984
868 2971
868 5716
868 419
868 869
3419 1513
10464 1513
10464 4343
10464 4444
606 419
606 6669
606 1519
606 8154
606 1691
606 297
606 2971
606 2762
606 795
606 5379
606 1535
5811 3711
5811 812
3754 686
3754 981
3754 6162
3754 4178
3754 54
3754 2494
3754 4969
3754 6246
3754 1859
3754 4780
3754 3971
3754 358
3754 1488
3754 7805
3754 127
3754 4200
3754 316
3754 8573
3754 933
3754 2780
3754 6202
3754 4958
3754 715
3754 2742
3754 1812
3754 2421
3754 4816
3754 4187
3754 7991
4800 4758
4800 4289
4800 9412
4800 4814
4800 5342
4800 4820
4800 3329
4800 4966
4800 2859
4800 1945
4800 9280
107 5481
107 1513
107 419
107 5716
107 795
107 4444
13701 4444
7986 1513
7986 3978
7986 4444
6202 4174
6202 686
6202 5519
6202 449
6202 751
6202 3754
6202 1982
6202 883
6202 54
6202 672
6202 473
6202 1966
6202 6136
6202 4865
6202 4780
6202 685
6202 1488
6202 793
6202 3689
6202 3887
6202 4039
6202 70
6202 80
6202 7805
6202 10464
6202 3679
6202 1924
6202 7063
6202 1099
6202 1101
6202 700
6202 4794
6202 2880
6202 4551
6202 1129
6202 7419
6202 4800
6202 8449
6202 1
6202 3217
6202 194
6202 534
6202 4958
6202 4452
6202 2742
6202 1812
6202 1604
6202 1234
6202 4816
6202 1246
6202 4187
6202 1148
6202 888
6202 3928
6202 7991
6202 4626
6202 1160
6202 5747
6202 2405
6202 2149
6202 3020
8449 1513
8449 4444
8449 5716
3887 2762
3887 1535
3887 419
3887 1691
3887 5379
7419 1513
1160 1519
1160 2762
1160 1535
