1.0 0.09090909090909091
1.0 0.18181818181818182
0.5 0.18181818181818182
0.4 0.18181818181818182
0.2857142857142857 0.18181818181818182
0.25 0.18181818181818182
0.3 0.2727272727272727
0.2727272727272727 0.2727272727272727
0.23076923076923078 0.2727272727272727
0.2 0.2727272727272727
0.1875 0.2727272727272727
0.16666666666666666 0.2727272727272727
0.15789473684210525 0.2727272727272727
0.15 0.2727272727272727
0.14285714285714285 0.2727272727272727
0.13043478260869565 0.2727272727272727
0.125 0.2727272727272727
0.11538461538461539 0.2727272727272727
0.10714285714285714 0.2727272727272727
0.10344827586206896 0.2727272727272727
0.0967741935483871 0.2727272727272727
0.09375 0.2727272727272727
0.08823529411764706 0.2727272727272727
0.08571428571428572 0.2727272727272727
0.08108108108108109 0.2727272727272727
0.07692307692307693 0.2727272727272727
0.075 0.2727272727272727
0.07142857142857142 0.2727272727272727
0.06976744186046512 0.2727272727272727
0.06818181818181818 0.2727272727272727
0.06521739130434782 0.2727272727272727
0.0625 0.2727272727272727
0.061224489795918366 0.2727272727272727
0.058823529411764705 0.2727272727272727
0.057692307692307696 0.2727272727272727
0.05660377358490566 0.2727272727272727
0.05454545454545454 0.2727272727272727
0.05357142857142857 0.2727272727272727
0.05172413793103448 0.2727272727272727
0.05084745762711865 0.2727272727272727
0.04918032786885246 0.2727272727272727
0.04838709677419355 0.2727272727272727
0.046875 0.2727272727272727
0.046153846153846156 0.2727272727272727
0.04477611940298507 0.2727272727272727
0.043478260869565216 0.2727272727272727
0.04285714285714286 0.2727272727272727
0.04225352112676056 0.2727272727272727
0.0410958904109589 0.2727272727272727
0.04054054054054054 0.2727272727272727
0.039473684210526314 0.2727272727272727
0.03896103896103896 0.2727272727272727
0.038461538461538464 0.2727272727272727
0.0375 0.2727272727272727
0.037037037037037035 0.2727272727272727
0.03614457831325301 0.2727272727272727
0.03571428571428571 0.2727272727272727
0.03529411764705882 0.2727272727272727
0.034482758620689655 0.2727272727272727
0.03409090909090909 0.2727272727272727
0.03333333333333333 0.2727272727272727
0.03296703296703297 0.2727272727272727
0.03260869565217391 0.2727272727272727
0.03225806451612903 0.2727272727272727
0.031578947368421054 0.2727272727272727
0.03125 0.2727272727272727
0.030612244897959183 0.2727272727272727
0.03 0.2727272727272727
0.0297029702970297 0.2727272727272727
0.029411764705882353 0.2727272727272727
0.028846153846153848 0.2727272727272727
0.02857142857142857 0.2727272727272727
0.02830188679245283 0.2727272727272727
0.027777777777777776 0.2727272727272727
0.027522935779816515 0.2727272727272727
0.02727272727272727 0.2727272727272727
0.02702702702702703 0.2727272727272727
0.02654867256637168 0.2727272727272727
0.02631578947368421 0.2727272727272727
0.02608695652173913 0.2727272727272727
0.02564102564102564 0.2727272727272727
0.025210084033613446 0.2727272727272727
0.025 0.2727272727272727
0.024793388429752067 0.2727272727272727
0.02459016393442623 0.2727272727272727
0.024390243902439025 0.2727272727272727
0.024193548387096774 0.2727272727272727
0.024 0.2727272727272727
0.023809523809523808 0.2727272727272727
0.023622047244094488 0.2727272727272727
0.0234375 0.2727272727272727
0.023076923076923078 0.2727272727272727
0.022900763358778626 0.2727272727272727
0.022556390977443608 0.2727272727272727
0.022222222222222223 0.2727272727272727
0.022058823529411766 0.2727272727272727
0.021897810218978103 0.2727272727272727
0.021739130434782608 0.2727272727272727
0.02142857142857143 0.2727272727272727
0.02112676056338028 0.2727272727272727
0.020833333333333332 0.2727272727272727
0.020689655172413793 0.2727272727272727
0.02054794520547945 0.2727272727272727
0.02040816326530612 0.2727272727272727
0.02027027027027027 0.2727272727272727
0.020134228187919462 0.2727272727272727
0.019867549668874173 0.2727272727272727
0.019736842105263157 0.2727272727272727
0.0196078431372549 0.2727272727272727
0.01948051948051948 0.2727272727272727
0.01935483870967742 0.2727272727272727
0.019230769230769232 0.2727272727272727
0.01910828025477707 0.2727272727272727
0.0189873417721519 0.2727272727272727
0.018867924528301886 0.2727272727272727
0.01875 0.2727272727272727
0.018633540372670808 0.2727272727272727
0.018518518518518517 0.2727272727272727
0.018404907975460124 0.2727272727272727
0.01818181818181818 0.2727272727272727
0.018072289156626505 0.2727272727272727
0.017964071856287425 0.2727272727272727
0.017857142857142856 0.2727272727272727
0.01775147928994083 0.2727272727272727
0.01764705882352941 0.2727272727272727
0.017543859649122806 0.2727272727272727
0.01744186046511628 0.2727272727272727
0.017241379310344827 0.2727272727272727
0.017142857142857144 0.2727272727272727
0.017045454545454544 0.2727272727272727
0.01694915254237288 0.2727272727272727
0.016853932584269662 0.2727272727272727
0.01675977653631285 0.2727272727272727
0.016574585635359115 0.2727272727272727
0.016483516483516484 0.2727272727272727
0.01639344262295082 0.2727272727272727
0.016304347826086956 0.2727272727272727
0.016129032258064516 0.2727272727272727
0.016042780748663103 0.2727272727272727
0.015957446808510637 0.2727272727272727
0.015873015873015872 0.2727272727272727
0.015789473684210527 0.2727272727272727
0.015706806282722512 0.2727272727272727
0.015544041450777202 0.2727272727272727
0.015463917525773196 0.2727272727272727
0.015384615384615385 0.2727272727272727
0.015306122448979591 0.2727272727272727
0.015228426395939087 0.2727272727272727
0.015151515151515152 0.2727272727272727
0.01507537688442211 0.2727272727272727
0.015 0.2727272727272727
0.014925373134328358 0.2727272727272727
0.01485148514851485 0.2727272727272727
0.014778325123152709 0.2727272727272727
0.014705882352941176 0.2727272727272727
0.014634146341463415 0.2727272727272727
0.014563106796116505 0.2727272727272727
0.014492753623188406 0.2727272727272727
0.014354066985645933 0.2727272727272727
0.014285714285714285 0.2727272727272727
0.014218009478672985 0.2727272727272727
0.014150943396226415 0.2727272727272727
0.014084507042253521 0.2727272727272727
0.014018691588785047 0.2727272727272727
0.013953488372093023 0.2727272727272727
0.013888888888888888 0.2727272727272727
0.013824884792626729 0.2727272727272727
0.0136986301369863 0.2727272727272727
0.013636363636363636 0.2727272727272727
0.013513513513513514 0.2727272727272727
0.013392857142857142 0.2727272727272727
0.01327433628318584 0.2727272727272727
0.013215859030837005 0.2727272727272727
0.013100436681222707 0.2727272727272727
0.013043478260869565 0.2727272727272727
0.012987012987012988 0.2727272727272727
0.012875536480686695 0.2727272727272727
0.01282051282051282 0.2727272727272727
0.01276595744680851 0.2727272727272727
0.012711864406779662 0.2727272727272727
0.012658227848101266 0.2727272727272727
0.012605042016806723 0.2727272727272727
0.012552301255230125 0.2727272727272727
0.0125 0.2727272727272727
0.012448132780082987 0.2727272727272727
0.012396694214876033 0.2727272727272727
0.012345679012345678 0.2727272727272727
0.012295081967213115 0.2727272727272727
0.012195121951219513 0.2727272727272727
0.012096774193548387 0.2727272727272727
0.012048192771084338 0.2727272727272727
0.01195219123505976 0.2727272727272727
0.011857707509881422 0.2727272727272727
0.011764705882352941 0.2727272727272727
0.01171875 0.2727272727272727
0.011627906976744186 0.2727272727272727
0.011583011583011582 0.2727272727272727
0.011494252873563218 0.2727272727272727
0.011450381679389313 0.2727272727272727
0.011406844106463879 0.2727272727272727
0.011363636363636364 0.2727272727272727
0.011320754716981131 0.2727272727272727
0.011278195488721804 0.2727272727272727
0.011235955056179775 0.2727272727272727
0.011194029850746268 0.2727272727272727
0.011152416356877323 0.2727272727272727
0.011111111111111112 0.2727272727272727
0.01107011070110701 0.2727272727272727
0.01098901098901099 0.2727272727272727
0.01090909090909091 0.2727272727272727
0.010869565217391304 0.2727272727272727
0.010830324909747292 0.2727272727272727
0.01079136690647482 0.2727272727272727
0.010752688172043012 0.2727272727272727
0.010714285714285714 0.2727272727272727
0.010676156583629894 0.2727272727272727
0.010638297872340425 0.2727272727272727
0.01060070671378092 0.2727272727272727
0.01056338028169014 0.2727272727272727
0.010526315789473684 0.2727272727272727
0.01048951048951049 0.2727272727272727
0.010452961672473868 0.2727272727272727
0.010416666666666666 0.2727272727272727
0.010380622837370242 0.2727272727272727
0.010309278350515464 0.2727272727272727
0.010273972602739725 0.2727272727272727
0.010238907849829351 0.2727272727272727
0.01020408163265306 0.2727272727272727
0.010169491525423728 0.2727272727272727
0.010135135135135136 0.2727272727272727
0.010101010101010102 0.2727272727272727
0.010067114093959731 0.2727272727272727
0.010033444816053512 0.2727272727272727
0.009966777408637873 0.2727272727272727
0.009933774834437087 0.2727272727272727
0.009900990099009901 0.2727272727272727
0.009836065573770493 0.2727272727272727
0.009771986970684038 0.2727272727272727
0.00974025974025974 0.2727272727272727
0.009708737864077669 0.2727272727272727
0.00964630225080386 0.2727272727272727
0.009584664536741214 0.2727272727272727
0.009523809523809525 0.2727272727272727
0.00949367088607595 0.2727272727272727
0.009433962264150943 0.2727272727272727
0.009404388714733543 0.2727272727272727
0.009375 0.2727272727272727
0.009345794392523364 0.2727272727272727
0.009316770186335404 0.2727272727272727
0.009287925696594427 0.2727272727272727
0.009259259259259259 0.2727272727272727
0.009230769230769232 0.2727272727272727
0.009202453987730062 0.2727272727272727
0.009174311926605505 0.2727272727272727
0.009146341463414634 0.2727272727272727
0.00911854103343465 0.2727272727272727
0.00909090909090909 0.2727272727272727
0.015060240963855422 0.45454545454545453
0.014970059880239521 0.45454545454545453
0.01488095238095238 0.45454545454545453
0.01483679525222552 0.45454545454545453
0.014792899408284023 0.45454545454545453
0.014705882352941176 0.45454545454545453
0.01466275659824047 0.45454545454545453
0.014577259475218658 0.45454545454545453
0.014534883720930232 0.45454545454545453
0.014492753623188406 0.45454545454545453
0.014450867052023121 0.45454545454545453
0.01440922190201729 0.45454545454545453
0.014367816091954023 0.45454545454545453
0.014326647564469915 0.45454545454545453
0.014285714285714285 0.45454545454545453
0.014245014245014245 0.45454545454545453
0.014164305949008499 0.45454545454545453
0.014084507042253521 0.45454545454545453
0.014044943820224719 0.45454545454545453
0.014005602240896359 0.45454545454545453
0.013966480446927373 0.45454545454545453
0.013927576601671309 0.45454545454545453
0.013888888888888888 0.45454545454545453
0.013850415512465374 0.45454545454545453
0.013812154696132596 0.45454545454545453
0.013774104683195593 0.45454545454545453
0.013736263736263736 0.45454545454545453
0.0136986301369863 0.45454545454545453
0.01366120218579235 0.45454545454545453
0.013623978201634877 0.45454545454545453
0.01358695652173913 0.45454545454545453
0.013550135501355014 0.45454545454545453
0.013513513513513514 0.45454545454545453
0.013477088948787063 0.45454545454545453
0.013440860215053764 0.45454545454545453
0.013404825737265416 0.45454545454545453
0.013368983957219251 0.45454545454545453
0.013333333333333334 0.45454545454545453
0.013297872340425532 0.45454545454545453
0.013262599469496022 0.45454545454545453
0.013227513227513227 0.45454545454545453
0.013192612137203167 0.45454545454545453
0.013157894736842105 0.45454545454545453
0.013123359580052493 0.45454545454545453
0.013054830287206266 0.45454545454545453
0.013020833333333334 0.45454545454545453
0.012987012987012988 0.45454545454545453
0.012919896640826873 0.45454545454545453
0.01288659793814433 0.45454545454545453
0.012853470437017995 0.45454545454545453
0.01278772378516624 0.45454545454545453
0.012755102040816327 0.45454545454545453
0.01272264631043257 0.45454545454545453
0.012690355329949238 0.45454545454545453
0.012658227848101266 0.45454545454545453
0.012626262626262626 0.45454545454545453
0.012594458438287154 0.45454545454545453
0.01256281407035176 0.45454545454545453
0.012531328320802004 0.45454545454545453
0.012468827930174564 0.45454545454545453
0.01240694789081886 0.45454545454545453
0.012376237623762377 0.45454545454545453
0.012315270935960592 0.45454545454545453
0.012285012285012284 0.45454545454545453
0.012254901960784314 0.45454545454545453
0.012224938875305624 0.45454545454545453
0.012195121951219513 0.45454545454545453
0.012165450121654502 0.45454545454545453
0.012135922330097087 0.45454545454545453
0.012106537530266344 0.45454545454545453
0.012077294685990338 0.45454545454545453
0.012048192771084338 0.45454545454545453
0.01201923076923077 0.45454545454545453
0.011990407673860911 0.45454545454545453
0.011961722488038277 0.45454545454545453
0.011933174224343675 0.45454545454545453
0.011904761904761904 0.45454545454545453
0.011876484560570071 0.45454545454545453
0.01182033096926714 0.45454545454545453
0.01179245283018868 0.45454545454545453
0.011764705882352941 0.45454545454545453
0.0117096018735363 0.45454545454545453
0.011655011655011656 0.45454545454545453
0.011627906976744186 0.45454545454545453
0.01160092807424594 0.45454545454545453
0.011574074074074073 0.45454545454545453
0.011547344110854504 0.45454545454545453
0.01152073732718894 0.45454545454545453
0.011467889908256881 0.45454545454545453
0.01141552511415525 0.45454545454545453
0.011389521640091117 0.45454545454545453
0.011363636363636364 0.45454545454545453
0.011337868480725623 0.45454545454545453
0.011312217194570135 0.45454545454545453
0.011286681715575621 0.45454545454545453
0.01126126126126126 0.45454545454545453
0.011235955056179775 0.45454545454545453
0.011210762331838564 0.45454545454545453
0.011185682326621925 0.45454545454545453
0.011160714285714286 0.45454545454545453
0.011135857461024499 0.45454545454545453
0.011111111111111112 0.45454545454545453
0.011086474501108648 0.45454545454545453
0.011061946902654867 0.45454545454545453
0.011037527593818985 0.45454545454545453
0.01098901098901099 0.45454545454545453
0.010964912280701754 0.45454545454545453
0.010940919037199124 0.45454545454545453
0.010917030567685589 0.45454545454545453
0.010893246187363835 0.45454545454545453
0.010869565217391304 0.45454545454545453
0.010845986984815618 0.45454545454545453
0.010822510822510822 0.45454545454545453
0.01079913606911447 0.45454545454545453
0.010775862068965518 0.45454545454545453
0.010752688172043012 0.45454545454545453
0.01072961373390558 0.45454545454545453
0.010706638115631691 0.45454545454545453
0.010683760683760684 0.45454545454545453
0.010660980810234541 0.45454545454545453
0.010638297872340425 0.45454545454545453
0.010615711252653927 0.45454545454545453
0.01059322033898305 0.45454545454545453
0.010548523206751054 0.45454545454545453
0.010526315789473684 0.45454545454545453
0.01050420168067227 0.45454545454545453
0.010482180293501049 0.45454545454545453
0.010460251046025104 0.45454545454545453
0.010438413361169102 0.45454545454545453
0.010416666666666666 0.45454545454545453
0.010395010395010396 0.45454545454545453
0.01037344398340249 0.45454545454545453
0.010351966873706004 0.45454545454545453
0.010330578512396695 0.45454545454545453
0.01026694045174538 0.45454545454545453
0.010245901639344262 0.45454545454545453
0.010224948875255624 0.45454545454545453
0.01020408163265306 0.45454545454545453
0.010183299389002037 0.45454545454545453
0.01016260162601626 0.45454545454545453
0.010141987829614604 0.45454545454545453
0.010121457489878543 0.45454545454545453
0.010101010101010102 0.45454545454545453
0.010080645161290322 0.45454545454545453
0.01006036217303823 0.45454545454545453
0.010040160642570281 0.45454545454545453
0.01002004008016032 0.45454545454545453
0.01 0.45454545454545453
0.00998003992015968 0.45454545454545453
0.0099601593625498 0.45454545454545453
0.009940357852882704 0.45454545454545453
0.00992063492063492 0.45454545454545453
0.009900990099009901 0.45454545454545453
0.009881422924901186 0.45454545454545453
0.009861932938856016 0.45454545454545453
0.00984251968503937 0.45454545454545453
0.009823182711198428 0.45454545454545453
0.00980392156862745 0.45454545454545453
0.009784735812133072 0.45454545454545453
0.009765625 0.45454545454545453
0.009746588693957114 0.45454545454545453
0.009727626459143969 0.45454545454545453
0.009708737864077669 0.45454545454545453
0.009689922480620155 0.45454545454545453
0.009671179883945842 0.45454545454545453
0.009633911368015413 0.45454545454545453
0.009615384615384616 0.45454545454545453
0.009596928982725527 0.45454545454545453
0.009578544061302681 0.45454545454545453
0.009560229445506692 0.45454545454545453
0.009541984732824428 0.45454545454545453
0.009523809523809525 0.45454545454545453
0.009505703422053232 0.45454545454545453
0.009487666034155597 0.45454545454545453
0.00946969696969697 0.45454545454545453
0.00945179584120983 0.45454545454545453
0.009433962264150943 0.45454545454545453
0.009416195856873822 0.45454545454545453
0.009398496240601503 0.45454545454545453
0.009380863039399626 0.45454545454545453
0.009363295880149813 0.45454545454545453
0.009345794392523364 0.45454545454545453
0.009328358208955223 0.45454545454545453
0.00931098696461825 0.45454545454545453
0.00929368029739777 0.45454545454545453
0.009259259259259259 0.45454545454545453
0.009242144177449169 0.45454545454545453
0.00922509225092251 0.45454545454545453
0.009208103130755065 0.45454545454545453
0.009191176470588236 0.45454545454545453
0.009174311926605505 0.45454545454545453
0.009157509157509158 0.45454545454545453
0.009140767824497258 0.45454545454545453
0.009124087591240875 0.45454545454545453
0.009107468123861567 0.45454545454545453
0.009074410163339383 0.45454545454545453
0.009041591320072333 0.45454545454545453
0.009025270758122744 0.45454545454545453
0.009009009009009009 0.45454545454545453
0.008992805755395683 0.45454545454545453
0.008976660682226212 0.45454545454545453
0.008960573476702509 0.45454545454545453
0.008944543828264758 0.45454545454545453
0.008928571428571428 0.45454545454545453
0.008912655971479501 0.45454545454545453
0.008896797153024912 0.45454545454545453
0.008880994671403197 0.45454545454545453
0.008865248226950355 0.45454545454545453
0.008849557522123894 0.45454545454545453
0.0088339222614841 0.45454545454545453
0.008802816901408451 0.45454545454545453
0.008787346221441126 0.45454545454545453
0.008771929824561403 0.45454545454545453
0.008756567425569177 0.45454545454545453
0.008741258741258742 0.45454545454545453
0.008726003490401396 0.45454545454545453
0.008695652173913044 0.45454545454545453
0.008665511265164644 0.45454545454545453
0.00865051903114187 0.45454545454545453
0.008635578583765112 0.45454545454545453
0.008620689655172414 0.45454545454545453
0.008605851979345954 0.45454545454545453
0.00859106529209622 0.45454545454545453
0.008576329331046312 0.45454545454545453
0.008561643835616438 0.45454545454545453
0.008547008547008548 0.45454545454545453
0.008532423208191127 0.45454545454545453
0.008517887563884156 0.45454545454545453
0.008503401360544218 0.45454545454545453
0.008488964346349746 0.45454545454545453
0.00847457627118644 0.45454545454545453
0.008460236886632826 0.45454545454545453
0.008445945945945946 0.45454545454545453
0.008431703204047217 0.45454545454545453
0.008403361344537815 0.45454545454545453
0.008389261744966443 0.45454545454545453
0.008375209380234505 0.45454545454545453
0.008361204013377926 0.45454545454545453
0.008347245409015025 0.45454545454545453
0.008333333333333333 0.45454545454545453
0.008319467554076539 0.45454545454545453
0.008305647840531562 0.45454545454545453
0.008291873963515755 0.45454545454545453
0.008278145695364239 0.45454545454545453
0.008264462809917356 0.45454545454545453
0.00825082508250825 0.45454545454545453
0.008237232289950576 0.45454545454545453
0.008223684210526315 0.45454545454545453
0.008210180623973728 0.45454545454545453
0.00819672131147541 0.45454545454545453
0.008169934640522876 0.45454545454545453
0.008156606851549755 0.45454545454545453
0.008143322475570033 0.45454545454545453
0.008130081300813009 0.45454545454545453
0.008116883116883116 0.45454545454545453
0.008103727714748784 0.45454545454545453
0.008090614886731391 0.45454545454545453
0.008077544426494346 0.45454545454545453
0.008064516129032258 0.45454545454545453
0.008051529790660225 0.45454545454545453
0.008038585209003215 0.45454545454545453
0.008025682182985553 0.45454545454545453
0.008012820512820512 0.45454545454545453
0.008 0.45454545454545453
0.007987220447284345 0.45454545454545453
0.007974481658692184 0.45454545454545453
0.007961783439490446 0.45454545454545453
0.00794912559618442 0.45454545454545453
0.007936507936507936 0.45454545454545453
0.00792393026941363 0.45454545454545453
0.007911392405063292 0.45454545454545453
0.007898894154818325 0.45454545454545453
0.007886435331230283 0.45454545454545453
0.007861635220125786 0.45454545454545453
0.007849293563579277 0.45454545454545453
0.007836990595611285 0.45454545454545453
0.0078125 0.45454545454545453
0.0078003120124804995 0.45454545454545453
0.007776049766718507 0.45454545454545453
0.007763975155279503 0.45454545454545453
0.007751937984496124 0.45454545454545453
0.007739938080495356 0.45454545454545453
0.0077279752704791345 0.45454545454545453
0.007716049382716049 0.45454545454545453
0.007692307692307693 0.45454545454545453
0.007680491551459293 0.45454545454545453
0.007668711656441718 0.45454545454545453
0.007656967840735069 0.45454545454545453
0.00764525993883792 0.45454545454545453
0.007621951219512195 0.45454545454545453
0.0076103500761035 0.45454545454545453
0.007598784194528876 0.45454545454545453
0.007587253414264037 0.45454545454545453
0.007575757575757576 0.45454545454545453
0.007564296520423601 0.45454545454545453
0.0075528700906344415 0.45454545454545453
0.007541478129713424 0.45454545454545453
0.007518796992481203 0.45454545454545453
0.0074962518740629685 0.45454545454545453
0.0074850299401197605 0.45454545454545453
0.007473841554559043 0.45454545454545453
0.007462686567164179 0.45454545454545453
0.007451564828614009 0.45454545454545453
0.00744047619047619 0.45454545454545453
0.007429420505200594 0.45454545454545453
0.007407407407407408 0.45454545454545453
0.0073964497041420114 0.45454545454545453
0.007385524372230428 0.45454545454545453
0.007374631268436578 0.45454545454545453
0.007363770250368188 0.45454545454545453
0.007352941176470588 0.45454545454545453
0.007331378299120235 0.45454545454545453
0.007309941520467836 0.45454545454545453
0.00727802037845706 0.45454545454545453
0.007267441860465116 0.45454545454545453
0.00725689404934688 0.45454545454545453
0.007246376811594203 0.45454545454545453
0.0072254335260115606 0.45454545454545453
0.007215007215007215 0.45454545454545453
0.007204610951008645 0.45454545454545453
0.007194244604316547 0.45454545454545453
0.007173601147776184 0.45454545454545453
0.0071633237822349575 0.45454545454545453
0.007142857142857143 0.45454545454545453
0.007132667617689016 0.45454545454545453
0.007122507122507123 0.45454545454545453
0.007102272727272727 0.45454545454545453
0.0070921985815602835 0.45454545454545453
0.007072135785007072 0.45454545454545453
0.007062146892655367 0.45454545454545453
0.007052186177715092 0.45454545454545453
0.007042253521126761 0.45454545454545453
0.007032348804500703 0.45454545454545453
0.007022471910112359 0.45454545454545453
0.0070126227208976155 0.45454545454545453
0.0070028011204481795 0.45454545454545453
0.006993006993006993 0.45454545454545453
0.006983240223463687 0.45454545454545453
0.00697350069735007 0.45454545454545453
0.006963788300835654 0.45454545454545453
0.006954102920723227 0.45454545454545453
0.006944444444444444 0.45454545454545453
0.006934812760055479 0.45454545454545453
0.006925207756232687 0.45454545454545453
0.006915629322268326 0.45454545454545453
0.006906077348066298 0.45454545454545453
0.006887052341597796 0.45454545454545453
0.0068775790921595595 0.45454545454545453
0.006868131868131868 0.45454545454545453
0.006858710562414266 0.45454545454545453
0.00684931506849315 0.45454545454545453
0.006839945280437756 0.45454545454545453
0.006830601092896175 0.45454545454545453
0.0068212824010914054 0.45454545454545453
0.006811989100817439 0.45454545454545453
0.006793478260869565 0.45454545454545453
0.006775067750677507 0.45454545454545453
0.006756756756756757 0.45454545454545453
0.006738544474393531 0.45454545454545453
0.006729475100942127 0.45454545454545453
0.006720430107526882 0.45454545454545453
0.006702412868632708 0.45454545454545453
0.006693440428380187 0.45454545454545453
0.0066844919786096255 0.45454545454545453
0.006666666666666667 0.45454545454545453
0.006657789613848202 0.45454545454545453
0.006648936170212766 0.45454545454545453
0.006640106241699867 0.45454545454545453
0.006631299734748011 0.45454545454545453
0.006622516556291391 0.45454545454545453
0.006613756613756613 0.45454545454545453
0.0066050198150594455 0.45454545454545453
0.006596306068601583 0.45454545454545453
0.006587615283267457 0.45454545454545453
0.006578947368421052 0.45454545454545453
0.006570302233902759 0.45454545454545453
0.006561679790026247 0.45454545454545453
0.00655307994757536 0.45454545454545453
0.006544502617801047 0.45454545454545453
0.006535947712418301 0.45454545454545453
0.006527415143603133 0.45454545454545453
0.00651890482398957 0.45454545454545453
0.006510416666666667 0.45454545454545453
0.006501950585175552 0.45454545454545453
0.006493506493506494 0.45454545454545453
0.00648508430609598 0.45454545454545453
0.006476683937823834 0.45454545454545453
0.00646830530401035 0.45454545454545453
0.0064516129032258064 0.45454545454545453
0.006443298969072165 0.45454545454545453
0.006435006435006435 0.45454545454545453
0.006426735218508998 0.45454545454545453
0.006418485237483954 0.45454545454545453
0.00641025641025641 0.45454545454545453
0.006402048655569782 0.45454545454545453
0.00639386189258312 0.45454545454545453
0.006377551020408163 0.45454545454545453
0.006369426751592357 0.45454545454545453
0.006361323155216285 0.45454545454545453
0.0063532401524777635 0.45454545454545453
0.006345177664974619 0.45454545454545453
0.0063371356147021544 0.45454545454545453
0.006329113924050633 0.45454545454545453
0.006321112515802781 0.45454545454545453
0.006313131313131313 0.45454545454545453
0.006305170239596469 0.45454545454545453
0.006297229219143577 0.45454545454545453
0.00628140703517588 0.45454545454545453
0.006273525721455458 0.45454545454545453
0.006265664160401002 0.45454545454545453
0.00625 0.45454545454545453
0.006234413965087282 0.45454545454545453
0.0062266500622665 0.45454545454545453
0.006218905472636816 0.45454545454545453
0.00620347394540943 0.45454545454545453
0.006188118811881188 0.45454545454545453
0.006180469715698393 0.45454545454545453
0.006165228113440197 0.45454545454545453
0.006157635467980296 0.45454545454545453
0.006150061500615006 0.45454545454545453
0.006134969325153374 0.45454545454545453
0.006127450980392157 0.45454545454545453
0.006119951040391677 0.45454545454545453
0.006105006105006105 0.45454545454545453
0.0060901339829476245 0.45454545454545453
0.006082725060827251 0.45454545454545453
0.006075334143377886 0.45454545454545453
0.006067961165048544 0.45454545454545453
0.006060606060606061 0.45454545454545453
0.006053268765133172 0.45454545454545453
0.006045949214026602 0.45454545454545453
0.006038647342995169 0.45454545454545453
0.006031363088057901 0.45454545454545453
0.006024096385542169 0.45454545454545453
0.006009615384615385 0.45454545454545453
0.006002400960384154 0.45454545454545453
0.005995203836930456 0.45454545454545453
0.005980861244019139 0.45454545454545453
0.0059665871121718375 0.45454545454545453
0.0059594755661501785 0.45454545454545453
0.005945303210463734 0.45454545454545453
0.0059382422802850355 0.45454545454545453
0.005931198102016607 0.45454545454545453
0.005924170616113744 0.45454545454545453
0.005917159763313609 0.45454545454545453
0.00591016548463357 0.45454545454545453
0.0059031877213695395 0.45454545454545453
0.00589622641509434 0.45454545454545453
0.0058823529411764705 0.45454545454545453
0.005875440658049354 0.45454545454545453
0.005868544600938967 0.45454545454545453
0.00585480093676815 0.45454545454545453
0.005847953216374269 0.45454545454545453
0.005834305717619603 0.45454545454545453
0.005827505827505828 0.45454545454545453
0.005820721769499418 0.45454545454545453
0.005813953488372093 0.45454545454545453
0.005807200929152149 0.45454545454545453
0.005793742757821553 0.45454545454545453
0.005787037037037037 0.45454545454545453
0.005780346820809248 0.45454545454545453
0.005773672055427252 0.45454545454545453
0.0057670126874279125 0.45454545454545453
0.005753739930955121 0.45454545454545453
0.005747126436781609 0.45454545454545453
0.0057405281285878304 0.45454545454545453
0.005733944954128441 0.45454545454545453
0.0057273768613974796 0.45454545454545453
0.005720823798627002 0.45454545454545453
0.005707762557077625 0.45454545454545453
0.005701254275940707 0.45454545454545453
0.0056947608200455585 0.45454545454545453
0.005688282138794084 0.45454545454545453
0.005681818181818182 0.45454545454545453
0.0056753688989784334 0.45454545454545453
0.005668934240362812 0.45454545454545453
0.0056625141562853904 0.45454545454545453
0.005656108597285068 0.45454545454545453
0.005649717514124294 0.45454545454545453
0.0056433408577878106 0.45454545454545453
0.00563063063063063 0.45454545454545453
0.00562429696287964 0.45454545454545453
0.0056179775280898875 0.45454545454545453
0.005611672278338945 0.45454545454545453
0.005605381165919282 0.45454545454545453
0.005599104143337066 0.45454545454545453
0.00558659217877095 0.45454545454545453
0.005580357142857143 0.45454545454545453
0.005574136008918618 0.45454545454545453
0.005567928730512249 0.45454545454545453
0.0055617352614015575 0.45454545454545453
0.005555555555555556 0.45454545454545453
0.005549389567147614 0.45454545454545453
0.005543237250554324 0.45454545454545453
0.005537098560354375 0.45454545454545453
0.0055309734513274336 0.45454545454545453
0.0055248618784530384 0.45454545454545453
0.005518763796909493 0.45454545454545453
0.005512679162072767 0.45454545454545453
0.005506607929515419 0.45454545454545453
0.005500550055005501 0.45454545454545453
0.005494505494505495 0.45454545454545453
0.005488474204171241 0.45454545454545453
0.005482456140350877 0.45454545454545453
0.00547645125958379 0.45454545454545453
0.005470459518599562 0.45454545454545453
0.00546448087431694 0.45454545454545453
0.0054585152838427945 0.45454545454545453
0.0054525627044711015 0.45454545454545453
0.0054466230936819175 0.45454545454545453
0.005434782608695652 0.45454545454545453
0.005422993492407809 0.45454545454545453
0.005417118093174431 0.45454545454545453
0.005411255411255411 0.45454545454545453
0.005399568034557235 0.45454545454545453
0.005393743257820928 0.45454545454545453
0.005387931034482759 0.45454545454545453
0.005382131324004306 0.45454545454545453
0.0053705692803437165 0.45454545454545453
0.0053590568060021436 0.45454545454545453
0.0053533190578158455 0.45454545454545453
0.005341880341880342 0.45454545454545453
0.005336179295624333 0.45454545454545453
0.005330490405117271 0.45454545454545453
0.005319148936170213 0.45454545454545453
0.005307855626326964 0.45454545454545453
0.005302226935312832 0.45454545454545453
0.005296610169491525 0.45454545454545453
0.005291005291005291 0.45454545454545453
0.005279831045406547 0.45454545454545453
0.005274261603375527 0.45454545454545453
0.005268703898840885 0.45454545454545453
0.005263157894736842 0.45454545454545453
0.005252100840336135 0.45454545454545453
0.005246589716684155 0.45454545454545453
0.005241090146750524 0.45454545454545453
0.005235602094240838 0.45454545454545453
0.005230125523012552 0.45454545454545453
0.00522466039707419 0.45454545454545453
0.005219206680584551 0.45454545454545453
0.005213764337851929 0.45454545454545453
0.005202913631633715 0.45454545454545453
0.005192107995846314 0.45454545454545453
0.005186721991701245 0.45454545454545453
0.0051813471502590676 0.45454545454545453
0.005170630816959669 0.45454545454545453
0.005165289256198347 0.45454545454545453
0.005159958720330237 0.45454545454545453
0.005154639175257732 0.45454545454545453
0.005149330587023687 0.45454545454545453
0.0051387461459403904 0.45454545454545453
0.00513347022587269 0.45454545454545453
0.005128205128205128 0.45454545454545453
0.005122950819672131 0.45454545454545453
0.005112474437627812 0.45454545454545453
0.005107252298263534 0.45454545454545453
0.00510204081632653 0.45454545454545453
0.0050968399592252805 0.45454545454545453
0.00508646998982706 0.45454545454545453
0.00508130081300813 0.45454545454545453
0.005070993914807302 0.45454545454545453
0.005060728744939271 0.45454545454545453
0.005050505050505051 0.45454545454545453
0.005045408678102927 0.45454545454545453
0.005035246727089627 0.45454545454545453
0.005025125628140704 0.45454545454545453
0.0050200803212851405 0.45454545454545453
0.0050150451354062184 0.45454545454545453
0.005005005005005005 0.45454545454545453
0.005 0.45454545454545453
0.004995004995004995 0.45454545454545453
0.00499001996007984 0.45454545454545453
0.004985044865403789 0.45454545454545453
0.0049800796812749 0.45454545454545453
0.004975124378109453 0.45454545454545453
0.004970178926441352 0.45454545454545453
0.004965243296921549 0.45454545454545453
0.00496031746031746 0.45454545454545453
0.004955401387512388 0.45454545454545453
0.0049504950495049506 0.45454545454545453
0.004945598417408506 0.45454545454545453
0.004940711462450593 0.45454545454545453
0.004935834155972359 0.45454545454545453
0.004930966469428008 0.45454545454545453
0.0049261083743842365 0.45454545454545453
0.004921259842519685 0.45454545454545453
0.004916420845624385 0.45454545454545453
0.004911591355599214 0.45454545454545453
0.004906771344455349 0.45454545454545453
0.004897159647404506 0.45454545454545453
0.004892367906066536 0.45454545454545453
0.004887585532746823 0.45454545454545453
0.0048828125 0.45454545454545453
0.004873294346978557 0.45454545454545453
0.004868549172346641 0.45454545454545453
0.0048638132295719845 0.45454545454545453
0.004859086491739553 0.45454545454545453
0.0048543689320388345 0.45454545454545453
0.004849660523763337 0.45454545454545453
0.0048449612403100775 0.45454545454545453
0.00484027105517909 0.45454545454545453
0.004835589941972921 0.45454545454545453
0.004830917874396135 0.45454545454545453
0.004826254826254826 0.45454545454545453
0.0048216007714561235 0.45454545454545453
0.004816955684007707 0.45454545454545453
0.004812319538017324 0.45454545454545453
0.004807692307692308 0.45454545454545453
0.004803073967339097 0.45454545454545453
0.004793863854266539 0.45454545454545453
0.004789272030651341 0.45454545454545453
0.004784688995215311 0.45454545454545453
0.004780114722753346 0.45454545454545453
0.004770992366412214 0.45454545454545453
0.004761904761904762 0.45454545454545453
0.004757373929590866 0.45454545454545453
0.004752851711026616 0.45454545454545453
0.004748338081671415 0.45454545454545453
0.004739336492890996 0.45454545454545453
0.004734848484848485 0.45454545454545453
0.004730368968779565 0.45454545454545453
0.004721435316336166 0.45454545454545453
0.0047169811320754715 0.45454545454545453
0.00471253534401508 0.45454545454545453
0.004708097928436911 0.45454545454545453
0.004703668861712135 0.45454545454545453
0.004694835680751174 0.45454545454545453
0.004686035613870665 0.45454545454545453
0.0046816479400749065 0.45454545454545453
0.004672897196261682 0.45454545454545453
0.004668534080298786 0.45454545454545453
0.0046641791044776115 0.45454545454545453
0.004659832246039142 0.45454545454545453
0.004655493482309125 0.45454545454545453
0.004651162790697674 0.45454545454545453
0.004646840148698885 0.45454545454545453
0.00463821892393321 0.45454545454545453
0.004633920296570899 0.45454545454545453
0.004629629629629629 0.45454545454545453
0.004625346901017576 0.45454545454545453
0.0046210720887245845 0.45454545454545453
0.0046168051708217915 0.45454545454545453
0.004608294930875576 0.45454545454545453
0.004604051565377533 0.45454545454545453
0.004599816007359705 0.45454545454545453
0.004595588235294118 0.45454545454545453
0.004591368227731864 0.45454545454545453
0.00458295142071494 0.45454545454545453
0.004578754578754579 0.45454545454545453
0.004574565416285453 0.45454545454545453
0.004570383912248629 0.45454545454545453
0.0045662100456621 0.45454545454545453
0.004562043795620438 0.45454545454545453
0.004557885141294439 0.45454545454545453
0.004549590536851683 0.45454545454545453
0.004545454545454545 0.45454545454545453
0.004541326067211626 0.45454545454545453
0.004537205081669692 0.45454545454545453
0.004533091568449683 0.45454545454545453
0.004528985507246377 0.45454545454545453
0.004524886877828055 0.45454545454545453
0.0045207956600361665 0.45454545454545453
0.004516711833785004 0.45454545454545453
0.004512635379061372 0.45454545454545453
0.004508566275924256 0.45454545454545453
0.0045045045045045045 0.45454545454545453
0.004500450045004501 0.45454545454545453
0.004492362982929021 0.45454545454545453
0.004484304932735426 0.45454545454545453
0.004480286738351254 0.45454545454545453
0.004472271914132379 0.45454545454545453
0.004468275245755138 0.45454545454545453
0.004464285714285714 0.45454545454545453
0.0044603033006244425 0.45454545454545453
0.004456327985739751 0.45454545454545453
0.004452359750667854 0.45454545454545453
0.004448398576512456 0.45454545454545453
0.0044444444444444444 0.45454545454545453
0.004440497335701598 0.45454545454545453
0.0044365572315882874 0.45454545454545453
0.004432624113475178 0.45454545454545453
0.0044286979627989375 0.45454545454545453
0.004424778761061947 0.45454545454545453
0.004420866489832007 0.45454545454545453
0.00441696113074205 0.45454545454545453
0.00441306266548985 0.45454545454545453
0.004409171075837742 0.45454545454545453
0.004405286343612335 0.45454545454545453
0.0044014084507042256 0.45454545454545453
0.004393673110720563 0.45454545454545453
0.004389815627743635 0.45454545454545453
0.0043859649122807015 0.45454545454545453
0.0043821209465381246 0.45454545454545453
0.0043782837127845885 0.45454545454545453
0.004374453193350831 0.45454545454545453
0.004370629370629371 0.45454545454545453
0.004363001745200698 0.45454545454545453
0.004359197907585004 0.45454545454545453
0.004355400696864111 0.45454545454545453
0.004351610095735422 0.45454545454545453
0.004344048653344918 0.45454545454545453
0.004336513443191674 0.45454545454545453
0.004332755632582322 0.45454545454545453
0.004329004329004329 0.45454545454545453
0.00432152117545376 0.45454545454545453
0.004317789291882556 0.45454545454545453
0.004314063848144953 0.45454545454545453
0.004310344827586207 0.45454545454545453
0.004302925989672977 0.45454545454545453
0.004299226139294927 0.45454545454545453
0.00429553264604811 0.45454545454545453
0.004288164665523156 0.45454545454545453
0.004284490145672665 0.45454545454545453
0.004280821917808219 0.45454545454545453
0.004273504273504274 0.45454545454545453
0.004269854824935952 0.45454545454545453
0.004266211604095563 0.45454545454545453
0.004262574595055414 0.45454545454545453
0.004258943781942078 0.45454545454545453
0.00425531914893617 0.45454545454545453
0.004251700680272109 0.45454545454545453
0.004244482173174873 0.45454545454545453
0.004240882103477523 0.45454545454545453
0.00423728813559322 0.45454545454545453
0.004233700254022015 0.45454545454545453
0.004230118443316413 0.45454545454545453
0.00422654268808115 0.45454545454545453
0.004222972972972973 0.45454545454545453
0.004219409282700422 0.45454545454545453
0.0042158516020236085 0.45454545454545453
0.004212299915754001 0.45454545454545453
0.004208754208754209 0.45454545454545453
0.004205214465937763 0.45454545454545453
0.004201680672268907 0.45454545454545453
0.0041946308724832215 0.45454545454545453
0.004191114836546521 0.45454545454545453
0.0041841004184100415 0.45454545454545453
0.004180602006688963 0.45454545454545453
0.004177109440267335 0.45454545454545453
0.004170141784820684 0.45454545454545453
0.004166666666666667 0.45454545454545453
0.004159733777038269 0.45454545454545453
0.004156275976724855 0.45454545454545453
0.004149377593360996 0.45454545454545453
0.0041459369817578775 0.45454545454545453
0.004142502071251036 0.45454545454545453
0.0041390728476821195 0.45454545454545453
0.0041356492969396195 0.45454545454545453
0.004128819157720892 0.45454545454545453
0.004125412541254125 0.45454545454545453
0.004122011541632316 0.45454545454545453
0.004118616144975288 0.45454545454545453
0.00411522633744856 0.45454545454545453
0.004108463434675432 0.45454545454545453
0.004105090311986864 0.45454545454545453
0.004101722723543888 0.45454545454545453
0.004098360655737705 0.45454545454545453
0.004095004095004095 0.45454545454545453
0.004091653027823241 0.45454545454545453
0.004084967320261438 0.45454545454545453
0.004078303425774877 0.45454545454545453
0.004071661237785016 0.45454545454545453
0.0040683482506102524 0.45454545454545453
0.0040650406504065045 0.45454545454545453
0.004058441558441558 0.45454545454545453
0.0040551500405515 0.45454545454545453
0.004051863857374392 0.45454545454545453
0.004048582995951417 0.45454545454545453
0.0040453074433656954 0.45454545454545453
0.004042037186742118 0.45454545454545453
0.004038772213247173 0.45454545454545453
0.004035512510088781 0.45454545454545453
