1449.0 3427.0
1449.0 4994.0
3426.0 3427.0
3316.0 3427.0
3316.0 4994.0
4483.0 4994.0
3084.0 3427.0
3084.0 4994.0
157.0 3427.0
157.0 4994.0
11087.0 3427.0
11087.0 4994.0
3318.0 3427.0
3318.0 4994.0
4994.0 3427.0
13719.0 3427.0
13719.0 4994.0
3427.0 4994.0
105.0 3427.0
569.0 3427.0
569.0 4994.0
1449.0 105.0
1449.0 3316.0
1449.0 199.0
1449.0 3317.0
1449.0 3318.0
1449.0 3084.0
1449.0 569.0
199.0 3427.0
199.0 4994.0
1255.0 3427.0
3317.0 3427.0
3317.0 4994.0
169.0 3427.0
169.0 4994.0
5551.0 3427.0
5551.0 4994.0
11797.0 3427.0
11797.0 4994.0
3315.0 1449.0
3315.0 3318.0
3426.0 3432.0
3426.0 3433.0
3426.0 3098.0
3426.0 3453.0
3426.0 1449.0
3449.0 3427.0
3449.0 4994.0
216.0 3427.0
124.0 3427.0
2689.0 3427.0
2689.0 4994.0
2731.0 3098.0
2731.0 3453.0
2731.0 1449.0
2780.0 3427.0
4339.0 3098.0
4339.0 3453.0
4339.0 1449.0
8147.0 3427.0
2955.0 3427.0
5716.0 3427.0
5716.0 4994.0
483.0 4994.0
8274.0 3427.0
407.0 3427.0
3316.0 412.0
3316.0 569.0
3316.0 5716.0
3316.0 2554.0
3316.0 3084.0
2971.0 3427.0
2971.0 4994.0
10322.0 3427.0
10322.0 4994.0
9456.0 175.0
9456.0 740.0
9456.0 3098.0
9456.0 1803.0
9456.0 108.0
9456.0 3453.0
9456.0 105.0
9456.0 2554.0
9456.0 3458.0
9456.0 3316.0
9456.0 3433.0
9456.0 524.0
9456.0 2171.0
9456.0 2233.0
9456.0 199.0
9456.0 3317.0
9456.0 3318.0
9456.0 3084.0
9456.0 216.0
9456.0 3449.0
9456.0 1255.0
9456.0 1449.0
2171.0 3427.0
4483.0 740.0
4483.0 3098.0
4483.0 5516.0
4483.0 3318.0
4483.0 3453.0
4483.0 105.0
4483.0 3458.0
4483.0 3316.0
4483.0 2734.0
4483.0 2780.0
4483.0 2233.0
4483.0 199.0
4483.0 3317.0
4483.0 3084.0
4483.0 407.0
4483.0 216.0
4483.0 107.0
4483.0 1449.0
102.0 105.0
102.0 3433.0
102.0 199.0
102.0 569.0
102.0 740.0
102.0 3458.0
102.0 3316.0
102.0 2734.0
102.0 3318.0
102.0 5554.0
102.0 483.0
102.0 157.0
102.0 3453.0
102.0 2554.0
102.0 1255.0
102.0 107.0
102.0 2171.0
102.0 2233.0
102.0 97.0
102.0 1449.0
412.0 3427.0
412.0 4994.0
3084.0 199.0
3084.0 1659.0
3084.0 5716.0
3084.0 169.0
3084.0 3453.0
3084.0 105.0
3084.0 2554.0
3084.0 3316.0
3084.0 2233.0
3084.0 3317.0
3084.0 3318.0
3084.0 2734.0
3084.0 569.0
3084.0 1449.0
3478.0 3427.0
3478.0 4994.0
2970.0 3427.0
14367.0 1449.0
1185.0 3427.0
1185.0 4994.0
3069.0 3427.0
3069.0 4994.0
2931.0 3427.0
701.0 3427.0
157.0 3098.0
157.0 3433.0
157.0 5716.0
157.0 1803.0
157.0 108.0
157.0 3453.0
157.0 3458.0
157.0 3316.0
157.0 524.0
157.0 190.0
157.0 199.0
157.0 3317.0
157.0 3318.0
157.0 3084.0
157.0 3449.0
157.0 569.0
157.0 1449.0
4569.0 3427.0
11183.0 3427.0
2554.0 3427.0
2554.0 4994.0
13007.0 3453.0
13007.0 3098.0
13007.0 1449.0
13007.0 3318.0
271.0 3427.0
15402.0 3098.0
15402.0 3453.0
15402.0 1449.0
3300.0 3427.0
3300.0 4994.0
4588.0 3427.0
5646.0 175.0
5646.0 3433.0
5646.0 108.0
5646.0 3453.0
5646.0 3458.0
5646.0 3316.0
5646.0 524.0
5646.0 199.0
5646.0 3317.0
5646.0 3318.0
5646.0 1449.0
5646.0 3084.0
5646.0 3098.0
5646.0 216.0
5646.0 3449.0
11087.0 3084.0
11087.0 5716.0
11087.0 3458.0
11087.0 3316.0
11087.0 3098.0
11087.0 190.0
11087.0 3449.0
11087.0 569.0
11087.0 3453.0
11087.0 199.0
11087.0 3317.0
11087.0 1449.0
11087.0 3318.0
11087.0 3433.0
15065.0 3427.0
14833.0 3098.0
14833.0 3453.0
14833.0 1449.0
175.0 3427.0
175.0 4994.0
5516.0 3427.0
3318.0 175.0
3318.0 412.0
3318.0 199.0
3318.0 3098.0
3318.0 5716.0
3318.0 271.0
3318.0 105.0
3318.0 2554.0
3318.0 3433.0
3318.0 2171.0
3318.0 701.0
3318.0 2233.0
3318.0 3317.0
3318.0 169.0
3318.0 3084.0
3318.0 10322.0
3318.0 569.0
3318.0 3219.0
3318.0 107.0
5461.0 4994.0
984.0 3427.0
984.0 4994.0
192.0 3427.0
11937.0 4994.0
3436.0 3316.0
3436.0 2171.0
3436.0 3317.0
3436.0 3453.0
3436.0 199.0
3436.0 105.0
3436.0 3318.0
3436.0 1449.0
4994.0 5716.0
4994.0 3300.0
4994.0 9668.0
4994.0 984.0
4994.0 3302.0
4994.0 10322.0
4994.0 483.0
4994.0 3153.0
4994.0 190.0
4994.0 3283.0
4994.0 1803.0
4994.0 108.0
4994.0 2734.0
4994.0 3449.0
4994.0 569.0
4994.0 1659.0
4994.0 3525.0
4994.0 3219.0
4994.0 3980.0
4994.0 1116.0
4994.0 3453.0
4994.0 1173.0
4994.0 3478.0
4994.0 795.0
4994.0 1481.0
4994.0 5554.0
4994.0 11937.0
4994.0 5688.0
4994.0 1449.0
4994.0 5461.0
4639.0 3427.0
4639.0 4994.0
3302.0 4994.0
12139.0 3098.0
12139.0 3453.0
12139.0 1449.0
13719.0 3084.0
13719.0 5716.0
13719.0 3458.0
13719.0 3316.0
13719.0 3433.0
13719.0 3098.0
13719.0 3449.0
13719.0 569.0
13719.0 3453.0
13719.0 3317.0
13719.0 1449.0
13719.0 3318.0
3525.0 4994.0
3453.0 3427.0
3453.0 4994.0
12610.0 3098.0
12610.0 3453.0
12610.0 1449.0
11840.0 1449.0
2192.0 3427.0
3980.0 4994.0
1680.0 3427.0
3458.0 3427.0
524.0 4994.0
524.0 3427.0
9668.0 3427.0
9668.0 4994.0
6629.0 3427.0
8676.0 3098.0
8676.0 3453.0
8676.0 1449.0
3098.0 3427.0
8430.0 3098.0
8430.0 3453.0
8430.0 1449.0
97.0 3427.0
97.0 4994.0
3433.0 3427.0
11801.0 3427.0
11801.0 4994.0
3427.0 412.0
3427.0 2192.0
3427.0 3098.0
3427.0 6629.0
3427.0 1659.0
3427.0 2686.0
3427.0 5516.0
3427.0 6416.0
3427.0 2931.0
3427.0 1680.0
3427.0 8531.0
3427.0 5716.0
3427.0 2941.0
3427.0 2942.0
3427.0 795.0
3427.0 9668.0
3427.0 271.0
3427.0 1803.0
3427.0 108.0
3427.0 1781.0
3427.0 2955.0
3427.0 3453.0
3427.0 1173.0
3427.0 3478.0
3427.0 105.0
3427.0 3426.0
3427.0 124.0
3427.0 3458.0
3427.0 15065.0
3427.0 8274.0
3427.0 3433.0
3427.0 984.0
3427.0 11183.0
3427.0 2970.0
3427.0 2171.0
3427.0 3153.0
3427.0 11332.0
3427.0 2225.0
3427.0 3283.0
3427.0 701.0
3427.0 2734.0
3427.0 192.0
3427.0 2233.0
3427.0 13216.0
3427.0 3432.0
3427.0 4569.0
3427.0 3300.0
3427.0 10322.0
3427.0 8147.0
3427.0 1255.0
3427.0 3449.0
3427.0 569.0
3427.0 219.0
3427.0 3219.0
3427.0 5554.0
3427.0 4588.0
3427.0 1449.0
3283.0 3427.0
3283.0 4994.0
2734.0 3427.0
2734.0 4994.0
5688.0 4994.0
5182.0 3427.0
5182.0 4994.0
3432.0 3427.0
2686.0 3427.0
11516.0 4994.0
105.0 3453.0
105.0 271.0
105.0 15065.0
105.0 1173.0
105.0 2554.0
105.0 3458.0
105.0 3433.0
105.0 2970.0
105.0 2171.0
105.0 4483.0
105.0 701.0
105.0 1449.0
105.0 2233.0
105.0 3449.0
105.0 97.0
105.0 3098.0
105.0 5554.0
105.0 569.0
16778.0 3098.0
16778.0 3453.0
16778.0 1449.0
2032.0 3098.0
2032.0 3453.0
2032.0 3433.0
2032.0 3449.0
2032.0 1449.0
190.0 4994.0
13216.0 3427.0
6744.0 3098.0
6744.0 3453.0
6744.0 1449.0
3219.0 3427.0
3219.0 4994.0
2941.0 3427.0
740.0 3427.0
1659.0 3427.0
1659.0 4994.0
8531.0 3427.0
12870.0 3098.0
12870.0 3453.0
12870.0 1449.0
1803.0 3427.0
1803.0 4994.0
108.0 3427.0
108.0 4994.0
1781.0 3427.0
2942.0 3427.0
569.0 412.0
569.0 740.0
569.0 11801.0
569.0 1659.0
569.0 5716.0
569.0 483.0
569.0 3453.0
569.0 105.0
569.0 2554.0
569.0 2233.0
569.0 1255.0
569.0 216.0
569.0 271.0
569.0 219.0
569.0 1449.0
11332.0 3427.0
182.0 3427.0
182.0 4994.0
8673.0 3098.0
8673.0 3453.0
8673.0 1449.0
5554.0 4994.0
5554.0 3427.0
2225.0 3427.0
1116.0 4994.0
2233.0 3427.0
1449.0 3315.0
1449.0 176.0
1449.0 3436.0
1449.0 102.0
9196.0 3098.0
9196.0 3453.0
9196.0 1449.0
199.0 11516.0
199.0 157.0
199.0 740.0
199.0 3098.0
199.0 5516.0
199.0 5716.0
199.0 5564.0
199.0 1803.0
199.0 108.0
199.0 105.0
199.0 2554.0
199.0 182.0
199.0 3458.0
199.0 2171.0
199.0 11087.0
199.0 2233.0
199.0 11797.0
199.0 3318.0
199.0 169.0
199.0 3084.0
199.0 5551.0
199.0 97.0
199.0 216.0
199.0 1255.0
199.0 1449.0
1173.0 3427.0
1173.0 4994.0
795.0 3427.0
795.0 4994.0
1255.0 107.0
1255.0 175.0
1255.0 199.0
1255.0 3098.0
1255.0 5516.0
1255.0 3449.0
1255.0 1803.0
1255.0 108.0
1255.0 524.0
1255.0 1449.0
1255.0 3453.0
1255.0 1173.0
1255.0 105.0
1255.0 182.0
1255.0 3458.0
1255.0 3316.0
1255.0 3433.0
1255.0 2734.0
1255.0 2171.0
1255.0 2233.0
1255.0 3317.0
1255.0 3318.0
1255.0 3084.0
1255.0 10322.0
1255.0 2554.0
1255.0 216.0
1255.0 569.0
1255.0 219.0
3317.0 157.0
3317.0 740.0
3317.0 5516.0
3317.0 5716.0
3317.0 169.0
3317.0 3453.0
3317.0 105.0
3317.0 2554.0
3317.0 2171.0
3317.0 701.0
3317.0 2233.0
3317.0 3318.0
3317.0 3449.0
3317.0 569.0
3317.0 1449.0
5564.0 3427.0
5564.0 4994.0
169.0 3098.0
169.0 3433.0
169.0 5716.0
169.0 3453.0
169.0 190.0
169.0 2554.0
169.0 3458.0
169.0 3316.0
169.0 524.0
169.0 199.0
169.0 3318.0
169.0 5551.0
169.0 3084.0
169.0 3449.0
169.0 569.0
169.0 1449.0
107.0 3427.0
107.0 4994.0
1481.0 4994.0
4990.0 3427.0
4990.0 4994.0
3153.0 3427.0
3153.0 4994.0
6416.0 3427.0
176.0 524.0
176.0 1255.0
176.0 2171.0
176.0 4483.0
176.0 3084.0
176.0 216.0
176.0 108.0
176.0 569.0
176.0 3317.0
176.0 1449.0
176.0 169.0
176.0 5551.0
219.0 3427.0
5551.0 3084.0
5551.0 5716.0
5551.0 3458.0
5551.0 3316.0
5551.0 169.0
5551.0 3433.0
5551.0 190.0
5551.0 3098.0
5551.0 3449.0
5551.0 569.0
5551.0 3317.0
5551.0 3453.0
5551.0 199.0
5551.0 3318.0
5551.0 1449.0
11797.0 3084.0
11797.0 5716.0
11797.0 3458.0
11797.0 3316.0
11797.0 524.0
11797.0 3098.0
11797.0 3449.0
11797.0 569.0
11797.0 3453.0
11797.0 199.0
11797.0 3317.0
11797.0 1449.0
11797.0 3318.0
11797.0 3433.0
9456.0 107.0
4483.0 3427.0
3436.0 3427.0
3893.0 3427.0
569.0 3893.0
11087.0 524.0
7939.0 3427.0
3427.0 3893.0
3427.0 7939.0
15075.0 4994.0
2032.0 2171.0
3426.0 3084.0
3426.0 3449.0
3426.0 3317.0
3426.0 3458.0
3426.0 3318.0
2731.0 3458.0
2731.0 3449.0
2731.0 3433.0
4339.0 3458.0
4339.0 3433.0
4339.0 3449.0
12248.0 3458.0
102.0 3105.0
14367.0 3084.0
14367.0 3458.0
14367.0 3098.0
14367.0 3449.0
14367.0 3453.0
14367.0 3317.0
14367.0 3318.0
14367.0 3433.0
15075.0 3453.0
13007.0 3084.0
13007.0 3458.0
13007.0 3449.0
13007.0 3317.0
13007.0 3433.0
15402.0 3084.0
15402.0 3458.0
15402.0 3449.0
15402.0 3317.0
15402.0 3318.0
15402.0 3433.0
5646.0 105.0
5646.0 2233.0
14833.0 3084.0
14833.0 3458.0
14833.0 3449.0
14833.0 3317.0
14833.0 3318.0
14833.0 3433.0
12139.0 3458.0
12139.0 3433.0
12139.0 3449.0
7909.0 3453.0
12610.0 3458.0
12610.0 3449.0
12610.0 3433.0
11840.0 3458.0
11840.0 3098.0
11840.0 3449.0
11840.0 3453.0
11840.0 3433.0
3105.0 3427.0
3105.0 4994.0
8676.0 3084.0
8676.0 3458.0
8676.0 3433.0
8676.0 3449.0
8676.0 3317.0
8676.0 3318.0
8430.0 3458.0
8430.0 3433.0
8430.0 3449.0
16778.0 3084.0
16778.0 3458.0
16778.0 3433.0
16778.0 3449.0
16778.0 3317.0
16778.0 3318.0
2032.0 3458.0
2032.0 3317.0
2032.0 3318.0
2032.0 3084.0
6744.0 3458.0
6744.0 3433.0
6744.0 3449.0
12870.0 3458.0
12870.0 3433.0
12870.0 3449.0
8673.0 3458.0
8673.0 3449.0
8673.0 3433.0
9196.0 3458.0
9196.0 3449.0
9196.0 3433.0
199.0 3105.0
199.0 569.0
17071.0 3458.0
3102.0 3427.0
3102.0 4994.0
1255.0 3102.0
11718.0 3458.0
4483.0 3433.0
4483.0 3449.0
3315.0 3084.0
3315.0 3316.0
3315.0 3317.0
3316.0 105.0
3316.0 2233.0
94.0 97.0
103.0 105.0
103.0 97.0
103.0 107.0
103.0 108.0
149.0 157.0
149.0 169.0
149.0 175.0
149.0 182.0
149.0 190.0
149.0 199.0
149.0 219.0
149.0 107.0
442.0 483.0
442.0 569.0
442.0 107.0
1253.0 1255.0
3083.0 3084.0
3083.0 182.0
3083.0 2171.0
3083.0 1803.0
3083.0 199.0
3083.0 3098.0
3083.0 105.0
3083.0 2233.0
3083.0 2554.0
3426.0 3430.0
3426.0 3436.0
3426.0 3437.0
3426.0 3438.0
3426.0 3439.0
3426.0 3441.0
3426.0 3442.0
3426.0 3091.0
3426.0 3130.0
3426.0 3444.0
3426.0 3447.0
3426.0 3448.0
3426.0 3451.0
3426.0 3452.0
3426.0 3454.0
3426.0 3455.0
3426.0 3456.0
3426.0 3459.0
3426.0 3460.0
3426.0 3461.0
3426.0 3463.0
3426.0 3464.0
3426.0 3466.0
3426.0 3468.0
4323.0 175.0
4323.0 524.0
4323.0 199.0
3106.0 2171.0
3106.0 407.0
3106.0 108.0
3106.0 2780.0
3106.0 107.0
3106.0 2554.0
4595.0 108.0
4595.0 107.0
4672.0 97.0
4672.0 108.0
3006.0 795.0
3006.0 2971.0
3449.0 3084.0
3449.0 3316.0
3449.0 4990.0
3449.0 412.0
3449.0 108.0
3449.0 105.0
3449.0 3317.0
3449.0 3318.0
64.0 3316.0
64.0 4483.0
5504.0 3317.0
5504.0 3433.0
5504.0 157.0
5504.0 2171.0
5504.0 2233.0
5504.0 199.0
5504.0 105.0
5504.0 5516.0
5504.0 3318.0
216.0 2233.0
216.0 740.0
216.0 483.0
216.0 271.0
216.0 569.0
216.0 105.0
216.0 3458.0
216.0 3453.0
216.0 4483.0
216.0 2734.0
216.0 199.0
216.0 169.0
216.0 2780.0
216.0 1255.0
216.0 5554.0
216.0 3219.0
2483.0 3084.0
3467.0 3084.0
3467.0 5716.0
3467.0 795.0
3467.0 3317.0
3467.0 3318.0
3467.0 3316.0
3467.0 2689.0
124.0 2971.0
124.0 107.0
124.0 1185.0
124.0 271.0
688.0 4483.0
3945.0 524.0
3945.0 105.0
7159.0 3316.0
7180.0 107.0
7180.0 105.0
7180.0 97.0
7180.0 108.0
4119.0 97.0
4119.0 271.0
4119.0 107.0
7364.0 1173.0
7364.0 1255.0
7364.0 407.0
7364.0 216.0
7364.0 3449.0
4170.0 105.0
4170.0 97.0
4170.0 107.0
2117.0 2233.0
2117.0 1481.0
2117.0 524.0
2117.0 4483.0
2117.0 2734.0
2117.0 3317.0
2117.0 107.0
317.0 483.0
317.0 271.0
317.0 3449.0
317.0 3084.0
317.0 107.0
317.0 524.0
2689.0 5716.0
2689.0 569.0
3090.0 3098.0
3090.0 2171.0
3090.0 216.0
3090.0 199.0
3455.0 3316.0
3455.0 3084.0
3455.0 3317.0
3455.0 3318.0
2731.0 3430.0
2731.0 3452.0
2731.0 3468.0
2731.0 3437.0
2731.0 3438.0
2731.0 3439.0
2731.0 3436.0
2731.0 3456.0
2731.0 3441.0
2731.0 3091.0
2731.0 3130.0
2731.0 3444.0
2731.0 4339.0
2731.0 3447.0
2731.0 3448.0
2731.0 3442.0
2731.0 3451.0
2731.0 3454.0
2731.0 3455.0
2731.0 3460.0
2731.0 3459.0
2731.0 3461.0
2731.0 3463.0
2731.0 3464.0
2731.0 8430.0
2731.0 3466.0
2780.0 2941.0
2780.0 2942.0
2780.0 190.0
2780.0 407.0
2780.0 569.0
2780.0 124.0
2780.0 524.0
2780.0 2970.0
2780.0 2971.0
2780.0 107.0
2780.0 5461.0
2780.0 5716.0
2780.0 795.0
2780.0 3453.0
2780.0 216.0
2780.0 271.0
2780.0 1803.0
2780.0 2171.0
2780.0 1116.0
2854.0 3316.0
741.0 740.0
3991.0 795.0
3991.0 97.0
3991.0 108.0
3991.0 107.0
3991.0 105.0
3928.0 169.0
3928.0 271.0
1687.0 569.0
1687.0 2971.0
4456.0 2554.0
4456.0 524.0
4456.0 2171.0
8546.0 105.0
9543.0 97.0
9543.0 107.0
2328.0 524.0
2328.0 3432.0
9659.0 97.0
1210.0 271.0
1210.0 3318.0
1282.0 569.0
4339.0 2328.0
4339.0 3430.0
4339.0 3452.0
4339.0 3436.0
4339.0 3437.0
4339.0 3438.0
4339.0 3439.0
4339.0 3442.0
4339.0 3456.0
4339.0 3091.0
4339.0 2731.0
4339.0 3130.0
4339.0 3444.0
4339.0 3447.0
4339.0 3448.0
4339.0 3451.0
4339.0 3461.0
4339.0 3454.0
4339.0 3455.0
4339.0 3441.0
4339.0 3459.0
4339.0 3460.0
4339.0 3464.0
4339.0 3463.0
4339.0 3466.0
4339.0 3468.0
3447.0 3317.0
3447.0 3084.0
3447.0 3318.0
3447.0 3316.0
5541.0 4483.0
456.0 740.0
456.0 3069.0
456.0 5716.0
456.0 169.0
456.0 1803.0
456.0 108.0
456.0 1173.0
456.0 105.0
456.0 2171.0
456.0 4483.0
456.0 2233.0
456.0 5551.0
456.0 2554.0
456.0 1255.0
456.0 216.0
456.0 569.0
3451.0 3317.0
3451.0 3084.0
3451.0 3318.0
3451.0 3316.0
4865.0 105.0
4865.0 4483.0
2703.0 569.0
2703.0 3318.0
5529.0 2734.0
5529.0 105.0
5529.0 2233.0
1182.0 3084.0
1182.0 5564.0
1182.0 107.0
3463.0 3317.0
3463.0 3318.0
3463.0 3084.0
3463.0 3316.0
10775.0 105.0
10775.0 107.0
10775.0 108.0
10921.0 2734.0
10921.0 1255.0
10921.0 219.0
10921.0 524.0
10921.0 740.0
2669.0 412.0
2669.0 108.0
2669.0 97.0
231.0 2233.0
231.0 5516.0
231.0 5564.0
231.0 105.0
231.0 11087.0
231.0 192.0
231.0 569.0
2955.0 795.0
2955.0 2971.0
3428.0 182.0
3428.0 2971.0
3428.0 97.0
3428.0 107.0
1166.0 157.0
1166.0 1255.0
1166.0 2171.0
1166.0 10322.0
1166.0 105.0
187.0 3458.0
187.0 524.0
187.0 569.0
187.0 2233.0
187.0 105.0
8513.0 3426.0
8513.0 2780.0
7914.0 3318.0
200.0 105.0
866.0 108.0
866.0 97.0
11469.0 97.0
11469.0 108.0
5984.0 5716.0
5984.0 795.0
5984.0 569.0
10760.0 105.0
10760.0 107.0
6451.0 3084.0
6451.0 412.0
10154.0 3084.0
784.0 271.0
784.0 701.0
4365.0 524.0
4365.0 1255.0
1863.0 524.0
1863.0 1255.0
5716.0 1659.0
5716.0 1781.0
5716.0 2970.0
5716.0 3453.0
5716.0 701.0
5716.0 2942.0
5716.0 569.0
5716.0 219.0
7965.0 1659.0
7965.0 2780.0
7965.0 1116.0
7965.0 107.0
7965.0 11801.0
4204.0 3316.0
483.0 216.0
483.0 5461.0
483.0 569.0
483.0 984.0
483.0 524.0
483.0 795.0
31.0 3478.0
31.0 124.0
31.0 524.0
31.0 2233.0
31.0 1255.0
31.0 97.0
5596.0 108.0
6430.0 524.0
6430.0 3478.0
6430.0 3317.0
6430.0 4639.0
6430.0 107.0
3132.0 2942.0
3132.0 483.0
3132.0 271.0
3132.0 2970.0
947.0 2554.0
947.0 524.0
947.0 2171.0
2211.0 2554.0
2211.0 524.0
2211.0 2171.0
865.0 3316.0
865.0 3318.0
8317.0 97.0
8317.0 5554.0
885.0 271.0
885.0 569.0
885.0 740.0
885.0 2971.0
885.0 5716.0
885.0 483.0
885.0 984.0
885.0 701.0
2430.0 175.0
2430.0 524.0
2430.0 199.0
2430.0 1255.0
698.0 569.0
698.0 3316.0
3806.0 107.0
1163.0 569.0
1163.0 2171.0
1163.0 2233.0
1163.0 1255.0
1163.0 105.0
618.0 105.0
618.0 2171.0
618.0 524.0
2676.0 97.0
5513.0 524.0
5513.0 108.0
5513.0 569.0
1469.0 9668.0
1469.0 569.0
1469.0 3283.0
12397.0 1255.0
12397.0 2171.0
12397.0 3318.0
12397.0 219.0
12397.0 199.0
8716.0 105.0
1094.0 701.0
1094.0 569.0
1094.0 271.0
1094.0 1116.0
1094.0 795.0
1094.0 483.0
1094.0 2971.0
1094.0 5461.0
1094.0 3478.0
1094.0 1185.0
1094.0 3069.0
68.0 182.0
68.0 8147.0
68.0 3316.0
6683.0 199.0
6683.0 190.0
6683.0 192.0
6683.0 219.0
6683.0 1173.0
1176.0 2233.0
1176.0 105.0
3612.0 105.0
4993.0 2734.0
4993.0 524.0
4993.0 1255.0
12825.0 412.0
12825.0 4483.0
173.0 157.0
173.0 3318.0
173.0 105.0
173.0 2554.0
173.0 2171.0
173.0 11797.0
173.0 569.0
11080.0 11087.0
9349.0 2171.0
9349.0 2233.0
9349.0 105.0
9349.0 2554.0
7884.0 701.0
