0.0 0.0
0.5 0.037037037037037035
0.3333333333333333 0.037037037037037035
0.25 0.037037037037037035
0.2 0.037037037037037035
0.16666666666666666 0.037037037037037035
0.14285714285714285 0.037037037037037035
0.125 0.037037037037037035
0.1111111111111111 0.037037037037037035
0.1 0.037037037037037035
0.09090909090909091 0.037037037037037035
0.16666666666666666 0.07407407407407407
0.15384615384615385 0.07407407407407407
0.14285714285714285 0.07407407407407407
0.2 0.1111111111111111
0.25 0.14814814814814814
0.23529411764705882 0.14814814814814814
0.2222222222222222 0.14814814814814814
0.21052631578947367 0.14814814814814814
0.2 0.14814814814814814
0.19047619047619047 0.14814814814814814
0.18181818181818182 0.14814814814814814
0.17391304347826086 0.14814814814814814
0.16666666666666666 0.14814814814814814
0.2 0.18518518518518517
0.19230769230769232 0.18518518518518517
0.18518518518518517 0.18518518518518517
0.17857142857142858 0.18518518518518517
0.20689655172413793 0.2222222222222222
0.23333333333333334 0.25925925925925924
0.22580645161290322 0.25925925925925924
0.25 0.2962962962962963
0.2727272727272727 0.3333333333333333
0.29411764705882354 0.37037037037037035
0.3142857142857143 0.4074074074074074
0.3055555555555556 0.4074074074074074
0.2972972972972973 0.4074074074074074
0.2894736842105263 0.4074074074074074
0.28205128205128205 0.4074074074074074
0.275 0.4074074074074074
0.2682926829268293 0.4074074074074074
0.2619047619047619 0.4074074074074074
0.2558139534883721 0.4074074074074074
0.25 0.4074074074074074
0.24444444444444444 0.4074074074074074
0.2391304347826087 0.4074074074074074
0.23404255319148937 0.4074074074074074
0.22916666666666666 0.4074074074074074
0.22448979591836735 0.4074074074074074
0.22 0.4074074074074074
0.21568627450980393 0.4074074074074074
0.21153846153846154 0.4074074074074074
0.20754716981132076 0.4074074074074074
0.2037037037037037 0.4074074074074074
0.2 0.4074074074074074
0.19642857142857142 0.4074074074074074
0.19298245614035087 0.4074074074074074
0.1896551724137931 0.4074074074074074
0.1864406779661017 0.4074074074074074
0.18333333333333332 0.4074074074074074
0.18032786885245902 0.4074074074074074
0.1774193548387097 0.4074074074074074
0.1746031746031746 0.4074074074074074
0.171875 0.4074074074074074
0.16923076923076924 0.4074074074074074
0.16666666666666666 0.4074074074074074
0.16417910447761194 0.4074074074074074
0.16176470588235295 0.4074074074074074
0.15942028985507245 0.4074074074074074
0.15714285714285714 0.4074074074074074
0.15492957746478872 0.4074074074074074
0.1527777777777778 0.4074074074074074
0.1506849315068493 0.4074074074074074
0.14864864864864866 0.4074074074074074
0.14666666666666667 0.4074074074074074
0.14473684210526316 0.4074074074074074
0.14285714285714285 0.4074074074074074
0.14102564102564102 0.4074074074074074
0.13924050632911392 0.4074074074074074
0.1375 0.4074074074074074
0.13580246913580246 0.4074074074074074
0.13414634146341464 0.4074074074074074
0.13253012048192772 0.4074074074074074
0.13095238095238096 0.4074074074074074
0.12941176470588237 0.4074074074074074
0.12790697674418605 0.4074074074074074
0.12643678160919541 0.4074074074074074
0.125 0.4074074074074074
0.12359550561797752 0.4074074074074074
0.12222222222222222 0.4074074074074074
0.12087912087912088 0.4074074074074074
0.11956521739130435 0.4074074074074074
0.11827956989247312 0.4074074074074074
0.11702127659574468 0.4074074074074074
0.11578947368421053 0.4074074074074074
0.11458333333333333 0.4074074074074074
0.1134020618556701 0.4074074074074074
0.11224489795918367 0.4074074074074074
0.1111111111111111 0.4074074074074074
0.11 0.4074074074074074
0.10891089108910891 0.4074074074074074
0.10784313725490197 0.4074074074074074
0.10679611650485436 0.4074074074074074
0.10576923076923077 0.4074074074074074
0.10476190476190476 0.4074074074074074
0.10377358490566038 0.4074074074074074
0.102803738317757 0.4074074074074074
0.10185185185185185 0.4074074074074074
0.10091743119266056 0.4074074074074074
0.1 0.4074074074074074
0.0990990990990991 0.4074074074074074
0.09821428571428571 0.4074074074074074
0.09734513274336283 0.4074074074074074
0.09649122807017543 0.4074074074074074
0.09565217391304348 0.4074074074074074
0.09482758620689655 0.4074074074074074
0.09401709401709402 0.4074074074074074
0.09322033898305085 0.4074074074074074
0.09243697478991597 0.4074074074074074
0.09166666666666666 0.4074074074074074
0.09090909090909091 0.4074074074074074
0.09016393442622951 0.4074074074074074
0.08943089430894309 0.4074074074074074
0.08870967741935484 0.4074074074074074
0.088 0.4074074074074074
0.0873015873015873 0.4074074074074074
0.08661417322834646 0.4074074074074074
0.0859375 0.4074074074074074
0.08527131782945736 0.4074074074074074
0.08461538461538462 0.4074074074074074
0.08396946564885496 0.4074074074074074
0.08333333333333333 0.4074074074074074
0.08270676691729323 0.4074074074074074
0.08208955223880597 0.4074074074074074
0.08148148148148149 0.4074074074074074
0.08088235294117647 0.4074074074074074
0.08029197080291971 0.4074074074074074
0.07971014492753623 0.4074074074074074
0.07913669064748201 0.4074074074074074
0.07857142857142857 0.4074074074074074
0.07801418439716312 0.4074074074074074
0.07746478873239436 0.4074074074074074
0.07692307692307693 0.4074074074074074
0.0763888888888889 0.4074074074074074
0.07586206896551724 0.4074074074074074
0.07534246575342465 0.4074074074074074
0.07482993197278912 0.4074074074074074
0.07432432432432433 0.4074074074074074
0.0738255033557047 0.4074074074074074
0.07333333333333333 0.4074074074074074
0.0728476821192053 0.4074074074074074
0.07236842105263158 0.4074074074074074
0.0718954248366013 0.4074074074074074
0.07142857142857142 0.4074074074074074
0.07096774193548387 0.4074074074074074
0.07051282051282051 0.4074074074074074
0.07006369426751592 0.4074074074074074
0.06962025316455696 0.4074074074074074
0.06918238993710692 0.4074074074074074
0.06875 0.4074074074074074
0.06832298136645963 0.4074074074074074
0.06790123456790123 0.4074074074074074
0.06748466257668712 0.4074074074074074
0.06707317073170732 0.4074074074074074
0.06666666666666667 0.4074074074074074
0.06626506024096386 0.4074074074074074
0.0658682634730539 0.4074074074074074
0.06547619047619048 0.4074074074074074
0.0650887573964497 0.4074074074074074
0.06470588235294118 0.4074074074074074
0.06432748538011696 0.4074074074074074
0.06395348837209303 0.4074074074074074
0.06358381502890173 0.4074074074074074
0.06321839080459771 0.4074074074074074
0.06285714285714286 0.4074074074074074
0.0625 0.4074074074074074
0.062146892655367235 0.4074074074074074
0.06179775280898876 0.4074074074074074
0.061452513966480445 0.4074074074074074
0.06111111111111111 0.4074074074074074
0.06077348066298342 0.4074074074074074
0.06043956043956044 0.4074074074074074
0.060109289617486336 0.4074074074074074
0.059782608695652176 0.4074074074074074
0.05945945945945946 0.4074074074074074
0.05913978494623656 0.4074074074074074
0.058823529411764705 0.4074074074074074
0.05851063829787234 0.4074074074074074
0.0582010582010582 0.4074074074074074
0.05789473684210526 0.4074074074074074
0.05759162303664921 0.4074074074074074
0.057291666666666664 0.4074074074074074
0.05699481865284974 0.4074074074074074
0.05670103092783505 0.4074074074074074
0.05641025641025641 0.4074074074074074
0.05612244897959184 0.4074074074074074
0.05583756345177665 0.4074074074074074
0.05555555555555555 0.4074074074074074
0.05527638190954774 0.4074074074074074
0.055 0.4074074074074074
0.05472636815920398 0.4074074074074074
0.054455445544554455 0.4074074074074074
0.054187192118226604 0.4074074074074074
0.05392156862745098 0.4074074074074074
0.05365853658536585 0.4074074074074074
0.05339805825242718 0.4074074074074074
0.05314009661835749 0.4074074074074074
0.052884615384615384 0.4074074074074074
0.05263157894736842 0.4074074074074074
0.05238095238095238 0.4074074074074074
0.052132701421800945 0.4074074074074074
0.05188679245283019 0.4074074074074074
0.051643192488262914 0.4074074074074074
0.0514018691588785 0.4074074074074074
0.05116279069767442 0.4074074074074074
0.05092592592592592 0.4074074074074074
0.05069124423963134 0.4074074074074074
0.05045871559633028 0.4074074074074074
0.0502283105022831 0.4074074074074074
0.05 0.4074074074074074
0.049773755656108594 0.4074074074074074
0.04954954954954955 0.4074074074074074
0.04932735426008968 0.4074074074074074
0.049107142857142856 0.4074074074074074
0.04888888888888889 0.4074074074074074
0.048672566371681415 0.4074074074074074
0.048458149779735685 0.4074074074074074
0.04824561403508772 0.4074074074074074
0.048034934497816595 0.4074074074074074
0.04782608695652174 0.4074074074074074
0.047619047619047616 0.4074074074074074
0.04741379310344827 0.4074074074074074
0.04721030042918455 0.4074074074074074
0.04700854700854701 0.4074074074074074
0.04680851063829787 0.4074074074074074
0.046610169491525424 0.4074074074074074
0.046413502109704644 0.4074074074074074
0.046218487394957986 0.4074074074074074
0.04602510460251046 0.4074074074074074
0.04583333333333333 0.4074074074074074
0.04564315352697095 0.4074074074074074
0.045454545454545456 0.4074074074074074
0.04526748971193416 0.4074074074074074
0.045081967213114756 0.4074074074074074
0.044897959183673466 0.4074074074074074
0.044715447154471545 0.4074074074074074
0.044534412955465584 0.4074074074074074
0.04435483870967742 0.4074074074074074
0.04417670682730924 0.4074074074074074
0.044 0.4074074074074074
0.043824701195219126 0.4074074074074074
0.04365079365079365 0.4074074074074074
0.043478260869565216 0.4074074074074074
0.04330708661417323 0.4074074074074074
0.043137254901960784 0.4074074074074074
0.04296875 0.4074074074074074
0.042801556420233464 0.4074074074074074
0.04263565891472868 0.4074074074074074
0.04247104247104247 0.4074074074074074
0.04230769230769231 0.4074074074074074
0.0421455938697318 0.4074074074074074
0.04198473282442748 0.4074074074074074
0.04182509505703422 0.4074074074074074
0.041666666666666664 0.4074074074074074
0.04150943396226415 0.4074074074074074
0.041353383458646614 0.4074074074074074
0.04119850187265917 0.4074074074074074
0.041044776119402986 0.4074074074074074
0.040892193308550186 0.4074074074074074
0.040740740740740744 0.4074074074074074
0.04059040590405904 0.4074074074074074
0.04044117647058824 0.4074074074074074
0.040293040293040296 0.4074074074074074
0.040145985401459854 0.4074074074074074
0.04 0.4074074074074074
0.03985507246376811 0.4074074074074074
0.039711191335740074 0.4074074074074074
0.039568345323741004 0.4074074074074074
0.03942652329749104 0.4074074074074074
0.039285714285714285 0.4074074074074074
0.03914590747330961 0.4074074074074074
0.03900709219858156 0.4074074074074074
0.038869257950530034 0.4074074074074074
0.03873239436619718 0.4074074074074074
0.03859649122807018 0.4074074074074074
0.038461538461538464 0.4074074074074074
0.03832752613240418 0.4074074074074074
0.03819444444444445 0.4074074074074074
0.03806228373702422 0.4074074074074074
0.03793103448275862 0.4074074074074074
0.037800687285223365 0.4074074074074074
0.03767123287671233 0.4074074074074074
0.03754266211604096 0.4074074074074074
0.03741496598639456 0.4074074074074074
0.03728813559322034 0.4074074074074074
0.037162162162162164 0.4074074074074074
0.037037037037037035 0.4074074074074074
0.03691275167785235 0.4074074074074074
0.03678929765886288 0.4074074074074074
0.03666666666666667 0.4074074074074074
0.036544850498338874 0.4074074074074074
0.03642384105960265 0.4074074074074074
0.036303630363036306 0.4074074074074074
0.03618421052631579 0.4074074074074074
0.036065573770491806 0.4074074074074074
0.03594771241830065 0.4074074074074074
0.035830618892508145 0.4074074074074074
0.03571428571428571 0.4074074074074074
0.03559870550161812 0.4074074074074074
0.035483870967741936 0.4074074074074074
0.03536977491961415 0.4074074074074074
0.035256410256410256 0.4074074074074074
0.03514376996805112 0.4074074074074074
0.03503184713375796 0.4074074074074074
0.03492063492063492 0.4074074074074074
0.0379746835443038 0.4444444444444444
0.03785488958990536 0.4444444444444444
0.03773584905660377 0.4444444444444444
0.03761755485893417 0.4444444444444444
0.0375 0.4444444444444444
0.037383177570093455 0.4444444444444444
0.037267080745341616 0.4444444444444444
0.03715170278637771 0.4444444444444444
0.037037037037037035 0.4444444444444444
0.036923076923076927 0.4444444444444444
0.03680981595092025 0.4444444444444444
0.03669724770642202 0.4444444444444444
0.036585365853658534 0.4444444444444444
0.0364741641337386 0.4444444444444444
0.03636363636363636 0.4444444444444444
0.03625377643504532 0.4444444444444444
0.03614457831325301 0.4444444444444444
0.036036036036036036 0.4444444444444444
0.03592814371257485 0.4444444444444444
0.03582089552238806 0.4444444444444444
0.03571428571428571 0.4444444444444444
0.03560830860534125 0.4444444444444444
0.03550295857988166 0.4444444444444444
0.035398230088495575 0.4444444444444444
0.03529411764705882 0.4444444444444444
0.03519061583577713 0.4444444444444444
0.03508771929824561 0.4444444444444444
0.03498542274052478 0.4444444444444444
0.03488372093023256 0.4444444444444444
0.034782608695652174 0.4444444444444444
0.03468208092485549 0.4444444444444444
0.0345821325648415 0.4444444444444444
0.034482758620689655 0.4444444444444444
0.034383954154727794 0.4444444444444444
0.03428571428571429 0.4444444444444444
0.03418803418803419 0.4444444444444444
0.03409090909090909 0.4444444444444444
0.0339943342776204 0.4444444444444444
0.03389830508474576 0.4444444444444444
0.03380281690140845 0.4444444444444444
0.033707865168539325 0.4444444444444444
0.03361344537815126 0.4444444444444444
0.0335195530726257 0.4444444444444444
0.033426183844011144 0.4444444444444444
0.03333333333333333 0.4444444444444444
0.0332409972299169 0.4444444444444444
0.03314917127071823 0.4444444444444444
0.03305785123966942 0.4444444444444444
0.03296703296703297 0.4444444444444444
0.03287671232876712 0.4444444444444444
0.03278688524590164 0.4444444444444444
0.0326975476839237 0.4444444444444444
0.03260869565217391 0.4444444444444444
0.032520325203252036 0.4444444444444444
0.032432432432432434 0.4444444444444444
0.03234501347708895 0.4444444444444444
0.03225806451612903 0.4444444444444444
0.032171581769437 0.4444444444444444
0.03208556149732621 0.4444444444444444
0.032 0.4444444444444444
0.031914893617021274 0.4444444444444444
0.03183023872679045 0.4444444444444444
0.031746031746031744 0.4444444444444444
0.0316622691292876 0.4444444444444444
0.031578947368421054 0.4444444444444444
0.031496062992125984 0.4444444444444444
0.031413612565445025 0.4444444444444444
0.031331592689295036 0.4444444444444444
0.03125 0.4444444444444444
0.03116883116883117 0.4444444444444444
0.031088082901554404 0.4444444444444444
0.031007751937984496 0.4444444444444444
0.030927835051546393 0.4444444444444444
0.030848329048843187 0.4444444444444444
0.03076923076923077 0.4444444444444444
0.030690537084398978 0.4444444444444444
0.030612244897959183 0.4444444444444444
0.030534351145038167 0.4444444444444444
0.030456852791878174 0.4444444444444444
0.030379746835443037 0.4444444444444444
0.030303030303030304 0.4444444444444444
0.030226700251889168 0.4444444444444444
0.03015075376884422 0.4444444444444444
0.03007518796992481 0.4444444444444444
0.03 0.4444444444444444
0.029925187032418952 0.4444444444444444
0.029850746268656716 0.4444444444444444
0.02977667493796526 0.4444444444444444
0.0297029702970297 0.4444444444444444
0.02962962962962963 0.4444444444444444
0.029556650246305417 0.4444444444444444
0.029484029484029485 0.4444444444444444
0.029411764705882353 0.4444444444444444
0.029339853300733496 0.4444444444444444
0.02926829268292683 0.4444444444444444
0.029197080291970802 0.4444444444444444
0.02912621359223301 0.4444444444444444
0.029055690072639227 0.4444444444444444
0.028985507246376812 0.4444444444444444
0.02891566265060241 0.4444444444444444
0.028846153846153848 0.4444444444444444
0.02877697841726619 0.4444444444444444
0.028708133971291867 0.4444444444444444
0.028639618138424822 0.4444444444444444
0.02857142857142857 0.4444444444444444
0.028503562945368172 0.4444444444444444
0.02843601895734597 0.4444444444444444
0.028368794326241134 0.4444444444444444
0.02830188679245283 0.4444444444444444
0.02823529411764706 0.4444444444444444
0.028169014084507043 0.4444444444444444
0.02810304449648712 0.4444444444444444
0.028037383177570093 0.4444444444444444
0.027972027972027972 0.4444444444444444
0.027906976744186046 0.4444444444444444
0.027842227378190254 0.4444444444444444
0.027777777777777776 0.4444444444444444
0.02771362586605081 0.4444444444444444
0.027649769585253458 0.4444444444444444
0.027586206896551724 0.4444444444444444
0.027522935779816515 0.4444444444444444
0.02745995423340961 0.4444444444444444
0.0273972602739726 0.4444444444444444
0.02733485193621868 0.4444444444444444
0.02727272727272727 0.4444444444444444
0.027210884353741496 0.4444444444444444
0.027149321266968326 0.4444444444444444
0.02708803611738149 0.4444444444444444
0.02702702702702703 0.4444444444444444
0.02696629213483146 0.4444444444444444
0.026905829596412557 0.4444444444444444
0.026845637583892617 0.4444444444444444
0.026785714285714284 0.4444444444444444
0.026726057906458798 0.4444444444444444
0.02666666666666667 0.4444444444444444
0.026607538802660754 0.4444444444444444
0.02654867256637168 0.4444444444444444
0.026490066225165563 0.4444444444444444
0.02643171806167401 0.4444444444444444
0.026373626373626374 0.4444444444444444
0.02631578947368421 0.4444444444444444
0.0262582056892779 0.4444444444444444
0.026200873362445413 0.4444444444444444
0.026143790849673203 0.4444444444444444
0.02608695652173913 0.4444444444444444
0.026030368763557483 0.4444444444444444
0.025974025974025976 0.4444444444444444
0.02591792656587473 0.4444444444444444
0.02586206896551724 0.4444444444444444
0.025806451612903226 0.4444444444444444
0.02575107296137339 0.4444444444444444
0.02569593147751606 0.4444444444444444
0.02564102564102564 0.4444444444444444
0.0255863539445629 0.4444444444444444
0.02553191489361702 0.4444444444444444
0.025477707006369428 0.4444444444444444
0.025423728813559324 0.4444444444444444
0.02536997885835095 0.4444444444444444
0.02531645569620253 0.4444444444444444
0.02526315789473684 0.4444444444444444
0.025210084033613446 0.4444444444444444
0.025157232704402517 0.4444444444444444
0.02510460251046025 0.4444444444444444
0.025052192066805846 0.4444444444444444
0.025 0.4444444444444444
0.02494802494802495 0.4444444444444444
0.024896265560165973 0.4444444444444444
0.024844720496894408 0.4444444444444444
0.024793388429752067 0.4444444444444444
0.024742268041237112 0.4444444444444444
0.024691358024691357 0.4444444444444444
0.024640657084188913 0.4444444444444444
0.02459016393442623 0.4444444444444444
0.024539877300613498 0.4444444444444444
0.024489795918367346 0.4444444444444444
0.024439918533604887 0.4444444444444444
0.024390243902439025 0.4444444444444444
0.02434077079107505 0.4444444444444444
0.024291497975708502 0.4444444444444444
0.024242424242424242 0.4444444444444444
0.024193548387096774 0.4444444444444444
0.02414486921529175 0.4444444444444444
0.024096385542168676 0.4444444444444444
0.02404809619238477 0.4444444444444444
0.024 0.4444444444444444
0.023952095808383235 0.4444444444444444
0.02390438247011952 0.4444444444444444
0.02385685884691849 0.4444444444444444
0.023809523809523808 0.4444444444444444
0.023762376237623763 0.4444444444444444
0.023715415019762844 0.4444444444444444
0.023668639053254437 0.4444444444444444
0.023622047244094488 0.4444444444444444
0.023575638506876228 0.4444444444444444
0.023529411764705882 0.4444444444444444
0.023483365949119372 0.4444444444444444
0.0234375 0.4444444444444444
0.023391812865497075 0.4444444444444444
0.023346303501945526 0.4444444444444444
0.02330097087378641 0.4444444444444444
0.023255813953488372 0.4444444444444444
0.02321083172147002 0.4444444444444444
0.023166023166023165 0.4444444444444444
0.023121387283236993 0.4444444444444444
0.023076923076923078 0.4444444444444444
0.023032629558541268 0.4444444444444444
0.022988505747126436 0.4444444444444444
0.022944550669216062 0.4444444444444444
0.022900763358778626 0.4444444444444444
0.022857142857142857 0.4444444444444444
0.022813688212927757 0.4444444444444444
0.022770398481973434 0.4444444444444444
0.022727272727272728 0.4444444444444444
0.022684310018903593 0.4444444444444444
0.022641509433962263 0.4444444444444444
0.022598870056497175 0.4444444444444444
0.022556390977443608 0.4444444444444444
0.0225140712945591 0.4444444444444444
0.02247191011235955 0.4444444444444444
0.022429906542056073 0.4444444444444444
0.022388059701492536 0.4444444444444444
0.0223463687150838 0.4444444444444444
0.022304832713754646 0.4444444444444444
0.022263450834879406 0.4444444444444444
0.022222222222222223 0.4444444444444444
0.022181146025878003 0.4444444444444444
0.02214022140221402 0.4444444444444444
0.022099447513812154 0.4444444444444444
0.022058823529411766 0.4444444444444444
0.022018348623853212 0.4444444444444444
0.02197802197802198 0.4444444444444444
0.021937842778793418 0.4444444444444444
0.021897810218978103 0.4444444444444444
0.02185792349726776 0.4444444444444444
0.02181818181818182 0.4444444444444444
0.021778584392014518 0.4444444444444444
0.021739130434782608 0.4444444444444444
0.0216998191681736 0.4444444444444444
0.021660649819494584 0.4444444444444444
0.021621621621621623 0.4444444444444444
0.02158273381294964 0.4444444444444444
0.02154398563734291 0.4444444444444444
0.021505376344086023 0.4444444444444444
0.02146690518783542 0.4444444444444444
0.02142857142857143 0.4444444444444444
0.0213903743315508 0.4444444444444444
0.021352313167259787 0.4444444444444444
0.021314387211367674 0.4444444444444444
0.02127659574468085 0.4444444444444444
0.021238938053097345 0.4444444444444444
0.02120141342756184 0.4444444444444444
0.021164021164021163 0.4444444444444444
0.02112676056338028 0.4444444444444444
0.0210896309314587 0.4444444444444444
0.021052631578947368 0.4444444444444444
0.021015761821366025 0.4444444444444444
0.02097902097902098 0.4444444444444444
0.020942408376963352 0.4444444444444444
0.020905923344947737 0.4444444444444444
0.020869565217391306 0.4444444444444444
0.020833333333333332 0.4444444444444444
0.02079722703639515 0.4444444444444444
0.020761245674740483 0.4444444444444444
0.02072538860103627 0.4444444444444444
0.020689655172413793 0.4444444444444444
0.020654044750430294 0.4444444444444444
0.020618556701030927 0.4444444444444444
0.02058319039451115 0.4444444444444444
0.02054794520547945 0.4444444444444444
0.020512820512820513 0.4444444444444444
0.020477815699658702 0.4444444444444444
0.020442930153321975 0.4444444444444444
0.02040816326530612 0.4444444444444444
0.02037351443123939 0.4444444444444444
0.020338983050847456 0.4444444444444444
0.02030456852791878 0.4444444444444444
0.02027027027027027 0.4444444444444444
0.02023608768971332 0.4444444444444444
0.020202020202020204 0.4444444444444444
0.020168067226890758 0.4444444444444444
0.020134228187919462 0.4444444444444444
0.020100502512562814 0.4444444444444444
0.020066889632107024 0.4444444444444444
0.02003338898163606 0.4444444444444444
0.02 0.4444444444444444
0.019966722129783693 0.4444444444444444
0.019933554817275746 0.4444444444444444
0.01990049751243781 0.4444444444444444
0.019867549668874173 0.4444444444444444
0.019834710743801654 0.4444444444444444
0.019801980198019802 0.4444444444444444
0.019769357495881382 0.4444444444444444
0.019736842105263157 0.4444444444444444
0.019704433497536946 0.4444444444444444
0.019672131147540985 0.4444444444444444
0.019639934533551555 0.4444444444444444
0.0196078431372549 0.4444444444444444
0.01957585644371941 0.4444444444444444
0.019543973941368076 0.4444444444444444
0.01951219512195122 0.4444444444444444
0.01948051948051948 0.4444444444444444
0.019448946515397084 0.4444444444444444
0.019417475728155338 0.4444444444444444
0.01938610662358643 0.4444444444444444
0.01935483870967742 0.4444444444444444
0.01932367149758454 0.4444444444444444
0.01929260450160772 0.4444444444444444
0.019261637239165328 0.4444444444444444
0.019230769230769232 0.4444444444444444
0.0192 0.4444444444444444
0.019169329073482427 0.4444444444444444
0.019138755980861243 0.4444444444444444
0.01910828025477707 0.4444444444444444
0.019077901430842606 0.4444444444444444
0.01904761904761905 0.4444444444444444
0.01901743264659271 0.4444444444444444
0.0189873417721519 0.4444444444444444
0.018957345971563982 0.4444444444444444
0.01892744479495268 0.4444444444444444
0.01889763779527559 0.4444444444444444
0.018867924528301886 0.4444444444444444
0.018838304552590265 0.4444444444444444
0.018808777429467086 0.4444444444444444
0.018779342723004695 0.4444444444444444
0.01875 0.4444444444444444
0.0187207488299532 0.4444444444444444
0.018691588785046728 0.4444444444444444
0.01866251944012442 0.4444444444444444
0.018633540372670808 0.4444444444444444
0.018604651162790697 0.4444444444444444
0.018575851393188854 0.4444444444444444
0.01854714064914992 0.4444444444444444
0.018518518518518517 0.4444444444444444
0.01848998459167951 0.4444444444444444
0.018461538461538463 0.4444444444444444
0.018433179723502304 0.4444444444444444
0.018404907975460124 0.4444444444444444
0.018376722817764167 0.4444444444444444
0.01834862385321101 0.4444444444444444
0.0183206106870229 0.4444444444444444
0.018292682926829267 0.4444444444444444
0.0182648401826484 0.4444444444444444
0.0182370820668693 0.4444444444444444
0.018209408194233688 0.4444444444444444
0.01818181818181818 0.4444444444444444
0.018154311649016642 0.4444444444444444
0.01812688821752266 0.4444444444444444
0.01809954751131222 0.4444444444444444
0.018072289156626505 0.4444444444444444
0.01804511278195489 0.4444444444444444
0.018018018018018018 0.4444444444444444
0.017991004497751123 0.4444444444444444
0.017964071856287425 0.4444444444444444
0.017937219730941704 0.4444444444444444
0.01791044776119403 0.4444444444444444
0.01788375558867362 0.4444444444444444
0.017857142857142856 0.4444444444444444
0.017830609212481426 0.4444444444444444
0.017804154302670624 0.4444444444444444
0.017777777777777778 0.4444444444444444
0.01775147928994083 0.4444444444444444
0.01772525849335303 0.4444444444444444
0.017699115044247787 0.4444444444444444
0.017673048600883652 0.4444444444444444
0.01764705882352941 0.4444444444444444
0.01762114537444934 0.4444444444444444
0.017595307917888565 0.4444444444444444
0.017569546120058566 0.4444444444444444
0.017543859649122806 0.4444444444444444
0.017518248175182483 0.4444444444444444
0.01749271137026239 0.4444444444444444
0.017467248908296942 0.4444444444444444
0.01744186046511628 0.4444444444444444
0.01741654571843251 0.4444444444444444
0.017391304347826087 0.4444444444444444
0.017366136034732273 0.4444444444444444
0.017341040462427744 0.4444444444444444
0.017316017316017316 0.4444444444444444
0.01729106628242075 0.4444444444444444
0.017266187050359712 0.4444444444444444
0.017241379310344827 0.4444444444444444
0.01721664275466284 0.4444444444444444
0.017191977077363897 0.4444444444444444
0.017167381974248927 0.4444444444444444
0.017142857142857144 0.4444444444444444
0.017118402282453638 0.4444444444444444
0.017094017094017096 0.4444444444444444
0.017069701280227598 0.4444444444444444
0.017045454545454544 0.4444444444444444
0.01702127659574468 0.4444444444444444
0.0169971671388102 0.4444444444444444
0.016973125884016973 0.4444444444444444
0.01694915254237288 0.4444444444444444
0.01692524682651622 0.4444444444444444
0.016901408450704224 0.4444444444444444
0.016877637130801686 0.4444444444444444
0.016853932584269662 0.4444444444444444
0.016830294530154277 0.4444444444444444
0.01680672268907563 0.4444444444444444
0.016783216783216783 0.4444444444444444
0.01675977653631285 0.4444444444444444
0.016736401673640166 0.4444444444444444
0.016713091922005572 0.4444444444444444
0.016689847009735744 0.4444444444444444
0.016666666666666666 0.4444444444444444
0.016643550624133148 0.4444444444444444
0.01662049861495845 0.4444444444444444
0.016597510373443983 0.4444444444444444
0.016574585635359115 0.4444444444444444
0.016551724137931035 0.4444444444444444
0.01652892561983471 0.4444444444444444
0.016506189821182942 0.4444444444444444
0.016483516483516484 0.4444444444444444
0.01646090534979424 0.4444444444444444
0.01643835616438356 0.4444444444444444
0.016415868673050615 0.4444444444444444
0.01639344262295082 0.4444444444444444
0.01637107776261937 0.4444444444444444
0.01634877384196185 0.4444444444444444
0.0163265306122449 0.4444444444444444
0.016304347826086956 0.4444444444444444
0.016282225237449117 0.4444444444444444
0.016260162601626018 0.4444444444444444
0.016238159675236806 0.4444444444444444
0.016216216216216217 0.4444444444444444
0.016194331983805668 0.4444444444444444
0.016172506738544475 0.4444444444444444
0.016150740242261104 0.4444444444444444
0.016129032258064516 0.4444444444444444
0.016107382550335572 0.4444444444444444
0.0160857908847185 0.4444444444444444
0.01606425702811245 0.4444444444444444
0.016042780748663103 0.4444444444444444
0.01602136181575434 0.4444444444444444
0.016 0.4444444444444444
0.015978695073235686 0.4444444444444444
0.015957446808510637 0.4444444444444444
0.01593625498007968 0.4444444444444444
0.015915119363395226 0.4444444444444444
0.015894039735099338 0.4444444444444444
0.015873015873015872 0.4444444444444444
0.015852047556142668 0.4444444444444444
0.0158311345646438 0.4444444444444444
0.015810276679841896 0.4444444444444444
0.015789473684210527 0.4444444444444444
0.01576872536136662 0.4444444444444444
0.015748031496062992 0.4444444444444444
0.015727391874180863 0.4444444444444444
0.015706806282722512 0.4444444444444444
0.01568627450980392 0.4444444444444444
0.015665796344647518 0.4444444444444444
0.01564537157757497 0.4444444444444444
0.015625 0.4444444444444444
0.015604681404421327 0.4444444444444444
0.015584415584415584 0.4444444444444444
0.01556420233463035 0.4444444444444444
0.015544041450777202 0.4444444444444444
0.015523932729624839 0.4444444444444444
0.015503875968992248 0.4444444444444444
0.015483870967741935 0.4444444444444444
0.015463917525773196 0.4444444444444444
0.015444015444015444 0.4444444444444444
0.015424164524421594 0.4444444444444444
0.01540436456996149 0.4444444444444444
0.015384615384615385 0.4444444444444444
0.015364916773367477 0.4444444444444444
0.015345268542199489 0.4444444444444444
0.01532567049808429 0.4444444444444444
0.015306122448979591 0.4444444444444444
0.015286624203821656 0.4444444444444444
0.015267175572519083 0.4444444444444444
0.015247776365946633 0.4444444444444444
0.015228426395939087 0.4444444444444444
0.015209125475285171 0.4444444444444444
0.015189873417721518 0.4444444444444444
0.015170670037926675 0.4444444444444444
0.015151515151515152 0.4444444444444444
0.015132408575031526 0.4444444444444444
0.015113350125944584 0.4444444444444444
0.01509433962264151 0.4444444444444444
0.01507537688442211 0.4444444444444444
0.015056461731493099 0.4444444444444444
0.015037593984962405 0.4444444444444444
0.015018773466833541 0.4444444444444444
0.015 0.4444444444444444
0.0149812734082397 0.4444444444444444
0.014962593516209476 0.4444444444444444
0.014943960149439602 0.4444444444444444
0.014925373134328358 0.4444444444444444
0.014906832298136646 0.4444444444444444
0.01488833746898263 0.4444444444444444
0.01486988847583643 0.4444444444444444
0.01485148514851485 0.4444444444444444
0.014833127317676144 0.4444444444444444
0.014814814814814815 0.4444444444444444
0.014796547472256474 0.4444444444444444
0.014778325123152709 0.4444444444444444
0.014760147601476014 0.4444444444444444
0.014742014742014743 0.4444444444444444
0.014723926380368098 0.4444444444444444
0.014705882352941176 0.4444444444444444
0.014687882496940025 0.4444444444444444
0.014669926650366748 0.4444444444444444
0.014652014652014652 0.4444444444444444
0.014634146341463415 0.4444444444444444
0.014616321559074299 0.4444444444444444
0.014598540145985401 0.4444444444444444
0.014580801944106925 0.4444444444444444
0.014563106796116505 0.4444444444444444
0.014545454545454545 0.4444444444444444
0.014527845036319613 0.4444444444444444
0.014510278113663845 0.4444444444444444
0.014492753623188406 0.4444444444444444
0.014475271411338963 0.4444444444444444
0.014457831325301205 0.4444444444444444
0.01444043321299639 0.4444444444444444
0.014423076923076924 0.4444444444444444
0.014405762304921969 0.4444444444444444
0.014388489208633094 0.4444444444444444
0.01437125748502994 0.4444444444444444
0.014354066985645933 0.4444444444444444
0.014336917562724014 0.4444444444444444
0.014319809069212411 0.4444444444444444
0.014302741358760428 0.4444444444444444
0.014285714285714285 0.4444444444444444
0.014268727705112961 0.4444444444444444
0.014251781472684086 0.4444444444444444
0.014234875444839857 0.4444444444444444
0.014218009478672985 0.4444444444444444
0.014201183431952662 0.4444444444444444
0.014184397163120567 0.4444444444444444
0.014167650531286895 0.4444444444444444
0.014150943396226415 0.4444444444444444
0.014134275618374558 0.4444444444444444
0.01411764705882353 0.4444444444444444
0.01410105757931845 0.4444444444444444
0.014084507042253521 0.4444444444444444
0.01406799531066823 0.4444444444444444
0.01405152224824356 0.4444444444444444
0.014035087719298246 0.4444444444444444
0.014018691588785047 0.4444444444444444
0.014002333722287048 0.4444444444444444
0.013986013986013986 0.4444444444444444
0.013969732246798603 0.4444444444444444
0.013953488372093023 0.4444444444444444
0.013937282229965157 0.4444444444444444
0.013921113689095127 0.4444444444444444
0.013904982618771726 0.4444444444444444
0.013888888888888888 0.4444444444444444
0.013872832369942197 0.4444444444444444
0.013856812933025405 0.4444444444444444
0.01384083044982699 0.4444444444444444
0.013824884792626729 0.4444444444444444
0.01380897583429229 0.4444444444444444
0.013793103448275862 0.4444444444444444
0.013777267508610792 0.4444444444444444
0.013761467889908258 0.4444444444444444
0.013745704467353952 0.4444444444444444
0.013729977116704805 0.4444444444444444
0.013714285714285714 0.4444444444444444
0.0136986301369863 0.4444444444444444
0.013683010262257697 0.4444444444444444
0.01366742596810934 0.4444444444444444
0.013651877133105802 0.4444444444444444
0.013636363636363636 0.4444444444444444
0.01362088535754824 0.4444444444444444
0.013605442176870748 0.4444444444444444
0.013590033975084938 0.4444444444444444
0.013574660633484163 0.4444444444444444
0.013559322033898305 0.4444444444444444
0.013544018058690745 0.4444444444444444
0.013528748590755355 0.4444444444444444
0.013513513513513514 0.4444444444444444
0.013498312710911136 0.4444444444444444
0.01348314606741573 0.4444444444444444
0.013468013468013467 0.4444444444444444
0.013452914798206279 0.4444444444444444
0.013437849944008958 0.4444444444444444
0.013422818791946308 0.4444444444444444
0.013407821229050279 0.4444444444444444
0.013392857142857142 0.4444444444444444
0.013377926421404682 0.4444444444444444
0.013363028953229399 0.4444444444444444
0.013348164627363738 0.4444444444444444
0.013333333333333334 0.4444444444444444
0.013318534961154272 0.4444444444444444
0.013303769401330377 0.4444444444444444
0.013289036544850499 0.4444444444444444
0.01327433628318584 0.4444444444444444
0.013259668508287293 0.4444444444444444
0.013245033112582781 0.4444444444444444
0.013230429988974642 0.4444444444444444
0.013215859030837005 0.4444444444444444
0.013201320132013201 0.4444444444444444
0.013186813186813187 0.4444444444444444
0.013172338090010977 0.4444444444444444
0.013157894736842105 0.4444444444444444
0.013143483023001095 0.4444444444444444
0.01312910284463895 0.4444444444444444
0.013114754098360656 0.4444444444444444
0.013100436681222707 0.4444444444444444
0.013086150490730643 0.4444444444444444
0.013071895424836602 0.4444444444444444
0.013057671381936888 0.4444444444444444
0.013043478260869565 0.4444444444444444
0.013029315960912053 0.4444444444444444
0.013015184381778741 0.4444444444444444
0.013001083423618635 0.4444444444444444
0.012987012987012988 0.4444444444444444
0.012972972972972972 0.4444444444444444
0.012958963282937365 0.4444444444444444
0.012944983818770227 0.4444444444444444
0.01293103448275862 0.4444444444444444
0.012917115177610334 0.4444444444444444
0.012903225806451613 0.4444444444444444
0.01288936627282492 0.4444444444444444
0.012875536480686695 0.4444444444444444
0.012861736334405145 0.4444444444444444
0.01284796573875803 0.4444444444444444
0.012834224598930482 0.4444444444444444
0.01282051282051282 0.4444444444444444
0.012806830309498399 0.4444444444444444
0.01279317697228145 0.4444444444444444
0.012779552715654952 0.4444444444444444
0.01276595744680851 0.4444444444444444
0.012752391073326248 0.4444444444444444
0.013800424628450107 0.48148148148148145
0.013785790031813362 0.48148148148148145
0.013771186440677966 0.48148148148148145
0.013756613756613757 0.48148148148148145
0.013742071881606765 0.48148148148148145
0.013727560718057022 0.48148148148148145
0.013713080168776372 0.48148148148148145
0.0136986301369863 0.48148148148148145
0.01368421052631579 0.48148148148148145
0.013669821240799159 0.48148148148148145
0.01365546218487395 0.48148148148148145
0.013641133263378805 0.48148148148148145
0.013626834381551363 0.48148148148148145
0.013612565445026177 0.48148148148148145
0.013598326359832637 0.48148148148148145
0.013584117032392894 0.48148148148148145
0.013569937369519834 0.48148148148148145
0.013555787278415016 0.48148148148148145
0.013541666666666667 0.48148148148148145
0.013527575442247659 0.48148148148148145
0.013513513513513514 0.48148148148148145
0.013499480789200415 0.48148148148148145
0.013485477178423237 0.48148148148148145
0.013471502590673576 0.48148148148148145
0.013457556935817806 0.48148148148148145
0.01344364012409514 0.48148148148148145
0.013429752066115703 0.48148148148148145
0.013415892672858616 0.48148148148148145
0.013402061855670102 0.48148148148148145
0.013388259526261586 0.48148148148148145
0.013374485596707819 0.48148148148148145
0.013360739979445015 0.48148148148148145
0.013347022587268994 0.48148148148148145
0.013333333333333334 0.48148148148148145
0.01331967213114754 0.48148148148148145
0.01330603889457523 0.48148148148148145
0.013292433537832311 0.48148148148148145
0.013278855975485188 0.48148148148148145
0.013265306122448979 0.48148148148148145
0.013251783893985729 0.48148148148148145
0.013238289205702648 0.48148148148148145
0.013224821973550356 0.48148148148148145
0.013211382113821139 0.48148148148148145
0.013197969543147208 0.48148148148148145
0.013184584178498986 0.48148148148148145
0.013171225937183385 0.48148148148148145
0.013157894736842105 0.48148148148148145
0.01314459049544995 0.48148148148148145
0.013131313131313131 0.48148148148148145
0.013118062563067608 0.48148148148148145
0.01310483870967742 0.48148148148148145
0.013091641490433032 0.48148148148148145
0.013078470824949699 0.48148148148148145
0.01306532663316583 0.48148148148148145
0.013052208835341365 0.48148148148148145
0.013039117352056168 0.48148148148148145
0.013026052104208416 0.48148148148148145
0.013013013013013013 0.48148148148148145
0.013 0.48148148148148145
0.012987012987012988 0.48148148148148145
0.012974051896207584 0.48148148148148145
0.01296111665004985 0.48148148148148145
0.012948207171314742 0.48148148148148145
0.012935323383084577 0.48148148148148145
0.012922465208747515 0.48148148148148145
0.012909632571996028 0.48148148148148145
0.012896825396825396 0.48148148148148145
0.01288404360753221 0.48148148148148145
0.01287128712871287 0.48148148148148145
0.012858555885262116 0.48148148148148145
0.012845849802371542 0.48148148148148145
0.012833168805528134 0.48148148148148145
0.01282051282051282 0.48148148148148145
0.012807881773399015 0.48148148148148145
0.012795275590551181 0.48148148148148145
0.012782694198623401 0.48148148148148145
0.012770137524557957 0.48148148148148145
0.012757605495583905 0.48148148148148145
0.012745098039215686 0.48148148148148145
0.012732615083251714 0.48148148148148145
0.012720156555772993 0.48148148148148145
0.01270772238514174 0.48148148148148145
0.0126953125 0.48148148148148145
0.012682926829268294 0.48148148148148145
0.012670565302144249 0.48148148148148145
0.012658227848101266 0.48148148148148145
0.01264591439688716 0.48148148148148145
0.012633624878522837 0.48148148148148145
0.01262135922330097 0.48148148148148145
0.012609117361784675 0.48148148148148145
0.012596899224806201 0.48148148148148145
0.012584704743465635 0.48148148148148145
0.012572533849129593 0.48148148148148145
0.012560386473429951 0.48148148148148145
0.012548262548262547 0.48148148148148145
0.01253616200578592 0.48148148148148145
0.01348747591522158 0.5185185185185185
0.013474494706448507 0.5185185185185185
0.013461538461538462 0.5185185185185185
0.013448607108549471 0.5185185185185185
0.013435700575815739 0.5185185185185185
0.013422818791946308 0.5185185185185185
0.013409961685823755 0.5185185185185185
0.013397129186602871 0.5185185185185185
0.01338432122370937 0.5185185185185185
0.013371537726838587 0.5185185185185185
0.013358778625954198 0.5185185185185185
0.01334604385128694 0.5185185185185185
0.013333333333333334 0.5185185185185185
0.013320647002854425 0.5185185185185185
0.013307984790874524 0.5185185185185185
0.013295346628679962 0.5185185185185185
0.013282732447817837 0.5185185185185185
0.013270142180094787 0.5185185185185185
0.013257575757575758 0.5185185185185185
0.013245033112582781 0.5185185185185185
0.013232514177693762 0.5185185185185185
0.013220018885741265 0.5185185185185185
0.013207547169811321 0.5185185185185185
0.013195098963242224 0.5185185185185185
0.013182674199623353 0.5185185185185185
0.01317027281279398 0.5185185185185185
0.013157894736842105 0.5185185185185185
0.013145539906103286 0.5185185185185185
0.013133208255159476 0.5185185185185185
0.013120899718837863 0.5185185185185185
0.013108614232209739 0.5185185185185185
0.013096351730589336 0.5185185185185185
0.013084112149532711 0.5185185185185185
0.013071895424836602 0.5185185185185185
0.013059701492537313 0.5185185185185185
0.0130475302889096 0.5185185185185185
0.01303538175046555 0.5185185185185185
0.013023255813953489 0.5185185185185185
0.013011152416356878 0.5185185185185185
0.012999071494893221 0.5185185185185185
0.012987012987012988 0.5185185185185185
0.012974976830398516 0.5185185185185185
0.012962962962962963 0.5185185185185185
0.012950971322849213 0.5185185185185185
0.012939001848428836 0.5185185185185185
0.012927054478301015 0.5185185185185185
0.012915129151291513 0.5185185185185185
0.012903225806451613 0.5185185185185185
0.01289134438305709 0.5185185185185185
0.012879484820607176 0.5185185185185185
0.012867647058823529 0.5185185185185185
0.012855831037649219 0.5185185185185185
0.012844036697247707 0.5185185185185185
0.012832263978001834 0.5185185185185185
0.01282051282051282 0.5185185185185185
0.012808783165599268 0.5185185185185185
0.012797074954296161 0.5185185185185185
0.012785388127853882 0.5185185185185185
0.012773722627737226 0.5185185185185185
0.01276207839562443 0.5185185185185185
0.012750455373406194 0.5185185185185185
0.012738853503184714 0.5185185185185185
0.012727272727272728 0.5185185185185185
0.012715712988192553 0.5185185185185185
0.012704174228675136 0.5185185185185185
0.012692656391659111 0.5185185185185185
0.012681159420289856 0.5185185185185185
0.012669683257918552 0.5185185185185185
0.012658227848101266 0.5185185185185185
0.012646793134598013 0.5185185185185185
0.01263537906137184 0.5185185185185185
0.012623985572587917 0.5185185185185185
0.012612612612612612 0.5185185185185185
0.012601260126012601 0.5185185185185185
0.012589928057553957 0.5185185185185185
0.012578616352201259 0.5185185185185185
0.012567324955116697 0.5185185185185185
0.012556053811659192 0.5185185185185185
0.012544802867383513 0.5185185185185185
0.012533572068039392 0.5185185185185185
0.012522361359570662 0.5185185185185185
0.012511170688114389 0.5185185185185185
0.0125 0.5185185185185185
0.012488849241748439 0.5185185185185185
0.012477718360071301 0.5185185185185185
0.012466607301869992 0.5185185185185185
0.012455516014234875 0.5185185185185185
0.012444444444444444 0.5185185185185185
0.012433392539964476 0.5185185185185185
0.012422360248447204 0.5185185185185185
0.012411347517730497 0.5185185185185185
0.012400354295837024 0.5185185185185185
0.012389380530973451 0.5185185185185185
0.01237842617152962 0.5185185185185185
0.012367491166077738 0.5185185185185185
0.01235657546337158 0.5185185185185185
0.012345679012345678 0.5185185185185185
0.012334801762114538 0.5185185185185185
0.01232394366197183 0.5185185185185185
0.012313104661389622 0.5185185185185185
0.012302284710017574 0.5185185185185185
0.012291483757682178 0.5185185185185185
0.012280701754385965 0.5185185185185185
0.012269938650306749 0.5185185185185185
0.012259194395796848 0.5185185185185185
0.012248468941382326 0.5185185185185185
0.012237762237762238 0.5185185185185185
0.01222707423580786 0.5185185185185185
0.012216404886561954 0.5185185185185185
0.012205754141238012 0.5185185185185185
0.012195121951219513 0.5185185185185185
0.012184508268059183 0.5185185185185185
0.01217391304347826 0.5185185185185185
0.01216333622936577 0.5185185185185185
0.012152777777777778 0.5185185185185185
0.012142237640936688 0.5185185185185185
0.012131715771230503 0.5185185185185185
0.012121212121212121 0.5185185185185185
0.012110726643598616 0.5185185185185185
0.012100259291270527 0.5185185185185185
0.012089810017271158 0.5185185185185185
0.012079378774805867 0.5185185185185185
0.01206896551724138 0.5185185185185185
0.012058570198105082 0.5185185185185185
0.012048192771084338 0.5185185185185185
0.012037833190025795 0.5185185185185185
0.012027491408934709 0.5185185185185185
0.01201716738197425 0.5185185185185185
0.012006861063464836 0.5185185185185185
0.011996572407883462 0.5185185185185185
0.011986301369863013 0.5185185185185185
0.011976047904191617 0.5185185185185185
0.011965811965811967 0.5185185185185185
0.011955593509820665 0.5185185185185185
0.011945392491467578 0.5185185185185185
0.011935208866155157 0.5185185185185185
0.01192504258943782 0.5185185185185185
0.011914893617021277 0.5185185185185185
0.011904761904761904 0.5185185185185185
0.0118946474086661 0.5185185185185185
0.011884550084889643 0.5185185185185185
0.011874469889737066 0.5185185185185185
0.011864406779661017 0.5185185185185185
0.011854360711261643 0.5185185185185185
0.011844331641285956 0.5185185185185185
0.011834319526627219 0.5185185185185185
0.011824324324324325 0.5185185185185185
0.01181434599156118 0.5185185185185185
0.011804384485666104 0.5185185185185185
0.011794439764111205 0.5185185185185185
0.011784511784511785 0.5185185185185185
0.011774600504625737 0.5185185185185185
0.011764705882352941 0.5185185185185185
0.011754827875734676 0.5185185185185185
0.01174496644295302 0.5185185185185185
0.01173512154233026 0.5185185185185185
0.011725293132328308 0.5185185185185185
0.011715481171548118 0.5185185185185185
0.011705685618729096 0.5185185185185185
0.011695906432748537 0.5185185185185185
0.011686143572621035 0.5185185185185185
0.011676396997497914 0.5185185185185185
0.011666666666666667 0.5185185185185185
0.011656952539550375 0.5185185185185185
0.011647254575707155 0.5185185185185185
0.011637572734829594 0.5185185185185185
0.011627906976744186 0.5185185185185185
0.011618257261410789 0.5185185185185185
0.011608623548922056 0.5185185185185185
0.0115990057995029 0.5185185185185185
0.011589403973509934 0.5185185185185185
0.011579818031430935 0.5185185185185185
0.011570247933884297 0.5185185185185185
0.011560693641618497 0.5185185185185185
0.01155115511551155 0.5185185185185185
0.011541632316570486 0.5185185185185185
0.011532125205930808 0.5185185185185185
0.011522633744855968 0.5185185185185185
0.011513157894736841 0.5185185185185185
0.011503697617091208 0.5185185185185185
0.011494252873563218 0.5185185185185185
0.011484823625922888 0.5185185185185185
0.011475409836065573 0.5185185185185185
0.011466011466011465 0.5185185185185185
0.011456628477905073 0.5185185185185185
0.011447260834014717 0.5185185185185185
0.011437908496732025 0.5185185185185185
0.011428571428571429 0.5185185185185185
0.011419249592169658 0.5185185185185185
0.011409942950285249 0.5185185185185185
0.011400651465798045 0.5185185185185185
0.011391375101708706 0.5185185185185185
0.011382113821138212 0.5185185185185185
0.011372867587327376 0.5185185185185185
0.011363636363636364 0.5185185185185185
0.0113544201135442 0.5185185185185185
0.011345218800648298 0.5185185185185185
0.011336032388663968 0.5185185185185185
0.011326860841423949 0.5185185185185185
0.01131770412287793 0.5185185185185185
0.011308562197092083 0.5185185185185185
0.011299435028248588 0.5185185185185185
0.01129032258064516 0.5185185185185185
0.011281224818694601 0.5185185185185185
0.011272141706924315 0.5185185185185185
0.011263073209975865 0.5185185185185185
0.011254019292604502 0.5185185185185185
0.011244979919678716 0.5185185185185185
0.011235955056179775 0.5185185185185185
0.011226944667201283 0.5185185185185185
0.011217948717948718 0.5185185185185185
0.01120896717373899 0.5185185185185185
0.0112 0.5185185185185185
0.011191047162270184 0.5185185185185185
0.011182108626198083 0.5185185185185185
0.0111731843575419 0.5185185185185185
0.011164274322169059 0.5185185185185185
0.011155378486055778 0.5185185185185185
0.011146496815286623 0.5185185185185185
0.011137629276054098 0.5185185185185185
0.011128775834658187 0.5185185185185185
0.011119936457505957 0.5185185185185185
0.011111111111111112 0.5185185185185185
0.011102299762093577 0.5185185185185185
0.011093502377179081 0.5185185185185185
0.011084718923198733 0.5185185185185185
0.011075949367088608 0.5185185185185185
0.011067193675889328 0.5185185185185185
0.011058451816745656 0.5185185185185185
0.011049723756906077 0.5185185185185185
0.011041009463722398 0.5185185185185185
0.01103230890464933 0.5185185185185185
0.011023622047244094 0.5185185185185185
0.011014948859166011 0.5185185185185185
0.0110062893081761 0.5185185185185185
0.010997643362136685 0.5185185185185185
0.01098901098901099 0.5185185185185185
0.010980392156862745 0.5185185185185185
0.0109717868338558 0.5185185185185185
0.01096319498825372 0.5185185185185185
0.010954616588419406 0.5185185185185185
0.0109460516028147 0.5185185185185185
0.0109375 0.5185185185185185
0.01092896174863388 0.5185185185185185
0.0109204368174727 0.5185185185185185
0.011691348402182385 0.5555555555555556
0.011682242990654205 0.5555555555555556
0.011673151750972763 0.5555555555555556
0.01166407465007776 0.5555555555555556
0.011655011655011656 0.5555555555555556
0.011645962732919254 0.5555555555555556
0.011636927851047323 0.5555555555555556
0.011627906976744186 0.5555555555555556
0.011618900077459334 0.5555555555555556
0.011609907120743035 0.5555555555555556
0.01160092807424594 0.5555555555555556
0.011591962905718702 0.5555555555555556
0.011583011583011582 0.5555555555555556
0.011574074074074073 0.5555555555555556
0.01156515034695451 0.5555555555555556
0.011556240369799691 0.5555555555555556
0.011547344110854504 0.5555555555555556
0.011538461538461539 0.5555555555555556
0.011529592621060722 0.5555555555555556
0.01152073732718894 0.5555555555555556
0.012279355333844973 0.5925925925925926
0.012269938650306749 0.5925925925925926
0.012260536398467433 0.5925925925925926
0.01225114854517611 0.5925925925925926
0.01224177505738332 0.5925925925925926
0.012232415902140673 0.5925925925925926
0.012223071046600458 0.5925925925925926
0.012213740458015267 0.5925925925925926
0.012204424103737605 0.5925925925925926
0.012195121951219513 0.5925925925925926
0.012185833968012186 0.5925925925925926
0.0121765601217656 0.5925925925925926
0.012167300380228136 0.5925925925925926
0.0121580547112462 0.5925925925925926
0.012148823082763858 0.5925925925925926
0.012139605462822459 0.5925925925925926
0.012130401819560273 0.5925925925925926
0.012121212121212121 0.5925925925925926
0.012112036336109008 0.5925925925925926
0.012102874432677761 0.5925925925925926
0.012093726379440665 0.5925925925925926
0.012084592145015106 0.5925925925925926
0.012075471698113207 0.5925925925925926
0.012066365007541479 0.5925925925925926
0.012057272042200452 0.5925925925925926
0.012048192771084338 0.5925925925925926
0.012039127163280662 0.5925925925925926
0.012030075187969926 0.5925925925925926
0.012021036814425245 0.5925925925925926
0.012012012012012012 0.5925925925925926
0.012003000750187547 0.5925925925925926
0.01199400299850075 0.5925925925925926
0.01198501872659176 0.5925925925925926
0.011976047904191617 0.5925925925925926
0.011967090501121914 0.5925925925925926
0.01195814648729447 0.5925925925925926
0.01194921583271098 0.5925925925925926
0.011940298507462687 0.5925925925925926
0.011931394481730051 0.5925925925925926
0.011922503725782414 0.5925925925925926
0.011913626209977662 0.5925925925925926
0.011904761904761904 0.5925925925925926
0.011895910780669145 0.5925925925925926
0.01188707280832095 0.5925925925925926
0.011878247958426132 0.5925925925925926
0.011869436201780416 0.5925925925925926
0.011860637509266123 0.5925925925925926
0.011851851851851851 0.5925925925925926
0.011843079200592153 0.5925925925925926
0.011834319526627219 0.5925925925925926
0.011825572801182557 0.5925925925925926
0.011816838995568686 0.5925925925925926
0.011808118081180811 0.5925925925925926
0.011799410029498525 0.5925925925925926
0.011790714812085483 0.5925925925925926
0.011782032400589101 0.5925925925925926
0.01177336276674025 0.5925925925925926
0.011764705882352941 0.5925925925925926
0.011756061719324026 0.5925925925925926
0.011747430249632892 0.5925925925925926
0.01173881144534116 0.5925925925925926
0.011730205278592375 0.5925925925925926
0.011721611721611722 0.5925925925925926
0.01171303074670571 0.5925925925925926
0.011704462326261888 0.5925925925925926
0.011695906432748537 0.5925925925925926
0.01168736303871439 0.5925925925925926
0.01167883211678832 0.5925925925925926
0.011670313639679067 0.5925925925925926
0.011661807580174927 0.5925925925925926
0.011653313911143482 0.5925925925925926
0.011644832605531296 0.5925925925925926
0.011636363636363636 0.5925925925925926
0.011627906976744186 0.5925925925925926
0.011619462599854757 0.5925925925925926
0.011611030478955007 0.5925925925925926
0.011602610587382161 0.5925925925925926
0.011594202898550725 0.5925925925925926
0.011585807385952208 0.5925925925925926
0.011577424023154847 0.5925925925925926
0.011569052783803326 0.5925925925925926
0.011560693641618497 0.5925925925925926
0.011552346570397111 0.5925925925925926
0.011544011544011544 0.5925925925925926
0.011535688536409516 0.5925925925925926
0.011527377521613832 0.5925925925925926
0.011519078473722102 0.5925925925925926
0.011510791366906475 0.5925925925925926
0.011502516175413372 0.5925925925925926
0.011494252873563218 0.5925925925925926
0.01148600143575018 0.5925925925925926
0.011477761836441894 0.5925925925925926
0.011469534050179211 0.5925925925925926
0.011461318051575931 0.5925925925925926
0.01145311381531854 0.5925925925925926
0.011444921316165951 0.5925925925925926
0.01143674052894925 0.5925925925925926
0.011428571428571429 0.5925925925925926
0.011420413990007138 0.5925925925925926
0.011412268188302425 0.5925925925925926
0.011404133998574484 0.5925925925925926
0.011396011396011397 0.5925925925925926
0.011387900355871887 0.5925925925925926
0.011379800853485065 0.5925925925925926
0.011371712864250177 0.5925925925925926
0.011363636363636364 0.5925925925925926
0.0113555713271824 0.5925925925925926
0.011347517730496455 0.5925925925925926
0.011339475549255847 0.5925925925925926
0.0113314447592068 0.5925925925925926
0.01132342533616419 0.5925925925925926
0.011315417256011316 0.5925925925925926
0.011307420494699646 0.5925925925925926
0.011299435028248588 0.5925925925925926
0.011291460832745237 0.5925925925925926
0.011283497884344146 0.5925925925925926
0.01127554615926709 0.5925925925925926
0.011267605633802818 0.5925925925925926
0.011259676284306826 0.5925925925925926
0.011251758087201125 0.5925925925925926
0.011243851018973999 0.5925925925925926
0.011235955056179775 0.5925925925925926
0.011228070175438596 0.5925925925925926
0.011220196353436185 0.5925925925925926
0.011212333566923615 0.5925925925925926
0.011204481792717087 0.5925925925925926
0.01119664100769769 0.5925925925925926
0.011188811188811189 0.5925925925925926
0.011180992313067784 0.5925925925925926
0.0111731843575419 0.5925925925925926
0.011165387299371946 0.5925925925925926
0.011157601115760111 0.5925925925925926
0.011149825783972125 0.5925925925925926
0.011142061281337047 0.5925925925925926
0.011134307585247043 0.5925925925925926
0.011126564673157162 0.5925925925925926
0.011118832522585128 0.5925925925925926
0.011111111111111112 0.5925925925925926
0.011103400416377515 0.5925925925925926
0.011095700416088766 0.5925925925925926
0.011088011088011088 0.5925925925925926
0.0110803324099723 0.5925925925925926
0.011072664359861591 0.5925925925925926
0.011065006915629323 0.5925925925925926
0.0110573600552868 0.5925925925925926
0.011049723756906077 0.5925925925925926
0.011042097998619738 0.5925925925925926
0.011034482758620689 0.5925925925925926
0.011026878015161957 0.5925925925925926
0.011019283746556474 0.5925925925925926
0.011011699931176875 0.5925925925925926
0.011004126547455296 0.5925925925925926
0.010996563573883162 0.5925925925925926
0.01098901098901099 0.5925925925925926
0.01098146877144818 0.5925925925925926
0.010973936899862825 0.5925925925925926
0.010966415352981495 0.5925925925925926
0.010958904109589041 0.5925925925925926
0.010951403148528405 0.5925925925925926
0.01094391244870041 0.5925925925925926
0.010936431989063569 0.5925925925925926
0.01092896174863388 0.5925925925925926
0.010921501706484642 0.5925925925925926
0.010914051841746248 0.5925925925925926
0.010906612133605999 0.5925925925925926
0.010899182561307902 0.5925925925925926
0.010891763104152484 0.5925925925925926
0.010884353741496598 0.5925925925925926
0.010876954452753228 0.5925925925925926
0.010869565217391304 0.5925925925925926
0.010862186014935505 0.5925925925925926
0.010854816824966078 0.5925925925925926
0.010847457627118645 0.5925925925925926
0.01084010840108401 0.5925925925925926
0.010832769126607989 0.5925925925925926
0.010825439783491205 0.5925925925925926
0.010818120351588911 0.5925925925925926
0.010810810810810811 0.5925925925925926
0.010803511141120865 0.5925925925925926
0.010796221322537112 0.5925925925925926
0.01078894133513149 0.5925925925925926
0.01078167115902965 0.5925925925925926
0.010774410774410775 0.5925925925925926
0.010767160161507403 0.5925925925925926
0.010759919300605245 0.5925925925925926
0.010752688172043012 0.5925925925925926
0.010745466756212223 0.5925925925925926
0.010738255033557046 0.5925925925925926
0.010731052984574111 0.5925925925925926
0.010723860589812333 0.5925925925925926
0.010716677829872739 0.5925925925925926
0.0107095046854083 0.5925925925925926
0.010702341137123745 0.5925925925925926
0.0106951871657754 0.5925925925925926
0.01068804275217101 0.5925925925925926
0.010680907877169559 0.5925925925925926
0.01067378252168112 0.5925925925925926
0.010666666666666666 0.5925925925925926
0.010659560293137908 0.5925925925925926
0.010652463382157125 0.5925925925925926
0.010645375914836993 0.5925925925925926
0.010638297872340425 0.5925925925925926
0.0106312292358804 0.5925925925925926
0.010624169986719787 0.5925925925925926
0.010617120106171201 0.5925925925925926
0.010610079575596816 0.5925925925925926
0.010603048376408217 0.5925925925925926
0.010596026490066225 0.5925925925925926
0.010589013898080741 0.5925925925925926
0.010582010582010581 0.5925925925925926
0.010575016523463317 0.5925925925925926
0.010568031704095112 0.5925925925925926
0.010561056105610561 0.5925925925925926
0.010554089709762533 0.5925925925925926
0.01054713249835201 0.5925925925925926
0.010540184453227932 0.5925925925925926
0.01053324555628703 0.5925925925925926
0.010526315789473684 0.5925925925925926
0.01051939513477975 0.5925925925925926
0.010512483574244415 0.5925925925925926
0.010505581089954037 0.5925925925925926
0.010498687664041995 0.5925925925925926
0.010491803278688525 0.5925925925925926
0.010484927916120577 0.5925925925925926
0.010478061558611657 0.5925925925925926
0.010471204188481676 0.5925925925925926
0.010464355788096796 0.5925925925925926
0.01045751633986928 0.5925925925925926
0.010450685826257348 0.5925925925925926
0.010443864229765013 0.5925925925925926
0.010437051532941943 0.5925925925925926
0.010430247718383311 0.5925925925925926
0.010423452768729642 0.5925925925925926
0.010416666666666666 0.5925925925925926
0.01040988939492518 0.5925925925925926
0.010403120936280884 0.5925925925925926
0.010396361273554255 0.5925925925925926
0.01038961038961039 0.5925925925925926
0.010382868267358857 0.5925925925925926
0.010376134889753566 0.5925925925925926
0.010369410239792612 0.5925925925925926
0.010362694300518135 0.5925925925925926
0.010355987055016181 0.5925925925925926
0.01034928848641656 0.5925925925925926
0.010342598577892695 0.5925925925925926
0.0103359173126615 0.5925925925925926
0.010329244673983214 0.5925925925925926
0.01032258064516129 0.5925925925925926
0.010315925209542231 0.5925925925925926
0.010309278350515464 0.5925925925925926
0.0103026400515132 0.5925925925925926
0.010296010296010296 0.5925925925925926
0.010289389067524116 0.5925925925925926
0.010282776349614395 0.5925925925925926
0.010276172125883108 0.5925925925925926
