0.0 0.0
0.0 0.0
0.3333333333333333 0.002881844380403458
0.5 0.005763688760806916
0.4 0.005763688760806916
0.3333333333333333 0.005763688760806916
0.2857142857142857 0.005763688760806916
0.25 0.005763688760806916
0.2222222222222222 0.005763688760806916
0.2 0.005763688760806916
0.18181818181818182 0.005763688760806916
0.16666666666666666 0.005763688760806916
0.15384615384615385 0.005763688760806916
0.14285714285714285 0.005763688760806916
0.13333333333333333 0.005763688760806916
0.125 0.005763688760806916
0.11764705882352941 0.005763688760806916
0.1111111111111111 0.005763688760806916
0.10526315789473684 0.005763688760806916
0.1 0.005763688760806916
0.09523809523809523 0.005763688760806916
0.09090909090909091 0.005763688760806916
0.08695652173913043 0.005763688760806916
0.08333333333333333 0.005763688760806916
0.08 0.005763688760806916
0.07692307692307693 0.005763688760806916
0.1111111111111111 0.008645533141210375
0.10714285714285714 0.008645533141210375
0.10344827586206896 0.008645533141210375
0.1 0.008645533141210375
0.12903225806451613 0.011527377521613832
0.125 0.011527377521613832
0.12121212121212122 0.011527377521613832
0.11764705882352941 0.011527377521613832
0.11428571428571428 0.011527377521613832
0.1111111111111111 0.011527377521613832
0.10810810810810811 0.011527377521613832
0.10526315789473684 0.011527377521613832
0.10256410256410256 0.011527377521613832
0.1 0.011527377521613832
0.0975609756097561 0.011527377521613832
0.11904761904761904 0.01440922190201729
0.11627906976744186 0.01440922190201729
0.11363636363636363 0.01440922190201729
0.13333333333333333 0.01729106628242075
0.15217391304347827 0.020172910662824207
0.1702127659574468 0.023054755043227664
0.1875 0.025936599423631124
0.20408163265306123 0.02881844380403458
0.2 0.02881844380403458
0.21568627450980393 0.03170028818443804
0.21153846153846154 0.03170028818443804
0.22641509433962265 0.0345821325648415
0.2222222222222222 0.0345821325648415
0.21818181818181817 0.0345821325648415
0.21428571428571427 0.0345821325648415
0.21052631578947367 0.0345821325648415
0.22413793103448276 0.037463976945244955
0.22033898305084745 0.037463976945244955
0.21666666666666667 0.037463976945244955
0.21311475409836064 0.037463976945244955
0.20967741935483872 0.037463976945244955
0.20634920634920634 0.037463976945244955
0.203125 0.037463976945244955
0.2 0.037463976945244955
0.21212121212121213 0.040345821325648415
0.208955223880597 0.040345821325648415
0.20588235294117646 0.040345821325648415
0.2028985507246377 0.040345821325648415
0.2 0.040345821325648415
0.19718309859154928 0.040345821325648415
0.20833333333333334 0.043227665706051875
0.2054794520547945 0.043227665706051875
0.20270270270270271 0.043227665706051875
0.2 0.043227665706051875
0.21052631578947367 0.04610951008645533
0.2077922077922078 0.04610951008645533
0.21794871794871795 0.04899135446685879
0.22784810126582278 0.05187319884726225
0.225 0.05187319884726225
0.2222222222222222 0.05187319884726225
0.23170731707317074 0.05475504322766571
0.24096385542168675 0.05763688760806916
0.23809523809523808 0.05763688760806916
0.23529411764705882 0.05763688760806916
0.2441860465116279 0.06051873198847262
0.25287356321839083 0.06340057636887608
0.25 0.06340057636887608
0.24719101123595505 0.06340057636887608
0.24444444444444444 0.06340057636887608
0.24175824175824176 0.06340057636887608
0.2391304347826087 0.06340057636887608
0.23655913978494625 0.06340057636887608
0.24468085106382978 0.06628242074927954
0.24210526315789474 0.06628242074927954
0.25 0.069164265129683
0.24742268041237114 0.069164265129683
0.24489795918367346 0.069164265129683
0.24242424242424243 0.069164265129683
0.24 0.069164265129683
0.24752475247524752 0.07204610951008646
0.24509803921568626 0.07204610951008646
0.2524271844660194 0.07492795389048991
0.25 0.07492795389048991
0.2571428571428571 0.07780979827089338
0.2641509433962264 0.08069164265129683
0.2616822429906542 0.08069164265129683
0.26851851851851855 0.08357348703170028
0.27522935779816515 0.08645533141210375
0.2818181818181818 0.0893371757925072
0.2882882882882883 0.09221902017291066
0.29464285714285715 0.09510086455331412
0.3008849557522124 0.09798270893371758
0.2982456140350877 0.09798270893371758
0.2956521739130435 0.09798270893371758
0.29310344827586204 0.09798270893371758
0.2905982905982906 0.09798270893371758
0.288135593220339 0.09798270893371758
0.2857142857142857 0.09798270893371758
0.2833333333333333 0.09798270893371758
0.2809917355371901 0.09798270893371758
0.2786885245901639 0.09798270893371758
0.2764227642276423 0.09798270893371758
0.28225806451612906 0.10086455331412104
0.28 0.10086455331412104
0.2777777777777778 0.10086455331412104
0.2755905511811024 0.10086455331412104
0.2734375 0.10086455331412104
0.2713178294573643 0.10086455331412104
0.2692307692307692 0.10086455331412104
0.26717557251908397 0.10086455331412104
0.26515151515151514 0.10086455331412104
0.2631578947368421 0.10086455331412104
0.26119402985074625 0.10086455331412104
0.25925925925925924 0.10086455331412104
0.25735294117647056 0.10086455331412104
0.25547445255474455 0.10086455331412104
0.2608695652173913 0.1037463976945245
0.2589928057553957 0.1037463976945245
0.2571428571428571 0.1037463976945245
0.2553191489361702 0.1037463976945245
0.2535211267605634 0.1037463976945245
0.2517482517482518 0.1037463976945245
0.25 0.1037463976945245
0.25517241379310346 0.10662824207492795
0.2534246575342466 0.10662824207492795
0.2585034013605442 0.10951008645533142
0.25675675675675674 0.10951008645533142
0.2550335570469799 0.10951008645533142
0.25333333333333335 0.10951008645533142
0.2582781456953642 0.11239193083573487
0.2631578947368421 0.11527377521613832
0.26143790849673204 0.11527377521613832
0.2662337662337662 0.11815561959654179
0.2645161290322581 0.11815561959654179
0.26282051282051283 0.11815561959654179
0.2611464968152866 0.11815561959654179
0.25949367088607594 0.11815561959654179
0.2578616352201258 0.11815561959654179
0.25625 0.11815561959654179
0.2546583850931677 0.11815561959654179
0.25308641975308643 0.11815561959654179
0.25766871165644173 0.12103746397694524
0.25609756097560976 0.12103746397694524
0.2545454545454545 0.12103746397694524
0.25301204819277107 0.12103746397694524
0.25748502994011974 0.1239193083573487
0.25595238095238093 0.1239193083573487
0.25443786982248523 0.1239193083573487
0.2529411764705882 0.1239193083573487
0.25146198830409355 0.1239193083573487
0.2558139534883721 0.12680115273775217
0.2543352601156069 0.12680115273775217
0.25287356321839083 0.12680115273775217
0.2571428571428571 0.12968299711815562
0.26136363636363635 0.13256484149855907
0.2598870056497175 0.13256484149855907
0.25842696629213485 0.13256484149855907
0.2569832402234637 0.13256484149855907
0.25555555555555554 0.13256484149855907
0.2541436464088398 0.13256484149855907
0.25274725274725274 0.13256484149855907
0.25136612021857924 0.13256484149855907
0.25 0.13256484149855907
0.24864864864864866 0.13256484149855907
0.24731182795698925 0.13256484149855907
0.24598930481283424 0.13256484149855907
0.24468085106382978 0.13256484149855907
0.24338624338624337 0.13256484149855907
0.24210526315789474 0.13256484149855907
0.24083769633507854 0.13256484149855907
0.23958333333333334 0.13256484149855907
0.23834196891191708 0.13256484149855907
0.23711340206185566 0.13256484149855907
0.2358974358974359 0.13256484149855907
0.23469387755102042 0.13256484149855907
0.233502538071066 0.13256484149855907
0.23232323232323232 0.13256484149855907
0.23115577889447236 0.13256484149855907
0.23 0.13256484149855907
0.22885572139303484 0.13256484149855907
0.22772277227722773 0.13256484149855907
0.2315270935960591 0.13544668587896252
0.23529411764705882 0.138328530259366
0.23902439024390243 0.14121037463976946
0.23786407766990292 0.14121037463976946
0.23671497584541062 0.14121037463976946
0.23557692307692307 0.14121037463976946
0.23444976076555024 0.14121037463976946
0.23333333333333334 0.14121037463976946
0.23222748815165878 0.14121037463976946
0.23113207547169812 0.14121037463976946
0.2300469483568075 0.14121037463976946
0.22897196261682243 0.14121037463976946
0.22790697674418606 0.14121037463976946
0.22685185185185186 0.14121037463976946
0.2304147465437788 0.1440922190201729
0.22935779816513763 0.1440922190201729
0.2328767123287671 0.14697406340057637
0.23636363636363636 0.14985590778097982
0.23529411764705882 0.14985590778097982
0.23423423423423423 0.14985590778097982
0.23318385650224216 0.14985590778097982
0.23214285714285715 0.14985590778097982
0.2311111111111111 0.14985590778097982
0.23008849557522124 0.14985590778097982
0.2290748898678414 0.14985590778097982
0.22807017543859648 0.14985590778097982
0.22707423580786026 0.14985590778097982
0.22608695652173913 0.14985590778097982
0.22510822510822512 0.14985590778097982
0.22413793103448276 0.14985590778097982
0.22317596566523606 0.14985590778097982
0.2222222222222222 0.14985590778097982
0.22127659574468084 0.14985590778097982
0.22033898305084745 0.14985590778097982
0.21940928270042195 0.14985590778097982
0.2184873949579832 0.14985590778097982
0.2175732217573222 0.14985590778097982
0.21666666666666667 0.14985590778097982
0.2157676348547718 0.14985590778097982
0.21487603305785125 0.14985590778097982
0.2139917695473251 0.14985590778097982
0.21311475409836064 0.14985590778097982
0.21224489795918366 0.14985590778097982
0.21138211382113822 0.14985590778097982
0.21052631578947367 0.14985590778097982
0.20967741935483872 0.14985590778097982
0.20883534136546184 0.14985590778097982
0.208 0.14985590778097982
0.20717131474103587 0.14985590778097982
0.20634920634920634 0.14985590778097982
0.20553359683794467 0.14985590778097982
0.2047244094488189 0.14985590778097982
0.20392156862745098 0.14985590778097982
0.203125 0.14985590778097982
0.20622568093385213 0.15273775216138327
0.2054263565891473 0.15273775216138327
0.20463320463320464 0.15273775216138327
0.20384615384615384 0.15273775216138327
0.20306513409961685 0.15273775216138327
0.20229007633587787 0.15273775216138327
0.20152091254752852 0.15273775216138327
0.20075757575757575 0.15273775216138327
0.2 0.15273775216138327
0.19924812030075187 0.15273775216138327
0.20224719101123595 0.15561959654178675
0.20149253731343283 0.15561959654178675
0.20074349442379183 0.15561959654178675
0.2 0.15561959654178675
0.1992619926199262 0.15561959654178675
0.19852941176470587 0.15561959654178675
0.1978021978021978 0.15561959654178675
0.19708029197080293 0.15561959654178675
0.19636363636363635 0.15561959654178675
0.1956521739130435 0.15561959654178675
0.19855595667870035 0.1585014409221902
0.19784172661870503 0.1585014409221902
0.1971326164874552 0.1585014409221902
0.19642857142857142 0.1585014409221902
0.19572953736654805 0.1585014409221902
0.1950354609929078 0.1585014409221902
0.19434628975265017 0.1585014409221902
0.1936619718309859 0.1585014409221902
0.19298245614035087 0.1585014409221902
0.19230769230769232 0.1585014409221902
0.1916376306620209 0.1585014409221902
0.1909722222222222 0.1585014409221902
0.1903114186851211 0.1585014409221902
0.1896551724137931 0.1585014409221902
0.18900343642611683 0.1585014409221902
0.18835616438356165 0.1585014409221902
0.18771331058020477 0.1585014409221902
0.1870748299319728 0.1585014409221902
0.1864406779661017 0.1585014409221902
0.1858108108108108 0.1585014409221902
0.18518518518518517 0.1585014409221902
0.18456375838926176 0.1585014409221902
0.18394648829431437 0.1585014409221902
0.18333333333333332 0.1585014409221902
0.18272425249169436 0.1585014409221902
0.18211920529801323 0.1585014409221902
0.18151815181518152 0.1585014409221902
0.18092105263157895 0.1585014409221902
0.18032786885245902 0.1585014409221902
0.17973856209150327 0.1585014409221902
0.18241042345276873 0.16138328530259366
0.18181818181818182 0.16138328530259366
0.18446601941747573 0.1642651296829971
0.1870967741935484 0.16714697406340057
0.1864951768488746 0.16714697406340057
0.1858974358974359 0.16714697406340057
0.1853035143769968 0.16714697406340057
0.18471337579617833 0.16714697406340057
0.18412698412698414 0.16714697406340057
0.18354430379746836 0.16714697406340057
0.1829652996845426 0.16714697406340057
0.18238993710691823 0.16714697406340057
0.18181818181818182 0.16714697406340057
0.18125 0.16714697406340057
0.1806853582554517 0.16714697406340057
0.18012422360248448 0.16714697406340057
0.17956656346749225 0.16714697406340057
0.17901234567901234 0.16714697406340057
0.17846153846153845 0.16714697406340057
0.17791411042944785 0.16714697406340057
0.17737003058103976 0.16714697406340057
0.17682926829268292 0.16714697406340057
0.1762917933130699 0.16714697406340057
0.17575757575757575 0.16714697406340057
0.17522658610271905 0.16714697406340057
0.1746987951807229 0.16714697406340057
0.17417417417417416 0.16714697406340057
0.17365269461077845 0.16714697406340057
0.17313432835820897 0.16714697406340057
0.17261904761904762 0.16714697406340057
0.17210682492581603 0.16714697406340057
0.17159763313609466 0.16714697406340057
0.1710914454277286 0.16714697406340057
0.17058823529411765 0.16714697406340057
0.17008797653958943 0.16714697406340057
0.1695906432748538 0.16714697406340057
0.16909620991253643 0.16714697406340057
0.1686046511627907 0.16714697406340057
0.1681159420289855 0.16714697406340057
0.1676300578034682 0.16714697406340057
0.16714697406340057 0.16714697406340057
0.16666666666666666 0.16714697406340057
0.166189111747851 0.16714697406340057
0.1657142857142857 0.16714697406340057
0.16524216524216523 0.16714697406340057
0.16477272727272727 0.16714697406340057
0.1643059490084986 0.16714697406340057
0.1638418079096045 0.16714697406340057
0.16338028169014085 0.16714697406340057
0.16292134831460675 0.16714697406340057
0.16246498599439776 0.16714697406340057
0.16201117318435754 0.16714697406340057
0.1615598885793872 0.16714697406340057
0.16111111111111112 0.16714697406340057
0.16066481994459833 0.16714697406340057
0.16022099447513813 0.16714697406340057
0.15977961432506887 0.16714697406340057
0.15934065934065933 0.16714697406340057
0.1589041095890411 0.16714697406340057
0.15846994535519127 0.16714697406340057
0.15803814713896458 0.16714697406340057
0.15760869565217392 0.16714697406340057
0.15718157181571815 0.16714697406340057
0.15675675675675677 0.16714697406340057
0.15633423180592992 0.16714697406340057
0.15591397849462366 0.16714697406340057
0.1581769436997319 0.17002881844380405
0.15775401069518716 0.17002881844380405
0.16 0.1729106628242075
0.1595744680851064 0.1729106628242075
0.16180371352785147 0.17579250720461095
0.16137566137566137 0.17579250720461095
0.16094986807387862 0.17579250720461095
0.16052631578947368 0.17579250720461095
0.16010498687664043 0.17579250720461095
0.15968586387434555 0.17579250720461095
0.15926892950391644 0.17579250720461095
0.15885416666666666 0.17579250720461095
0.16103896103896104 0.1786743515850144
0.16062176165803108 0.1786743515850144
0.16279069767441862 0.18155619596541786
0.16237113402061856 0.18155619596541786
0.16195372750642673 0.18155619596541786
0.16153846153846155 0.18155619596541786
0.16112531969309463 0.18155619596541786
0.16071428571428573 0.18155619596541786
0.16030534351145037 0.18155619596541786
0.1598984771573604 0.18155619596541786
0.1620253164556962 0.1844380403458213
0.16414141414141414 0.1873198847262248
0.163727959697733 0.1873198847262248
0.16331658291457288 0.1873198847262248
0.16541353383458646 0.19020172910662825
0.165 0.19020172910662825
0.16708229426433915 0.1930835734870317
0.1691542288557214 0.19596541786743515
0.17121588089330025 0.1988472622478386
0.17326732673267325 0.2017291066282421
0.1728395061728395 0.2017291066282421
0.1724137931034483 0.2017291066282421
0.171990171990172 0.2017291066282421
0.17401960784313725 0.20461095100864554
0.17359413202933985 0.20461095100864554
0.17317073170731706 0.20461095100864554
0.17274939172749393 0.20461095100864554
0.17233009708737865 0.20461095100864554
0.17191283292978207 0.20461095100864554
0.17391304347826086 0.207492795389049
0.17590361445783131 0.21037463976945245
0.17548076923076922 0.21037463976945245
0.1750599520383693 0.21037463976945245
0.17464114832535885 0.21037463976945245
0.17422434367541767 0.21037463976945245
0.1738095238095238 0.21037463976945245
0.17577197149643706 0.2132564841498559
0.17772511848341233 0.21613832853025935
0.1773049645390071 0.21613832853025935
0.17688679245283018 0.21613832853025935
0.17647058823529413 0.21613832853025935
0.176056338028169 0.21613832853025935
0.1756440281030445 0.21613832853025935
0.17523364485981308 0.21613832853025935
0.17482517482517482 0.21613832853025935
0.1744186046511628 0.21613832853025935
0.1740139211136891 0.21613832853025935
0.17592592592592593 0.21902017291066284
0.17551963048498845 0.21902017291066284
0.1774193548387097 0.2219020172910663
0.17701149425287357 0.2219020172910663
0.17660550458715596 0.2219020172910663
0.17620137299771166 0.2219020172910663
0.1780821917808219 0.22478386167146974
0.17995444191343962 0.2276657060518732
0.18181818181818182 0.23054755043227665
0.18140589569160998 0.23054755043227665
0.18099547511312217 0.23054755043227665
0.18058690744920994 0.23054755043227665
0.18018018018018017 0.23054755043227665
0.1797752808988764 0.23054755043227665
0.17937219730941703 0.23054755043227665
0.1789709172259508 0.23054755043227665
0.17857142857142858 0.23054755043227665
0.17817371937639198 0.23054755043227665
0.17777777777777778 0.23054755043227665
0.17738359201773837 0.23054755043227665
0.17699115044247787 0.23054755043227665
0.17880794701986755 0.2334293948126801
0.18061674008810572 0.23631123919308358
0.18021978021978022 0.23631123919308358
0.17982456140350878 0.23631123919308358
0.17943107221006566 0.23631123919308358
0.17903930131004367 0.23631123919308358
0.1786492374727669 0.23631123919308358
0.1782608695652174 0.23631123919308358
0.17787418655097614 0.23631123919308358
0.1774891774891775 0.23631123919308358
0.17926565874730022 0.23919308357348704
0.1788793103448276 0.23919308357348704
0.17849462365591398 0.23919308357348704
0.18025751072961374 0.2420749279538905
0.17987152034261242 0.2420749279538905
0.1794871794871795 0.2420749279538905
0.1791044776119403 0.2420749279538905
0.17872340425531916 0.2420749279538905
0.17834394904458598 0.2420749279538905
0.17796610169491525 0.2420749279538905
0.17970401691331925 0.24495677233429394
0.17932489451476794 0.24495677233429394
0.17894736842105263 0.24495677233429394
0.18067226890756302 0.2478386167146974
0.18029350104821804 0.2478386167146974
0.1799163179916318 0.2478386167146974
0.17954070981210857 0.2478386167146974
0.17916666666666667 0.2478386167146974
0.1787941787941788 0.2478386167146974
0.17842323651452283 0.2478386167146974
0.17805383022774326 0.2478386167146974
0.17768595041322313 0.2478386167146974
0.177319587628866 0.2478386167146974
0.17695473251028807 0.2478386167146974
0.17659137577002054 0.2478386167146974
0.1762295081967213 0.2478386167146974
0.17586912065439672 0.2478386167146974
0.17551020408163265 0.2478386167146974
0.17515274949083504 0.2478386167146974
0.17479674796747968 0.2478386167146974
0.1744421906693712 0.2478386167146974
0.17408906882591094 0.2478386167146974
0.17373737373737375 0.2478386167146974
0.17338709677419356 0.2478386167146974
0.17303822937625754 0.2478386167146974
0.17269076305220885 0.2478386167146974
0.17234468937875752 0.2478386167146974
0.172 0.2478386167146974
0.17165668662674652 0.2478386167146974
0.17131474103585656 0.2478386167146974
0.1709741550695825 0.2478386167146974
0.17063492063492064 0.2478386167146974
0.1702970297029703 0.2478386167146974
0.16996047430830039 0.2478386167146974
0.16962524654832348 0.2478386167146974
0.16929133858267717 0.2478386167146974
0.16895874263261296 0.2478386167146974
0.16862745098039217 0.2478386167146974
0.16829745596868884 0.2478386167146974
0.16796875 0.2478386167146974
0.16764132553606237 0.2478386167146974
0.16731517509727625 0.2478386167146974
0.1669902912621359 0.2478386167146974
0.1686046511627907 0.2507204610951009
0.16827852998065765 0.2507204610951009
0.16795366795366795 0.2507204610951009
0.16955684007707128 0.25360230547550433
0.16923076923076924 0.25360230547550433
0.1689059500959693 0.25360230547550433
0.1685823754789272 0.25360230547550433
0.1682600382409178 0.25360230547550433
0.16793893129770993 0.25360230547550433
0.1676190476190476 0.25360230547550433
0.16730038022813687 0.25360230547550433
0.16698292220113853 0.25360230547550433
0.16666666666666666 0.25360230547550433
0.166351606805293 0.25360230547550433
0.1660377358490566 0.25360230547550433
0.16760828625235405 0.2564841498559078
0.16729323308270677 0.2564841498559078
0.1669793621013133 0.2564841498559078
0.16666666666666666 0.2564841498559078
0.16635514018691588 0.2564841498559078
0.166044776119403 0.2564841498559078
0.16573556797020483 0.2564841498559078
0.1654275092936803 0.2564841498559078
0.16512059369202226 0.2564841498559078
0.1648148148148148 0.2564841498559078
0.1645101663585952 0.2564841498559078
0.16420664206642066 0.2564841498559078
0.16390423572744015 0.2564841498559078
0.1636029411764706 0.2564841498559078
0.163302752293578 0.2564841498559078
0.163003663003663 0.2564841498559078
0.16270566727605118 0.2564841498559078
0.1624087591240876 0.2564841498559078
0.1621129326047359 0.2564841498559078
0.1618181818181818 0.2564841498559078
0.16152450090744103 0.2564841498559078
0.161231884057971 0.2564841498559078
0.1609403254972875 0.2564841498559078
0.16064981949458484 0.2564841498559078
0.16036036036036036 0.2564841498559078
0.16007194244604317 0.2564841498559078
0.15978456014362658 0.2564841498559078
0.16129032258064516 0.25936599423631124
0.16100178890876565 0.25936599423631124
0.16071428571428573 0.25936599423631124
0.16042780748663102 0.25936599423631124
0.1601423487544484 0.25936599423631124
0.15985790408525755 0.25936599423631124
0.1595744680851064 0.25936599423631124
0.1592920353982301 0.25936599423631124
0.15901060070671377 0.25936599423631124
0.15873015873015872 0.25936599423631124
0.1602112676056338 0.2622478386167147
0.15992970123022848 0.2622478386167147
0.15964912280701754 0.2622478386167147
0.159369527145359 0.2622478386167147
0.1590909090909091 0.2622478386167147
0.15881326352530542 0.2622478386167147
0.15853658536585366 0.2622478386167147
0.1582608695652174 0.2622478386167147
0.1579861111111111 0.2622478386167147
0.15771230502599654 0.2622478386167147
0.157439446366782 0.2622478386167147
0.15716753022452504 0.2622478386167147
0.15689655172413794 0.2622478386167147
0.1566265060240964 0.2622478386167147
0.1563573883161512 0.2622478386167147
0.15608919382504288 0.2622478386167147
0.15753424657534246 0.26512968299711814
0.15726495726495726 0.26512968299711814
0.15870307167235495 0.2680115273775216
0.15843270868824533 0.2680115273775216
0.15816326530612246 0.2680115273775216
0.15959252971137522 0.27089337175792505
0.16101694915254236 0.2737752161383285
0.16074450084602368 0.2737752161383285
0.16047297297297297 0.2737752161383285
0.16020236087689713 0.2737752161383285
0.15993265993265993 0.2737752161383285
0.15966386554621848 0.2737752161383285
0.1593959731543624 0.2737752161383285
0.15912897822445563 0.2737752161383285
0.1588628762541806 0.2737752161383285
0.15859766277128548 0.2737752161383285
0.15833333333333333 0.2737752161383285
0.15973377703826955 0.276657060518732
0.15946843853820597 0.276657060518732
0.15920398009950248 0.276657060518732
0.15894039735099338 0.276657060518732
0.15867768595041323 0.276657060518732
0.15841584158415842 0.276657060518732
0.15815485996705106 0.276657060518732
0.15789473684210525 0.276657060518732
0.15763546798029557 0.276657060518732
0.15737704918032788 0.276657060518732
0.15711947626841244 0.276657060518732
0.1568627450980392 0.276657060518732
0.1566068515497553 0.276657060518732
0.1563517915309446 0.276657060518732
0.15609756097560976 0.276657060518732
0.15584415584415584 0.276657060518732
0.15559157212317667 0.276657060518732
0.1553398058252427 0.276657060518732
0.15508885298869143 0.276657060518732
0.15483870967741936 0.276657060518732
0.15458937198067632 0.276657060518732
0.15434083601286175 0.276657060518732
0.15409309791332262 0.276657060518732
0.15384615384615385 0.276657060518732
0.1536 0.276657060518732
0.15335463258785942 0.276657060518732
0.15311004784688995 0.276657060518732
0.15286624203821655 0.276657060518732
0.15262321144674085 0.276657060518732
0.15396825396825398 0.27953890489913547
0.15530903328050713 0.2824207492795389
0.15664556962025317 0.28530259365994237
0.15639810426540285 0.28530259365994237
0.15615141955835962 0.28530259365994237
0.15590551181102363 0.28530259365994237
0.15566037735849056 0.28530259365994237
0.1554160125588697 0.28530259365994237
0.15517241379310345 0.28530259365994237
0.15492957746478872 0.28530259365994237
0.1546875 0.28530259365994237
0.1544461778471139 0.28530259365994237
0.1542056074766355 0.28530259365994237
0.15396578538102643 0.28530259365994237
0.15372670807453417 0.28530259365994237
0.15348837209302327 0.28530259365994237
0.15325077399380804 0.28530259365994237
0.15301391035548687 0.28530259365994237
0.1527777777777778 0.28530259365994237
0.15254237288135594 0.28530259365994237
0.1523076923076923 0.28530259365994237
0.15207373271889402 0.28530259365994237
0.15184049079754602 0.28530259365994237
0.15160796324655437 0.28530259365994237
0.15137614678899083 0.28530259365994237
0.15114503816793892 0.28530259365994237
0.15091463414634146 0.28530259365994237
0.1506849315068493 0.28530259365994237
0.15045592705167174 0.28530259365994237
0.15022761760242792 0.28530259365994237
0.15 0.28530259365994237
0.14977307110438728 0.28530259365994237
0.14954682779456194 0.28530259365994237
0.1493212669683258 0.28530259365994237
0.14909638554216867 0.28530259365994237
0.14887218045112782 0.28530259365994237
0.14864864864864866 0.28530259365994237
0.14842578710644677 0.28530259365994237
0.14820359281437126 0.28530259365994237
0.14798206278026907 0.28530259365994237
0.14776119402985075 0.28530259365994237
0.14754098360655737 0.28530259365994237
0.14732142857142858 0.28530259365994237
0.14710252600297177 0.28530259365994237
0.14688427299703263 0.28530259365994237
0.14666666666666667 0.28530259365994237
0.14644970414201183 0.28530259365994237
0.14623338257016247 0.28530259365994237
0.14601769911504425 0.28530259365994237
0.14580265095729014 0.28530259365994237
0.14558823529411766 0.28530259365994237
0.14537444933920704 0.28530259365994237
0.14516129032258066 0.28530259365994237
0.14494875549048317 0.28530259365994237
0.14473684210526316 0.28530259365994237
0.14452554744525548 0.28530259365994237
0.14431486880466474 0.28530259365994237
0.14410480349344978 0.28530259365994237
0.1438953488372093 0.28530259365994237
0.14368650217706821 0.28530259365994237
0.14347826086956522 0.28530259365994237
0.14327062228654125 0.28530259365994237
0.1430635838150289 0.28530259365994237
0.14285714285714285 0.28530259365994237
0.14265129682997119 0.28530259365994237
0.14388489208633093 0.2881844380403458
0.14367816091954022 0.2881844380403458
0.1449067431850789 0.2910662824207493
0.14613180515759314 0.29394812680115273
0.1459227467811159 0.29394812680115273
0.1457142857142857 0.29394812680115273
0.14550641940085593 0.29394812680115273
0.1452991452991453 0.29394812680115273
0.14509246088193456 0.29394812680115273
0.14488636363636365 0.29394812680115273
0.14468085106382977 0.29394812680115273
0.14447592067988668 0.29394812680115273
0.14427157001414428 0.29394812680115273
0.1440677966101695 0.29394812680115273
0.14527503526093088 0.2968299711815562
0.14647887323943662 0.29971181556195964
0.14627285513361463 0.29971181556195964
0.14606741573033707 0.29971181556195964
0.1458625525946704 0.29971181556195964
0.14565826330532214 0.29971181556195964
0.14545454545454545 0.29971181556195964
0.1452513966480447 0.29971181556195964
0.14504881450488144 0.29971181556195964
0.14484679665738162 0.29971181556195964
0.14464534075104313 0.29971181556195964
0.14444444444444443 0.29971181556195964
0.14424410540915394 0.29971181556195964
0.1440443213296399 0.29971181556195964
0.14384508990318118 0.29971181556195964
0.143646408839779 0.29971181556195964
0.14344827586206896 0.29971181556195964
0.14325068870523416 0.29971181556195964
0.14305364511691884 0.29971181556195964
0.14285714285714285 0.29971181556195964
0.14266117969821673 0.29971181556195964
0.14246575342465753 0.29971181556195964
0.14227086183310533 0.29971181556195964
0.14207650273224043 0.29971181556195964
0.14188267394270124 0.29971181556195964
0.14168937329700274 0.29971181556195964
0.1414965986394558 0.29971181556195964
0.14130434782608695 0.29971181556195964
0.14111261872455902 0.29971181556195964
0.14092140921409213 0.29971181556195964
0.14073071718538566 0.29971181556195964
0.14054054054054055 0.29971181556195964
0.14035087719298245 0.29971181556195964
0.14016172506738545 0.29971181556195964
0.13997308209959622 0.29971181556195964
0.13978494623655913 0.29971181556195964
0.1395973154362416 0.29971181556195964
0.13941018766756033 0.29971181556195964
0.1392235609103079 0.29971181556195964
0.13903743315508021 0.29971181556195964
0.13885180240320427 0.29971181556195964
0.14 0.3025936599423631
0.13981358189081225 0.3025936599423631
0.13962765957446807 0.3025936599423631
0.1394422310756972 0.3025936599423631
0.13925729442970822 0.3025936599423631
0.1390728476821192 0.3025936599423631
0.1388888888888889 0.3025936599423631
0.13870541611624834 0.3025936599423631
0.13852242744063326 0.3025936599423631
0.1383399209486166 0.3025936599423631
0.13815789473684212 0.3025936599423631
0.13797634691195795 0.3025936599423631
0.1377952755905512 0.3025936599423631
0.13761467889908258 0.3025936599423631
0.13743455497382198 0.3025936599423631
0.13725490196078433 0.3025936599423631
0.13838120104438642 0.30547550432276654
0.13820078226857888 0.30547550432276654
0.13802083333333334 0.30547550432276654
0.1378413524057217 0.30547550432276654
0.13766233766233765 0.30547550432276654
0.13748378728923477 0.30547550432276654
0.13730569948186527 0.30547550432276654
0.1371280724450194 0.30547550432276654
0.13695090439276486 0.30547550432276654
0.1367741935483871 0.30547550432276654
0.13659793814432988 0.30547550432276654
0.1364221364221364 0.30547550432276654
0.13624678663239073 0.30547550432276654
0.13607188703465983 0.30547550432276654
0.1358974358974359 0.30547550432276654
0.1357234314980794 0.30547550432276654
0.13554987212276215 0.30547550432276654
0.13537675606641125 0.30547550432276654
0.13520408163265307 0.30547550432276654
0.13503184713375796 0.30547550432276654
0.13486005089058525 0.30547550432276654
0.13468869123252858 0.30547550432276654
0.13451776649746192 0.30547550432276654
0.13434727503168567 0.30547550432276654
0.1341772151898734 0.30547550432276654
0.13400758533501897 0.30547550432276654
0.13383838383838384 0.30547550432276654
0.13366960907944514 0.30547550432276654
0.13350125944584382 0.30547550432276654
0.13333333333333333 0.30547550432276654
0.13316582914572864 0.30547550432276654
0.1329987452948557 0.30547550432276654
0.13283208020050125 0.30547550432276654
0.13266583229036297 0.30547550432276654
0.1325 0.30547550432276654
0.132334581772784 0.30547550432276654
0.13216957605985039 0.30547550432276654
0.1320049813200498 0.30547550432276654
0.1318407960199005 0.30547550432276654
0.13167701863354037 0.30547550432276654
0.1315136476426799 0.30547550432276654
0.13135068153655513 0.30547550432276654
0.1311881188118812 0.30547550432276654
0.13102595797280595 0.30547550432276654
0.1308641975308642 0.30547550432276654
0.13070283600493218 0.30547550432276654
0.13054187192118227 0.30547550432276654
0.13038130381303814 0.30547550432276654
0.13022113022113022 0.30547550432276654
0.13006134969325153 0.30547550432276654
0.12990196078431374 0.30547550432276654
0.12974296205630356 0.30547550432276654
0.1295843520782396 0.30547550432276654
0.12942612942612944 0.30547550432276654
0.12926829268292683 0.30547550432276654
0.12911084043848964 0.30547550432276654
0.12895377128953772 0.30547550432276654
0.12879708383961117 0.30547550432276654
0.12864077669902912 0.30547550432276654
0.12848484848484848 0.30547550432276654
0.12832929782082325 0.30547550432276654
0.12817412333736397 0.30547550432276654
0.1280193236714976 0.30547550432276654
0.1278648974668275 0.30547550432276654
0.12771084337349398 0.30547550432276654
0.12755716004813478 0.30547550432276654
0.12740384615384615 0.30547550432276654
0.12845138055222088 0.30835734870317005
0.12829736211031176 0.30835734870317005
0.12934131736526946 0.3112391930835735
0.1291866028708134 0.3112391930835735
0.13022700119474312 0.31412103746397696
0.13007159904534607 0.31412103746397696
0.1299165673420739 0.31412103746397696
0.12976190476190477 0.31412103746397696
0.13079667063020214 0.3170028818443804
0.13064133016627077 0.3170028818443804
0.13048635824436536 0.3170028818443804
0.13033175355450238 0.3170028818443804
0.1301775147928994 0.3170028818443804
0.13002364066193853 0.3170028818443804
0.12987012987012986 0.3170028818443804
0.12971698113207547 0.3170028818443804
0.12956419316843346 0.3170028818443804
0.12941176470588237 0.3170028818443804
0.12925969447708577 0.3170028818443804
0.12910798122065728 0.3170028818443804
0.12895662368112543 0.3170028818443804
0.1288056206088993 0.3170028818443804
0.1286549707602339 0.3170028818443804
0.12850467289719625 0.3170028818443804
0.12835472578763127 0.3170028818443804
0.12937062937062938 0.31988472622478387
0.12922002328288706 0.31988472622478387
0.12906976744186047 0.31988472622478387
0.1289198606271777 0.31988472622478387
0.12877030162412992 0.31988472622478387
0.12862108922363846 0.31988472622478387
0.1284722222222222 0.31988472622478387
0.1283236994219653 0.31988472622478387
0.12817551963048499 0.31988472622478387
0.12802768166089964 0.31988472622478387
0.12788018433179724 0.31988472622478387
0.1277330264672037 0.31988472622478387
0.12758620689655173 0.31988472622478387
0.12743972445464982 0.31988472622478387
0.12729357798165136 0.31988472622478387
0.12714776632302405 0.31988472622478387
0.12700228832951946 0.31988472622478387
0.12685714285714286 0.31988472622478387
0.1267123287671233 0.31988472622478387
0.1265678449258837 0.31988472622478387
0.1264236902050114 0.31988472622478387
0.12627986348122866 0.31988472622478387
0.12613636363636363 0.31988472622478387
0.12599318955732122 0.31988472622478387
0.12585034013605442 0.31988472622478387
0.12570781426953567 0.31988472622478387
0.1255656108597285 0.31988472622478387
0.12542372881355932 0.31988472622478387
0.1252821670428894 0.31988472622478387
0.1262683201803833 0.3227665706051873
0.12725225225225226 0.3256484149855908
0.12710911136107986 0.3256484149855908
0.12696629213483146 0.3256484149855908
0.12682379349046016 0.3256484149855908
0.1266816143497758 0.3256484149855908
0.1265397536394177 0.3256484149855908
0.12639821029082773 0.3256484149855908
0.12625698324022347 0.3256484149855908
0.12611607142857142 0.3256484149855908
0.12597547380156077 0.3256484149855908
0.12583518930957685 0.3256484149855908
0.12569521690767518 0.3256484149855908
0.12555555555555556 0.3256484149855908
0.12541620421753608 0.3256484149855908
0.12527716186252771 0.3256484149855908
0.12513842746400886 0.3256484149855908
0.125 0.3256484149855908
0.12486187845303867 0.3256484149855908
0.12472406181015452 0.3256484149855908
0.12458654906284454 0.3256484149855908
0.12444933920704845 0.3256484149855908
0.12431243124312431 0.3256484149855908
0.12417582417582418 0.3256484149855908
0.12403951701427003 0.3256484149855908
0.12390350877192982 0.3256484149855908
0.12376779846659365 0.3256484149855908
0.12363238512035012 0.3256484149855908
0.12349726775956284 0.3256484149855908
0.12336244541484716 0.3256484149855908
0.12322791712104689 0.3256484149855908
0.12309368191721133 0.3256484149855908
0.12295973884657237 0.3256484149855908
0.12282608695652174 0.3256484149855908
0.12269272529858849 0.3256484149855908
0.12255965292841649 0.3256484149855908
0.12242686890574214 0.3256484149855908
0.12229437229437229 0.3256484149855908
0.12216216216216216 0.3256484149855908
0.12203023758099352 0.3256484149855908
0.12189859762675297 0.3256484149855908
0.12176724137931035 0.3256484149855908
0.1216361679224973 0.3256484149855908
0.12150537634408602 0.3256484149855908
0.12137486573576799 0.3256484149855908
0.12124463519313304 0.3256484149855908
0.12111468381564845 0.3256484149855908
0.12098501070663811 0.3256484149855908
0.12085561497326203 0.3256484149855908
0.12072649572649573 0.3256484149855908
0.12059765208110992 0.3256484149855908
0.12046908315565032 0.3256484149855908
0.12034078807241747 0.3256484149855908
0.1202127659574468 0.3256484149855908
0.12008501594048884 0.3256484149855908
0.11995753715498939 0.3256484149855908
0.11983032873807 0.3256484149855908
0.11970338983050847 0.3256484149855908
0.11957671957671957 0.3256484149855908
0.11945031712473574 0.3256484149855908
0.11932418162618796 0.3256484149855908
0.11919831223628692 0.3256484149855908
0.11907270811380401 0.3256484149855908
0.11894736842105263 0.3256484149855908
0.11882229232386961 0.3256484149855908
0.11869747899159663 0.3256484149855908
0.11857292759706191 0.3256484149855908
0.11844863731656184 0.3256484149855908
0.11832460732984293 0.3256484149855908
0.11820083682008369 0.3256484149855908
0.1180773249738767 0.3256484149855908
0.11795407098121086 0.3256484149855908
0.11783107403545359 0.3256484149855908
0.11770833333333333 0.3256484149855908
0.11758584807492195 0.3256484149855908
0.11746361746361747 0.3256484149855908
0.11734164070612668 0.3256484149855908
0.11721991701244813 0.3256484149855908
0.11709844559585492 0.3256484149855908
0.11697722567287784 0.3256484149855908
0.11685625646328852 0.3256484149855908
0.11673553719008264 0.3256484149855908
0.11661506707946337 0.3256484149855908
0.11649484536082474 0.3256484149855908
0.11637487126673532 0.3256484149855908
0.11625514403292181 0.3256484149855908
0.11613566289825282 0.3256484149855908
0.11601642710472279 0.3256484149855908
0.1158974358974359 0.3256484149855908
0.11577868852459017 0.3256484149855908
0.11566018423746162 0.3256484149855908
0.11554192229038855 0.3256484149855908
0.11542390194075587 0.3256484149855908
0.11530612244897959 0.3256484149855908
0.11518858307849134 0.3256484149855908
0.11507128309572301 0.3256484149855908
0.11495422177009156 0.3256484149855908
0.11483739837398374 0.3256484149855908
0.11573604060913706 0.3285302593659942
0.11561866125760649 0.3285302593659942
0.11550151975683891 0.3285302593659942
0.11538461538461539 0.3285302593659942
0.11526794742163801 0.3285302593659942
0.11515151515151516 0.3285302593659942
0.11503531786074672 0.3285302593659942
0.11491935483870967 0.3285302593659942
0.1148036253776435 0.3285302593659942
0.11468812877263582 0.3285302593659942
0.11457286432160804 0.3285302593659942
0.1144578313253012 0.3285302593659942
0.11434302908726178 0.3285302593659942
0.11422845691382766 0.3285302593659942
0.11411411411411411 0.3285302593659942
0.114 0.3285302593659942
0.11388611388611389 0.3285302593659942
0.11377245508982035 0.3285302593659942
0.11365902293120637 0.3285302593659942
0.11354581673306773 0.3285302593659942
0.11343283582089553 0.3285302593659942
0.11332007952286283 0.3285302593659942
0.11420059582919563 0.3314121037463977
0.11408730158730158 0.3314121037463977
0.11397423191278494 0.3314121037463977
0.11386138613861387 0.3314121037463977
0.11374876360039565 0.3314121037463977
0.11363636363636363 0.3314121037463977
0.11352418558736427 0.3314121037463977
0.11341222879684418 0.3314121037463977
0.11330049261083744 0.3314121037463977
0.11318897637795275 0.3314121037463977
0.11307767944936087 0.3314121037463977
0.11296660117878192 0.3314121037463977
0.11285574092247301 0.3314121037463977
0.11274509803921569 0.3314121037463977
0.11263467189030363 0.3314121037463977
0.11252446183953033 0.3314121037463977
0.11241446725317693 0.3314121037463977
0.1123046875 0.3314121037463977
0.11317073170731708 0.33429394812680113
0.11306042884990253 0.33429394812680113
0.11295034079844206 0.33429394812680113
0.11284046692607004 0.33429394812680113
0.11273080660835763 0.33429394812680113
0.11262135922330097 0.33429394812680113
0.11251212415130941 0.33429394812680113
0.1124031007751938 0.33429394812680113
0.1122942884801549 0.33429394812680113
0.11218568665377177 0.33429394812680113
0.11207729468599034 0.33429394812680113
0.11293436293436293 0.3371757925072046
0.1128254580520733 0.3371757925072046
0.11271676300578035 0.3371757925072046
0.1126082771896054 0.3371757925072046
0.1125 0.3371757925072046
0.11239193083573487 0.3371757925072046
0.11324376199616124 0.3400576368876081
0.11313518696069032 0.3400576368876081
0.11302681992337164 0.3400576368876081
0.11291866028708133 0.3400576368876081
0.11281070745697896 0.3400576368876081
0.11270296084049666 0.3400576368876081
0.11259541984732824 0.3400576368876081
0.1124880838894185 0.3400576368876081
0.11238095238095239 0.3400576368876081
0.11227402473834443 0.3400576368876081
0.11216730038022814 0.3400576368876081
0.1120607787274454 0.3400576368876081
0.11195445920303605 0.3400576368876081
0.11184834123222749 0.3400576368876081
0.11174242424242424 0.3400576368876081
0.11163670766319773 0.3400576368876081
0.11153119092627599 0.3400576368876081
0.11142587346553352 0.3400576368876081
0.11132075471698114 0.3400576368876081
0.1112158341187559 0.3400576368876081
0.1111111111111111 0.3400576368876081
0.11100658513640639 0.3400576368876081
0.11090225563909774 0.3400576368876081
0.1107981220657277 0.3400576368876081
0.11069418386491557 0.3400576368876081
0.1105904404873477 0.3400576368876081
0.1104868913857678 0.3400576368876081
0.11038353601496725 0.3400576368876081
0.1102803738317757 0.3400576368876081
0.11017740429505135 0.3400576368876081
0.11007462686567164 0.3400576368876081
0.10997204100652376 0.3400576368876081
0.10986964618249534 0.3400576368876081
0.10976744186046512 0.3400576368876081
0.10966542750929369 0.3400576368876081
0.1095636025998143 0.3400576368876081
0.10946196660482375 0.3400576368876081
0.10936051899907322 0.3400576368876081
0.10925925925925926 0.3400576368876081
0.11008325624421832 0.34293948126801155
0.1099815157116451 0.34293948126801155
0.10987996306555864 0.34293948126801155
0.10977859778597786 0.34293948126801155
0.10967741935483871 0.34293948126801155
0.10957642725598526 0.34293948126801155
0.10947562097516099 0.34293948126801155
0.109375 0.34293948126801155
0.10927456382001836 0.34293948126801155
0.10917431192660551 0.34293948126801155
0.10907424381301559 0.34293948126801155
0.10897435897435898 0.34293948126801155
0.10887465690759378 0.34293948126801155
0.10877513711151737 0.34293948126801155
0.108675799086758 0.34293948126801155
0.10857664233576643 0.34293948126801155
0.10847766636280766 0.34293948126801155
0.1092896174863388 0.345821325648415
0.1091901728844404 0.345821325648415
0.10909090909090909 0.345821325648415
0.10899182561307902 0.345821325648415
0.10980036297640654 0.34870317002881845
0.10970081595648232 0.34870317002881845
0.10960144927536232 0.34870317002881845
0.11040723981900452 0.3515850144092219
0.11030741410488246 0.3515850144092219
0.1102077687443541 0.3515850144092219
0.11101083032490974 0.35446685878962536
0.1109107303877367 0.35446685878962536
0.11081081081081082 0.35446685878962536
0.11071107110711072 0.35446685878962536
0.11061151079136691 0.35446685878962536
0.1105121293800539 0.35446685878962536
0.11041292639138241 0.35446685878962536
0.11031390134529148 0.35446685878962536
0.11021505376344086 0.35446685878962536
0.11011638316920322 0.35446685878962536
0.11091234347048301 0.3573487031700288
0.11081322609472744 0.3573487031700288
0.11071428571428571 0.3573487031700288
0.11061552185548618 0.3573487031700288
0.11051693404634581 0.3573487031700288
0.11041852181656278 0.3573487031700288
0.1103202846975089 0.3573487031700288
0.11022222222222222 0.3573487031700288
0.11101243339253997 0.36023054755043227
0.11091393078970718 0.36023054755043227
0.11081560283687943 0.36023054755043227
0.11071744906997343 0.36023054755043227
0.11150442477876106 0.3631123919308357
0.11140583554376658 0.3631123919308357
0.11130742049469965 0.3631123919308357
0.11120917917034422 0.3631123919308357
0.1111111111111111 0.3631123919308357
0.11101321585903083 0.3631123919308357
0.11091549295774648 0.3631123919308357
0.11081794195250659 0.3631123919308357
0.11072056239015818 0.3631123919308357
0.1106233538191396 0.3631123919308357
0.11052631578947368 0.3631123919308357
0.11042944785276074 0.3631123919308357
0.11033274956217162 0.3631123919308357
0.11023622047244094 0.3631123919308357
0.11013986013986014 0.3631123919308357
0.11004366812227075 0.3631123919308357
0.1099476439790576 0.3631123919308357
0.10985178727114212 0.3631123919308357
0.10975609756097561 0.3631123919308357
0.11053089643167972 0.3659942363112392
0.11043478260869566 0.3659942363112392
0.1103388357949609 0.3659942363112392
0.11024305555555555 0.3659942363112392
0.11014744145706852 0.3659942363112392
0.11005199306759099 0.3659942363112392
0.10995670995670996 0.3659942363112392
0.10986159169550173 0.3659942363112392
0.1097666378565255 0.3659942363112392
0.10967184801381692 0.3659942363112392
0.1095772217428818 0.3659942363112392
0.10948275862068965 0.3659942363112392
0.10938845822566753 0.3659942363112392
0.10929432013769363 0.3659942363112392
0.10920034393809114 0.3659942363112392
0.109106529209622 0.3659942363112392
0.10901287553648069 0.3659942363112392
0.10891938250428816 0.3659942363112392
0.10882604970008569 0.3659942363112392
0.10873287671232877 0.3659942363112392
0.1086398631308811 0.3659942363112392
0.10854700854700855 0.3659942363112392
0.10845431255337319 0.3659942363112392
0.1083617747440273 0.3659942363112392
0.1082693947144075 0.3659942363112392
0.10817717206132879 0.3659942363112392
0.10808510638297872 0.3659942363112392
0.10799319727891156 0.3659942363112392
0.10790144435004248 0.3659942363112392
0.10780984719864177 0.3659942363112392
0.1077184054283291 0.3659942363112392
0.10762711864406779 0.3659942363112392
0.10753598645215919 0.3659942363112392
0.10744500846023688 0.3659942363112392
0.1073541842772612 0.3659942363112392
0.10726351351351351 0.3659942363112392
0.10717299578059072 0.3659942363112392
0.10708263069139966 0.3659942363112392
0.10699241786015164 0.3659942363112392
0.1069023569023569 0.3659942363112392
0.10681244743481917 0.3659942363112392
0.10672268907563025 0.3659942363112392
0.10663308144416457 0.3659942363112392
0.10654362416107382 0.3659942363112392
0.10645431684828165 0.3659942363112392
0.10636515912897822 0.3659942363112392
0.10627615062761506 0.3659942363112392
0.10618729096989966 0.3659942363112392
0.10693400167084377 0.3688760806916426
0.10684474123539232 0.3688760806916426
0.1067556296914095 0.3688760806916426
0.10666666666666667 0.3688760806916426
0.10657785179017486 0.3688760806916426
0.1064891846921797 0.3688760806916426
0.10640066500415628 0.3688760806916426
0.10631229235880399 0.3688760806916426
0.10622406639004149 0.3688760806916426
0.10696517412935323 0.37175792507204614
0.10687655343827672 0.37175792507204614
0.10678807947019868 0.37175792507204614
0.10752688172043011 0.3746397694524496
0.10826446280991736 0.37752161383285304
0.10817506193228736 0.37752161383285304
0.10808580858085809 0.37752161383285304
0.10882110469909316 0.3804034582132565
0.10955518945634267 0.38328530259365995
0.1094650205761317 0.38328530259365995
0.11019736842105263 0.3861671469740634
0.11010682004930156 0.3861671469740634
0.11001642036124795 0.3861671469740634
0.11074651353568499 0.38904899135446686
0.11147540983606558 0.3919308357348703
0.1122031122031122 0.39481268011527376
0.11211129296235679 0.39481268011527376
0.11201962387571546 0.39481268011527376
0.1119281045751634 0.39481268011527376
0.11183673469387755 0.39481268011527376
0.11174551386623165 0.39481268011527376
0.11165444172779136 0.39481268011527376
0.11156351791530944 0.39481268011527376
0.1114727420667209 0.39481268011527376
0.11138211382113822 0.39481268011527376
0.11129163281884646 0.39481268011527376
0.1112012987012987 0.39481268011527376
0.1111111111111111 0.39481268011527376
0.11102106969205834 0.39481268011527376
0.11093117408906883 0.39481268011527376
0.11084142394822007 0.39481268011527376
0.11075181891673404 0.39481268011527376
0.11066235864297254 0.39481268011527376
0.11057304277643261 0.39481268011527376
0.11048387096774194 0.39481268011527376
0.11039484286865431 0.39481268011527376
0.11030595813204509 0.39481268011527376
0.11021721641190668 0.39481268011527376
0.11012861736334405 0.39481268011527376
0.11004016064257029 0.39481268011527376
0.10995184590690209 0.39481268011527376
0.10986367281475541 0.39481268011527376
0.10977564102564102 0.39481268011527376
0.10968775020016013 0.39481268011527376
0.1096 0.39481268011527376
0.10951239008792965 0.39481268011527376
0.10942492012779553 0.39481268011527376
0.10933758978451716 0.39481268011527376
0.10925039872408293 0.39481268011527376
0.10916334661354582 0.39481268011527376
0.10907643312101911 0.39481268011527376
0.10898965791567224 0.39481268011527376
0.10890302066772654 0.39481268011527376
0.10881652104845115 0.39481268011527376
0.10873015873015873 0.39481268011527376
0.10864393338620143 0.39481268011527376
0.10855784469096671 0.39481268011527376
0.10847189231987332 0.39481268011527376
0.10838607594936708 0.39481268011527376
0.108300395256917 0.39481268011527376
0.10821484992101106 0.39481268011527376
0.10812943962115233 0.39481268011527376
0.10804416403785488 0.39481268011527376
0.10795902285263988 0.39481268011527376
0.1078740157480315 0.39481268011527376
0.1077891424075531 0.39481268011527376
0.10770440251572327 0.39481268011527376
0.10761979575805185 0.39481268011527376
0.1075353218210361 0.39481268011527376
0.10745098039215686 0.39481268011527376
0.10736677115987461 0.39481268011527376
0.10728269381362568 0.39481268011527376
0.10719874804381847 0.39481268011527376
0.10711493354182955 0.39481268011527376
0.10703125 0.39481268011527376
0.10694769711163153 0.39481268011527376
0.10764430577223089 0.3976945244956772
0.10756040530007795 0.3976945244956772
0.10747663551401869 0.3976945244956772
0.10739299610894941 0.3976945244956772
0.10730948678071539 0.3976945244956772
0.10722610722610723 0.3976945244956772
0.10714285714285714 0.3976945244956772
0.10705973622963538 0.3976945244956772
0.10697674418604651 0.3976945244956772
0.10689388071262587 0.3976945244956772
0.10681114551083591 0.3976945244956772
0.10672853828306264 0.3976945244956772
0.10664605873261206 0.3976945244956772
0.10656370656370656 0.3976945244956772
0.10648148148148148 0.3976945244956772
0.1063993831919815 0.3976945244956772
0.10631741140215717 0.3976945244956772
0.10623556581986143 0.3976945244956772
0.10615384615384615 0.3976945244956772
0.10607225211375865 0.3976945244956772
0.10599078341013825 0.3976945244956772
0.10590943975441289 0.3976945244956772
0.1058282208588957 0.3976945244956772
0.10574712643678161 0.3976945244956772
0.10566615620214395 0.3976945244956772
0.10558530986993114 0.3976945244956772
0.10550458715596331 0.3976945244956772
0.10542398777692895 0.3976945244956772
0.10534351145038168 0.3976945244956772
0.10526315789473684 0.3976945244956772
0.10518292682926829 0.3976945244956772
0.1051028179741051 0.3976945244956772
0.1050228310502283 0.3976945244956772
0.10494296577946768 0.3976945244956772
0.10486322188449848 0.3976945244956772
0.10478359908883828 0.3976945244956772
0.1054628224582701 0.40057636887608067
0.10538286580742987 0.40057636887608067
0.10606060606060606 0.4034582132564842
0.10598031794095382 0.4034582132564842
0.1059001512859304 0.4034582132564842
0.10582010582010581 0.4034582132564842
0.10574018126888217 0.4034582132564842
0.10566037735849057 0.4034582132564842
0.10558069381598793 0.4034582132564842
0.10550113036925396 0.4034582132564842
0.10542168674698796 0.4034582132564842
0.1053423626787058 0.4034582132564842
0.10526315789473684 0.4034582132564842
0.10518407212622088 0.4034582132564842
0.10510510510510511 0.4034582132564842
0.10502625656414104 0.4034582132564842
0.10494752623688156 0.4034582132564842
0.10486891385767791 0.4034582132564842
0.10479041916167664 0.4034582132564842
0.10471204188481675 0.4034582132564842
0.10463378176382661 0.4034582132564842
0.10455563853622106 0.4034582132564842
0.1044776119402985 0.4034582132564842
0.10439970171513796 0.4034582132564842
0.10432190760059612 0.4034582132564842
0.10424422933730454 0.4034582132564842
0.10416666666666667 0.4034582132564842
0.10408921933085502 0.4034582132564842
0.10401188707280833 0.4034582132564842
0.10393466963622866 0.4034582132564842
0.10385756676557864 0.4034582132564842
0.10378057820607858 0.4034582132564842
0.1037037037037037 0.4034582132564842
0.10362694300518134 0.4034582132564842
0.10355029585798817 0.4034582132564842
0.10347376201034737 0.4034582132564842
0.103397341211226 0.4034582132564842
0.1033210332103321 0.4034582132564842
0.10324483775811209 0.4034582132564842
0.10316875460574797 0.4034582132564842
0.10309278350515463 0.4034582132564842
0.10301692420897719 0.4034582132564842
0.10294117647058823 0.4034582132564842
0.10286554004408523 0.4034582132564842
0.1027900146842878 0.4034582132564842
0.10271460014673514 0.4034582132564842
0.10263929618768329 0.4034582132564842
0.10256410256410256 0.4034582132564842
0.10248901903367497 0.4034582132564842
0.10241404535479151 0.4034582132564842
0.1023391812865497 0.4034582132564842
0.10226442658875091 0.4034582132564842
0.10218978102189781 0.4034582132564842
0.10211524434719182 0.4034582132564842
0.10204081632653061 0.4034582132564842
0.10196649672250546 0.4034582132564842
0.10189228529839883 0.4034582132564842
0.10254545454545455 0.40634005763688763
0.10247093023255814 0.40634005763688763
0.10239651416122005 0.40634005763688763
0.102322206095791 0.40634005763688763
0.10224800580130529 0.40634005763688763
0.10217391304347827 0.40634005763688763
0.10209992758870384 0.40634005763688763
0.1020260492040521 0.40634005763688763
0.1019522776572668 0.40634005763688763
0.101878612716763 0.40634005763688763
0.10180505415162455 0.40634005763688763
0.10173160173160173 0.40634005763688763
0.10165825522710886 0.40634005763688763
0.10158501440922191 0.40634005763688763
0.10151187904967603 0.40634005763688763
0.10143884892086331 0.40634005763688763
0.10136592379583034 0.40634005763688763
0.10129310344827586 0.40634005763688763
0.10122038765254845 0.40634005763688763
0.10114777618364419 0.40634005763688763
0.1010752688172043 0.40634005763688763
0.1010028653295129 0.40634005763688763
0.10093056549749463 0.40634005763688763
0.10085836909871244 0.40634005763688763
0.10078627591136526 0.40634005763688763
0.10142857142857142 0.4092219020172911
0.10135617416131334 0.4092219020172911
0.10128388017118402 0.4092219020172911
0.10121168923734854 0.4092219020172911
0.10113960113960115 0.4092219020172911
0.10106761565836299 0.4092219020172911
0.10099573257467995 0.4092219020172911
0.10092395167022032 0.4092219020172911
