0.0 0.0
0.0 0.0
0.0 0.0
0.0 0.0
0.0 0.0
0.0 0.0
0.14285714285714285 0.00273224043715847
0.25 0.00546448087431694
0.2222222222222222 0.00546448087431694
0.2 0.00546448087431694
0.18181818181818182 0.00546448087431694
0.16666666666666666 0.00546448087431694
0.15384615384615385 0.00546448087431694
0.14285714285714285 0.00546448087431694
0.13333333333333333 0.00546448087431694
0.125 0.00546448087431694
0.11764705882352941 0.00546448087431694
0.1111111111111111 0.00546448087431694
0.10526315789473684 0.00546448087431694
0.1 0.00546448087431694
0.09523809523809523 0.00546448087431694
0.09090909090909091 0.00546448087431694
0.08695652173913043 0.00546448087431694
0.125 0.00819672131147541
0.12 0.00819672131147541
0.11538461538461539 0.00819672131147541
0.1111111111111111 0.00819672131147541
0.10714285714285714 0.00819672131147541
0.10344827586206896 0.00819672131147541
0.1 0.00819672131147541
0.0967741935483871 0.00819672131147541
0.09375 0.00819672131147541
0.09090909090909091 0.00819672131147541
0.11764705882352941 0.01092896174863388
0.11428571428571428 0.01092896174863388
0.1388888888888889 0.01366120218579235
0.13513513513513514 0.01366120218579235
0.13157894736842105 0.01366120218579235
0.1282051282051282 0.01366120218579235
0.15 0.01639344262295082
0.14634146341463414 0.01639344262295082
0.16666666666666666 0.01912568306010929
0.18604651162790697 0.02185792349726776
0.20454545454545456 0.02459016393442623
0.2222222222222222 0.0273224043715847
0.2391304347826087 0.030054644808743168
0.23404255319148937 0.030054644808743168
0.25 0.03278688524590164
0.24489795918367346 0.03278688524590164
0.24 0.03278688524590164
0.23529411764705882 0.03278688524590164
0.23076923076923078 0.03278688524590164
0.22641509433962265 0.03278688524590164
0.2222222222222222 0.03278688524590164
0.21818181818181817 0.03278688524590164
0.21428571428571427 0.03278688524590164
0.21052631578947367 0.03278688524590164
0.20689655172413793 0.03278688524590164
0.2033898305084746 0.03278688524590164
0.2 0.03278688524590164
0.19672131147540983 0.03278688524590164
0.1935483870967742 0.03278688524590164
0.19047619047619047 0.03278688524590164
0.1875 0.03278688524590164
0.18461538461538463 0.03278688524590164
0.18181818181818182 0.03278688524590164
0.1791044776119403 0.03278688524590164
0.17647058823529413 0.03278688524590164
0.17391304347826086 0.03278688524590164
0.17142857142857143 0.03278688524590164
0.16901408450704225 0.03278688524590164
0.16666666666666666 0.03278688524590164
0.1780821917808219 0.03551912568306011
0.17567567567567569 0.03551912568306011
0.17333333333333334 0.03551912568306011
0.17105263157894737 0.03551912568306011
0.16883116883116883 0.03551912568306011
0.16666666666666666 0.03551912568306011
0.16455696202531644 0.03551912568306011
0.175 0.03825136612021858
0.1728395061728395 0.03825136612021858
0.17073170731707318 0.03825136612021858
0.1686746987951807 0.03825136612021858
0.16666666666666666 0.03825136612021858
0.16470588235294117 0.03825136612021858
0.16279069767441862 0.03825136612021858
0.16091954022988506 0.03825136612021858
0.17045454545454544 0.040983606557377046
0.16853932584269662 0.040983606557377046
0.17777777777777778 0.04371584699453552
0.17582417582417584 0.04371584699453552
0.18478260869565216 0.04644808743169399
0.1827956989247312 0.04644808743169399
0.18085106382978725 0.04644808743169399
0.17894736842105263 0.04644808743169399
0.17708333333333334 0.04644808743169399
0.17525773195876287 0.04644808743169399
0.17346938775510204 0.04644808743169399
0.1717171717171717 0.04644808743169399
0.17 0.04644808743169399
0.16831683168316833 0.04644808743169399
0.16666666666666666 0.04644808743169399
0.1650485436893204 0.04644808743169399
0.16346153846153846 0.04644808743169399
0.1619047619047619 0.04644808743169399
0.16037735849056603 0.04644808743169399
0.1588785046728972 0.04644808743169399
0.1574074074074074 0.04644808743169399
0.1559633027522936 0.04644808743169399
0.15454545454545454 0.04644808743169399
0.15315315315315314 0.04644808743169399
0.15178571428571427 0.04644808743169399
0.1504424778761062 0.04644808743169399
0.14912280701754385 0.04644808743169399
0.14782608695652175 0.04644808743169399
0.14655172413793102 0.04644808743169399
0.1452991452991453 0.04644808743169399
0.1440677966101695 0.04644808743169399
0.14285714285714285 0.04644808743169399
0.14166666666666666 0.04644808743169399
0.14049586776859505 0.04644808743169399
0.13934426229508196 0.04644808743169399
0.13821138211382114 0.04644808743169399
0.13709677419354838 0.04644808743169399
0.136 0.04644808743169399
0.1349206349206349 0.04644808743169399
0.13385826771653545 0.04644808743169399
0.1328125 0.04644808743169399
0.13178294573643412 0.04644808743169399
0.13076923076923078 0.04644808743169399
0.1297709923664122 0.04644808743169399
0.12878787878787878 0.04644808743169399
0.12781954887218044 0.04644808743169399
0.12686567164179105 0.04644808743169399
0.1259259259259259 0.04644808743169399
0.125 0.04644808743169399
0.12408759124087591 0.04644808743169399
0.12318840579710146 0.04644808743169399
0.1223021582733813 0.04644808743169399
0.12142857142857143 0.04644808743169399
0.12056737588652482 0.04644808743169399
0.11971830985915492 0.04644808743169399
0.11888111888111888 0.04644808743169399
0.11805555555555555 0.04644808743169399
0.11724137931034483 0.04644808743169399
0.11643835616438356 0.04644808743169399
0.11564625850340136 0.04644808743169399
0.11486486486486487 0.04644808743169399
0.11409395973154363 0.04644808743169399
0.11333333333333333 0.04644808743169399
0.11920529801324503 0.04918032786885246
0.11842105263157894 0.04918032786885246
0.12418300653594772 0.05191256830601093
0.12987012987012986 0.0546448087431694
0.12903225806451613 0.0546448087431694
0.1346153846153846 0.05737704918032787
0.14012738853503184 0.060109289617486336
0.13924050632911392 0.060109289617486336
0.13836477987421383 0.060109289617486336
0.1375 0.060109289617486336
0.13664596273291926 0.060109289617486336
0.1419753086419753 0.06284153005464481
0.147239263803681 0.06557377049180328
0.14634146341463414 0.06557377049180328
0.14545454545454545 0.06557377049180328
0.14457831325301204 0.06557377049180328
0.1437125748502994 0.06557377049180328
0.14285714285714285 0.06557377049180328
0.14201183431952663 0.06557377049180328
0.1411764705882353 0.06557377049180328
0.14035087719298245 0.06557377049180328
0.13953488372093023 0.06557377049180328
0.13872832369942195 0.06557377049180328
0.13793103448275862 0.06557377049180328
0.13714285714285715 0.06557377049180328
0.13636363636363635 0.06557377049180328
0.13559322033898305 0.06557377049180328
0.1348314606741573 0.06557377049180328
0.1340782122905028 0.06557377049180328
0.1388888888888889 0.06830601092896176
0.143646408839779 0.07103825136612021
0.14285714285714285 0.07103825136612021
0.14207650273224043 0.07103825136612021
0.14673913043478262 0.07377049180327869
0.15135135135135136 0.07650273224043716
0.15591397849462366 0.07923497267759563
0.16042780748663102 0.08196721311475409
0.1595744680851064 0.08196721311475409
0.164021164021164 0.08469945355191257
0.16842105263157894 0.08743169398907104
0.17277486910994763 0.09016393442622951
0.17708333333333334 0.09289617486338798
0.18134715025906736 0.09562841530054644
0.18041237113402062 0.09562841530054644
0.1794871794871795 0.09562841530054644
0.17857142857142858 0.09562841530054644
0.17766497461928935 0.09562841530054644
0.17676767676767677 0.09562841530054644
0.17587939698492464 0.09562841530054644
0.175 0.09562841530054644
0.17412935323383086 0.09562841530054644
0.17326732673267325 0.09562841530054644
0.1724137931034483 0.09562841530054644
0.1715686274509804 0.09562841530054644
0.17073170731707318 0.09562841530054644
0.16990291262135923 0.09562841530054644
0.16908212560386474 0.09562841530054644
0.16826923076923078 0.09562841530054644
0.1674641148325359 0.09562841530054644
0.16666666666666666 0.09562841530054644
0.16587677725118483 0.09562841530054644
0.1650943396226415 0.09562841530054644
0.1643192488262911 0.09562841530054644
0.16355140186915887 0.09562841530054644
0.16279069767441862 0.09562841530054644
0.16203703703703703 0.09562841530054644
0.16129032258064516 0.09562841530054644
0.16055045871559634 0.09562841530054644
0.1598173515981735 0.09562841530054644
0.1590909090909091 0.09562841530054644
0.1583710407239819 0.09562841530054644
0.15765765765765766 0.09562841530054644
0.15695067264573992 0.09562841530054644
0.15625 0.09562841530054644
0.15555555555555556 0.09562841530054644
0.15486725663716813 0.09562841530054644
0.15418502202643172 0.09562841530054644
0.15350877192982457 0.09562841530054644
0.15283842794759825 0.09562841530054644
0.15217391304347827 0.09562841530054644
0.15151515151515152 0.09562841530054644
0.15086206896551724 0.09562841530054644
0.15021459227467812 0.09562841530054644
0.14957264957264957 0.09562841530054644
0.14893617021276595 0.09562841530054644
0.1483050847457627 0.09562841530054644
0.14767932489451477 0.09562841530054644
0.14705882352941177 0.09562841530054644
0.14644351464435146 0.09562841530054644
0.14583333333333334 0.09562841530054644
0.14522821576763487 0.09562841530054644
0.1446280991735537 0.09562841530054644
0.1440329218106996 0.09562841530054644
0.14344262295081966 0.09562841530054644
0.14285714285714285 0.09562841530054644
0.14227642276422764 0.09562841530054644
0.1417004048582996 0.09562841530054644
0.14112903225806453 0.09562841530054644
0.14056224899598393 0.09562841530054644
0.14 0.09562841530054644
0.1394422310756972 0.09562841530054644
0.1388888888888889 0.09562841530054644
0.1383399209486166 0.09562841530054644
0.1377952755905512 0.09562841530054644
0.13725490196078433 0.09562841530054644
0.13671875 0.09562841530054644
0.13618677042801555 0.09562841530054644
0.13565891472868216 0.09562841530054644
0.138996138996139 0.09836065573770492
0.1423076923076923 0.10109289617486339
0.1417624521072797 0.10109289617486339
0.1450381679389313 0.10382513661202186
0.1444866920152091 0.10382513661202186
0.14393939393939395 0.10382513661202186
0.14339622641509434 0.10382513661202186
0.14285714285714285 0.10382513661202186
0.14232209737827714 0.10382513661202186
0.1417910447761194 0.10382513661202186
0.1412639405204461 0.10382513661202186
0.14074074074074075 0.10382513661202186
0.14022140221402213 0.10382513661202186
0.13970588235294118 0.10382513661202186
0.1391941391941392 0.10382513661202186
0.1386861313868613 0.10382513661202186
0.13818181818181818 0.10382513661202186
0.13768115942028986 0.10382513661202186
0.1371841155234657 0.10382513661202186
0.1366906474820144 0.10382513661202186
0.13620071684587814 0.10382513661202186
0.1357142857142857 0.10382513661202186
0.13523131672597866 0.10382513661202186
0.1347517730496454 0.10382513661202186
0.13427561837455831 0.10382513661202186
0.13380281690140844 0.10382513661202186
0.13333333333333333 0.10382513661202186
0.13286713286713286 0.10382513661202186
0.13240418118466898 0.10382513661202186
0.13194444444444445 0.10382513661202186
0.13494809688581316 0.10655737704918032
0.13448275862068965 0.10655737704918032
0.13402061855670103 0.10655737704918032
0.13356164383561644 0.10655737704918032
0.13310580204778158 0.10655737704918032
0.1326530612244898 0.10655737704918032
0.13220338983050847 0.10655737704918032
0.13175675675675674 0.10655737704918032
0.13131313131313133 0.10655737704918032
0.13087248322147652 0.10655737704918032
0.13043478260869565 0.10655737704918032
0.13 0.10655737704918032
0.12956810631229235 0.10655737704918032
0.1291390728476821 0.10655737704918032
0.12871287128712872 0.10655737704918032
0.12828947368421054 0.10655737704918032
0.12786885245901639 0.10655737704918032
0.12745098039215685 0.10655737704918032
0.1270358306188925 0.10655737704918032
0.1266233766233766 0.10655737704918032
0.1262135922330097 0.10655737704918032
0.12580645161290321 0.10655737704918032
0.12540192926045016 0.10655737704918032
0.125 0.10655737704918032
0.12460063897763578 0.10655737704918032
0.12420382165605096 0.10655737704918032
0.12380952380952381 0.10655737704918032
0.12341772151898735 0.10655737704918032
0.12302839116719243 0.10655737704918032
0.12264150943396226 0.10655737704918032
0.12225705329153605 0.10655737704918032
0.121875 0.10655737704918032
0.12149532710280374 0.10655737704918032
0.12111801242236025 0.10655737704918032
0.12074303405572756 0.10655737704918032
0.12037037037037036 0.10655737704918032
0.12 0.10655737704918032
0.1196319018404908 0.10655737704918032
0.11926605504587157 0.10655737704918032
0.11890243902439024 0.10655737704918032
0.11854103343465046 0.10655737704918032
0.11818181818181818 0.10655737704918032
0.11782477341389729 0.10655737704918032
0.11746987951807229 0.10655737704918032
0.11711711711711711 0.10655737704918032
0.11676646706586827 0.10655737704918032
0.11641791044776119 0.10655737704918032
0.11607142857142858 0.10655737704918032
0.11572700296735905 0.10655737704918032
0.11538461538461539 0.10655737704918032
0.11504424778761062 0.10655737704918032
0.11470588235294117 0.10655737704918032
0.11436950146627566 0.10655737704918032
0.11403508771929824 0.10655737704918032
0.11370262390670553 0.10655737704918032
0.11337209302325581 0.10655737704918032
0.11304347826086956 0.10655737704918032
0.11271676300578035 0.10655737704918032
0.11239193083573487 0.10655737704918032
0.11494252873563218 0.1092896174863388
0.1174785100286533 0.11202185792349727
0.12 0.11475409836065574
0.11965811965811966 0.11475409836065574
0.11931818181818182 0.11475409836065574
0.11898016997167139 0.11475409836065574
0.11864406779661017 0.11475409836065574
0.11830985915492957 0.11475409836065574
0.11797752808988764 0.11475409836065574
0.11764705882352941 0.11475409836065574
0.11731843575418995 0.11475409836065574
0.116991643454039 0.11475409836065574
0.11666666666666667 0.11475409836065574
0.11634349030470914 0.11475409836065574
0.11602209944751381 0.11475409836065574
0.11570247933884298 0.11475409836065574
0.11538461538461539 0.11475409836065574
0.11506849315068493 0.11475409836065574
0.11475409836065574 0.11475409836065574
0.11444141689373297 0.11475409836065574
0.11413043478260869 0.11475409836065574
0.11382113821138211 0.11475409836065574
0.11351351351351352 0.11475409836065574
0.11320754716981132 0.11475409836065574
0.11290322580645161 0.11475409836065574
0.1126005361930295 0.11475409836065574
0.11229946524064172 0.11475409836065574
0.112 0.11475409836065574
0.11170212765957446 0.11475409836065574
0.11140583554376658 0.11475409836065574
0.1111111111111111 0.11475409836065574
0.11081794195250659 0.11475409836065574
0.11052631578947368 0.11475409836065574
0.11023622047244094 0.11475409836065574
0.1099476439790576 0.11475409836065574
0.10966057441253264 0.11475409836065574
0.109375 0.11475409836065574
0.10909090909090909 0.11475409836065574
0.10880829015544041 0.11475409836065574
0.10852713178294573 0.11475409836065574
0.10824742268041238 0.11475409836065574
0.10796915167095116 0.11475409836065574
0.1076923076923077 0.11475409836065574
0.10741687979539642 0.11475409836065574
0.10714285714285714 0.11475409836065574
0.10687022900763359 0.11475409836065574
0.1065989847715736 0.11475409836065574
0.10632911392405063 0.11475409836065574
0.10606060606060606 0.11475409836065574
0.10579345088161209 0.11475409836065574
0.10552763819095477 0.11475409836065574
0.10526315789473684 0.11475409836065574
0.105 0.11475409836065574
0.10473815461346633 0.11475409836065574
0.1044776119402985 0.11475409836065574
0.10421836228287841 0.11475409836065574
0.10396039603960396 0.11475409836065574
0.1037037037037037 0.11475409836065574
0.10344827586206896 0.11475409836065574
0.10319410319410319 0.11475409836065574
0.10294117647058823 0.11475409836065574
0.10268948655256724 0.11475409836065574
0.1024390243902439 0.11475409836065574
0.10218978102189781 0.11475409836065574
0.10194174757281553 0.11475409836065574
0.1016949152542373 0.11475409836065574
0.10144927536231885 0.11475409836065574
0.10120481927710843 0.11475409836065574
0.10096153846153846 0.11475409836065574
0.10071942446043165 0.11475409836065574
0.10047846889952153 0.11475409836065574
0.10023866348448687 0.11475409836065574
0.1 0.11475409836065574
0.0997624703087886 0.11475409836065574
0.0995260663507109 0.11475409836065574
0.09929078014184398 0.11475409836065574
0.09905660377358491 0.11475409836065574
0.0988235294117647 0.11475409836065574
0.09859154929577464 0.11475409836065574
0.09836065573770492 0.11475409836065574
0.09813084112149532 0.11475409836065574
0.0979020979020979 0.11475409836065574
0.09767441860465116 0.11475409836065574
0.09744779582366589 0.11475409836065574
0.09722222222222222 0.11475409836065574
0.09699769053117784 0.11475409836065574
0.0967741935483871 0.11475409836065574
0.09655172413793103 0.11475409836065574
0.0963302752293578 0.11475409836065574
0.09610983981693363 0.11475409836065574
0.0958904109589041 0.11475409836065574
0.09567198177676538 0.11475409836065574
0.09545454545454546 0.11475409836065574
0.09523809523809523 0.11475409836065574
0.09502262443438914 0.11475409836065574
0.09480812641083522 0.11475409836065574
0.0945945945945946 0.11475409836065574
0.09438202247191012 0.11475409836065574
0.09417040358744394 0.11475409836065574
0.09395973154362416 0.11475409836065574
0.09375 0.11475409836065574
0.0935412026726058 0.11475409836065574
0.09333333333333334 0.11475409836065574
0.09312638580931264 0.11475409836065574
0.09292035398230089 0.11475409836065574
0.09271523178807947 0.11475409836065574
0.09251101321585903 0.11475409836065574
0.09230769230769231 0.11475409836065574
0.09210526315789473 0.11475409836065574
0.09190371991247265 0.11475409836065574
0.09170305676855896 0.11475409836065574
0.0915032679738562 0.11475409836065574
0.09130434782608696 0.11475409836065574
0.0911062906724512 0.11475409836065574
0.09090909090909091 0.11475409836065574
0.09071274298056156 0.11475409836065574
0.09051724137931035 0.11475409836065574
0.09032258064516129 0.11475409836065574
0.09012875536480687 0.11475409836065574
0.08993576017130621 0.11475409836065574
0.08974358974358974 0.11475409836065574
0.08955223880597014 0.11475409836065574
0.08936170212765958 0.11475409836065574
0.08917197452229299 0.11475409836065574
0.08898305084745763 0.11475409836065574
0.08879492600422834 0.11475409836065574
0.08860759493670886 0.11475409836065574
0.08842105263157894 0.11475409836065574
0.08823529411764706 0.11475409836065574
0.0880503144654088 0.11475409836065574
0.08786610878661087 0.11475409836065574
0.08768267223382047 0.11475409836065574
0.0875 0.11475409836065574
0.08731808731808732 0.11475409836065574
0.08713692946058091 0.11475409836065574
0.08695652173913043 0.11475409836065574
0.08677685950413223 0.11475409836065574
0.0865979381443299 0.11475409836065574
0.08641975308641975 0.11475409836065574
0.08624229979466119 0.11475409836065574
0.0860655737704918 0.11475409836065574
0.08588957055214724 0.11475409836065574
0.08571428571428572 0.11475409836065574
0.0855397148676171 0.11475409836065574
0.08536585365853659 0.11475409836065574
0.08519269776876268 0.11475409836065574
0.08502024291497975 0.11475409836065574
0.08484848484848485 0.11475409836065574
0.0846774193548387 0.11475409836065574
0.08450704225352113 0.11475409836065574
0.08433734939759036 0.11475409836065574
0.0841683366733467 0.11475409836065574
0.084 0.11475409836065574
0.08383233532934131 0.11475409836065574
0.08366533864541832 0.11475409836065574
0.08349900596421471 0.11475409836065574
0.08333333333333333 0.11475409836065574
0.08316831683168317 0.11475409836065574
0.08300395256916997 0.11475409836065574
0.08481262327416174 0.11748633879781421
0.08661417322834646 0.12021857923497267
0.08840864440078586 0.12295081967213115
0.09019607843137255 0.12568306010928962
0.09001956947162426 0.12568306010928962
0.08984375 0.12568306010928962
0.08966861598440545 0.12568306010928962
0.08949416342412451 0.12568306010928962
0.08932038834951456 0.12568306010928962
0.08914728682170543 0.12568306010928962
0.08897485493230174 0.12568306010928962
0.0888030888030888 0.12568306010928962
0.08863198458574181 0.12568306010928962
0.08846153846153847 0.12568306010928962
0.08829174664107485 0.12568306010928962
0.08812260536398467 0.12568306010928962
0.08795411089866156 0.12568306010928962
0.08778625954198473 0.12568306010928962
0.08761904761904762 0.12568306010928962
0.08745247148288973 0.12568306010928962
0.0872865275142315 0.12568306010928962
0.08712121212121213 0.12568306010928962
0.08695652173913043 0.12568306010928962
0.08679245283018867 0.12568306010928962
0.08662900188323917 0.12568306010928962
0.08646616541353383 0.12568306010928962
0.08630393996247655 0.12568306010928962
0.08614232209737828 0.12568306010928962
0.08598130841121496 0.12568306010928962
0.08582089552238806 0.12568306010928962
0.0856610800744879 0.12568306010928962
0.08550185873605948 0.12568306010928962
0.08534322820037106 0.12568306010928962
0.08518518518518518 0.12568306010928962
0.08502772643253234 0.12568306010928962
0.08487084870848709 0.12568306010928962
0.0847145488029466 0.12568306010928962
0.08455882352941177 0.12568306010928962
0.08440366972477065 0.12568306010928962
0.08424908424908426 0.12568306010928962
0.08409506398537477 0.12568306010928962
0.08394160583941605 0.12568306010928962
0.08378870673952642 0.12568306010928962
0.08363636363636363 0.12568306010928962
0.08348457350272233 0.12568306010928962
0.08333333333333333 0.12568306010928962
0.08318264014466546 0.12568306010928962
0.08303249097472924 0.12568306010928962
0.08288288288288288 0.12568306010928962
0.08273381294964029 0.12568306010928962
0.08258527827648116 0.12568306010928962
0.08243727598566308 0.12568306010928962
0.08228980322003578 0.12568306010928962
0.08214285714285714 0.12568306010928962
0.08199643493761141 0.12568306010928962
0.08185053380782918 0.12568306010928962
0.08170515097690942 0.12568306010928962
0.08156028368794327 0.12568306010928962
0.08141592920353982 0.12568306010928962
0.0812720848056537 0.12568306010928962
0.08112874779541446 0.12568306010928962
0.08098591549295775 0.12568306010928962
0.08084358523725835 0.12568306010928962
0.08070175438596491 0.12568306010928962
0.08056042031523643 0.12568306010928962
0.08041958041958042 0.12568306010928962
0.08027923211169284 0.12568306010928962
0.08013937282229965 0.12568306010928962
0.08 0.12568306010928962
0.0798611111111111 0.12568306010928962
0.07972270363951472 0.12568306010928962
0.07958477508650519 0.12568306010928962
0.07944732297063903 0.12568306010928962
0.07931034482758621 0.12568306010928962
0.07917383820998279 0.12568306010928962
0.07903780068728522 0.12568306010928962
0.07890222984562607 0.12568306010928962
0.07876712328767123 0.12568306010928962
0.07863247863247863 0.12568306010928962
0.07849829351535836 0.12568306010928962
0.07836456558773425 0.12568306010928962
0.0782312925170068 0.12568306010928962
0.07809847198641766 0.12568306010928962
0.07796610169491526 0.12568306010928962
0.077834179357022 0.12568306010928962
0.0777027027027027 0.12568306010928962
0.0775716694772344 0.12568306010928962
0.07912457912457913 0.1284153005464481
0.07899159663865546 0.1284153005464481
0.08053691275167785 0.13114754098360656
0.08040201005025126 0.13114754098360656
0.08193979933110368 0.13387978142076504
0.08180300500834725 0.13387978142076504
0.08333333333333333 0.1366120218579235
0.08319467554076539 0.1366120218579235
0.08305647840531562 0.1366120218579235
0.0845771144278607 0.13934426229508196
0.08443708609271523 0.13934426229508196
0.08429752066115702 0.13934426229508196
0.08415841584158416 0.13934426229508196
0.08401976935749589 0.13934426229508196
0.08388157894736842 0.13934426229508196
0.08374384236453201 0.13934426229508196
0.08360655737704918 0.13934426229508196
0.08346972176759411 0.13934426229508196
0.08333333333333333 0.13934426229508196
0.08319738988580751 0.13934426229508196
0.08306188925081433 0.13934426229508196
0.08292682926829269 0.13934426229508196
0.08279220779220779 0.13934426229508196
0.08265802269043761 0.13934426229508196
0.0825242718446602 0.13934426229508196
0.08239095315024232 0.13934426229508196
0.08225806451612903 0.13934426229508196
0.0821256038647343 0.13934426229508196
0.0819935691318328 0.13934426229508196
0.08186195826645265 0.13934426229508196
0.08173076923076923 0.13934426229508196
0.0816 0.13934426229508196
0.08146964856230032 0.13934426229508196
0.08133971291866028 0.13934426229508196
0.08121019108280254 0.13934426229508196
0.08108108108108109 0.13934426229508196
0.08095238095238096 0.13934426229508196
0.08082408874801902 0.13934426229508196
0.08069620253164557 0.13934426229508196
0.08056872037914692 0.13934426229508196
0.0804416403785489 0.13934426229508196
0.08031496062992126 0.13934426229508196
0.08018867924528301 0.13934426229508196
0.08006279434850863 0.13934426229508196
0.07993730407523511 0.13934426229508196
0.07981220657276995 0.13934426229508196
0.0796875 0.13934426229508196
0.07956318252730109 0.13934426229508196
0.0794392523364486 0.13934426229508196
0.07931570762052877 0.13934426229508196
0.07919254658385093 0.13934426229508196
0.07906976744186046 0.13934426229508196
0.0804953560371517 0.14207650273224043
0.08191653786707882 0.1448087431693989
0.08179012345679013 0.1448087431693989
0.08166409861325115 0.1448087431693989
0.08153846153846153 0.1448087431693989
0.08141321044546851 0.1448087431693989
0.08128834355828221 0.1448087431693989
0.08269525267993874 0.14754098360655737
0.08409785932721713 0.15027322404371585
0.08396946564885496 0.15027322404371585
0.08384146341463415 0.15027322404371585
0.0837138508371385 0.15027322404371585
0.08358662613981763 0.15027322404371585
0.0834597875569044 0.15027322404371585
0.08484848484848485 0.15300546448087432
0.08623298033282904 0.1557377049180328
0.08610271903323263 0.1557377049180328
0.08597285067873303 0.1557377049180328
0.0858433734939759 0.1557377049180328
0.08571428571428572 0.1557377049180328
0.08558558558558559 0.1557377049180328
0.08545727136431784 0.1557377049180328
0.08532934131736528 0.1557377049180328
0.08520179372197309 0.1557377049180328
0.08507462686567165 0.1557377049180328
0.08643815201192251 0.15846994535519127
0.08630952380952381 0.15846994535519127
0.08766716196136701 0.16120218579234974
0.08753709198813056 0.16120218579234974
0.0874074074074074 0.16120218579234974
0.08727810650887574 0.16120218579234974
0.08862629246676514 0.16393442622950818
0.08849557522123894 0.16393442622950818
0.08836524300441827 0.16393442622950818
0.08823529411764706 0.16393442622950818
0.08957415565345081 0.16666666666666666
0.09090909090909091 0.16939890710382513
0.09077598828696926 0.16939890710382513
0.09064327485380116 0.16939890710382513
0.0905109489051095 0.16939890710382513
0.09037900874635568 0.16939890710382513
0.09024745269286755 0.16939890710382513
0.09011627906976744 0.16939890710382513
0.0899854862119013 0.16939890710382513
0.08985507246376812 0.16939890710382513
0.08972503617945007 0.16939890710382513
0.08959537572254335 0.16939890710382513
0.08946608946608947 0.16939890710382513
0.0893371757925072 0.16939890710382513
0.08920863309352518 0.16939890710382513
0.08908045977011494 0.16939890710382513
0.08895265423242468 0.16939890710382513
0.08882521489971347 0.16939890710382513
0.08869814020028613 0.16939890710382513
0.08857142857142856 0.16939890710382513
0.0884450784593438 0.16939890710382513
0.08831908831908832 0.16939890710382513
0.08819345661450925 0.16939890710382513
0.08806818181818182 0.16939890710382513
0.08794326241134752 0.16939890710382513
0.08781869688385269 0.16939890710382513
0.0876944837340877 0.16939890710382513
0.08757062146892655 0.16939890710382513
0.08744710860366714 0.16939890710382513
0.08732394366197183 0.16939890710382513
0.08720112517580872 0.16939890710382513
0.08707865168539326 0.16939890710382513
0.08695652173913043 0.16939890710382513
0.08683473389355742 0.16939890710382513
0.08811188811188811 0.1721311475409836
0.0893854748603352 0.17486338797814208
0.08926080892608089 0.17486338797814208
0.08913649025069638 0.17486338797814208
0.0890125173852573 0.17486338797814208
0.08888888888888889 0.17486338797814208
0.08876560332871013 0.17486338797814208
0.0886426592797784 0.17486338797814208
0.08852005532503458 0.17486338797814208
0.08977900552486189 0.17759562841530055
0.0896551724137931 0.17759562841530055
0.08953168044077135 0.17759562841530055
0.08940852819807428 0.17759562841530055
0.08928571428571429 0.17759562841530055
0.08916323731138547 0.17759562841530055
0.08904109589041095 0.17759562841530055
0.08891928864569083 0.17759562841530055
0.08879781420765027 0.17759562841530055
0.08867667121418826 0.17759562841530055
0.0885558583106267 0.17759562841530055
0.08843537414965986 0.17759562841530055
0.08831521739130435 0.17759562841530055
0.08819538670284939 0.17759562841530055
0.08807588075880758 0.17759562841530055
0.08795669824086604 0.17759562841530055
0.08783783783783784 0.17759562841530055
0.08771929824561403 0.17759562841530055
0.0876010781671159 0.17759562841530055
0.08748317631224764 0.17759562841530055
0.08870967741935484 0.18032786885245902
0.08859060402684564 0.18032786885245902
0.08847184986595175 0.18032786885245902
0.08835341365461848 0.18032786885245902
0.08957219251336898 0.1830601092896175
0.08945260347129506 0.1830601092896175
0.08933333333333333 0.1830601092896175
0.08921438082556592 0.1830601092896175
0.08909574468085106 0.1830601092896175
0.08897742363877822 0.1830601092896175
0.08885941644562334 0.1830601092896175
0.08874172185430464 0.1830601092896175
0.08862433862433862 0.1830601092896175
0.08850726552179657 0.1830601092896175
0.08839050131926121 0.1830601092896175
0.08827404479578392 0.1830601092896175
0.0881578947368421 0.1830601092896175
0.08804204993429698 0.1830601092896175
0.08792650918635171 0.1830601092896175
0.08781127129750983 0.1830601092896175
0.08769633507853403 0.1830601092896175
0.08758169934640522 0.1830601092896175
0.08746736292428199 0.1830601092896175
0.08735332464146023 0.1830601092896175
0.08723958333333333 0.1830601092896175
0.08712613784135241 0.1830601092896175
0.08701298701298701 0.1830601092896175
0.08690012970168612 0.1830601092896175
0.08678756476683938 0.1830601092896175
0.08667529107373868 0.1830601092896175
0.08656330749354005 0.1830601092896175
0.08645161290322581 0.1830601092896175
0.08634020618556701 0.1830601092896175
0.08622908622908623 0.1830601092896175
0.08611825192802057 0.1830601092896175
0.08600770218228498 0.1830601092896175
0.0858974358974359 0.1830601092896175
0.08578745198463508 0.1830601092896175
0.08567774936061381 0.1830601092896175
0.08556832694763729 0.1830601092896175
0.08545918367346939 0.1830601092896175
0.08535031847133757 0.1830601092896175
0.08524173027989822 0.1830601092896175
0.08513341804320203 0.1830601092896175
0.0850253807106599 0.1830601092896175
0.08491761723700887 0.1830601092896175
0.08481012658227848 0.1830601092896175
0.08470290771175727 0.1830601092896175
0.0845959595959596 0.1830601092896175
0.08448928121059268 0.1830601092896175
0.08438287153652393 0.1830601092896175
0.08553459119496855 0.18579234972677597
0.08668341708542714 0.1885245901639344
0.08782936010037641 0.1912568306010929
0.08771929824561403 0.1912568306010929
0.08886107634543179 0.19398907103825136
0.08875 0.19398907103825136
0.08863920099875156 0.19398907103825136
0.0885286783042394 0.19398907103825136
0.08841843088418432 0.19398907103825136
0.08830845771144279 0.19398907103825136
0.08819875776397515 0.19398907103825136
0.0880893300248139 0.19398907103825136
0.08798017348203221 0.19398907103825136
0.08787128712871287 0.19398907103825136
0.08776266996291718 0.19398907103825136
0.08765432098765433 0.19398907103825136
0.08754623921085081 0.19398907103825136
0.0874384236453202 0.19398907103825136
0.08733087330873308 0.19398907103825136
0.08722358722358722 0.19398907103825136
0.08711656441717791 0.19398907103825136
0.08700980392156862 0.19398907103825136
0.08690330477356181 0.19398907103825136
0.08679706601466992 0.19398907103825136
0.08669108669108669 0.19398907103825136
0.08658536585365853 0.19398907103825136
0.08647990255785627 0.19398907103825136
0.08637469586374696 0.19398907103825136
0.08626974483596597 0.19398907103825136
0.08616504854368932 0.19398907103825136
0.08606060606060606 0.19398907103825136
0.08595641646489104 0.19398907103825136
0.08585247883917775 0.19398907103825136
0.08574879227053141 0.19398907103825136
0.0856453558504222 0.19398907103825136
0.0855421686746988 0.19398907103825136
0.08543922984356198 0.19398907103825136
0.08533653846153846 0.19398907103825136
0.08523409363745499 0.19398907103825136
0.08513189448441247 0.19398907103825136
0.08502994011976048 0.19398907103825136
0.08492822966507177 0.19398907103825136
0.08482676224611709 0.19398907103825136
0.08472553699284009 0.19398907103825136
0.08462455303933254 0.19398907103825136
0.08452380952380953 0.19398907103825136
0.08442330558858502 0.19398907103825136
0.08432304038004751 0.19398907103825136
0.08422301304863583 0.19398907103825136
0.08412322274881516 0.19398907103825136
0.08402366863905325 0.19398907103825136
0.08392434988179669 0.19398907103825136
0.08382526564344746 0.19398907103825136
0.08372641509433962 0.19398907103825136
0.08362779740871613 0.19398907103825136
0.08352941176470588 0.19398907103825136
0.08343125734430082 0.19398907103825136
0.08333333333333333 0.19398907103825136
0.08323563892145369 0.19398907103825136
0.08313817330210772 0.19398907103825136
0.08304093567251462 0.19398907103825136
0.08294392523364486 0.19398907103825136
0.08284714119019837 0.19398907103825136
0.08275058275058275 0.19398907103825136
0.08265424912689173 0.19398907103825136
0.08255813953488372 0.19398907103825136
0.08246225319396051 0.19398907103825136
0.08236658932714618 0.19398907103825136
0.08227114716106605 0.19398907103825136
0.08217592592592593 0.19398907103825136
0.08208092485549133 0.19398907103825136
0.08198614318706697 0.19398907103825136
0.08189158016147635 0.19398907103825136
0.08179723502304148 0.19398907103825136
0.08170310701956271 0.19398907103825136
0.08160919540229886 0.19398907103825136
0.08151549942594719 0.19398907103825136
0.08142201834862385 0.19398907103825136
0.08132875143184422 0.19398907103825136
0.08123569794050343 0.19398907103825136
0.08114285714285714 0.19398907103825136
0.08105022831050228 0.19398907103825136
0.08095781071835804 0.19398907103825136
0.08086560364464693 0.19398907103825136
0.080773606370876 0.19398907103825136
0.08068181818181819 0.19398907103825136
0.08059023836549375 0.19398907103825136
0.08049886621315193 0.19398907103825136
0.08040770101925254 0.19398907103825136
0.08031674208144797 0.19398907103825136
0.08022598870056497 0.19398907103825136
0.08013544018058691 0.19398907103825136
0.08004509582863585 0.19398907103825136
0.07995495495495496 0.19398907103825136
0.0798650168728909 0.19398907103825136
0.07977528089887641 0.19398907103825136
0.07968574635241302 0.19398907103825136
0.0795964125560538 0.19398907103825136
0.07950727883538634 0.19398907103825136
0.07941834451901567 0.19398907103825136
0.07932960893854749 0.19398907103825136
0.07924107142857142 0.19398907103825136
0.07915273132664437 0.19398907103825136
0.07906458797327394 0.19398907103825136
0.07897664071190211 0.19398907103825136
0.07888888888888888 0.19398907103825136
0.07880133185349611 0.19398907103825136
0.0787139689578714 0.19398907103825136
0.07862679955703211 0.19398907103825136
0.07853982300884955 0.19398907103825136
0.07845303867403315 0.19398907103825136
0.07836644591611479 0.19398907103825136
0.0782800441014333 0.19398907103825136
0.07819383259911894 0.19398907103825136
0.0781078107810781 0.19398907103825136
0.07802197802197802 0.19398907103825136
0.07793633369923161 0.19398907103825136
0.07785087719298246 0.19398907103825136
0.07886089813800658 0.19672131147540983
0.07986870897155361 0.1994535519125683
0.08087431693989071 0.20218579234972678
0.08078602620087336 0.20218579234972678
0.08178844056706652 0.20491803278688525
0.08278867102396514 0.20765027322404372
0.08378672470076169 0.2103825136612022
0.08478260869565217 0.21311475409836064
0.08577633007600434 0.21584699453551912
0.08676789587852494 0.2185792349726776
0.0866738894907909 0.2185792349726776
0.08766233766233766 0.22131147540983606
0.08756756756756756 0.22131147540983606
0.08747300215982722 0.22131147540983606
0.08845738942826321 0.22404371584699453
0.08836206896551724 0.22404371584699453
0.08826695371367062 0.22404371584699453
0.08817204301075268 0.22404371584699453
0.08807733619763695 0.22404371584699453
0.0890557939914163 0.226775956284153
0.09003215434083602 0.22950819672131148
0.08993576017130621 0.22950819672131148
0.09090909090909091 0.23224043715846995
0.09081196581196581 0.23224043715846995
0.09071504802561366 0.23224043715846995
0.0906183368869936 0.23224043715846995
0.09052183173588925 0.23224043715846995
0.09042553191489362 0.23224043715846995
0.09032943676939426 0.23224043715846995
0.09023354564755838 0.23224043715846995
0.09013785790031813 0.23224043715846995
0.09004237288135593 0.23224043715846995
0.091005291005291 0.23497267759562843
0.09090909090909091 0.23497267759562843
0.0908130939809926 0.23497267759562843
0.09071729957805907 0.23497267759562843
0.0916754478398314 0.23770491803278687
0.09157894736842105 0.23770491803278687
0.0914826498422713 0.23770491803278687
0.09138655462184873 0.23770491803278687
0.09233997901364113 0.24043715846994534
0.09224318658280922 0.24043715846994534
0.09214659685863874 0.24043715846994534
0.09205020920502092 0.24043715846994534
0.09299895506792058 0.24316939890710382
0.09290187891440502 0.24316939890710382
0.09280500521376434 0.24316939890710382
0.09270833333333334 0.24316939890710382
0.09261186264308012 0.24316939890710382
0.09251559251559252 0.24316939890710382
0.09345794392523364 0.2459016393442623
0.09336099585062241 0.2459016393442623
0.09326424870466321 0.2459016393442623
0.09316770186335403 0.2459016393442623
0.09307135470527404 0.2459016393442623
0.09297520661157024 0.2459016393442623
0.09287925696594428 0.2459016393442623
0.09278350515463918 0.2459016393442623
0.09268795056642637 0.2459016393442623
0.09259259259259259 0.2459016393442623
0.09352517985611511 0.24863387978142076
0.0944558521560575 0.25136612021857924
0.09435897435897436 0.25136612021857924
0.0942622950819672 0.25136612021857924
0.09416581371545547 0.25136612021857924
0.09406952965235174 0.25136612021857924
0.09397344228804903 0.25136612021857924
0.09489795918367347 0.2540983606557377
0.09480122324159021 0.2540983606557377
0.09470468431771895 0.2540983606557377
0.09460834181078331 0.2540983606557377
0.09451219512195122 0.2540983606557377
0.09441624365482233 0.2540983606557377
0.09432048681541583 0.2540983606557377
0.09422492401215805 0.2540983606557377
0.0951417004048583 0.2568306010928962
0.09504550050556117 0.2568306010928962
0.09494949494949495 0.2568306010928962
0.09485368314833502 0.2568306010928962
0.09475806451612903 0.2568306010928962
0.094662638469285 0.2568306010928962
0.09456740442655935 0.2568306010928962
0.09447236180904522 0.2568306010928962
0.09437751004016064 0.2568306010928962
0.09428284854563691 0.2568306010928962
0.09418837675350701 0.2568306010928962
0.0940940940940941 0.2568306010928962
0.094 0.2568306010928962
0.0939060939060939 0.2568306010928962
0.09381237524950099 0.2568306010928962
0.09371884346959122 0.2568306010928962
0.09362549800796813 0.2568306010928962
